SAMPLES:	10749
BITSPERSAMPLE:	16
CHANNELS:	1
SAMPLERATE:	16000
NORMALIZED:	FALSE
-3
-32
15
4
-25
30
-11
-11
9
-10
-10
21
-1
-2
-1
-1
11
-37
27
-19
-19
31
-35
14
-2
-22
10
-23
12
-15
-31
16
-37
9
8
-23
42
-47
-5
12
-17
11
-12
18
-28
-42
22
-24
-15
34
-14
17
-19
15
-10
-21
39
-23
14
13
0
32
-12
28
13
-11
67
-2
-3
46
-9
30
33
17
41
-2
15
29
-11
40
23
8
27
12
16
-3
-2
23
28
-24
54
10
-20
28
-18
17
-26
14
20
-21
24
6
-25
1
7
-1
0
-15
9
-43
-10
21
-18
8
-10
-12
-17
-19
5
-2
-30
-5
-15
-9
-19
9
-2
-39
20
-14
-32
-9
5
-16
-20
12
-16
-15
-17
9
11
-18
-10
-1
-41
15
-8
-38
11
-4
-31
-15
46
-57
22
-2
-6
34
-9
21
-25
-7
10
-9
7
14
-13
29
1
-14
19
-16
-1
9
33
-10
-2
13
-55
33
8
-5
49
-12
5
-17
-29
31
-34
23
31
-56
16
-3
-34
19
5
1
-23
-20
27
-24
-11
37
-46
-36
7
-28
-2
-10
-2
-19
-37
20
25
-45
15
-19
-20
-4
5
37
-24
2
20
-59
9
48
-18
31
35
10
2
25
8
24
5
19
51
-32
59
23
-33
61
0
-1
30
-1
26
3
25
23
11
12
36
18
-23
37
17
22
-9
35
4
-47
57
-12
9
14
25
-17
-22
41
-32
3
13
-23
11
12
-15
11
-6
-2
9
-12
12
7
8
-24
-18
-6
-11
-6
7
-10
-2
-13
5
-14
-2
22
-50
-25
5
-18
-57
18
18
-35
19
-54
-11
-4
-56
79
-47
-18
21
-67
-32
10
-16
-19
-3
2
-18
-34
-2
-31
-5
-14
-11
31
-32
8
-11
-54
9
-10
18
4
-11
-19
-33
-22
23
-17
-17
49
-51
-9
53
-49
38
16
-13
71
-35
1
9
-48
32
5
17
43
-40
31
-27
-27
76
-27
36
35
-37
30
-11
18
34
8
53
25
-52
53
-21
-9
67
-30
36
-19
-5
27
-7
27
50
-65
48
30
-77
70
-5
-5
50
-43
28
-12
-35
28
-36
35
11
-27
38
-24
-5
-5
-16
52
-27
42
20
-11
24
-23
-3
9
-2
26
31
35
-4
17
-22
1
16
0
33
31
-1
-1
16
-11
-9
2
-8
19
22
-36
26
-21
-30
11
-1
17
-23
-8
28
-54
6
13
-34
-8
-6
-39
-51
-17
-18
3
-9
17
-32
-39
-12
-2
-23
-15
-3
-22
-13
-16
-7
-36
-23
-18
24
-36
10
40
-90
10
-20
-26
16
-9
-10
-24
12
-28
-33
45
18
-33
28
6
-28
19
18
-14
9
-4
-11
-24
-21
14
-25
31
14
0
26
22
18
47
10
-3
38
-52
18
27
-12
15
2
-14
15
18
29
53
-34
39
-48
-13
44
-42
61
16
-38
23
-4
-30
10
32
-56
14
-17
-12
28
-42
30
-40
-38
31
10
33
24
-71
18
-57
-36
105
-66
118
-46
-74
83
-102
52
29
-33
69
-49
24
9
-38
98
-30
38
60
-16
63
9
-1
22
-14
41
-28
30
37
-38
83
-13
21
38
-15
81
-28
40
21
-71
103
-1
-9
60
-75
20
-16
-23
90
-52
43
-16
-46
4
-26
15
-11
-4
-29
3
-69
-45
13
-76
-8
17
-81
25
-11
-4
-32
-33
-24
-44
-19
5
-30
-58
-16
-58
-36
8
1
-15
-22
-12
-45
-1
16
-12
-17
-38
-6
-33
-13
3
6
-7
-16
-30
51
-28
-9
54
-27
24
15
-2
11
-4
36
-12
18
53
-32
55
5
-14
32
-9
51
36
1
32
-24
27
2
4
59
3
44
19
-7
-10
22
-43
55
20
1
25
-62
82
-38
-12
64
-23
30
-14
-31
77
-81
7
59
-103
66
-1
-4
22
-2
-5
-39
6
21
19
18
-8
35
-40
17
1
-17
18
-38
22
2
23
27
-10
-42
43
-10
-28
104
-19
-30
14
-67
-2
26
-16
88
-5
-1
58
-100
26
37
-53
81
-12
-20
9
-71
95
-64
-3
121
-70
9
40
-47
6
-17
-1
-21
-13
16
-77
-50
5
13
-45
35
-14
-62
-10
-49
49
15
-12
8
-64
-19
-39
1
3
57
8
-68
21
-72
-11
15
13
39
-33
23
-1
-80
0
-35
63
13
-75
91
-59
-30
28
-90
77
-40
39
17
-56
88
-83
-21
95
-36
-35
63
-111
24
-32
-36
22
-23
36
6
-33
47
-16
-40
32
-54
78
28
34
30
-116
-10
10
27
12
-21
71
-137
25
11
-40
148
-46
32
67
-70
10
-29
9
30
16
51
-29
28
79
-134
9
41
-16
25
19
60
-55
-21
1
-23
22
38
37
53
-63
34
-8
-21
117
-46
-2
12
10
18
-1
111
-60
2
33
-34
40
42
39
-11
-11
19
-15
-5
96
-5
16
39
19
-15
23
-25
16
-49
15
97
-40
-13
64
-26
-32
-35
37
-41
-15
48
-67
43
31
-147
98
-18
-6
20
-46
85
-93
-40
5
-9
26
-37
34
-31
19
-72
-36
48
-75
77
-80
32
84
-170
24
-39
-34
31
-14
72
-15
-76
2
-26
-38
-3
103
-41
-28
74
-46
-51
-8
30
-95
-52
89
-61
19
27
-45
-90
15
57
-25
41
54
-63
-80
-24
25
-81
-2
76
-68
-48
-19
-5
-96
9
57
-72
14
21
-12
-70
-27
10
-22
35
121
-78
-83
5
-94
-4
-31
90
52
-92
123
-77
-8
57
-1
66
-41
113
8
-56
62
-1
-73
149
107
16
148
-103
41
-60
69
148
-82
60
30
-12
75
4
99
-14
45
118
-8
52
-52
95
-128
49
90
-69
248
-33
-80
39
-71
34
111
59
40
-58
-93
39
-49
97
-24
-40
98
-63
55
-16
-124
90
-26
-28
23
3
33
-113
94
-75
-159
74
-141
1
30
-101
94
-159
-53
76
-143
125
-36
-46
5
-178
28
-76
14
76
-151
-5
18
-49
20
19
-7
13
-6
33
-44
-138
33
-74
41
91
47
8
-104
72
-21
-38
-17
99
-31
-74
40
-25
-123
66
-20
-102
173
4
-10
-83
-65
20
-162
109
169
-119
-29
-70
-35
12
-41
115
-44
-79
46
-115
-14
58
-35
58
56
59
-106
13
65
32
31
1
62
18
-141
99
56
-49
217
-6
35
64
-50
69
-98
75
204
-232
141
98
-189
194
-102
113
120
-33
204
-133
-58
66
-60
6
72
40
49
-14
-34
98
-66
-34
201
-167
93
12
-112
114
-27
55
-34
-58
93
-50
-119
147
-34
-10
132
-182
91
-159
-29
255
-32
153
-3
-157
-41
-46
-84
2
54
26
-57
-46
42
-74
-194
201
-39
-32
127
-65
-62
-135
86
-150
-38
88
-144
1
-96
36
3
-152
120
-169
-101
112
-102
192
-95
-125
114
-301
150
10
-62
163
-177
18
-33
-154
165
-48
-84
185
-146
16
47
-21
13
-84
18
-2
-27
62
1
-32
-49
157
5
-73
151
-83
74
32
-42
137
-95
40
7
-67
187
-125
52
204
-219
95
7
-15
234
-172
164
50
-218
213
-113
-13
150
-107
206
-32
22
71
-237
45
-43
-86
178
-27
46
-40
-114
184
-58
124
240
-68
72
-74
-66
42
-69
60
-18
14
40
-123
29
45
-72
128
-68
135
-52
4
-14
-131
121
-108
6
119
-133
-10
3
-54
-55
16
-3
27
69
-71
19
-31
-53
46
145
-78
21
26
-121
57
25
109
-108
-70
154
-207
67
163
-120
154
42
-106
25
-15
149
-80
-119
167
-139
-107
133
31
-91
4
74
-69
-148
141
-68
-163
96
-2
-11
-40
-24
27
-209
115
16
-91
156
-154
-83
-22
-181
131
-141
8
143
-145
33
-84
101
-71
-194
259
-16
-113
110
-80
-195
-6
143
-29
-45
168
11
-148
20
99
-68
54
122
-86
-10
-78
61
7
37
219
-135
103
-16
-117
168
-138
79
57
-17
106
-121
13
127
-85
58
-12
-100
255
-132
-56
169
-208
-6
34
-27
140
-150
51
50
-152
126
-145
25
94
-61
61
77
-76
-45
1
-99
298
-69
-38
212
-328
110
-81
-67
238
-118
149
-37
-90
236
-56
44
164
-47
-33
29
5
50
-87
41
16
-129
209
41
-2
39
37
-53
-43
102
-64
152
9
21
46
-154
109
-136
40
144
-138
-18
-1
-40
50
-60
-38
115
-104
54
53
-87
109
-143
-22
-32
-103
118
-75
28
-85
56
-107
68
43
-86
175
-71
-80
-83
53
-51
-80
20
24
-12
-94
138
-67
-27
-5
-112
101
-193
-15
26
-99
135
-54
33
-1
-143
21
-158
64
59
-213
3
-1
-191
21
-17
-26
41
-111
57
-93
2
38
-93
28
-78
-40
91
32
-29
15
-45
1
-25
102
90
-6
18
-26
22
12
36
107
-25
84
2
6
-37
-19
59
-28
48
29
14
-20
119
-19
2
16
-3
50
43
133
-35
36
-135
-44
187
-3
206
-16
-154
94
-188
14
147
-10
208
-92
42
12
-160
108
65
128
142
139
104
-138
-122
40
-84
155
142
54
112
-133
37
18
-30
130
49
-7
-47
5
-9
-141
101
14
78
108
-44
110
-88
-51
-53
-187
98
-17
8
108
-83
36
-73
-134
61
-88
65
21
-201
2
-137
-109
-59
85
146
-128
-9
16
-47
-35
-85
-35
-16
-91
63
-121
-57
20
-54
39
-9
18
56
-93
22
-64
-102
-8
-56
70
31
-92
43
-77
-16
76
42
-90
4
35
-68
-59
14
33
-26
42
26
-27
64
83
-293
132
147
-71
-35
82
6
-164
8
120
-34
-67
193
-95
-91
159
-64
-54
-4
21
13
-68
168
3
-101
-23
-11
-56
-66
117
12
-67
3
-49
-45
-168
63
74
-97
165
-61
-146
131
-106
-27
100
44
176
-204
58
72
-266
22
82
108
-24
82
-21
-159
45
49
70
118
215
134
142
108
67
-7
-64
72
-33
105
-59
-23
-344
-166
121
-76
105
280
130
-86
142
117
-71
15
171
48
-76
147
5
-61
20
1
47
-39
126
-10
-106
68
-70
-43
-25
144
6
-146
119
-14
-45
-97
68
-75
-183
77
23
-269
-99
0
-213
49
58
105
-69
-51
-50
-165
-96
48
-22
50
54
-133
-44
-102
-6
13
88
44
-163
-9
-102
-46
36
-178
172
14
-128
132
13
-60
1
19
160
-65
-48
122
-123
-20
18
5
56
26
13
68
-45
87
7
44
66
-12
91
-106
50
7
-99
49
154
-14
55
-2
-60
-2
-26
55
210
-6
0
87
-105
47
-79
24
93
-90
61
-97
-53
72
-44
70
40
-81
25
-31
-122
-8
125
52
-100
83
-15
-20
-130
92
32
91
77
-122
-7
-113
15
-18
-63
-10
-57
-95
-29
-125
39
-24
-60
200
21
13
75
-1
-71
22
-37
-9
-44
69
41
-169
47
138
-111
71
51
46
97
-28
217
-69
-5
130
2
40
112
-8
-39
36
-24
73
-156
104
135
-30
272
-23
116
77
-13
214
-100
-39
24
-89
-86
94
-121
-204
35
-91
85
-60
161
80
-162
45
64
-140
245
206
-72
79
25
49
-315
-7
104
-383
-241
-189
-409
-324
-386
-74
-234
-250
53
-256
-213
-206
-138
-95
-48
240
198
-83
29
-53
-102
25
157
243
74
-11
0
-161
-51
246
203
170
197
200
-23
32
87
-21
83
140
211
56
80
54
25
-14
119
207
21
176
164
84
130
56
-9
52
90
-49
28
2
-12
15
-64
-23
-113
-83
-93
-60
86
35
0
19
-48
-98
-91
-218
-31
-32
-70
-42
-46
125
5
26
148
62
5
30
-79
60
52
85
209
26
-39
79
46
108
68
74
125
-37
17
90
23
8
105
147
73
32
78
-2
-57
48
34
-31
46
-73
-66
-56
-85
-30
6
-30
-24
-76
-84
-86
-264
-240
-135
-196
-105
-14
-153
-216
-232
-185
-162
-162
-167
-143
-326
-294
-174
-170
-163
-97
-82
-37
-32
-86
-61
-210
-146
-58
-161
20
88
39
161
107
121
26
37
213
83
106
266
116
116
243
199
243
312
377
353
289
314
270
185
272
401
403
354
383
318
286
209
292
178
93
142
74
-19
-73
-22
-183
-243
-225
-252
-333
-288
-329
-454
-523
-485
-503
-558
-444
-421
-473
-528
-596
-659
-884
-803
-769
-767
-564
-446
-418
-300
-256
-316
-293
-61
60
-3
162
152
-51
307
1000
1331
1516
1814
2010
1738
1816
2279
2149
1912
1978
1842
1341
992
844
582
435
700
563
164
-172
-563
-973
-1295
-1165
-1127
-1113
-1169
-1394
-1731
-2008
-1926
-1786
-1540
-1405
-1559
-1295
-1336
-1362
-1126
-1230
-1274
-1152
-1104
-1011
-997
-1220
-1350
-1105
-1325
-772
-400
-590
-495
-1012
-702
-1213
-420
1646
2172
2358
2673
2535
2059
2551
3566
3943
3908
3445
2844
2090
1051
1034
1126
1301
2077
1816
1051
-106
-1090
-1656
-1884
-1438
-1119
-1105
-1401
-2122
-2745
-3147
-2718
-1630
-1066
-402
-376
-901
-1365
-1547
-1451
-976
-121
286
180
-163
-817
-1564
-1598
-1202
-896
-617
-538
-872
-1475
-1838
-1970
-2023
-1336
-908
295
1635
1804
2179
2334
2488
2563
3445
4569
4356
4287
3884
2683
1745
1276
1146
1020
1574
1705
852
37
-1216
-2404
-2724
-2422
-1959
-1535
-1396
-1791
-2518
-2925
-3021
-2337
-1197
-62
675
617
-91
-845
-933
-652
57
934
1043
570
-53
-816
-1507
-1485
-956
-743
-536
-595
-1553
-2384
-2748
-2496
-2009
-1296
-493
266
1323
1913
2284
2360
2881
3228
4066
5057
4973
4422
3422
2421
1732
1208
891
765
819
606
-218
-1196
-2369
-3071
-2928
-2637
-2381
-1930
-1855
-2325
-2531
-2513
-2360
-1248
-35
524
817
569
217
-62
26
443
598
654
594
239
-520
-1342
-1761
-1648
-1388
-1436
-1806
-1983
-2616
-2899
-2685
-2403
-2035
-1551
-1028
-91
1313
2230
2995
3537
3933
3759
4333
5178
5017
4629
3786
2841
1585
673
304
-158
-221
-203
-771
-1422
-2438
-3336
-3598
-3295
-2555
-1680
-1055
-1248
-1565
-1599
-1381
-583
555
1379
1937
1898
1364
563
270
265
395
835
788
85
-702
-1535
-2168
-2263
-2018
-2002
-2127
-2029
-2370
-2842
-2796
-2282
-1938
-1278
-546
215
1499
2730
3620
3865
4210
4114
4383
5202
5214
4750
3651
2270
1078
17
-630
-1078
-1165
-901
-1333
-1994
-2945
-3787
-3877
-3284
-2258
-1249
-508
-433
-526
-558
-558
-87
1217
2207
2418
2127
1320
368
-140
18
205
211
21
-539
-1390
-2186
-2870
-2798
-2326
-1898
-2154
-2446
-2584
-2874
-2562
-1942
-993
-642
-173
434
1401
2789
3485
4166
4414
4701
4399
4577
4917
4155
3184
1816
684
-564
-1554
-1868
-1940
-1930
-2063
-2300
-2800
-3516
-3605
-2912
-1978
-891
9
429
323
163
237
413
1232
2116
2503
2319
1706
848
-104
-422
-438
-426
-550
-1120
-1749
-2354
-2853
-2852
-2619
-2065
-1938
-2219
-2333
-2585
-2401
-1810
-960
-204
185
638
1014
2135
3527
4389
4823
4808
4609
4183
4196
4188
3293
1991
674
-270
-1313
-2095
-2490
-2448
-2160
-2217
-2257
-2735
-3114
-2787
-1821
-607
365
1097
1252
1001
762
791
1289
1792
2349
2249
1613
765
-172
-669
-1066
-1148
-1064
-1402
-1802
-2320
-2707
-2893
-2713
-2084
-1612
-1803
-2311
-2200
-1915
-1476
-539
133
492
521
624
1094
2287
3754
4591
4830
4792
4083
3314
3315
3213
2487
1225
397
-785
-1919
-2705
-3111
-2780
-2345
-2050
-2047
-2216
-2406
-2082
-969
176
993
1822
1914
1634
1198
1126
1517
1775
2186
2060
1375
179
-882
-1328
-1556
-1614
-1496
-1650
-2023
-2400
-2516
-2411
-2295
-1717
-1393
-1535
-1954
-1862
-1426
-1056
-337
371
841
623
421
702
1970
3364
4267
4756
4540
3423
2270
2344
2181
1563
656
-136
-1236
-2633
-3300
-3464
-3088
-2508
-1931
-1671
-1872
-2001
-1523
-410
646
1363
2081
2069
1505
1160
1250
1498
1532
1641
1380
587
-380
-1247
-1738
-1802
-1589
-1441
-1510
-1734
-2078
-2218
-1848
-1479
-1026
-851
-1081
-1435
-1519
-905
-379
352
878
1031
912
600
587
1636
3220
4225
4506
4259
3188
1871
1739
1868
1614
784
98
-1019
-2337
-3049
-3472
-3102
-2373
-1514
-1112
-1094
-1145
-1067
-134
876
1521
2057
2203
1895
1384
1148
960
869
885
756
256
-727
-1564
-2072
-2069
-1818
-1687
-1514
-1556
-1663
-1582
-1308
-1179
-961
-609
-623
-931
-1240
-1127
-487
391
956
1066
813
357
-22
647
2415
3654
4057
3725
3180
1836
1069
1468
1713
1509
470
-385
-1745
-2814
-3247
-2940
-2042
-1509
-1010
-669
-746
-860
-369
586
1353
1824
2117
1827
1229
718
530
494
509
314
-75
-735
-1634
-2105
-2064
-1604
-1379
-1249
-1264
-1591
-1514
-1195
-830
-626
-429
-447
-760
-1189
-1354
-947
-300
542
894
667
108
-390
-454
664
2392
3609
3944
3310
2460
1119
792
1365
1833
1674
800
-309
-1788
-2748
-2893
-2401
-1438
-639
-152
36
-222
-338
-28
830
1464
1823
1926
1461
859
289
209
176
165
-79
-589
-1057
-1621
-1835
-1550
-1007
-887
-928
-1068
-1282
-1150
-684
-204
86
143
-243
-834
-1345
-1537
-1301
-535
236
431
227
-103
-483
-662
360
2191
3363
3604
3031
2510
1496
1044
1701
2114
1829
589
-184
-1189
-2113
-2253
-1935
-1137
-630
-129
-77
-166
-177
10
871
1325
1452
1286
892
499
41
-41
-20
-165
-503
-929
-1250
-1559
-1551
-1095
-495
-455
-938
-1350
-1497
-1322
-889
-370
-95
-243
-661
-1285
-1809
-1974
-1571
-681
100
387
76
-227
-347
-405
388
1943
3238
3596
3399
2839
1554
789
1378
2067
1979
1104
61
-982
-1803
-2153
-1789
-1045
-528
-195
-10
-221
-736
-499
358
1077
1264
1123
757
210
-166
-346
-319
-251
-370
-619
-841
-1075
-1294
-1014
-472
-547
-915
-1301
-1384
-1163
-808
-335
-119
-154
-524
-1022
-1376
-1561
-1404
-538
396
793
522
293
106
-75
120
1316
2744
3304
3368
2986
2365
1310
1196
1857
2118
1504
563
-244
-1087
-1764
-1900
-1307
-716
-337
-224
-289
-656
-778
-244
447
829
720
490
193
-84
-252
-242
-9
-21
-243
-474
-748
-1009
-1092
-652
-499
-688
-988
-1228
-1112
-919
-584
-360
-208
-315
-697
-1154
-1470
-1492
-1065
-69
648
738
548
231
-136
-330
302
1714
2851
3386
3021
2469
1549
829
1307
1924
1805
784
216
-500
-1339
-1759
-1666
-1167
-956
-715
-548
-601
-778
-744
9
544
460
364
198
-40
-321
-88
106
116
-7
-198
-381
-765
-917
-879
-526
-517
-879
-1097
-1021
-770
-542
-288
-229
-390
-678
-1120
-1466
-1515
-1351
-656
110
562
434
87
-97
-269
-204
480
1796
2679
2974
2655
2096
1336
972
1700
2295
2055
1287
560
-317
-1228
-1610
-1745
-1457
-942
-633
-394
-513
-731
-665
-166
250
342
461
465
424
445
564
521
387
266
-38
-8
-77
-279
-357
-401
-631
-1048
-1057
-1040
-939
-759
-641
-524
-670
-1030
-1454
-1514
-1279
-1089
-612
-87
113
-2
-133
-136
-303
-222
389
1510
2550
2811
2529
2097
1434
1097
1575
1969
1675
1010
266
-505
-1317
-1807
-1832
-1478
-999
-669
-279
-157
-307
-210
189
676
868
947
927
955
1006
1004
1009
833
524
150
-43
-107
-139
-172
-196
-633
-1038
-1271
-1272
-1057
-885
-803
-920
-1085
-1321
-1464
-1626
-1609
-1415
-930
-284
178
220
-231
-509
-550
-486
-199
755
1773
2158
1972
1687
1244
578
656
1274
1559
1074
418
-270
-977
-1573
-1703
-1262
-745
-388
4
316
193
96
445
1006
1311
1419
1499
1548
1397
1177
989
824
513
150
-50
-255
-389
-612
-757
-928
-1173
-1378
-1524
-1281
-977
-781
-786
-844
-969
-1189
-1343
-1402
-1330
-1105
-723
-198
-30
-304
-631
-767
-732
-599
141
1117
1723
1747
1424
1083
506
320
887
1627
1836
1173
286
-412
-955
-1225
-870
-51
386
556
623
636
443
376
817
1242
1476
1391
1202
1022
724
472
460
572
294
-111
-325
-464
-728
-984
-913
-914
-999
-1160
-1034
-744
-676
-539
-455
-456
-814
-1242
-1395
-1401
-1266
-1012
-564
-319
-415
-717
-964
-970
-844
-424
354
1156
1495
1217
936
991
865
1008
1580
1975
1713
984
471
85
-131
-205
167
700
676
443
391
470
422
568
923
1076
968
707
600
615
506
480
491
415
22
-427
-641
-714
-812
-858
-723
-728
-839
-1059
-1007
-759
-654
-596
-711
-873
-1246
-1640
-1768
-1667
-1584
-1543
-1195
-851
-859
-1161
-1341
-1277
-1152
-749
35
860
1064
954
1023
1253
1308
1416
1873
2078
1780
1190
826
533
279
264
451
658
547
469
545
626
692
668
766
737
534
372
296
367
468
555
497
250
-220
-571
-664
-619
-467
-362
-260
-394
-648
-885
-963
-798
-638
-533
-635
-929
-1285
-1634
-1778
-1678
-1506
-1335
-1150
-954
-899
-925
-996
-864
-505
-215
154
679
1065
1188
1312
1519
1621
1574
1669
1884
1848
1618
1297
1073
929
734
596
662
823
801
811
924
825
559
349
278
340
382
361
367
408
209
-32
-152
-296
-560
-667
-508
-496
-487
-470
-440
-451
-698
-941
-1001
-940
-965
-1042
-1098
-1338
-1583
-1681
-1677
-1687
-1751
-1570
-1269
-885
-608
-608
-708
-747
-659
-446
-124
187
585
896
1077
1264
1364
1342
1358
1565
1617
1441
1251
1139
1119
984
904
943
962
851
732
729
633
483
459
503
460
377
285
91
-17
-119
-280
-351
-261
-284
-353
-340
-399
-407
-442
-448
-376
-442
-596
-773
-861
-988
-1222
-1298
-1352
-1421
-1483
-1451
-1383
-1289
-1239
-1215
-1037
-799
-616
-502
-404
-344
-307
-158
7
45
198
508
788
914
1022
1057
1011
1125
1488
1849
1883
1828
1668
1554
1394
1097
922
876
838
792
879
861
589
354
224
79
-8
-76
-91
65
244
271
260
84
-202
-375
-381
-341
-382
-335
-362
-390
-533
-820
-1093
-1240
-1281
-1236
-1071
-983
-1024
-1130
-1166
-1137
-1111
-1101
-1102
-1021
-807
-633
-478
-433
-440
-460
-442
-313
-175
-66
145
457
698
876
1069
1343
1535
1751
1955
1996
1756
1326
1005
858
790
690
699
769
739
615
471
368
217
162
166
264
357
214
27
-29
-48
-127
-276
-363
-440
-570
-656
-735
-832
-883
-869
-902
-927
-1066
-1192
-1215
-1184
-1151
-1156
-1096
-1147
-1213
-1226
-1130
-1065
-1091
-981
-847
-682
-541
-357
-134
-15
65
181
363
524
644
796
1020
1199
1292
1393
1494
1477
1415
1453
1511
1467
1260
982
841
770
691
693
708
765
735
711
712
692
604
548
625
601
410
138
-56
-246
-366
-397
-419
-522
-739
-968
-1135
-1211
-1277
-1279
-1196
-1066
-1033
-1057
-1105
-1182
-1222
-1207
-1083
-954
-891
-834
-765
-638
-471
-398
-303
-193
-82
113
369
530
550
485
396
402
396
386
365
457
615
666
687
664
628
624
723
901
967
936
884
858
900
903
968
1028
1059
1013
956
907
748
558
410
389
275
133
-38
-288
-521
-757
-871
-893
-971
-1084
-1122
-1092
-1089
-1103
-1006
-894
-832
-792
-735
-661
-605
-550
-458
-325
-298
-350
-303
-215
-111
-31
-53
-103
-158
-202
-251
-281
-265
-237
-241
-268
-283
-309
-272
-176
-105
-59
19
170
354
525
733
1027
1252
1388
1497
1480
1252
1033
909
836
785
712
656
578
355
135
-4
-136
-262
-340
-352
-421
-475
-585
-602
-591
-605
-605
-568
-470
-407
-331
-226
-35
70
76
29
-106
-220
-270
-296
-272
-249
-288
-309
-226
-191
-237
-286
-352
-449
-565
-591
-602
-615
-553
-473
-367
-255
-248
-271
-210
-51
137
296
453
565
612
646
731
809
795
741
772
848
918
924
785
605
485
426
389
354
290
277
325
395
445
394
308
235
201
240
304
297
259
218
182
95
23
-31
-109
-166
-222
-301
-412
-480
-551
-586
-556
-533
-567
-636
-716
-758
-751
-683
-607
-565
-518
-484
-492
-505
-504
-484
-461
-426
-354
-286
-197
-112
-41
-76
-121
-124
-167
-225
-242
-286
-275
-112
57
259
387
428
451
507
578
611
647
654
701
752
758
722
633
512
400
388
412
414
393
300
216
139
43
-103
-237
-334
-397
-393
-378
-295
-236
-256
-287
-327
-307
-272
-213
-212
-229
-245
-271
-275
-240
-207
-271
-323
-314
-262
-247
-251
-241
-245
-263
-313
-330
-380
-477
-439
-302
-137
-45
-8
40
107
145
134
118
78
66
140
391
669
854
927
912
854
745
666
671
680
627
593
601
547
401
247
187
161
171
254
349
387
321
196
116
68
-36
-93
-58
6
-44
-180
-290
-410
-500
-541
-522
-497
-486
-491
-484
-469
-518
-530
-488
-458
-450
-482
-461
-428
-390
-312
-216
-161
-167
-161
-118
-75
-110
-146
-102
-80
-15
46
57
88
59
28
12
0
-40
-61
-17
77
176
262
292
295
345
387
473
594
650
585
543
508
481
470
419
403
417
413
354
331
246
106
2
-95
-182
-278
-347
-412
-438
-426
-415
-436
-453
-422
-366
-272
-196
-140
-113
-25
58
35
-33
-105
-100
-41
-42
0
10
-57
-119
-184
-250
-296
-315
-361
-381
-421
-497
-522
-496
-403
-337
-301
-274
-267
-210
-82
4
30
-6
-50
-88
-43
85
225
348
373
438
440
400
425
427
410
378
415
424
418
347
239
201
199
201
188
204
215
238
277
267
226
212
237
307
378
452
430
412
400
326
306
286
266
202
148
106
18
-94
-188
-237
-264
-258
-287
-317
-366
-459
-504
-527
-530
-538
-546
-504
-461
-480
-502
-533
-566
-567
-558
-541
-558
-550
-523
-444
-356
-328
-380
-431
-385
-253
-65
125
253
344
380
380
416
480
489
504
587
658
685
649
642
706
840
1000
1132
1197
1088
900
754
668
582
464
334
216
118
79
63
27
-35
-180
-297
-355
-395
-369
-333
-327
-315
-353
-425
-527
-587
-625
-666
-701
-769
-869
-1000
-1073
-1106
-1115
-1128
-1127
-1103
-1114
-1133
-1093
-943
-728
-504
-346
-291
-306
-368
-357
-265
-116
5
101
149
202
358
518
694
887
1102
1241
1312
1386
1348
1269
1201
1190
1219
1260
1257
1184
1126
1070
1000
956
882
785
658
565
511
466
430
344
239
144
16
-127
-255
-331
-392
-417
-476
-613
-791
-939
-1011
-1052
-1055
-1062
-1056
-1033
-1043
-1045
-1004
-959
-946
-892
-861
-848
-823
-751
-647
-535
-410
-391
-416
-391
-311
-215
-69
63
146
202
248
307
397
489
588
646
627
662
748
854
929
974
1040
1053
1048
1035
1052
1015
931
882
862
847
753
624
523
463
424
414
393
309
169
-25
-239
-410
-544
-629
-646
-587
-605
-676
-735
-812
-939
-1038
-1059
-1030
-988
-971
-928
-849
-815
-767
-655
-574
-549
-548
-528
-506
-461
-362
-265
-168
-108
-107
-82
-20
56
133
179
227
301
371
445
486
469
409
342
323
365
371
352
336
330
368
506
683
742
761
779
751
754
811
866
828
680
522
359
242
184
149
199
215
172
85
-11
-127
-295
-371
-398
-439
-519
-584
-654
-675
-661
-663
-586
-530
-538
-508
-460
-431
-346
-248
-193
-160
-183
-205
-144
-22
85
161
226
185
97
52
28
12
14
-13
-50
-92
-165
-272
-336
-355
-382
-351
-248
-127
-90
-91
-100
-87
-19
68
102
116
50
40
182
361
475
480
542
566
597
638
639
613
497
407
431
465
360
233
242
252
221
205
188
123
11
-7
59
117
80
43
84
123
149
138
171
159
76
8
-19
-78
-171
-221
-202
-165
-221
-299
-329
-338
-328
-314
-327
-368
-463
-536
-582
-609
-665
-710
-682
-656
-633
-643
-631
-609
-616
-597
-577
-534
-471
-467
-480
-506
-516
-462
-363
-199
-104
-108
1
180
414
593
698
802
821
872
977
1076
1071
970
893
879
904
870
847
879
885
821
753
679
541
395
291
239
198
115
40
-24
-87
-141
-175
-159
-154
-185
-189
-153
-150
-190
-219
-242
-337
-442
-475
-483
-485
-516
-588
-667
-777
-907
-952
-958
-965
-946
-896
-817
-764
-755
-716
-620
-526
-457
-362
-264
-133
8
108
170
205
224
237
334
496
539
539
681
876
1015
1081
1188
1230
1183
1184
1253
1241
1065
886
793
744
673
595
614
669
584
540
520
410
209
93
61
45
-35
-185
-251
-273
-365
-489
-562
-610
-692
-771
-776
-781
-844
-895
-885
-846
-859
-910
-949
-916
-911
-931
-860
-769
-753
-736
-651
-563
-541
-520
-480
-418
-374
-420
-441
-417
-406
-405
-330
-243
-160
-78
-16
15
3
-30
-11
142
320
451
545
718
894
1017
1128
1299
1426
1481
1631
1773
1784
1582
1338
1142
1004
847
709
684
618
473
351
244
73
-162
-254
-208
-171
-207
-307
-381
-466
-563
-611
-618
-635
-662
-624
-578
-556
-557
-529
-452
-438
-484
-540
-576
-606
-664
-752
-836
-894
-957
-959
-873
-828
-864
-866
-770
-657
-558
-413
-349
-306
-252
-238
-142
-32
98
254
444
542
514
503
567
649
746
868
962
1111
1266
1365
1374
1381
1315
1268
1399
1538
1496
1260
1032
828
682
597
515
450
401
303
217
116
-108
-383
-482
-452
-391
-331
-386
-508
-635
-751
-869
-948
-992
-1054
-1058
-992
-959
-990
-992
-950
-900
-879
-858
-787
-733
-749
-725
-686
-672
-668
-561
-385
-296
-266
-248
-208
-200
-156
-93
-88
-63
-50
-48
-36
-51
-65
50
251
364
382
317
322
445
606
763
878
1096
1268
1421
1520
1558
1527
1388
1451
1547
1483
1180
807
524
307
145
23
16
73
-13
-68
-120
-287
-555
-701
-659
-651
-673
-718
-721
-730
-807
-846
-849
-830
-830
-765
-671
-712
-778
-762
-640
-535
-490
-484
-517
-512
-536
-577
-549
-538
-476
-391
-277
-225
-246
-214
-208
-106
26
126
218
317
452
503
522
464
413
514
607
710
711
599
444
347
416
570
643
667
884
1141
1259
1252
1271
1225
1156
1316
1512
1436
1065
651
357
165
-18
-111
-79
-34
-131
-244
-349
-617
-858
-868
-710
-619
-651
-761
-896
-969
-1087
-1134
-1025
-906
-820
-750
-692
-756
-803
-741
-610
-453
-401
-387
-327
-258
-256
-296
-328
-390
-425
-374
-259
-217
-262
-246
-205
-109
-22
38
108
101
62
27
29
-4
-26
81
252
340
314
248
143
84
184
362
461
617
954
1200
1255
1209
1189
1080
1046
1320
1508
1367
962
537
270
72
-52
-49
57
100
-48
-145
-307
-535
-642
-508
-261
-153
-147
-260
-352
-420
-538
-487
-395
-359
-376
-370
-413
-574
-651
-577
-467
-410
-461
-495
-493
-533
-573
-593
-565
-555
-490
-375
-287
-320
-395
-378
-285
-159
-90
-6
1
-59
-71
-84
-110
-159
-151
21
207
296
290
222
138
110
266
525
661
900
1250
1419
1447
1426
1502
1477
1538
1726
1694
1403
972
643
439
238
84
47
140
123
-72
-211
-434
-661
-707
-537
-422
-451
-518
-658
-785
-834
-862
-804
-662
-540
-506
-524
-671
-853
-859
-761
-670
-645
-681
-735
-739
-706
-715
-706
-653
-582
-496
-428
-388
-476
-480
-399
-275
-84
28
91
86
114
186
215
249
241
211
263
350
417
476
492
463
502
633
778
831
1068
1411
1554
1565
1527
1506
1324
1287
1463
1422
1131
675
328
24
-291
-443
-375
-209
-235
-355
-465
-695
-898
-925
-747
-608
-579
-616
-729
-849
-941
-956
-838
-713
-620
-585
-620
-721
-815
-772
-608
-473
-426
-389
-391
-415
-439
-434
-376
-286
-204
-161
-166
-149
-158
-138
-21
128
231
314
412
401
370
382
383
435
418
373
407
461
509
531
535
458
356
369
487
489
643
1004
1136
1147
1056
967
846
819
1052
1110
873
426
11
-273
-592
-749
-671
-497
-451
-517
-545
-702
-850
-826
-605
-350
-242
-210
-261
-358
-420
-481
-388
-260
-174
-139
-184
-268
-370
-335
-221
-175
-183
-203
-174
-100
-35
25
56
122
100
81
168
134
75
35
77
109
117
211
184
85
-5
-43
18
19
-25
-45
-18
32
38
86
67
-53
-79
-27
59
14
130
488
688
760
715
731
595
538
811
884
581
92
-217
-477
-751
-851
-754
-605
-565
-584
-580
-707
-882
-866
-592
-366
-278
-173
-188
-264
-314
-259
-111
32
187
222
182
48
-89
-50
25
53
38
25
41
-3
5
-1
-17
64
97
141
158
67
-42
-58
72
180
252
321
255
120
45
32
42
76
70
58
42
13
10
89
108
85
108
178
241
184
411
677
734
727
718
711
496
569
819
723
439
115
-121
-398
-610
-531
-363
-233
-193
-188
-199
-389
-464
-272
-24
94
153
184
14
-127
-148
-149
-71
46
119
64
-57
-226
-327
-253
-166
-137
-144
-229
-330
-364
-356
-363
-345
-245
-231
-197
-142
-171
-206
-206
-137
-119
-63
-15
-36
-124
-234
-271
-239
-205
-244
-261
-224
-210
-161
-69
-77
-132
-74
76
186
222
447
677
729
709
693
726
665
763
1003
907
570
198
-71
-274
-438
-328
-187
-141
-205
-343
-425
-549
-486
-183
89
220
204
137
-5
-177
-181
-122
39
160
166
112
-23
-187
-294
-250
-159
-150
-171
-221
-244
-288
-367
-365
-296
-183
-120
-129
-178
-227
-251
-215
-98
-17
0
-30
-58
-100
-116
-91
-28
10
-7
-24
5
45
94
134
139
96
136
240
280
283
501
708
759
803
804
772
674
799
946
798
459
138
-94
-308
-368
-195
4
79
47
-48
-162
-308
-229
34
205
266
186
47
-164
-340
-326
-247
-118
-24
-17
-107
-289
-453
-501
-425
-310
-283
-299
-302
-333
-359
-347
-262
-196
-142
-163
-236
-303
-343
-315
-195
-62
18
35
-14
-95
-151
-139
-114
-47
-31
-82
-122
-157
-132
-108
-64
-38
-1
78
118
65
140
450
665
764
801
795
693
644
811
836
645
349
82
-156
-345
-368
-304
-210
-154
-147
-167
-276
-359
-265
-118
6
99
154
70
-131
-226
-263
-223
-112
-40
-32
-117
-241
-305
-287
-248
-224
-201
-188
-182
-211
-258
-258
-247
-124
-37
-78
-102
-154
-167
-114
-1
39
26
5
-31
-38
-13
-8
2
-15
-47
-55
-70
-69
-36
27
52
94
188
250
259
256
476
645
674
681
683
639
496
621
709
587
431
250
83
-99
-222
-165
-67
-12
-7
-34
-99
-197
-158
-58
-2
56
93
79
2
-56
-90
-143
-96
-26
-45
-93
-198
-329
-376
-330
-287
-261
-227
-251
-274
-270
-260
-183
-116
-92
-90
-123
-127
-146
-121
-99
-75
-60
-60
-63
-153
-231
-240
-246
-227
-190
-105
-47
-34
-19
24
34
48
115
197
204
266
448
534
469
428
520
534
504
630
677
519
302
152
5
-153
-177
-100
-58
-65
-109
-159
-271
-315
-228
-142
-93
-75
-59
-94
-196
-227
-191
-139
-40
50
54
-77
-204
-276
-247
-187
-153
-159
-241
-342
-407
-405
-398
-359
-279
-232
-237
-275
-282
-316
-298
-185
-97
-32
-3
-60
-156
-255
-319
-272
-167
-55
25
37
-2
-42
-30
26
124
229
298
353
496
601
597
558
603
680
688
809
924
825
605
440
306
168
105
164
197
199
216
213
180
121
138
151
166
201
191
128
35
-16
-18
-43
-1
59
13
-80
-134
-176
-229
-245
-207
-217
-298
-395
-465
-517
-555
-550
-531
-488
-421
-403
-367
-349
-348
-301
-237
-177
-178
-190
-199
-232
-280
-310
-306
-250
-197
-148
-105
-103
-100
-68
10
96
160
216
263
362
462
497
483
484
486
480
514
565
575
503
421
323
248
211
231
276
258
239
202
121
54
-10
-46
-63
-74
-75
-121
-170
-203
-216
-220
-198
-175
-166
-205
-272
-318
-360
-352
-299
-257
-265
-290
-312
-321
-336
-372
-390
-393
-360
-328
-328
-286
-257
-244
-192
-117
-105
-97
-73
-93
-121
-148
-156
-119
-55
-40
-13
26
10
-9
2
10
7
61
122
215
302
378
439
450
452
476
536
544
575
619
622
564
526
502
505
516
506
503
474
434
383
308
271
224
150
104
42
-26
-83
-122
-117
-87
-76
-34
-32
-99
-180
-251
-270
-268
-273
-291
-336
-341
-360
-409
-433
-448
-422
-396
-345
-291
-318
-370
-398
-381
-359
-322
-295
-304
-305
-288
-296
-288
-291
-291
-282
-276
-242
-172
-99
-36
42
108
196
288
373
445
486
504
503
529
561
579
552
502
491
484
476
494
491
461
413
371
323
272
179
86
28
13
20
26
26
-29
-88
-132
-172
-185
-191
-209
-236
-271
-298
-301
-285
-285
-262
-261
-286
-296
-349
-414
-419
-457
-485
-474
-434
-408
-439
-481
-486
-488
-493
-410
-343
-322
-315
-311
-289
-281
-261
-230
-151
-91
-46
-17
-5
6
3
50
158
234
304
381
472
545
617
729
780
762
713
630
543
501
494
548
609
623
613
599
575
509
400
307
245
170
109
57
-7
-64
-115
-104
-46
-16
-35
-76
-88
-123
-169
-203
-206
-204
-229
-236
-205
-189
-214
-265
-318
-388
-450
-478
-509
-514
-523
-516
-511
-488
-444
-402
-339
-269
-216
-204
-199
-202
-195
-201
-183
-114
-52
16
108
187
254
325
382
404
422
420
426
482
556
638
671
687
703
692
676
666
671
647
639
613
552
445
345
294
259
224
184
103
-22
-131
-239
-332
-379
-431
-448
-432
-458
-531
-587
-648
-685
-676
-635
-573
-566
-568
-592
-640
-660
-670
-656
-624
-583
-584
-598
-597
-636
-635
-607
-537
-464
-424
-387
-353
-306
-263
-193
-111
-44
15
81
160
214
295
374
457
505
562
628
655
683
759
845
922
1001
1056
1066
1005
952
902
843
761
691
656
595
526
474
437
347
258
203
148
85
30
-19
-81
-155
-230
-292
-370
-401
-440
-489
-539
-594
-635
-671
-690
-669
-653
-649
-625
-620
-642
-695
-728
-751
-772
-740
-686
-621
-573
-471
-363
-304
-280
-235
-194
-122
-31
45
99
66
56
109
188
313
438
552
667
734
796
863
854
838
857
903
912
897
902
867
835
816
805
839
835
806
730
611
451
299
213
157
107
75
48
-10
-88
-175
-262
-346
-410
-441
-500
-537
-590
-658
-721
-785
-794
-782
-775
-799
-816
-840
-844
-824
-809
-768
-719
-668
-606
-551
-519
-518
-549
-534
-489
-463
-412
-363
-329
-283
-245
-164
-91
-46
-12
52
172
284
422
524
616
693
734
756
773
779
768
758
779
769
764
775
739
751
766
760
745
729
707
668
573
469
380
265
179
125
85
34
-10
-43
-78
-127
-222
-299
-386
-454
-529
-571
-589
-620
-623
-591
-585
-621
-654
-688
-731
-754
-745
-754
-790
-828
-866
-855
-786
-686
-572
-481
-389
-280
-224
-210
-173
-144
-146
-114
-36
42
110
191
260
315
417
547
635
731
824
891
895
905
941
917
869
881
905
910
917
893
873
832
788
768
753
736
706
644
515
429
381
307
245
173
91
20
-35
-139
-259
-374
-497
-605
-680
-730
-811
-877
-911
-948
-951
-937
-940
-948
-980
-992
-964
-948
-932
-909
-900
-862
-797
-759
-723
-689
-640
-569
-472
-390
-341
-325
-282
-196
-91
49
167
273
371
468
537
624
720
811
890
950
1024
1046
1048
1069
1052
1009
976
951
931
936
935
919
888
856
805
716
618
518
427
337
265
220
159
66
-26
-117
-211
-269
-325
-420
-512
-625
-760
-888
-981
-1073
-1123
-1105
-1055
-1004
-981
-1005
-1072
-1102
-1119
-1114
-1048
-995
-976
-945
-920
-900
-840
-718
-606
-517
-411
-319
-220
-102
35
128
201
329
429
510
621
726
822
901
968
1043
1099
1169
1228
1307
1375
1381
1361
1341
1314
1251
1227
1216
1201
1162
1091
1014
911
818
722
630
562
473
355
206
83
-15
-109
-191
-268
-360
-480
-570
-685
-792
-890
-985
-1043
-1091
-1125
-1183
-1255
-1311
-1349
-1346
-1299
-1234
-1195
-1195
-1207
-1213
-1174
-1127
-1050
-960
-896
-815
-738
-643
-524
-387
-258
-140
-58
8
118
220
314
439
587
720
857
984
1083
1154
1180
1175
1185
1195
1204
1205
1240
1271
1259
1231
1202
1142
1051
982
908
797
696
597
474
353
257
171
115
40
-25
-99
-237
-371
-490
-581
-646
-702
-771
-816
-842
-904
-964
-1034
-1105
-1145
-1142
-1148
-1161
-1147
-1159
-1158
-1112
-1056
-984
-933
-924
-906
-868
-820
-740
-618
-489
-371
-250
-128
-1
133
275
407
566
710
827
904
950
1029
1067
1114
1188
1206
1203
1229
1236
1259
1289
1295
1268
1233
1189
1143
1083
985
890
780
697
629
568
499
388
290
168
74
23
-38
-128
-238
-373
-476
-550
-623
-678
-720
-800
-895
-970
-1034
-1064
-1119
-1160
-1149
-1160
-1189
-1195
-1176
-1141
-1112
-1084
-1076
-1025
-961
-901
-822
-689
-551
-432
-315
-217
-111
18
118
205
306
381
434
484
590
698
791
880
955
991
1002
1009
1041
1061
1079
1096
1071
1036
1031
1017
1003
983
954
896
793
685
577
467
347
264
167
66
-13
-104
-192
-277
-392
-485
-574
-633
-679
-763
-848
-930
-1008
-1061
-1075
-1063
-1025
-988
-956
-923
-931
-943
-928
-917
-912
-872
-826
-784
-763
-708
-640
-555
-447
-330
-192
-59
44
125
225
285
339
407
461
529
638
778
898
947
991
1047
1098
1127
1169
1163
1101
1042
1001
976
927
875
819
777
736
660
573
495
404
325
239
160
96
-10
-121
-219
-259
-272
-322
-384
-466
-560
-632
-695
-739
-780
-825
-857
-894
-884
-877
-901
-916
-938
-920
-892
-859
-802
-745
-711
-693
-646
-564
-469
-376
-271
-170
-49
48
125
207
279
342
429
543
665
769
814
824
843
853
853
866
878
893
890
875
847
796
786
797
810
836
829
767
642
499
383
302
260
228
160
102
1
-105
-192
-256
-285
-315
-382
-465
-535
-609
-716
-822
-896
-939
-946
-955
-974
-1000
-1049
-1088
-1078
-1024
-940
-887
-858
-825
-777
-687
-575
-473
-368
-228
-109
16
138
226
283
317
330
386
508
590
622
631
635
633
641
667
721
766
746
730
767
768
723
671
604
562
557
522
469
423
348
263
206
164
148
117
54
-13
-83
-166
-234
-306
-350
-366
-426
-485
-528
-595
-657
-682
-699
-680
-641
-627
-618
-597
-586
-549
-487
-434
-381
-319
-256
-223
-155
-78
-7
61
141
214
282
345
384
421
464
507
535
590
620
623
614
607
617
601
561
519
480
417
367
345
341
297
233
179
92
30
-1
-35
-41
-14
-36
-95
-166
-238
-302
-375
-457
-492
-491
-492
-488
-459
-452
-483
-505
-510
-520
-522
-506
-517
-526
-506
-467
-404
-349
-282
-233
-194
-152
-85
-20
43
127
204
280
358
421
452
467
478
500
521
525
527
536
552
542
507
505
517
491
459
424
353
271
172
68
24
21
11
-36
-74
-121
-219
-272
-293
-354
-406
-479
-577
-653
-666
-668
-677
-639
-617
-608
-583
-548
-507
-495
-470
-460
-484
-473
-443
-400
-332
-223
-138
-76
-9
52
115
182
264
370
439
503
570
620
681
779
870
939
978
994
1008
1003
972
904
822
769
740
701
667
606
529
457
399
359
303
212
95
-29
-173
-287
-368
-438
-517
-605
-680
-706
-727
-743
-760
-784
-827
-889
-929
-960
-955
-941
-927
-912
-867
-788
-723
-642
-545
-472
-430
-381
-334
-277
-220
-135
-23
112
248
368
475
553
652
758
877
1004
1091
1131
1113
1080
1065
1059
1057
1062
1053
1014
957
926
868
776
667
564
485
395
297
188
71
-60
-171
-261
-350
-420
-525
-651
-775
-859
-931
-1034
-1106
-1163
-1215
-1251
-1256
-1250
-1238
-1226
-1209
-1169
-1131
-1126
-1125
-1085
-1035
-1006
-930
-805
-692
-610
-530
-402
-256
-124
30
171
270
359
466
554
646
728
818
923
1013
1122
1224
1283
1303
1330
1328
1319
1293
1248
1217
1192
1123
1066
1030
979
952
892
807
756
666
537
444
328
195
72
-72
-208
-315
-402
-451
-495
-544
-628
-704
-771
-827
-866
-906
-962
-1027
-1096
-1151
-1146
-1124
-1098
-1050
-995
-943
-851
-744
-638
-554
-482
-400
-299
-193
-89
0
73
153
239
369
511
655
745
795
839
829
819
825
845
849
862
861
834
807
775
734
701
671
668
652
586
511
403
283
171
98
32
-13
-70
-138
-206
-271
-345
-440
-550
-674
-755
-815
-876
-915
-952
-982
-999
-1004
-974
-924
-882
-869
-885
-911
-900
-868
-822
-730
-602
-473
-361
-245
-145
-66
41
142
223
299
360
400
410
438
499
577
670
749
847
913
939
942
920
897
881
848
807
763
725
671
600
558
528
520
519
504
450
371
270
163
71
-5
-65
-145
-247
-322
-377
-427
-478
-528
-549
-580
-599
-577
-578
-581
-600
-622
-629
-614
-587
-559
-507
-468
-456
-421
-369
-311
-252
-185
-113
-42
26
89
143
178
202
218
241
277
312
315
308
281
256
260
284
332
381
426
459
470
456
419
357
304
255
198
155
106
74
32
-27
-61
-61
-80
-104
-138
-189
-236
-312
-344
-360
-403
-410
-418
-424
-400
-351
-313
-302
-305
-302
-278
-268
-256
-216
-180
-133
-95
-53
13
74
140
224
262
286
313
304
292
300
314
315
291
289
295
284
273
277
270
271
301
285
235
200
166
134
99
86
89
54
1
-34
-48
-49
-62
-98
-118
-122
-144
-197
-251
-302
-324
-344
-343
-299
-279
-286
-303
-304
-275
-262
-261
-264
-263
-247
-232
-187
-123
-70
-33
6
62
148
204
229
234
221
205
205
226
228
256
312
352
390
444
451
382
330
304
268
246
203
151
91
26
-27
-69
-66
-45
-46
-85
-152
-223
-269
-328
-361
-356
-359
-368
-385
-385
-375
-359
-342
-360
-368
-350
-357
-376
-366
-358
-321
-256
-187
-106
-39
8
36
73
110
139
182
208
243
276
318
357
378
393
429
481
487
496
477
448
424
416
422
458
485
493
503
469
426
392
361
297
238
199
133
63
27
2
-39
-102
-179
-261
-324
-363
-409
-479
-520
-533
-544
-536
-508
-495
-510
-514
-513
-523
-521
-481
-442
-438
-434
-405
-375
-334
-272
-228
-187
-162
-137
-84
-20
56
105
145
204
288
372
455
542
611
625
602
577
547
518
500
475
450
452
467
476
459
444
428
400
362
328
281
216
145
66
-30
-93
-99
-125
-151
-160
-190
-239
-282
-326
-385
-437
-461
-472
-513
-559
-605
-627
-639
-622
-582
-542
-530
-557
-562
-567
-559
-536
-481
-420
-398
-345
-233
-140
-71
14
76
98
130
173
213
241
249
270
308
337
367
388
425
478
514
543
562
561
536
486
451
444
448
459
472
446
409
378
328
290
261
222
174
104
22
-47
-95
-128
-113
-74
-64
-91
-128
-188
-251
-293
-334
-323
-312
-346
-349
-337
-345
-343
-324
-281
-222
-190
-191
-200
-213
-231
-227
-212
-178
-113
-42
24
66
87
119
141
142
148
169
187
186
190
223
273
324
353
379
399
398
398
378
351
310
268
233
212
218
230
228
190
138
109
67
43
10
-58
-131
-178
-209
-228
-226
-246
-256
-292
-320
-346
-374
-405
-451
-500
-552
-554
-544
-501
-442
-387
-383
-407
-456
-478
-457
-421
-381
-359
-345
-319
-234
-144
-36
35
49
66
94
112
149
199
240
233
226
239
245
287
356
364
366
390
389
406
420
462
477
460
456
450
450
472
479
444
391
353
304
241
192
143
65
13
1
-5
13
26
23
4
-29
-71
-72
-85
-118
-165
-227
-274
-299
-300
-294
-261
-244
-231
-235
-219
-188
-187
-164
-148
-154
-128
-97
-72
-47
-25
3
0
24
62
64
54
51
67
98
116
139
175
194
190
186
164
133
106
92
80
56
76
81
65
51
7
-34
-50
-62
-52
-25
-32
-74
-110
-150
-168
-163
-155
-159
-173
-156
-124
-103
-104
-107
-148
-178
-199
-209
-205
-221
-233
-253
-248
-203
-146
-113
-94
-74
-83
-99
-101
-91
-86
-70
-33
-22
-19
8
29
28
52
83
107
144
152
142
124
127
144
142
146
168
179
163
136
122
109
126
172
192
198
212
203
148
102
76
48
43
40
40
53
61
59
25
-52
-82
-67
-49
-24
22
30
9
-3
-26
-49
-61
-73
-76
-75
-74
-74
-76
-75
-70
-47
-33
-14
-10
-9
-8
-22
-17
1
15
24
47
61
52
52
73
102
118
112
86
93
105
88
83
84
52
31
23
36
66
74
78
86
73
48
29
18
19
3
-17
-15
-41
-72
-68
-64
-72
-63
-50
-67
-67
-63
-91
-127
-149
-151
-139
-106
-88
-90
-104
-117
-118
-81
-47
-17
-12
-25
-46
-60
-84
-74
-54
-39
-10
6
32
30
27
22
18
7
-7
-28
-36
-44
-50
-42
-35
-2
34
52
52
37
41
38
21
1
-9
-19
-29
-35
-36
-23
-2
19
18
-4
-15
-38
-34
-47
-70
-55
-72
-91
-111
-97
-70
-41
-19
-4
-4
-13
-5
-12
-1
25
60
76
92
100
105
117
118
110
107
109
103
99
67
87
122
149
199
219
216
204
188
170
158
135
96
65
40
29
12
-9
-40
-58
-71
-86
-77
-60
-68
-95
-106
-124
-150
-153
-158
-161
-164
-182
-158
-147
-158
-132
-113
-111
-100
-95
-91
-80
-71
-54
-32
-33
-26
-3
8
4
19
36
46
58
94
128
142
163
171
176
167
169
184
202
214
223
201
198
207
209
193
167
161
149
126
84
59
50
30
3
4
2
-1
4
-20
-54
-90
-114
-129
-158
-172
-177
-197
-213
-197
-190
-190
-190
-173
-170
-191
-200
-209
-226
-230
-220
-200
-181
-157
-131
-114
-111
-119
-88
-55
-37
-21
-4
2
24
51
70
85
84
100
134
129
130
144
146
148
141
155
169
174
154
133
95
67
57
57
66
71
97
88
53
25
-14
-36
-34
-25
-24
-30
-56
-77
-98
-117
-124
-150
-165
-171
-187
-184
-173
-179
-162
-160
-160
-135
-114
-94
-84
-100
-132
-175
-168
-139
-121
-105
-83
-59
-49
-15
21
57
121
165
186
194
179
173
188
224
246
260
270
305
309
302
324
341
327
303
300
301
307
305
283
220
162
137
128
138
141
129
105
62
6
-7
14
15
10
-3
-40
-93
-129
-152
-175
-183
-198
-222
-229
-216
-201
-176
-168
-188
-220
-249
-240
-222
-223
-223
-226
-241
-237
-211
-191
-164
-121
-94
-82
-56
-41
-24
0
-6
-16
-32
-32
-25
-6
22
49
48
36
57
84
122
163
173
169
164
152
138
150
176
160
118
100
73
42
46
50
42
59
64
37
29
-7
-38
-57
-91
-113
-136
-164
-188
-216
-228
-205
-177
-171
-168
-150
-151
-129
-103
-86
-67
-77
-69
-71
-87
-103
-116
-92
-65
-11
45
114
167
152
125
107
115
115
115
102
86
99
134
153
167
170
188
207
214
247
254
258
216
144
122
122
99
99
76
37
20
14
9
1
21
9
-21
-43
-47
-84
-144
-177
-215
-243
-258
-268
-261
-254
-235
-192
-177
-158
-137
-149
-160
-170
-177
-153
-143
-152
-140
-127
-107
-83
-58
-26
-13
-5
0
27
56
90
120
120
103
102
125
138
156
189
224
259
290
295
280
271
274
268
278
307
305
267
216
163
152
154
146
130
113
79
25
-8
-15
-18
-9
7
-17
-29
-41
-85
-117
-149
-175
-213
-252
-266
-265
-266
-256
-245
-233
-220
-216
-231
-223
-193
-190
-198
-214
-222
-238
-232
-159
-74
-30
10
33
25
41
66
104
148
176
191
195
174
169
188
211
244
275
267
225
178
124
116
121
136
152
157
157
141
126
113
93
79
59
19
-10
-49
-72
-104
-139
-161
-145
-124
-118
-130
-150
-164
-196
-235
-289
-318
-334
-335
-347
-351
-327
-295
-238
-205
-189
-165
-140
-102
-76
-67
-74
-87
-95
-98
-52
16
85
124
167
211
227
237
260
257
233
224
216
218
228
255
264
273
306
321
307
266
237
231
195
140
92
67
50
66
77
77
86
72
43
5
-22
-38
-66
-108
-147
-161
-191
-205
-194
-178
-157
-125
-112
-127
-166
-202
-210
-193
-167
-160
-147
-126
-104
-88
-56
-27
-11
-5
-4
-4
-1
3
16
38
60
86
130
171
189
215
225
214
211
211
195
166
145
149
143
101
78
78
89
92
65
67
78
59
30
-19
-64
-100
-131
-145
-181
-213
-226
-225
-214
-220
-213
-166
-144
-167
-157
-147
-162
-158
-158
-184
-198
-198
-226
-226
-211
-187
-184
-183
-150
-124
-87
-52
-36
-11
5
12
33
63
101
168
216
228
208
183
158
146
141
148
178
188
191
183
190
200
206
196
187
167
122
86
80
97
92
97
103
79
39
27
13
-35
-65
-73
-88
-107
-95
-50
-34
-31
-27
-38
-59
-57
-52
-35
-16
-40
-51
-72
-94
-97
-78
-65
-54
-23
0
26
37
36
50
65
60
73
84
106
141
150
161
159
174
187
186
189
197
198
174
155
125
97
63
23
9
4
8
4
0
-4
-7
-26
-47
-68
-81
-92
-128
-180
-223
-260
-285
-298
-304
-311
-293
-286
-273
-256
-218
-190
-211
-219
-228
-241
-236
-222
-212
-222
-210
-207
-200
-145
-96
-45
-29
-36
-34
-13
11
37
79
119
127
103
99
88
115
168
199
236
260
240
210
192
169
173
209
208
189
182
143
103
113
144
167
178
149
102
79
71
60
54
17
-22
-56
-90
-110
-98
-77
-77
-46
-55
-83
-114
-138
-124
-104
-100
-89
-81
-88
-109
-119
-98
-66
-61
-64
-33
-9
1
16
45
82
109
136
143
148
164
164
165
148
131
128
123
134
165
176
159
154
172
153
151
161
160
153
129
124
125
117
92
90
87
83
79
33
-10
-19
-11
11
8
-12
-15
-26
-68
-107
-154
-195
-216
-215
-221
-230
-235
-241
-238
-230
-212
-177
-150
-144
-175
-183
-169
-168
-159
-134
-130
-124
-92
-78
-83
-88
-83
-65
-43
-22
-6
8
-18
-47
-27
-11
-9
2
21
17
6
23
43
42
45
58
39
7
10
53
90
119
129
106
73
57
59
96
123
132
130
87
44
8
0
2
-13
-22
-43
-70
-77
-73
-56
-35
-18
-2
18
10
-21
-41
-59
-70
-92
-82
-52
-19
-17
-32
-10
16
31
50
68
76
66
24
-23
-33
-13
6
10
20
35
38
42
60
90
128
142
129
109
99
95
101
113
99
89
71
68
71
77
107
109
92
59
20
2
11
27
8
-10
-30
-35
-32
-40
-57
-63
-64
-69
-68
-73
-80
-85
-92
-94
-108
-121
-130
-148
-134
-105
-76
-56
-47
-29
-11
-8
-7
-20
-56
-78
-64
-62
-51
-16
16
15
16
42
81
108
129
106
56
19
-8
-9
12
34
44
76
86
61
37
22
28
45
44
31
13
-8
-28
-25
-3
26
52
46
40
44
25
10
-10
-45
-75
-102
-108
-90
-65
-44
-23
-5
9
12
5
6
13
0
-15
-4
-17
-46
-65
-65
-36
15
74
95
71
53
24
13
35
49
71
80
63
29
4
-2
7
11
12
6
-9
-1
13
15
-14
-45
-76
-95
-84
-63
-42
-37
-32
-30
-30
-29
-26
-21
-32
-68
-113
-124
-105
-99
-76
-45
-30
-10
11
18
22
46
52
26
-7
-38
-76
-108
-77
-15
38
78
111
118
94
87
69
39
20
26
32
22
-5
-4
23
19
18
37
50
48
47
45
47
41
53
94
112
128
142
132
113
113
105
71
42
6
-18
-26
-38
-43
-33
-24
-27
-7
36
76
91
86
57
-5
-56
-50
-30
-12
-17
-42
-28
-5
-8
-21
-10
4
14
9
-4
-12
-11
-17
-8
-7
-14
-28
-47
-60
-70
-98
-109
-96
-94
-87
-88
-82
-63
-54
-29
1
-15
-35
-40
-46
-59
-70
-73
-62
-58
-59
-57
-30
-15
-20
-17
-14
-37
-52
-34
-34
-19
11
6
-18
-60
-97
-115
-111
-108
-122
-123
-126
-113
-68
-17
25
62
74
60
31
-19
-29
-49
-69
-58
-68
-62
-31
-9
28
49
40
37
40
61
90
97
94
78
51
55
87
97
88
126
149
161
184
191
185
183
160
157
172
192
207
197
152
115
112
109
118
99
52
25
13
3
10
-14
-28
-36
-65
-68
-50
-26
-28
-47
-28
-37
-52
-51
-78
-112
-96
-69
-69
-50
-48
-71
-104
-107
-93
-29
40
62
82
58
13
-8
-22
-27
-30
-26
-1
19
28
45
38
-2
-10
19
48
49
24
-12
-47
-66
-56
-23
16
56
31
-18
-47
-71
-83
-86
-85
-95
-105
-118
-114
-95
-64
-30
-26
-61
-90
-111
-129
-150
-149
-133
-113
-87
-75
-60
-52
-43
-23
7
7
-10
-19
-11
1
17
35
59
96
104
74
52
65
85
106
108
90
64
35
19
5
16
53
74
53
35
31
33
42
64
57
59
33
-2
-10
0
18
1
-20
-38
-50
-52
-35
-31
-47
-65
-63
-59
-49
-23
-21
-17
-47
-90
-88
-63
-61
-70
-91
-91
-68
-33
15
34
36
40
35
27
54
77
88
91
89
99
127
154
158
129
63
41
44
40
57
85
104
110
118
128
146
130
120
133
125
117
130
117
80
58
63
71
80
95
93
60
26
4
8
34
37
-13
-51
-75
-121
-116
-75
-46
-63
-71
-99
-134
-129
-125
-132
-159
-189
-214
-201
-173
-152
-128
-96
-96
-120
-115
-82
-69
-67
-78
-95
-94
-83
-73
-77
-74
-72
-56
-21
7
27
50
48
17
-21
-44
-39
-11
2
-29
-48
-34
-35
-19
32
59
38
40
30
-9
-37
-40
-37
-21
-26
-44
-16
5
21
42
64
80
70
51
55
28
4
25
32
45
66
69
90
98
64
40
9
-9
-8
-18
-13
0
7
32
64
85
124
142
120
106
93
65
57
51
35
29
37
63
72
78
81
48
29
30
16
17
22
20
16
36
50
47
48
47
53
37
14
-5
-36
-69
-62
-72
-70
-43
-22
-20
-48
-54
-56
-69
-33
12
16
15
6
-25
-70
-99
-99
-92
-87
-66
-55
-59
-65
-79
-78
-52
-36
-24
-2
27
35
21
6
-11
-22
-13
-13
-14
-24
-21
-5
6
3
4
5
-20
-35
-40
-30
3
26
36
58
70
58
37
15
-12
-36
-45
-37
-21
-28
-42
-37
-47
-56
-27
-25
-22
-31
-47
-61
-80
-112
-132
-117
-98
-54
-10
34
62
63
36
18
12
6
7
10
9
32
58
72
66
54
48
54
65
78
76
79
79
72
58
53
72
77
72
73
61
62
90
88
79
65
37
31
26
20
24
34
45
40
43
48
58
41
12
-19
-36
-24
7
21
-21
-54
-85
-80
-54
-42
-21
-9
-37
-82
-112
-97
-61
-53
-50
-44
-42
-50
-35
-18
-31
-53
-63
-60
-61
-59
-40
-4
13
-18
-39
-43
-53
-40
-26
-15
-2
12
18
14
1
-19
-25
-21
-7
5
16
23
3
-25
-13
4
15
41
56
57
61
74
68
46
35
22
4
4
8
19
32
25
19
-2
-13
5
36
26
16
32
15
-2
1
12
32
47
47
49
40
21
32
26
7
11
20
1
-12
-25
-33
-15
-12
-8
11
32
39
41
42
55
