SAMPLES:	11486
BITSPERSAMPLE:	16
CHANNELS:	1
SAMPLERATE:	16000
NORMALIZED:	FALSE
-4
0
10
-1
13
-5
9
14
-10
-6
13
-32
5
-13
-17
14
-37
26
-50
26
-34
-1
13
-37
11
-23
-30
6
-22
-9
29
-48
5
-7
-19
-5
5
6
-4
1
-29
18
-39
21
-26
-3
2
-7
-7
-4
15
-10
16
-13
-4
-1
-7
-21
30
-23
26
-14
-3
-5
2
-2
3
3
2
5
-25
15
-38
21
-15
0
0
6
-30
39
-51
20
19
-52
44
-33
17
20
-28
11
9
-36
33
0
-10
32
-23
7
6
-20
36
6
-6
39
-36
40
-14
-9
29
-41
30
-3
-26
47
-22
24
11
-8
21
-18
43
-34
17
26
-26
35
-23
9
31
-28
23
-1
-2
13
-20
27
-12
10
12
10
-8
19
-22
32
-35
30
1
2
12
6
7
-3
16
-8
16
-18
17
-17
2
4
-7
24
10
-23
38
-22
7
44
-37
72
-14
-5
49
-48
37
-5
7
1
4
-3
5
-47
31
-24
9
-10
-10
23
-62
20
-2
0
-3
9
-34
-11
-33
-23
11
-29
24
-35
-34
-10
-46
13
-14
-27
37
-78
21
-28
-42
30
-41
-33
15
-11
-16
3
-18
-3
-5
-36
-17
26
-74
61
-41
-38
45
-76
43
-34
-6
23
-28
2
10
-8
16
-24
21
17
-7
15
2
10
-13
-5
26
1
28
6
4
3
20
-13
61
18
30
19
5
8
23
25
-9
74
-28
71
-52
85
-37
54
12
29
25
10
14
-10
36
5
0
34
3
14
12
-1
12
10
3
13
-13
-3
6
-52
55
-83
54
-11
-6
-25
19
-62
10
-29
-14
51
-78
52
-17
-57
51
-77
17
-15
5
-11
-7
-21
13
-41
2
3
-44
49
-68
36
-35
7
-11
29
-38
49
-36
12
-70
35
-31
-7
49
-55
50
-22
-8
39
-34
17
24
-27
18
5
3
13
-34
21
20
-5
69
-48
43
-5
-22
45
-13
11
-12
10
-49
60
-72
71
-29
25
-31
0
22
-39
62
-31
23
-17
11
-41
57
-31
2
24
-41
85
-101
55
1
-33
23
9
-39
56
-64
-1
49
-69
92
-90
64
-13
-37
8
6
-19
25
-23
5
-17
-47
31
-43
28
25
-43
25
-13
-37
2
-19
0
26
-54
15
-34
-11
-8
-34
85
-57
25
-9
-3
-15
20
-41
61
-53
41
-18
-47
80
-49
-19
90
-67
20
48
-72
81
-20
-9
48
-45
34
17
-59
82
-37
-32
52
-50
56
-26
-40
88
-55
23
13
-19
15
3
3
67
-19
1
4
-40
29
36
-33
95
-23
-30
66
-59
42
62
-82
87
-17
-91
150
-138
89
50
-73
67
14
-44
70
-9
-6
79
-71
112
-63
67
-33
42
-17
-12
60
-6
45
8
-29
-5
-32
14
-7
0
57
-27
-25
6
12
-31
40
-65
74
-103
21
-42
-24
-29
12
-98
74
-48
-5
29
-125
63
-94
-5
-20
-58
-23
-41
-43
26
-63
-16
45
-162
142
-131
8
-2
-90
-32
1
-67
18
1
-102
98
-82
-21
31
-57
2
15
6
-40
36
-50
69
-88
69
-12
-13
42
-51
51
-43
62
-14
109
-30
78
46
-59
106
-13
14
60
30
39
43
66
5
54
2
43
2
98
-38
124
-124
117
-6
-12
123
-47
89
-31
1
22
17
-54
90
-82
24
9
-4
45
-14
29
-32
26
-14
-12
17
-60
9
-61
4
24
26
-81
84
-79
88
-117
133
-106
-5
34
-102
63
2
-54
132
-194
122
-9
-150
216
-216
70
34
-230
148
-64
-131
231
-217
84
9
-147
121
-85
-20
58
-109
48
9
-175
182
-135
-22
80
-132
72
-113
37
-37
28
-32
129
-111
38
-44
-88
123
-108
157
-82
102
-72
40
-66
123
-98
156
-51
124
-53
-11
18
-38
47
43
39
78
-31
26
-2
81
-24
141
-109
60
-51
6
48
-56
106
-56
22
-25
18
4
123
-83
85
-87
38
-75
28
1
-13
23
-5
-19
-11
50
-68
-26
9
-11
32
-101
68
-14
-181
152
-189
121
-68
-33
17
-58
-18
3
-115
14
-15
-28
-52
33
-4
-99
125
-113
76
-30
-14
63
-146
179
-97
8
26
23
-33
63
-152
214
-210
104
69
-64
160
-24
45
22
52
-57
103
-118
203
-32
66
46
17
-9
7
32
97
14
58
-21
30
4
-28
87
-37
60
-52
33
-55
111
-188
59
35
-106
-31
64
-167
106
-160
40
7
-123
56
-65
-127
77
-163
84
-116
-11
-19
-142
82
-91
-22
49
-53
4
53
-137
176
-242
142
-68
-16
31
-4
-35
78
-73
83
20
14
42
60
19
64
65
29
34
17
-42
158
-118
232
-95
3
124
-188
201
-39
82
45
111
-264
326
-305
239
-87
40
136
-116
12
60
-70
-31
51
21
29
46
-137
51
-129
40
-127
31
-54
41
-143
31
-23
-53
108
-190
199
-166
-18
-19
-202
150
-101
-78
27
-56
-94
94
-178
249
-251
61
41
-170
77
-154
85
-171
180
-179
210
-192
117
-1
-57
34
43
-57
-53
195
-212
228
-169
183
-154
84
63
-4
82
-52
116
-13
-16
102
-6
35
206
-133
185
19
-50
253
-193
171
76
-93
67
51
1
103
-27
67
32
-38
81
82
-35
24
44
-143
193
-146
176
-22
-58
50
-105
-7
130
-159
97
-93
-161
62
-80
12
175
-192
10
-72
-209
222
-207
26
44
-225
71
-96
8
-80
-60
-192
184
-241
165
-139
-72
28
-181
92
-50
-8
35
24
-266
417
-440
262
-166
3
58
-53
154
-51
-53
215
-225
115
102
-151
290
-123
136
-48
-122
250
-47
35
166
-42
-32
61
-151
227
-88
174
12
-122
179
-79
118
-8
-68
129
-38
-64
199
-92
-5
49
-217
202
-240
215
-182
69
-79
97
-105
18
-3
-31
12
-144
33
85
-144
26
-91
11
37
-6
7
-20
-23
88
-268
352
-174
82
55
-136
97
-42
116
-98
118
-218
344
-347
249
-5
-72
260
-226
107
184
-267
273
-273
32
244
-356
359
-162
-3
168
-190
183
86
-214
297
-329
239
-87
61
-87
103
-59
102
98
-175
174
-278
37
66
-300
379
-236
39
-42
-116
54
-120
152
-205
191
-277
151
-221
202
-291
396
-419
292
-283
93
-60
-53
139
-208
115
-151
-17
-78
49
-8
-44
52
-6
-9
-14
-33
49
-22
86
96
-387
326
-261
141
54
3
176
-188
35
146
-54
188
180
-187
181
-79
40
22
-22
124
160
-235
344
-136
-108
246
-295
438
-184
217
-24
-201
97
-25
-193
241
-134
72
-82
-191
407
-526
294
-212
170
-216
40
32
-222
90
27
-202
255
-133
123
-120
-57
155
-27
-80
302
-173
76
-217
204
-317
187
49
63
12
-81
46
-29
78
-99
241
-233
233
-144
-30
108
-1
-50
157
-283
508
-545
157
-86
-136
311
-361
329
-257
92
-181
179
-299
495
-336
84
-83
-149
221
-393
375
-332
353
-286
349
-406
299
9
-116
204
-300
321
-293
14
189
-85
2
35
-98
-48
205
-106
185
-73
-23
289
-313
181
0
-30
-84
231
-472
564
-507
211
-174
-57
228
-77
48
73
-105
-107
126
-252
309
-166
46
-81
-220
176
-115
179
-29
-93
-135
102
-321
345
-122
117
184
-547
482
-305
168
107
-65
-7
79
-102
-164
184
-286
454
-398
221
-134
88
22
63
329
-337
416
-505
284
-289
176
111
25
21
184
-180
44
75
-205
241
-24
20
-123
271
-391
324
-346
220
297
-371
366
-336
-75
-4
74
-239
368
-159
116
-313
164
-154
175
66
-94
160
-261
34
55
-221
202
-91
34
-228
346
-413
517
-229
-96
372
-419
443
-268
51
-49
236
-462
405
-219
259
-20
-225
391
-222
127
56
-23
123
-80
-126
239
-269
82
282
-431
590
-557
351
-233
154
-111
35
53
136
-103
214
-154
92
-108
-228
411
-387
326
-133
-51
71
-61
11
4
135
-98
197
-268
294
-218
-101
38
-105
-16
-9
78
-171
213
-367
250
38
8
-26
24
-468
443
-362
252
131
-304
89
-270
197
-148
403
-204
201
-329
-77
-3
127
-69
333
-219
-82
34
-403
360
-277
254
-189
162
-133
-14
-39
202
-41
4
18
-69
-83
12
29
-149
106
-142
145
-101
-65
240
-137
93
-23
65
-72
258
-256
73
-29
-60
-76
224
-232
409
-222
-276
318
-425
414
-65
-32
199
-214
135
35
39
101
104
-209
310
-431
226
-30
-8
-182
349
-291
294
22
-266
519
-226
98
269
-266
183
172
-499
387
-154
-121
291
-296
393
-66
-28
-13
-246
45
141
-197
378
-117
-175
254
-519
197
-146
149
219
-256
140
-207
-264
-2
17
-68
568
-493
226
-326
-170
182
-267
388
-199
21
-167
-90
-66
154
-334
316
-8
-177
92
-163
145
23
109
-130
303
-321
-62
125
-277
485
-165
68
-68
-1
-98
342
-30
150
-101
43
-193
-75
167
57
94
-79
71
-12
-89
36
298
-163
332
-58
42
-72
-198
117
-150
112
371
-217
325
-269
17
32
-159
50
69
-283
594
-495
252
-44
-179
147
-301
350
-250
-45
-125
-184
42
-67
-195
323
-354
194
48
-198
194
-211
-192
259
-282
134
-188
111
-194
-2
-104
147
-25
258
-287
202
-65
-64
-35
-44
32
43
-96
238
21
-75
228
-278
316
-274
100
203
-179
405
-340
214
48
-386
434
-191
371
26
-226
457
-206
-104
121
-319
292
-86
43
192
-126
161
-191
-266
416
-3
188
90
-42
184
-279
-54
133
18
80
25
-99
145
-136
-49
0
75
379
-244
291
-227
115
-40
-192
243
-29
2
256
11
-126
119
-358
110
-12
-23
-90
38
-230
60
75
-56
115
-99
-280
536
-418
102
121
-325
224
-180
-91
629
-678
424
-287
-241
467
-429
258
-272
20
122
-155
-107
348
-469
298
-400
73
186
-102
151
-167
-68
77
-424
141
-65
57
70
-15
-40
-99
-275
285
-311
198
109
-197
-66
-191
203
-358
177
136
-216
190
-327
120
62
-98
280
-259
-4
245
-442
293
118
184
12
-325
51
-88
-211
115
175
171
301
-247
54
-102
-31
111
184
169
134
-269
114
-150
56
204
-150
311
-114
55
9
-60
-50
153
-42
132
246
-342
240
-69
-131
275
-113
322
111
-39
106
10
-254
188
-424
494
169
117
-180
135
-326
367
-306
330
84
-127
-62
8
-376
481
-464
245
83
-117
137
-285
242
-220
-57
83
59
-239
320
-328
250
-378
-203
108
-167
305
77
-165
-24
-65
-294
163
-125
-27
350
-368
351
-342
6
-13
-222
-137
90
-42
189
-286
172
-102
-205
-116
-44
220
-29
-96
78
-384
326
-427
-6
116
-23
160
-74
-168
314
-403
-16
233
-200
580
-503
-92
196
-362
294
176
-46
421
-287
-44
35
-188
286
140
-11
357
-219
58
-77
8
225
148
137
254
-153
120
-12
-332
132
-162
111
302
-62
299
-209
75
-287
128
21
213
19
-101
166
-334
116
-212
144
25
15
-117
149
-186
-11
7
-246
272
-141
83
23
21
-3
-69
-277
430
-175
231
-58
-89
92
-291
70
47
73
193
-5
-137
168
27
46
-22
118
-102
-167
173
-132
434
-157
120
-127
-143
76
33
42
10
-42
-163
110
-55
117
-150
85
-56
56
-276
57
5
31
-183
134
-196
59
-155
-213
173
-144
43
27
-64
-125
52
-219
205
-304
340
-67
-98
-50
-139
81
150
-115
125
46
-175
210
-234
276
-9
51
-43
5
-117
26
-136
42
26
327
186
-289
134
-188
98
20
-71
158
-133
-50
-118
165
-115
243
-251
7
111
3
-125
-33
14
-38
102
-129
133
-126
68
-112
9
-13
126
-51
-45
-92
57
54
-67
147
-191
130
113
-119
251
73
17
-124
-242
138
5
53
25
105
-9
-36
-162
132
-55
226
-106
-43
161
-24
104
-109
120
-121
-86
80
13
138
175
-58
-9
-59
-213
146
-214
110
224
-149
-11
-66
-57
-122
178
172
143
26
-105
-22
-108
-101
-91
136
-154
286
-199
154
-15
-74
61
4
103
221
-99
-174
33
-206
376
-245
409
-96
-174
-49
-46
74
180
-55
46
-81
-204
312
-365
365
-74
41
71
-189
147
-76
37
52
29
112
30
-78
-83
-2
14
-165
9
124
-16
-86
134
85
-188
-25
-113
2
-19
-54
21
-124
-139
13
-105
-3
-106
64
-297
328
-321
8
-308
-77
264
-278
266
-24
-74
-159
-115
-278
135
-218
210
-52
-50
117
-315
102
-128
203
-43
74
247
-260
23
-49
-79
-45
95
158
239
-233
297
-156
51
276
-29
58
192
-61
-2
-292
8
119
-252
389
27
257
48
-151
89
-167
268
-15
136
14
155
-154
-43
119
-33
192
-9
196
-140
84
-182
227
-66
-95
241
-132
214
-187
66
-18
-89
6
92
-7
111
-76
-198
284
-134
309
10
31
104
-214
72
-5
27
21
1
45
38
-43
18
55
74
26
93
38
-62
-142
15
-64
-20
144
31
196
-274
3
-72
-213
182
-223
37
-2
-304
9
-156
108
106
-99
79
-69
-304
-84
-269
162
-202
-92
17
-158
21
-45
-54
116
-65
-98
-152
-110
71
-98
-216
242
-162
184
-184
139
80
-223
132
-46
141
6
-39
-121
77
-158
309
-164
288
67
-97
1
-12
-47
-155
110
83
-52
54
106
10
-55
165
128
40
-119
125
-260
204
46
-39
95
-132
295
-230
-160
363
-205
-2
181
-228
274
-210
-7
342
-373
183
169
-300
411
-68
-127
272
-294
359
-70
-196
460
-288
-5
264
-363
221
-36
-57
424
-259
317
-177
-204
225
-134
132
120
212
210
-150
-61
-58
-199
311
-99
268
62
66
75
-291
118
88
-45
28
31
3
-62
-288
161
-133
-46
379
-23
63
-95
-180
-210
-56
86
140
-95
5
-266
-308
22
-49
-43
-19
93
2
-250
-75
-96
-86
-34
245
-345
243
-153
-81
15
-222
123
232
-403
390
-228
-78
415
-367
223
69
23
183
-365
98
370
-512
454
-321
194
157
-152
433
-163
-142
293
-435
262
214
52
254
-352
119
-105
-96
269
-94
-111
260
-377
132
-76
-24
111
29
-108
93
-407
158
-207
-193
135
-179
-27
65
-197
-94
-105
-325
217
-273
31
111
-326
124
-302
-194
131
-239
19
198
-322
350
-412
-163
247
-198
312
141
32
119
-384
33
181
34
321
110
22
146
-105
41
-228
214
158
84
404
-5
111
56
22
185
-27
182
371
-96
90
-49
-129
-146
-31
377
96
92
226
-221
41
-105
-64
185
144
148
77
-38
-7
130
-59
67
-136
132
0
-253
-85
-47
-36
144
2
170
68
-223
-86
-209
-115
126
10
59
74
6
20
-256
-52
39
-11
180
-50
-103
11
-160
72
-3
58
76
-170
-92
-45
28
-64
-35
4
-55
-179
96
-210
72
-65
-78
46
-207
117
68
-205
192
-35
51
328
-30
163
-84
-96
240
-274
-92
208
-324
140
-99
145
166
-110
58
-86
-356
10
-210
42
123
-139
153
-272
-65
90
-165
-58
-174
-136
107
-24
344
95
-93
159
-283
-120
38
-182
-63
-74
-15
55
-61
80
271
-105
21
-40
-216
-34
9
142
44
19
112
85
-93
173
-76
100
144
225
134
93
115
-91
-272
-24
88
-1
110
-6
-91
-194
-76
11
-12
83
201
-109
20
120
-36
-47
-78
198
133
272
364
137
253
245
101
-79
44
164
-77
-19
282
42
-101
29
197
-43
-78
157
78
50
116
20
-127
84
14
-87
-6
16
-46
-155
-76
152
-118
-68
288
-229
-167
-39
-191
-75
-1
-5
-190
-335
-184
-350
-440
-179
-143
-128
-185
-162
-43
-277
-103
-5
-279
-134
-115
-81
35
85
170
61
-66
50
-229
-265
-16
-125
-15
116
30
149
-80
192
207
-7
243
28
-117
56
-331
-21
8
-49
438
141
94
263
-64
77
142
237
292
92
109
13
-200
-112
-165
-93
-11
26
175
-58
-1
24
-95
-95
-19
44
-40
82
-8
-191
-213
-34
-54
85
250
119
165
192
194
169
15
115
119
143
150
265
55
-14
-45
-47
-5
197
132
38
161
-15
-47
43
231
176
248
175
122
147
94
177
216
312
115
135
76
-153
-125
-38
66
216
186
91
-177
-305
-327
-313
-136
10
55
-67
-177
-358
-445
-431
-225
-110
-150
-135
-225
-466
-531
-483
-485
-386
-221
22
-176
-330
-468
-571
-526
-328
-33
-199
-211
-396
-478
-555
-498
-209
-23
121
131
212
-241
-172
-122
-99
369
604
717
682
547
833
1057
1256
1722
1821
1729
1662
1348
1371
1181
1238
1150
1038
752
214
76
-430
-375
-346
-472
-469
-799
-1123
-1273
-1598
-1293
-1272
-1127
-904
-1131
-1403
-1459
-1548
-1606
-1320
-1227
-1179
-1245
-1306
-1328
-1290
-1324
-941
-786
-682
-515
-664
-723
-1049
-827
-685
343
1582
2303
2634
2522
2268
1819
2300
3220
3679
3851
3725
2541
1526
788
462
526
950
1580
1441
808
-178
-1235
-1813
-1807
-1230
-538
-244
-338
-668
-1631
-2403
-2567
-2125
-1122
-429
59
-150
-1196
-1959
-1985
-1664
-951
-184
231
-172
-886
-1763
-2727
-2798
-2150
-1211
-699
-569
-897
-1577
-2308
-1604
89
1537
2994
3623
3589
2650
1537
2050
3058
3797
4718
4568
3692
2275
592
-261
342
1169
1717
2291
1752
237
-2265
-3441
-2823
-2274
-1359
-219
-274
-1305
-2560
-3282
-3075
-2108
-915
308
1051
383
-314
-1121
-1735
-1217
-675
21
204
-47
-741
-1917
-2565
-2656
-2285
-1621
-1218
-942
-1287
-2033
-2225
-2347
-1234
686
2234
3252
3067
2728
2129
1893
2952
4172
4715
5058
4339
3103
1520
262
-75
110
930
1522
1146
-216
-1794
-3160
-3590
-3139
-1911
-834
-346
-753
-1904
-2740
-2839
-2062
-552
809
1321
1053
200
-631
-996
-863
-139
621
989
752
-328
-1698
-2668
-2764
-2314
-1708
-1327
-1091
-1376
-1807
-2191
-2110
-1922
-1207
897
2473
3630
3662
3283
2872
2606
3190
4479
4977
5203
4495
3178
1590
1
-526
-430
337
702
671
-480
-2057
-3360
-3917
-3498
-2255
-1231
-271
-496
-1316
-2179
-2576
-1674
-369
1022
1880
1520
615
-452
-1076
-739
-349
438
823
345
-448
-1711
-2731
-2857
-2425
-1782
-1402
-1419
-1717
-2193
-2512
-2320
-1822
-1126
883
2658
3260
3312
3277
3113
2840
3492
4812
4986
4598
4226
2944
1458
25
-682
-1013
-638
-64
-337
-1216
-2374
-3371
-3712
-3459
-2397
-1321
-635
-602
-939
-1249
-1611
-1246
-182
1019
1542
1333
895
216
-663
-480
-71
101
160
-75
-735
-1645
-2373
-2648
-2351
-1985
-1816
-1909
-1974
-2109
-2054
-1871
-1287
-914
255
2261
3224
3539
3694
3653
3446
3488
4546
4958
4164
3894
3019
1549
178
-768
-1239
-1340
-907
-630
-1216
-2001
-2809
-3221
-2869
-2080
-1033
-298
-13
-243
-689
-839
-523
33
965
1533
1166
674
215
-183
-217
121
361
115
-208
-775
-1607
-2280
-2408
-2154
-1825
-1648
-1975
-2187
-2175
-1866
-1433
-988
-438
-380
869
2577
3194
3655
3876
3885
3431
3251
4120
3722
3071
2977
1971
637
-829
-1599
-2111
-1996
-1393
-1311
-1600
-2156
-2674
-2869
-2608
-1923
-757
337
555
93
-315
-336
-108
750
1794
1785
967
595
183
-402
-325
-90
-157
-353
-698
-1298
-2019
-2652
-2445
-2025
-1563
-1548
-2086
-2111
-2055
-1652
-1155
-490
-106
-70
1434
2733
3239
3746
4021
3748
3263
3479
4191
3473
3054
2414
1148
-90
-1367
-1876
-2105
-1765
-1328
-1297
-1472
-2195
-2838
-2630
-1995
-880
-6
802
705
70
-99
-9
111
800
1551
1452
722
234
-260
-811
-725
-373
-358
-540
-954
-1526
-2057
-2402
-2193
-1830
-1409
-1639
-1849
-1742
-1565
-1203
-701
222
65
249
2138
3325
3546
3933
4118
3438
2687
3331
4053
3526
2961
2244
976
-705
-1693
-2118
-2042
-1561
-1170
-1022
-1626
-2604
-2929
-2429
-1640
-736
373
1248
711
-53
-340
-318
-305
499
1512
1122
218
-273
-816
-1191
-858
-537
-555
-861
-1333
-1957
-2467
-2479
-1985
-1419
-950
-1244
-1654
-1724
-1477
-882
-274
639
622
822
2365
3105
3426
3873
4073
3679
3009
3598
3741
2910
2462
1518
351
-762
-1663
-1986
-1964
-1589
-1363
-1272
-1649
-2455
-2573
-2097
-1257
-430
486
1164
799
249
290
218
109
751
1397
937
210
-277
-880
-1165
-952
-706
-860
-1211
-1598
-2017
-2243
-2244
-1979
-1509
-1192
-1294
-1702
-1576
-1194
-733
57
724
406
414
1980
3052
3691
4107
4118
3630
2596
2976
3341
2581
2188
1212
496
-639
-1989
-2503
-2593
-1968
-1529
-1125
-1279
-2094
-2509
-2137
-1354
-682
263
1201
969
321
-56
-159
-192
500
1159
776
36
-703
-1208
-1301
-1117
-846
-1004
-1145
-1303
-1655
-1855
-1905
-1623
-1189
-755
-888
-1331
-1311
-937
-328
364
930
683
641
1968
2999
3527
3957
4071
3477
2912
3309
3282
2625
2178
1495
627
-473
-1406
-2009
-2075
-1640
-1234
-1056
-1370
-1938
-2205
-1685
-668
-49
751
1298
1014
400
135
97
187
741
1023
525
-298
-944
-1397
-1540
-1229
-879
-1112
-1303
-1492
-1871
-2028
-1812
-1484
-1120
-748
-980
-1492
-1637
-1198
-469
159
632
416
-94
911
2286
3011
3670
3946
3532
2622
2394
2881
2505
1917
1507
838
-234
-1439
-2306
-2398
-2014
-1564
-967
-909
-1474
-2059
-1786
-1095
-433
283
1124
1263
484
48
97
30
225
765
668
-143
-898
-1350
-1603
-1413
-986
-869
-846
-981
-1330
-1667
-1673
-1451
-1127
-692
-642
-995
-1378
-1113
-672
-291
153
502
240
587
1906
2781
3368
3610
3482
2968
2407
2637
2722
2477
2146
1294
440
-744
-1744
-2130
-1769
-1281
-928
-812
-1140
-1762
-1917
-1396
-380
437
1127
1475
1054
421
102
289
495
882
938
372
-328
-988
-1477
-1392
-1044
-831
-839
-883
-1259
-1679
-1894
-1713
-1411
-1222
-1037
-1152
-1648
-1766
-1310
-754
-269
176
235
-107
737
2092
3035
3693
3791
3423
2844
2664
2967
2822
2478
1746
914
90
-924
-1730
-2023
-1556
-1154
-921
-933
-1394
-1890
-1867
-970
75
740
1283
1192
729
269
214
356
637
805
412
-136
-746
-1353
-1582
-1451
-1140
-1119
-1310
-1492
-1855
-2170
-2165
-1828
-1613
-1421
-1365
-1595
-1956
-1965
-1433
-644
-40
313
238
187
936
1883
2838
3611
3867
3608
3138
2866
2905
2657
2324
1756
946
200
-770
-1560
-1695
-1373
-1185
-907
-726
-953
-1306
-1095
-461
260
993
1376
1362
1002
795
714
614
738
757
317
-271
-753
-1286
-1655
-1597
-1507
-1539
-1560
-1760
-1953
-1987
-1949
-1704
-1558
-1541
-1624
-1705
-1742
-1496
-1049
-362
335
522
386
237
843
1784
2764
3579
3901
3677
2900
2132
2145
2167
1937
1627
1328
738
-454
-1587
-1948
-1685
-1424
-804
-315
-422
-799
-870
-435
88
642
1028
1323
1497
1227
741
418
117
-171
-138
-162
-499
-1155
-1703
-1878
-1803
-1735
-1558
-1498
-1510
-1469
-1508
-1616
-1546
-1404
-1351
-1122
-1048
-1255
-1022
-424
180
498
643
445
594
1760
2825
3400
3451
3167
2529
1888
2054
2230
1961
1464
879
429
-343
-1145
-1690
-1681
-1246
-957
-667
-445
-636
-781
-590
57
543
912
1207
1205
877
368
-60
-379
-440
-337
-524
-934
-1383
-1862
-2035
-1740
-1442
-1402
-1284
-1115
-1121
-1226
-1240
-1239
-1115
-835
-666
-677
-847
-922
-620
-160
385
566
483
352
661
1482
2358
3020
3158
2982
2469
1821
1564
1743
1683
1309
1015
559
-284
-1044
-1411
-1157
-848
-410
176
349
140
-310
-440
-115
415
739
825
736
192
-429
-789
-877
-774
-616
-655
-847
-1171
-1470
-1446
-1095
-677
-325
-114
-238
-463
-773
-806
-586
-400
-346
-361
-514
-831
-995
-816
-413
145
647
800
533
247
550
1162
1884
2304
2353
1914
1209
794
908
997
927
683
476
263
-294
-915
-1067
-741
-426
43
413
301
-207
-602
-594
-378
-205
-81
-46
-269
-703
-997
-1003
-968
-782
-488
-344
-425
-614
-530
-161
99
199
370
395
230
35
-136
-268
-366
-366
-312
-327
-576
-899
-956
-690
-280
141
426
356
115
-121
107
626
1077
1406
1465
1338
916
540
510
523
635
649
587
508
116
-265
-424
-247
-6
205
367
239
-174
-661
-844
-694
-495
-455
-429
-458
-668
-850
-860
-641
-284
216
605
791
722
361
82
56
230
473
550
420
119
-183
-489
-692
-746
-784
-658
-570
-574
-608
-641
-570
-279
138
359
345
168
-86
-280
-84
296
608
701
667
579
398
219
236
302
382
501
561
583
384
127
-82
-3
66
118
234
223
75
-112
-204
-367
-441
-416
-309
-107
49
194
435
643
718
581
477
488
393
350
388
312
75
-183
-296
-359
-458
-604
-705
-666
-503
-445
-472
-394
-298
-327
-322
-216
-311
-575
-615
-480
-428
-538
-667
-838
-979
-880
-612
-359
-191
-2
140
336
420
439
449
403
334
359
549
553
365
297
341
440
552
740
821
780
672
615
586
668
758
757
795
745
573
380
264
215
209
245
263
113
-70
-202
-267
-383
-334
-296
-267
-224
-181
-289
-412
-464
-527
-589
-673
-724
-783
-893
-1052
-1088
-1183
-1248
-1165
-1105
-1093
-1099
-1099
-1048
-865
-551
-228
-79
-106
-73
-8
147
336
492
688
791
754
802
870
854
861
1018
1292
1499
1625
1600
1488
1236
1036
945
884
757
607
491
324
159
62
48
37
-41
-84
-40
16
52
88
81
20
-106
-219
-346
-511
-648
-684
-676
-750
-863
-1013
-1184
-1308
-1319
-1263
-1219
-1139
-1154
-1199
-1134
-1047
-934
-903
-788
-625
-514
-603
-589
-293
78
394
630
828
799
694
790
1055
1285
1294
1288
1400
1403
1301
1225
1218
1189
1102
1071
1082
924
644
419
405
437
463
405
292
183
84
36
27
62
41
-39
-123
-159
-328
-566
-586
-502
-556
-688
-828
-995
-1174
-1225
-1183
-1141
-1148
-1219
-1211
-1155
-1171
-1237
-1136
-939
-803
-706
-634
-583
-530
-439
-256
-87
13
71
206
482
684
801
859
898
988
984
1019
1055
944
904
873
892
890
801
724
671
719
772
765
697
661
611
548
585
631
567
452
324
237
120
-1
-122
-218
-304
-407
-535
-599
-682
-845
-949
-949
-976
-1007
-1035
-1073
-1048
-1031
-935
-852
-826
-836
-813
-764
-722
-624
-548
-417
-242
-145
-72
-85
-84
6
99
206
336
351
234
132
149
287
423
463
564
676
699
704
787
815
757
794
925
1040
1141
1104
1089
1174
1155
1088
1073
1022
844
717
629
475
277
106
-84
-262
-391
-510
-692
-818
-839
-819
-885
-963
-1018
-1075
-1004
-925
-791
-701
-684
-733
-747
-661
-613
-500
-353
-265
-240
-365
-489
-554
-577
-474
-280
-159
-214
-319
-394
-449
-422
-239
-35
104
132
99
12
50
255
531
797
936
963
944
962
994
1085
1165
1209
1204
1244
1167
922
677
515
438
428
443
403
219
-54
-271
-457
-516
-569
-613
-634
-573
-525
-555
-571
-528
-499
-471
-403
-349
-369
-391
-438
-450
-444
-478
-471
-415
-318
-344
-354
-325
-350
-425
-390
-257
-188
-164
-149
-145
-188
-199
-183
-141
-4
105
213
284
306
310
326
378
435
457
526
563
548
523
486
476
467
479
513
483
432
396
341
315
274
234
173
178
226
231
213
145
82
50
12
-87
-150
-199
-246
-260
-251
-283
-345
-343
-322
-268
-244
-210
-189
-162
-165
-112
-105
-143
-121
-119
-93
-57
-62
-76
-56
-10
-18
-79
-130
-130
-61
15
-29
-161
-230
-228
-202
-162
-135
-185
-270
-244
-198
-238
-267
-256
-224
-135
-40
27
49
56
126
235
281
274
294
307
300
232
174
123
79
54
106
150
128
110
142
195
186
144
97
90
124
188
202
178
145
79
77
129
146
131
115
131
103
9
-81
-109
-106
-73
-14
-3
-42
-115
-202
-249
-315
-396
-417
-373
-314
-364
-475
-527
-545
-504
-430
-368
-290
-246
-279
-271
-210
-195
-241
-188
-115
-82
-71
-53
-46
5
110
211
279
292
340
379
437
458
539
652
705
728
734
765
780
747
720
732
690
595
519
482
426
297
231
219
216
155
59
28
-19
-71
-111
-154
-178
-212
-221
-198
-153
-198
-320
-407
-421
-408
-374
-321
-340
-450
-584
-667
-674
-683
-660
-654
-709
-765
-823
-878
-844
-763
-694
-579
-466
-453
-497
-496
-430
-332
-149
93
243
357
409
476
557
633
733
813
854
869
825
730
686
666
585
556
528
451
409
385
379
328
259
199
180
148
147
184
212
241
257
274
236
177
144
146
160
132
0
-90
-106
-123
-142
-202
-352
-542
-660
-676
-594
-559
-562
-592
-613
-616
-682
-735
-719
-624
-481
-337
-272
-313
-412
-454
-350
-202
-99
-55
-32
3
48
77
104
114
135
198
258
304
319
294
286
375
421
397
356
354
382
411
420
428
450
502
576
647
672
648
569
491
455
400
329
277
251
166
95
-3
-86
-113
-115
-102
-133
-194
-260
-331
-340
-306
-322
-382
-369
-328
-348
-320
-311
-335
-358
-372
-333
-326
-351
-400
-459
-492
-508
-571
-582
-509
-473
-447
-414
-323
-265
-262
-239
-216
-217
-183
-56
146
310
360
412
498
572
604
644
722
777
755
689
682
685
668
651
630
627
540
446
399
375
316
227
196
204
208
154
95
88
65
66
114
115
96
52
101
128
103
-27
-139
-176
-206
-211
-277
-416
-601
-734
-770
-702
-669
-715
-763
-775
-784
-835
-896
-909
-856
-781
-701
-601
-556
-588
-511
-343
-217
-144
-153
-175
-200
-151
-69
-34
64
111
150
210
258
274
314
428
556
648
658
615
601
646
728
801
830
829
816
817
841
819
765
725
700
672
603
537
454
384
347
323
227
115
57
0
-51
-132
-230
-353
-425
-442
-426
-464
-589
-696
-755
-741
-711
-703
-692
-628
-592
-578
-569
-565
-579
-589
-566
-537
-583
-693
-759
-744
-697
-618
-486
-363
-280
-199
-115
-83
-42
85
314
496
586
607
629
693
765
857
979
1051
1049
1023
1041
1000
897
811
787
801
830
791
748
668
540
414
311
227
89
-44
-117
-73
-112
-198
-227
-268
-289
-274
-267
-325
-400
-476
-606
-691
-715
-707
-768
-838
-858
-900
-935
-928
-916
-911
-857
-825
-796
-768
-739
-698
-600
-525
-502
-451
-379
-367
-304
-142
-15
77
144
205
256
274
328
508
698
830
896
874
857
809
809
946
1101
1118
1044
1016
985
926
876
826
808
793
775
748
696
566
394
296
234
147
16
-138
-250
-339
-392
-391
-386
-440
-598
-696
-673
-621
-595
-623
-671
-716
-753
-755
-709
-706
-723
-698
-629
-539
-520
-530
-459
-372
-293
-210
-162
-168
-184
-190
-178
-141
-172
-255
-247
-183
-103
-41
25
37
49
47
163
395
614
737
798
856
802
751
798
920
936
860
755
728
636
497
382
340
321
285
271
234
111
-88
-244
-320
-321
-366
-408
-395
-376
-388
-386
-336
-251
-257
-265
-215
-153
-96
-74
-37
-25
-93
-170
-172
-137
-112
-144
-149
-150
-232
-341
-381
-357
-311
-251
-167
-104
-138
-236
-363
-427
-432
-405
-313
-194
-123
-138
-179
-211
-236
-233
-66
170
363
435
401
345
266
260
330
394
452
423
331
331
317
233
123
152
250
333
368
342
294
213
192
235
312
300
213
142
114
109
128
167
208
189
138
175
206
141
47
-12
-19
-34
-67
-59
-74
-146
-243
-316
-312
-304
-345
-337
-310
-291
-324
-385
-451
-554
-675
-746
-747
-750
-729
-739
-751
-755
-706
-671
-624
-586
-509
-246
91
366
461
438
378
348
457
687
845
865
771
699
699
659
497
381
454
540
636
724
760
653
495
436
471
486
436
358
375
424
397
341
288
243
169
151
202
255
214
144
120
24
-179
-361
-481
-567
-649
-748
-843
-943
-1052
-1132
-1100
-1041
-1056
-1077
-1066
-1037
-1036
-1055
-1042
-1022
-991
-928
-840
-717
-579
-533
-495
-458
-361
-92
261
627
876
989
1005
943
961
1091
1161
1179
1209
1218
1207
1109
908
764
738
778
931
1044
1023
836
613
503
507
527
540
559
507
392
236
101
-4
-93
-122
-86
-57
-86
-215
-340
-467
-583
-716
-822
-846
-916
-976
-1060
-1177
-1270
-1336
-1335
-1257
-1128
-1057
-1057
-999
-978
-983
-992
-931
-837
-752
-637
-507
-377
-264
-221
-209
-195
-106
286
804
1299
1553
1549
1392
1184
1196
1406
1604
1650
1513
1319
1223
1091
855
652
620
711
847
917
839
534
185
53
131
254
239
107
6
-63
-163
-238
-283
-310
-328
-299
-203
-162
-291
-475
-573
-697
-863
-988
-1024
-984
-944
-954
-1014
-1096
-1208
-1226
-1128
-967
-822
-732
-642
-596
-625
-731
-795
-740
-642
-455
-218
-32
3
-72
-161
-228
26
548
1068
1478
1603
1526
1250
1026
1183
1403
1521
1369
1097
879
596
337
145
146
284
419
622
697
478
97
-111
-40
99
249
290
203
84
-45
-172
-296
-316
-263
-186
-6
135
125
-20
-228
-401
-581
-644
-628
-528
-461
-499
-553
-739
-911
-1042
-1036
-882
-687
-506
-406
-385
-509
-736
-889
-901
-825
-673
-423
-243
-241
-374
-523
-603
-372
268
879
1324
1496
1344
1052
871
1038
1310
1456
1423
1112
818
498
92
-111
-88
120
307
487
499
213
-89
-238
-144
75
258
362
373
309
168
32
-121
-170
-61
72
257
341
258
117
-1
-157
-380
-528
-558
-482
-398
-427
-540
-733
-920
-983
-937
-822
-705
-653
-633
-649
-766
-934
-1024
-997
-819
-611
-407
-239
-252
-380
-508
-602
-374
297
1028
1518
1638
1390
1012
822
1110
1563
1762
1660
1277
892
520
84
-180
-132
161
416
620
635
309
-58
-228
-69
248
419
514
525
468
303
139
-15
-115
-10
130
200
124
-107
-327
-468
-572
-732
-852
-885
-872
-796
-802
-970
-1153
-1269
-1259
-1133
-1019
-986
-931
-842
-779
-763
-868
-958
-904
-802
-639
-422
-289
-344
-455
-538
-591
-178
585
1366
1794
1787
1574
1100
978
1348
1751
1942
1658
1222
825
379
5
-124
148
443
704
875
721
338
-53
-104
130
388
541
523
444
237
-26
-165
-284
-196
-6
191
242
-1
-363
-618
-555
-473
-460
-465
-617
-788
-927
-982
-945
-942
-905
-735
-534
-480
-542
-540
-525
-454
-447
-519
-595
-647
-652
-591
-384
-265
-258
-288
-344
-299
156
882
1565
1893
1910
1575
1142
1053
1313
1675
1739
1519
1098
561
6
-450
-529
-265
65
312
371
117
-316
-591
-549
-328
-3
174
247
138
-170
-439
-582
-519
-281
33
201
174
-10
-315
-517
-539
-498
-491
-459
-406
-474
-706
-939
-1017
-949
-788
-592
-433
-426
-453
-443
-406
-327
-323
-362
-371
-306
-277
-312
-237
-154
-136
-196
-317
-428
-26
773
1515
1898
1826
1539
1018
859
1205
1449
1447
1096
633
177
-342
-722
-841
-514
-45
277
424
207
-126
-407
-365
-69
216
429
468
361
124
-156
-265
-242
10
266
304
137
-167
-339
-375
-276
-222
-336
-413
-482
-516
-496
-538
-579
-600
-523
-411
-350
-348
-288
-74
54
107
10
-254
-415
-454
-395
-334
-284
-225
-237
-420
-663
-872
-515
426
1285
1739
1565
1177
680
423
858
1276
1361
1124
714
235
-356
-832
-992
-693
-118
194
276
0
-480
-729
-662
-244
112
367
431
291
59
-207
-269
-204
74
427
510
355
87
-45
-81
-14
87
14
-30
-90
-165
-215
-357
-436
-446
-360
-247
-256
-329
-343
-207
-81
-50
-174
-456
-630
-621
-558
-537
-483
-403
-410
-501
-601
-768
-523
267
1112
1710
1766
1462
929
560
859
1276
1481
1325
838
197
-488
-964
-1176
-913
-365
1
156
21
-350
-623
-632
-283
157
522
659
531
262
-105
-210
-118
124
495
586
482
239
2
-182
-201
-36
-26
-35
-86
-328
-577
-831
-908
-781
-643
-557
-564
-630
-614
-520
-389
-264
-219
-328
-441
-525
-655
-730
-677
-489
-335
-295
-435
-622
-674
-161
715
1357
1662
1526
1239
817
652
1094
1439
1479
1209
757
196
-415
-806
-725
-361
14
266
428
300
43
-147
-97
224
523
818
947
751
367
89
48
96
338
530
459
223
-59
-198
-267
-224
-255
-356
-444
-558
-645
-698
-704
-683
-640
-563
-530
-598
-657
-602
-456
-378
-356
-432
-623
-717
-720
-652
-555
-406
-256
-277
-470
-654
-734
-544
270
1165
1723
1810
1437
1002
681
820
1256
1551
1535
1052
371
-242
-707
-842
-588
-92
299
420
307
-74
-382
-484
-272
142
507
723
633
325
-42
-247
-183
44
371
438
242
65
-231
-457
-474
-445
-346
-336
-419
-509
-660
-876
-1033
-917
-772
-675
-604
-593
-553
-460
-404
-328
-314
-396
-451
-462
-487
-514
-480
-434
-325
-227
-292
-287
-220
-44
572
1288
1741
1821
1611
1344
1014
1000
1387
1510
1281
865
340
-121
-505
-593
-340
-94
164
290
230
-14
-243
-228
22
339
600
730
568
206
-111
-260
-216
-35
259
352
131
-160
-331
-370
-355
-314
-320
-460
-643
-778
-857
-954
-955
-862
-737
-609
-590
-559
-529
-406
-184
-15
-4
-161
-344
-467
-532
-448
-360
-297
-312
-357
-377
-396
-341
-25
708
1392
1835
1890
1610
1245
921
1149
1590
1639
1496
896
157
-377
-760
-692
-470
-47
319
344
244
-219
-533
-485
-190
310
632
757
559
83
-272
-544
-517
-258
105
271
63
-203
-562
-856
-842
-647
-468
-422
-356
-513
-840
-1062
-1169
-1041
-834
-623
-456
-512
-558
-544
-479
-312
-194
-161
-192
-218
-280
-364
-362
-322
-237
-75
-33
-26
-45
153
762
1318
1651
1670
1447
1156
898
1142
1533
1564
1341
829
243
-256
-593
-509
-205
119
330
347
146
-238
-424
-332
21
474
740
788
504
58
-290
-461
-335
-65
224
210
-113
-427
-689
-767
-621
-461
-376
-467
-588
-754
-964
-1028
-979
-841
-668
-567
-531
-596
-609
-500
-343
-162
-135
-172
-267
-341
-317
-261
-182
-110
-49
-31
-88
-140
-134
166
832
1393
1636
1624
1407
1091
964
1225
1495
1543
1355
909
346
-101
-323
-341
-141
201
428
391
212
-72
-284
-217
58
391
632
650
368
-81
-432
-615
-505
-156
96
52
-127
-405
-690
-791
-626
-435
-384
-345
-389
-677
-972
-1153
-1154
-969
-704
-506
-458
-530
-571
-564
-468
-226
-79
-17
-9
-74
-212
-366
-415
-379
-223
-100
-88
-70
-73
132
585
1023
1250
1242
1169
1006
879
1055
1224
1210
1005
707
370
74
-140
-123
8
173
273
233
98
-102
-217
-222
-76
156
341
366
199
-80
-343
-491
-380
-104
64
62
-106
-290
-391
-464
-446
-418
-435
-479
-543
-632
-754
-877
-888
-814
-723
-600
-529
-548
-504
-346
-225
-140
-50
13
4
-27
-57
-117
-114
-15
119
173
140
91
50
96
396
772
1043
1152
1167
1053
828
805
941
1047
1063
932
713
452
145
32
73
174
349
426
417
244
-27
-255
-347
-181
59
231
266
35
-240
-456
-503
-354
-159
-52
-68
-161
-258
-449
-611
-711
-722
-638
-544
-499
-592
-760
-875
-886
-825
-661
-551
-479
-393
-292
-238
-208
-148
-93
-84
-45
-26
-36
-26
-43
-50
-27
30
67
94
46
15
163
346
492
575
617
654
627
622
710
752
684
640
603
566
447
332
261
256
314
299
266
169
35
-71
-132
-79
36
52
7
-63
-180
-269
-289
-212
-109
-10
62
55
15
-149
-300
-362
-374
-292
-185
-185
-293
-423
-491
-489
-461
-412
-352
-242
-146
-133
-122
-135
-139
-148
-156
-108
-73
-111
-160
-223
-269
-288
-330
-312
-337
-376
-380
-281
-82
114
260
321
341
350
397
488
597
654
738
787
786
698
593
530
469
507
517
498
481
443
402
386
372
353
304
252
199
148
107
58
45
46
49
48
34
34
-43
-149
-234
-320
-393
-470
-493
-514
-566
-590
-641
-711
-731
-648
-501
-379
-332
-407
-536
-652
-733
-738
-733
-692
-625
-560
-526
-551
-589
-628
-596
-515
-445
-376
-277
-173
-45
82
208
314
394
539
739
958
1060
1090
1034
935
877
869
913
951
973
937
907
843
824
830
762
707
678
625
552
477
419
342
290
254
195
111
32
-51
-138
-247
-329
-398
-470
-540
-599
-663
-672
-665
-693
-745
-781
-752
-719
-662
-618
-635
-701
-781
-819
-832
-871
-911
-913
-888
-874
-880
-900
-917
-915
-821
-709
-582
-484
-353
-167
31
193
307
390
464
608
772
929
1053
1121
1126
1101
1047
1020
1042
1051
1104
1154
1146
1113
1085
984
853
743
675
649
652
624
505
380
255
184
163
130
111
81
33
-29
-103
-174
-304
-429
-490
-516
-526
-575
-632
-682
-712
-692
-679
-686
-706
-759
-813
-866
-941
-997
-1001
-937
-888
-872
-888
-930
-948
-894
-793
-708
-640
-592
-540
-387
-196
-9
177
339
499
649
801
910
999
1034
1080
1117
1088
1049
1038
1054
1058
1057
1026
1032
1069
1036
959
828
726
672
687
714
677
608
450
263
148
74
7
-42
-130
-217
-317
-441
-520
-624
-699
-727
-727
-757
-827
-919
-1007
-1072
-1102
-1043
-991
-958
-963
-1013
-1112
-1198
-1203
-1160
-1120
-1072
-1013
-961
-931
-890
-856
-826
-760
-648
-488
-325
-123
91
272
458
623
781
920
1046
1165
1277
1359
1369
1348
1321
1300
1292
1303
1311
1291
1274
1260
1242
1168
1073
978
939
917
916
851
709
550
391
286
222
191
128
38
-68
-208
-327
-464
-611
-674
-664
-596
-561
-566
-649
-759
-882
-948
-947
-935
-923
-924
-969
-1054
-1114
-1135
-1126
-1096
-1034
-989
-962
-952
-955
-949
-918
-858
-715
-551
-391
-246
-82
42
175
341
502
599
673
781
880
955
995
1028
1045
1044
1058
1082
1037
1001
983
969
979
961
897
802
737
699
706
698
607
528
442
338
265
201
141
79
21
-49
-146
-243
-341
-413
-434
-435
-440
-451
-490
-567
-652
-730
-780
-805
-811
-839
-859
-899
-929
-941
-951
-975
-1025
-1056
-1051
-1003
-972
-935
-887
-830
-745
-619
-482
-352
-171
10
166
310
410
489
578
699
784
827
854
892
883
885
891
905
926
951
995
1008
1005
959
902
853
820
813
803
766
739
681
648
591
494
420
365
276
173
102
30
-79
-156
-175
-201
-244
-284
-370
-452
-498
-542
-614
-699
-753
-816
-838
-882
-933
-986
-1053
-1099
-1118
-1123
-1154
-1156
-1102
-1067
-1042
-990
-930
-842
-749
-638
-511
-368
-200
-8
171
278
343
410
495
587
674
757
857
945
998
1047
1014
981
942
928
951
1017
1080
1089
1063
1004
956
921
898
865
836
783
711
611
506
395
253
163
166
160
104
45
-60
-184
-283
-333
-390
-463
-506
-545
-642
-753
-858
-921
-960
-989
-1016
-1083
-1190
-1320
-1405
-1447
-1457
-1422
-1319
-1228
-1157
-1098
-1045
-975
-889
-768
-622
-420
-226
-62
60
127
212
353
514
692
846
916
941
949
975
960
975
1003
1021
1078
1141
1176
1177
1168
1123
1069
1059
1066
1085
1072
1030
972
870
741
619
503
414
347
285
210
67
-79
-180
-250
-260
-253
-269
-337
-443
-548
-697
-828
-929
-1001
-1041
-1076
-1132
-1248
-1369
-1461
-1515
-1471
-1386
-1297
-1231
-1183
-1144
-1082
-1008
-936
-813
-671
-514
-353
-175
-29
57
116
226
365
502
672
795
859
882
893
911
926
963
1015
1043
1065
1112
1160
1146
1092
1043
1002
1013
1063
1078
1022
917
805
709
651
579
499
466
440
389
321
197
39
-94
-192
-266
-278
-276
-314
-414
-563
-740
-893
-967
-977
-956
-992
-1059
-1148
-1270
-1350
-1392
-1424
-1408
-1340
-1245
-1160
-1127
-1105
-1062
-967
-819
-626
-431
-289
-152
-69
19
90
183
325
477
640
757
809
812
822
829
888
951
1019
1070
1085
1109
1099
1062
1021
975
971
997
1010
1004
942
847
752
669
599
549
507
495
443
356
237
120
6
-90
-146
-196
-231
-301
-390
-528
-684
-830
-920
-962
-948
-941
-1002
-1089
-1176
-1236
-1274
-1304
-1286
-1231
-1182
-1162
-1129
-1115
-1081
-982
-823
-628
-433
-253
-175
-100
-12
94
205
339
475
594
684
713
731
739
731
761
830
874
924
947
959
974
958
964
981
983
1013
1056
1023
958
879
755
638
563
526
488
460
422
336
207
67
-34
-96
-127
-167
-193
-237
-352
-461
-570
-675
-750
-789
-825
-858
-913
-1001
-1092
-1136
-1141
-1104
-1031
-988
-983
-980
-982
-962
-877
-766
-629
-455
-321
-228
-151
-93
-36
63
221
391
504
584
646
613
577
558
582
659
762
853
894
911
880
829
772
757
751
768
792
778
760
705
624
564
520
511
509
453
357
246
125
14
-76
-154
-210
-279
-331
-387
-440
-499
-561
-630
-682
-717
-740
-773
-840
-900
-1004
-1094
-1117
-1118
-1096
-1030
-970
-936
-907
-867
-791
-686
-555
-408
-253
-128
-35
11
8
26
98
215
351
479
551
585
593
606
633
670
737
832
914
945
905
807
762
761
763
782
797
776
711
646
590
527
521
506
473
468
426
343
243
125
49
4
-57
-95
-143
-212
-299
-376
-423
-460
-508
-550
-582
-646
-710
-751
-814
-859
-872
-871
-838
-790
-743
-725
-716
-693
-647
-579
-470
-366
-293
-199
-88
4
107
188
244
318
374
417
451
482
477
474
489
500
496
502
526
539
560
566
563
550
551
569
559
516
475
427
382
343
331
279
215
176
130
53
-14
-77
-147
-167
-188
-193
-224
-285
-337
-410
-462
-491
-497
-526
-553
-591
-649
-698
-725
-721
-698
-664
-640
-626
-580
-516
-466
-393
-311
-233
-166
-113
-76
-33
8
88
190
283
375
410
429
438
450
444
439
446
443
441
466
462
443
417
374
370
361
356
360
347
320
313
300
243
184
134
95
78
79
40
-14
-82
-137
-156
-171
-181
-192
-211
-263
-305
-335
-374
-410
-417
-398
-392
-385
-392
-413
-437
-419
-385
-351
-303
-249
-228
-214
-178
-153
-113
-32
69
173
251
344
416
463
488
524
565
586
602
612
585
554
522
519
517
485
473
442
398
345
294
220
172
140
119
78
35
-7
-81
-144
-199
-240
-274
-316
-341
-355
-389
-432
-444
-477
-509
-501
-485
-460
-445
-457
-490
-530
-571
-582
-565
-534
-495
-436
-392
-344
-297
-239
-150
-97
-52
-7
3
45
103
152
219
283
352
439
529
591
616
634
668
710
734
750
748
728
692
661
608
563
517
447
374
309
234
162
116
31
-59
-137
-217
-290
-338
-398
-452
-485
-520
-557
-594
-629
-679
-714
-731
-738
-728
-701
-685
-682
-649
-614
-592
-570
-535
-489
-496
-480
-438
-389
-337
-275
-186
-106
-28
70
146
224
314
371
444
504
562
654
731
770
830
857
856
879
927
980
992
994
978
924
890
845
788
740
676
604
539
448
365
256
116
8
-68
-156
-231
-315
-453
-547
-621
-700
-743
-776
-834
-878
-896
-914
-937
-957
-994
-1006
-974
-911
-856
-804
-769
-760
-727
-667
-602
-561
-512
-453
-381
-275
-134
-9
106
202
303
402
495
559
617
686
720
775
878
980
1032
1064
1079
1086
1067
1054
1074
1083
1051
1010
970
914
839
735
641
549
457
385
283
172
52
-60
-176
-270
-365
-475
-572
-681
-808
-930
-1027
-1086
-1140
-1168
-1169
-1177
-1202
-1222
-1221
-1199
-1153
-1092
-1031
-983
-944
-902
-860
-800
-739
-673
-575
-452
-322
-201
-69
44
172
297
429
554
680
807
915
1014
1068
1100
1105
1111
1145
1189
1238
1253
1218
1166
1090
1032
992
971
954
925
881
799
693
578
463
340
242
158
70
-28
-151
-299
-420
-524
-628
-687
-774
-878
-972
-1048
-1133
-1208
-1241
-1251
-1221
-1171
-1145
-1123
-1092
-1077
-1060
-1032
-977
-914
-814
-703
-570
-438
-326
-237
-153
-55
36
170
337
470
602
700
774
872
968
1055
1141
1210
1237
1236
1204
1155
1110
1083
1080
1087
1063
1010
947
844
743
656
584
514
461
380
293
218
105
-20
-114
-204
-285
-349
-416
-508
-635
-741
-830
-921
-990
-1034
-1085
-1125
-1144
-1160
-1153
-1162
-1145
-1117
-1087
-1034
-976
-904
-838
-775
-666
-562
-462
-361
-252
-158
-60
48
143
234
312
408
499
588
683
767
818
872
927
976
1005
1023
1049
1032
1007
965
921
884
835
820
807
748
677
579
467
378
292
228
167
124
65
-25
-108
-199
-310
-405
-479
-539
-573
-602
-657
-736
-798
-871
-928
-950
-954
-947
-926
-935
-943
-944
-938
-909
-834
-730
-623
-503
-398
-316
-249
-175
-103
-14
83
178
265
356
423
479
543
585
627
672
706
730
756
781
800
803
821
844
854
852
824
788
724
640
569
512
472
404
307
220
151
85
15
-43
-107
-168
-230
-292
-350
-421
-477
-521
-562
-571
-576
-593
-633
-684
-715
-734
-734
-714
-678
-647
-605
-540
-500
-441
-369
-310
-245
-180
-112
-48
-3
43
115
186
260
310
358
386
395
418
446
475
501
526
528
498
461
418
384
383
391
392
409
394
371
338
305
268
223
194
157
110
58
8
-42
-97
-141
-163
-202
-233
-281
-336
-384
-419
-439
-453
-464
-462
-457
-470
-466
-446
-445
-453
-433
-382
-317
-253
-197
-157
-139
-107
-86
-51
3
56
121
182
232
262
278
289
314
327
348
374
381
372
373
357
328
305
280
252
230
217
205
181
147
120
64
20
-7
-26
-40
-60
-69
-100
-124
-152
-198
-249
-282
-322
-350
-371
-388
-384
-389
-387
-382
-372
-357
-333
-323
-301
-249
-204
-168
-118
-61
-28
12
61
107
148
178
207
225
262
320
374
418
463
478
488
497
510
534
528
507
478
435
395
372
349
334
322
301
273
215
156
105
34
-9
-50
-96
-130
-177
-236
-300
-352
-382
-401
-411
-417
-456
-504
-531
-556
-561
-561
-557
-542
-532
-496
-479
-475
-446
-417
-390
-359
-288
-187
-117
-73
-31
19
65
138
225
297
336
351
375
400
393
397
410
431
486
543
582
604
595
574
540
510
488
459
437
413
379
345
295
206
143
106
47
-18
-74
-142
-205
-256
-314
-364
-397
-433
-463
-501
-546
-604
-676
-707
-720
-708
-691
-682
-663
-646
-620
-582
-519
-449
-365
-285
-225
-178
-157
-111
-51
7
126
243
315
381
423
466
500
547
590
632
683
707
732
741
733
698
686
701
711
713
697
640
567
477
413
388
345
316
275
238
177
98
8
-90
-178
-239
-285
-347
-412
-493
-571
-656
-744
-795
-806
-814
-822
-804
-793
-792
-780
-750
-718
-675
-606
-541
-499
-444
-389
-354
-289
-212
-136
-48
22
112
183
238
302
363
407
459
517
554
576
572
572
572
579
607
647
655
633
618
612
604
569
528
493
456
429
384
333
275
202
128
62
-4
-34
-71
-149
-224
-296
-364
-416
-456
-489
-519
-569
-608
-637
-663
-675
-691
-701
-691
-673
-664
-636
-602
-563
-527
-480
-406
-353
-294
-217
-160
-97
-29
50
130
195
234
257
300
356
402
443
474
493
518
539
555
563
570
599
631
646
626
596
574
543
516
484
456
414
362
309
256
188
127
70
15
-38
-96
-151
-211
-251
-284
-329
-364
-391
-424
-445
-461
-480
-484
-473
-488
-511
-526
-541
-526
-506
-472
-418
-374
-349
-320
-284
-254
-216
-176
-135
-89
-51
-9
37
95
145
205
269
318
377
415
438
448
447
471
500
506
524
526
504
486
452
407
380
362
346
338
317
287
238
166
136
103
51
-11
-59
-108
-163
-201
-228
-264
-290
-286
-295
-311
-342
-389
-460
-516
-536
-567
-561
-516
-488
-475
-446
-430
-430
-415
-404
-393
-393
-361
-311
-249
-194
-150
-98
-59
-7
66
136
182
200
210
246
270
304
342
384
408
431
459
462
450
436
425
430
458
461
450
429
402
355
316
301
290
253
221
206
167
113
74
20
-48
-91
-114
-133
-141
-152
-168
-193
-211
-234
-246
-253
-259
-266
-271
-278
-286
-275
-256
-241
-246
-247
-249
-249
-225
-194
-164
-131
-112
-76
-39
-20
-12
-8
9
28
58
90
110
139
155
150
144
146
148
149
150
166
172
187
180
163
151
131
123
132
134
120
104
77
37
3
-17
-20
-32
-47
-57
-81
-109
-129
-149
-181
-197
-186
-173
-173
-171
-183
-202
-201
-180
-154
-119
-88
-71
-75
-71
-72
-55
-26
9
43
66
91
91
90
84
80
82
99
126
138
131
118
104
100
103
113
134
147
146
160
168
148
109
94
85
59
39
36
8
14
29
18
24
15
-19
-43
-57
-80
-97
-108
-120
-142
-166
-179
-181
-188
-188
-181
-182
-208
-213
-202
-180
-151
-129
-120
-112
-97
-66
-25
13
22
7
0
7
19
42
76
103
113
112
129
124
102
95
99
91
104
121
128
127
116
110
118
120
131
124
104
105
89
57
48
72
97
76
59
65
52
21
-13
-38
-78
-99
-111
-101
-95
-87
-71
-83
-80
-64
-53
-61
-79
-87
-97
-107
-117
-108
-92
-78
-54
-41
-37
-19
-15
-20
-6
-2
20
41
49
50
37
23
21
25
31
48
72
79
81
94
102
108
120
137
144
153
138
119
99
85
80
93
94
89
84
58
46
43
43
40
22
-3
-30
-52
-71
-84
-108
-135
-151
-162
-152
-140
-130
-115
-106
-94
-100
-112
-90
-88
-90
-103
-120
-140
-138
-119
-108
-88
-71
-51
-50
-55
-54
-39
-24
8
49
78
74
69
66
48
47
47
58
98
130
158
176
162
151
138
106
86
85
103
104
102
107
89
66
45
24
29
21
-16
-52
-100
-141
-171
-198
-203
-193
-172
-153
-138
-146
-144
-142
-149
-146
-132
-129
-119
-120
-132
-143
-150
-123
-87
-51
-15
17
42
66
66
75
94
103
105
117
127
101
102
143
163
194
241
245
251
258
251
252
263
258
238
218
195
176
134
110
83
69
73
76
81
63
42
16
-25
-38
-33
-38
-53
-59
-79
-104
-138
-162
-165
-163
-162
-161
-166
-183
-177
-188
-215
-224
-200
-176
-163
-138
-146
-158
-177
-211
-201
-186
-165
-126
-85
-54
-20
2
7
15
29
44
60
91
115
113
102
114
117
142
171
189
208
224
224
206
192
188
170
152
164
160
156
136
122
113
93
85
70
44
22
1
-41
-72
-83
-112
-143
-169
-193
-187
-165
-169
-175
-194
-239
-280
-300
-279
-254
-229
-210
-218
-219
-219
-222
-215
-204
-200
-158
-130
-108
-75
-58
-39
5
53
98
122
120
116
130
153
188
241
289
307
298
300
285
294
305
308
299
284
255
227
213
206
210
183
161
162
134
113
108
98
86
74
74
50
15
-32
-90
-127
-156
-181
-203
-226
-243
-245
-240
-236
-226
-239
-258
-266
-279
-296
-282
-245
-215
-203
-187
-170
-172
-170
-150
-102
-63
-30
14
53
58
67
95
116
135
169
188
178
174
180
203
226
263
287
286
268
231
197
172
161
168
190
183
185
165
135
115
86
57
39
28
-2
-32
-60
-93
-133
-150
-173
-189
-196
-211
-215
-236
-259
-279
-302
-301
-308
-296
-281
-268
-245
-220
-209
-206
-184
-166
-136
-99
-58
-38
-25
-24
-24
4
43
69
104
116
128
142
152
178
194
218
245
264
276
284
289
287
280
284
276
269
252
217
189
163
135
110
67
39
19
12
16
21
19
12
-5
-35
-60
-83
-112
-146
-170
-186
-218
-243
-245
-253
-258
-233
-219
-224
-216
-215
-222
-212
-188
-163
-134
-115
-112
-96
-84
-65
-18
1
36
69
75
93
98
118
148
172
190
197
192
174
174
207
232
251
272
293
298
281
254
235
235
234
220
211
177
124
90
53
17
-2
-17
-35
-38
-58
-82
-124
-165
-195
-211
-214
-214
-202
-198
-196
-217
-237
-256
-273
-276
-272
-256
-241
-241
-238
-240
-248
-230
-194
-144
-97
-71
-51
-51
-64
-59
-34
-2
30
52
65
64
65
78
93
135
173
205
238
250
234
225
213
205
219
226
234
231
205
173
150
129
100
86
73
50
25
-10
-42
-67
-69
-58
-59
-66
-94
-126
-177
-212
-219
-222
-213
-209
-193
-211
-232
-246
-253
-224
-201
-177
-154
-155
-170
-170
-165
-154
-129
-82
-47
-28
-6
7
18
31
63
97
146
193
239
252
260
265
267
272
288
313
310
306
330
334
307
306
299
299
305
313
318
299
259
213
172
142
120
104
97
82
72
47
8
-34
-82
-121
-153
-183
-205
-233
-260
-281
-297
-296
-291
-290
-273
-264
-290
-310
-334
-347
-342
-318
-289
-268
-237
-225
-204
-167
-143
-131
-111
-78
-52
-28
5
25
42
82
103
119
146
178
192
192
202
221
231
234
241
239
227
207
186
164
164
157
151
157
146
109
88
62
28
6
-5
-8
-24
-39
-55
-90
-123
-142
-161
-179
-187
-185
-189
-177
-157
-146
-151
-169
-173
-177
-181
-178
-183
-175
-174
-152
-113
-84
-50
-31
-31
-4
30
61
96
112
128
136
135
129
113
96
100
106
115
128
144
151
156
173
166
156
149
138
133
144
142
127
106
81
54
37
36
40
24
23
15
-13
-27
-50
-77
-101
-109
-111
-105
-95
-120
-152
-172
-195
-187
-159
-133
-105
-95
-120
-112
-108
-109
-93
-65
-49
-55
-47
-53
-56
-51
-31
-6
36
90
135
142
147
147
140
149
181
209
186
164
130
104
102
123
157
172
160
159
149
126
104
94
91
74
74
71
70
47
16
-2
-23
-40
-58
-56
-58
-67
-83
-101
-124
-128
-121
-120
-107
-96
-90
-88
-106
-120
-117
-106
-90
-73
-76
-88
-94
-110
-113
-106
-90
-103
-93
-75
-67
-53
-28
-15
8
24
9
7
-1
-15
-14
4
23
27
22
28
28
30
50
46
35
42
41
48
50
42
37
39
39
26
12
8
-8
-5
-3
-13
-19
-22
-36
-61
-72
-84
-95
-100
-102
-88
-79
-76
-67
-75
-73
-82
-89
-83
-81
-79
-78
-62
-40
-9
2
11
17
22
30
44
69
103
126
141
154
162
175
201
196
181
185
185
177
193
214
222
213
192
169
140
113
100
97
86
74
65
62
46
37
31
39
26
-7
-26
-51
-85
-116
-114
-110
-107
-109
-112
-133
-164
-171
-170
-155
-130
-110
-98
-95
-122
-135
-140
-139
-144
-144
-98
-70
-64
-55
-43
-39
-26
1
15
32
31
44
53
53
55
48
47
48
50
57
50
53
74
97
106
104
92
85
68
30
8
2
-4
-24
-14
-7
-19
-43
-72
-78
-92
-94
-97
-94
-78
-71
-66
-61
-65
-87
-99
-95
-80
-60
-75
-90
-96
-119
-118
-98
-92
-65
-42
-25
-13
-9
2
0
9
37
55
86
103
117
120
112
117
127
133
138
130
110
92
73
74
78
90
86
84
98
102
97
99
102
92
57
50
48
26
14
14
1
6
10
8
20
14
-2
-28
-59
-62
-51
-42
-24
-28
-28
-27
-47
-62
-57
-63
-78
-92
-84
-72
-68
-57
-59
-50
-41
-42
-36
-6
4
-4
2
7
2
-9
3
21
30
31
39
33
25
29
51
69
69
66
64
56
24
9
14
16
8
17
21
21
17
18
33
26
14
14
25
23
30
22
3
-11
-22
-33
-31
-33
-49
-87
-92
-87
-97
-92
-67
-48
-48
-38
-47
-65
-97
-117
-121
-108
-75
-36
-10
8
13
15
11
32
59
60
70
66
61
42
42
53
59
76
80
70
56
37
22
26
50
66
70
64
55
40
17
3
-4
-9
-9
-9
-14
-19
-29
-34
-32
-36
-57
-72
-75
-86
-96
-80
-79
-91
-94
-85
-77
-66
-67
-62
-52
-61
-70
-54
-35
-23
-8
6
13
13
14
0
1
4
-1
11
20
22
32
45
54
61
84
84
76
74
79
71
64
80
81
75
80
86
93
99
93
97
97
74
51
66
54
49
44
33
19
9
5
14
19
13
4
-14
-17
-14
-17
-41
-36
-28
-18
-9
-13
-10
-31
-33
-22
-20
-17
-15
-7
-31
-51
-52
-57
-51
-39
-19
-2
-4
-22
-41
-53
-65
-80
-79
-65
-69
-74
-87
-80
-73
-73
-60
-39
-11
3
-3
7
26
13
11
20
33
12
-16
-41
-68
-73
-87
-86
-66
-42
-33
-8
11
-1
-5
-9
-12
-12
-12
-14
-14
-16
-16
-8
2
18
27
37
46
30
11
8
-6
-7
10
29
43
47
47
35
18
8
-1
13
32
37
48
52
45
27
18
22
41
62
55
55
57
43
32
32
44
45
53
69
68
62
57
47
39
37
48
41
21
21
24
5
6
14
19
28
36
30
17
14
5
-4
-4
-13
-12
-7
-6
-12
-19
-29
-42
-58
-54
-38
-45
-54
-59
-77
-94
-80
-76
-57
-40
-30
-10
-1
0
-11
2
11
11
16
7
-10
-19
-14
-1
20
20
28
15
-13
-32
-36
-32
-24
-10
2
18
31
45
34
29
16
0
-19
-22
-21
-22
-33
-35
-40
-50
-37
-25
-13
0
1
3
10
12
25
24
32
26
22
15
-1
8
9
14
13
5
13
30
34
33
12
-1
0
-8
-10
1
19
29
27
47
76
76
77
84
78
52
36
26
-8
-39
-39
-38
-43
-23
-1
12
17
29
32
28
16
10
13
-1
-28
-47
-66
-77
-84
-88
-98
-96
-94
-100
-95
-97
-101
-85
-59
-52
-34
-42
-63
-76
-103
-108
-103
-91
-68
-42
-26
-18
-6
3
14
33
54
56
66
68
54
49
33
28
32
49
79
93
95
82
74
69
73
84
96
117
124
133
112
85
73
64
70
68
76
71
37
14
17
29
32
34
39
30
2
-16
-15
-22
-46
-54
-43
-45
-41
-42
-48
-59
-64
-53
-58
-55
-59
-66
-67
-57
-57
-67
-77
-84
-70
-59
-50
-40
-56
-69
-84
-102
-95
-91
-72
-46
2
40
51
59
60
46
34
24
22
34
42
37
25
17
14
17
38
48
49
49
45
32
21
40
42
43
43
41
22
-1
-10
-18
-17
-13
-14
-17
-22
-27
-33
-34
-31
-31
-31
-31
-39
-50
-56
-56
-42
-33
-26
-14
-2
-15
-18
-7
0
-4
-2
6
-4
-6
4
12
20
44
60
77
89
77
67
55
35
45
51
51
51
38
27
22
29
41
51
60
49
32
17
9
4
10
28
26
20
14
3
-7
-22
-21
-20
-29
-28
-21
-15
-22
-31
-47
-45
-41
-29
-8
9
11
-17
-26
-25
-23
-19
-14
-17
-14
-12
-25
-21
-7
0
2
21
38
38
37
43
47
44
58
61
42
23
26
17
5
19
24
24
17
2
-9
-7
-15
-25
-24
-32
-38
-43
-49
-66
-70
-57
-71
-76
-65
-68
-65
-58
-58
-53
-58
-57
-56
-51
-26
-32
-27
-44
-62
-60
-55
-54
-49
-36
-33
-37
-38
-30
-25
-20
0
0
-15
-12
-18
-5
21
45
62
69
81
90
89
89
87
79
70
80
83
81
91
88
90
85
81
82
75
62
55
60
60
44
37
28
13
5
-2
-14
-18
-17
-26
-17
-2
7
16
10
-1
-20
-36
-35
-42
-41
-43
-46
-37
-39
-32
