SAMPLES:	6475
BITSPERSAMPLE:	16
CHANNELS:	1
SAMPLERATE:	16000
NORMALIZED:	FALSE
19
10
13
20
18
17
10
8
3
-3
-7
10
10
2
0
-4
-18
-15
-2
9
3
-3
-3
-9
-12
-10
-3
-4
-11
-6
-1
-14
-27
-25
-26
-33
-29
-15
-4
-5
-6
-2
-6
-16
-18
-14
-18
-10
0
4
-3
-8
-18
-13
1
4
5
9
12
3
0
12
13
7
6
3
0
-11
-10
-4
1
-5
-1
8
15
17
22
24
21
7
-6
-4
2
4
-7
-6
-1
4
-5
1
11
7
-2
-2
1
3
4
3
7
10
9
-2
2
4
-9
-10
-4
3
3
0
5
5
-2
6
19
25
21
14
5
-3
-3
3
15
19
20
12
1
-1
-3
-6
-2
-4
-1
-3
-9
0
3
-5
-8
-1
-6
-7
-2
5
2
1
2
0
-7
0
2
-2
4
6
2
1
3
7
7
-2
-3
-10
-17
-29
-31
-33
-37
-35
-28
-17
-8
-8
-13
-20
-20
-20
-18
-12
-11
-15
-20
-23
-15
-9
-7
-3
-3
3
13
21
20
13
13
18
13
13
17
16
15
16
23
28
29
23
17
17
19
23
27
33
30
27
30
38
43
41
30
22
16
-1
-11
-15
-17
-25
-26
-18
-11
-9
-6
-2
-9
-22
-28
-27
-21
-28
-39
-40
-44
-54
-51
-32
-22
-23
-12
1
-5
-6
-17
-26
-25
-27
-34
-34
-27
-32
-26
-10
-5
1
12
15
12
24
43
57
68
72
77
80
90
108
120
126
130
122
105
90
80
79
73
76
73
57
43
23
-10
-50
-82
-106
-128
-142
-146
-143
-142
-137
-120
-107
-92
-75
-57
-57
-61
-82
-118
-150
-185
-217
-238
-254
-260
-258
-256
-230
-191
-155
-128
-97
-77
-82
-94
-96
-87
13
278
593
861
1080
1247
1267
1121
934
775
565
213
-193
-489
-679
-811
-845
-715
-442
-169
63
313
555
618
492
355
270
159
20
-75
-87
-105
-182
-246
-252
-291
-448
-656
-768
-785
-826
-848
-761
-609
-528
-506
-443
-365
-370
-469
-551
-561
-519
-483
-373
-148
89
212
271
588
1065
1520
1916
2248
2400
2206
1770
1413
1161
805
248
-316
-733
-1104
-1395
-1456
-1228
-803
-358
167
800
1233
1287
1033
753
497
176
-69
-151
-114
-185
-266
-200
-121
-262
-627
-1013
-1267
-1482
-1737
-1811
-1610
-1344
-1148
-924
-598
-327
-273
-333
-358
-390
-563
-746
-702
-505
-360
-361
-328
-236
66
743
1761
2857
3810
4283
4228
3739
3132
2393
1398
184
-1174
-2367
-3218
-3593
-3454
-2752
-1663
-454
730
1747
2401
2479
2026
1326
614
34
-327
-408
-310
-129
33
90
21
-281
-854
-1567
-2155
-2523
-2653
-2592
-2229
-1678
-1142
-691
-324
-32
-18
-278
-594
-830
-1079
-1279
-1223
-894
-576
-381
-264
-223
195
1112
2357
3605
4772
5447
5267
4320
3300
2278
956
-571
-2058
-3188
-3954
-4219
-3832
-2752
-1409
-98
1146
2371
3125
3061
2427
1574
814
115
-282
-289
-35
163
164
183
235
-98
-842
-1584
-2098
-2402
-2560
-2315
-1672
-1043
-658
-374
-24
262
181
-111
-320
-481
-685
-970
-1031
-926
-850
-914
-833
-841
-788
-27
1419
3108
4563
5745
6162
5525
4095
2653
1181
-459
-2379
-3949
-4789
-4864
-4368
-3362
-1709
6
1416
2487
3288
3426
2824
1730
657
-67
-477
-628
-528
-191
44
33
-53
-157
-659
-1574
-2400
-2782
-2750
-2487
-1936
-1120
-426
-146
-42
62
37
-280
-672
-905
-902
-933
-1059
-1105
-1027
-1031
-1134
-1229
-1247
-616
746
2663
4405
5768
6438
5985
4307
2433
835
-626
-2342
-4032
-4906
-4994
-4406
-3391
-1710
190
1706
2672
3362
3600
3169
2052
763
-146
-565
-632
-496
-191
62
145
-27
-169
-476
-1136
-1939
-2422
-2455
-2104
-1627
-918
-220
118
122
122
247
182
-107
-452
-574
-633
-742
-943
-1093
-1165
-1310
-1433
-1585
-1231
36
2007
4074
5761
6941
6947
5471
3131
1172
-518
-2151
-3822
-4865
-5079
-4624
-3625
-2059
-168
1495
2467
3040
3490
3341
2493
1235
295
-292
-539
-504
-244
-15
-84
-338
-539
-608
-962
-1590
-2115
-2232
-2022
-1607
-973
-228
148
35
-108
-113
-125
-252
-385
-504
-537
-695
-903
-1092
-1214
-1341
-1563
-1602
-1520
-615
1222
3503
5454
6813
7239
6216
3924
1483
-376
-1998
-3467
-4696
-5119
-4784
-3898
-2661
-984
819
2188
2912
3320
3425
2881
1732
473
-325
-711
-811
-768
-576
-411
-588
-808
-834
-836
-1233
-1848
-2131
-1965
-1735
-1363
-737
-82
187
46
-7
116
104
-182
-408
-503
-596
-911
-1271
-1508
-1640
-1842
-1910
-1806
-1201
501
2829
5202
6917
7692
7115
5044
2176
-119
-1756
-3039
-4219
-4949
-4870
-4229
-3213
-1877
-150
1531
2619
3191
3505
3370
2539
1183
-79
-766
-966
-928
-745
-458
-379
-594
-749
-727
-903
-1388
-1897
-2057
-1834
-1414
-774
5
499
494
351
394
485
324
-19
-333
-599
-922
-1326
-1573
-1666
-1752
-1838
-1724
-1383
-151
2038
4503
6434
7576
7527
5917
3081
325
-1524
-2956
-4145
-4925
-4963
-4444
-3537
-2266
-633
1046
2222
2895
3327
3408
2719
1496
228
-668
-1113
-1100
-827
-478
-288
-422
-571
-531
-572
-985
-1530
-1891
-1922
-1728
-1161
-347
265
443
400
445
557
481
217
-14
-313
-692
-1068
-1355
-1598
-1728
-1798
-1674
-1472
-730
1169
3751
6012
7294
7660
6656
4183
966
-1323
-2586
-3498
-4470
-4964
-4616
-3777
-2770
-1472
349
2115
3076
3383
3493
3129
1950
270
-1044
-1528
-1484
-1261
-915
-417
-229
-417
-603
-634
-844
-1470
-2125
-2332
-2077
-1557
-754
109
673
783
679
615
582
304
-128
-588
-966
-1322
-1688
-1950
-2040
-1989
-1931
-1624
-1088
510
2918
5395
7101
7866
7286
5114
1922
-764
-2281
-3339
-4083
-4564
-4437
-3990
-3268
-2072
-338
1500
2819
3529
3827
3561
2521
1058
-419
-1296
-1613
-1387
-911
-360
-53
-85
-226
-425
-703
-1245
-1746
-2045
-1959
-1603
-801
82
678
791
675
661
548
312
23
-271
-632
-1101
-1571
-1871
-2098
-2128
-2078
-1704
-1311
-235
1974
4665
6812
7860
7707
6062
3059
-130
-2039
-3068
-3711
-4403
-4742
-4399
-3607
-2528
-998
956
2575
3418
3697
3607
2852
1474
-147
-1258
-1615
-1351
-790
-214
238
169
-219
-557
-795
-1221
-1807
-2259
-2285
-1931
-1314
-407
392
752
657
449
289
116
-137
-383
-617
-875
-1224
-1591
-1837
-2019
-2134
-2064
-1771
-979
1140
3960
6365
7623
7821
6589
3729
242
-1947
-2796
-3480
-4219
-4539
-4044
-3350
-2658
-1358
641
2513
3504
3842
4042
3532
2051
267
-1052
-1566
-1563
-1247
-583
80
312
-20
-381
-525
-939
-1762
-2465
-2527
-2158
-1625
-727
442
1082
940
534
429
435
207
-125
-295
-475
-976
-1574
-2020
-2236
-2386
-2415
-1950
-1235
405
3008
5807
7645
8262
7467
5141
1714
-1267
-2758
-3411
-3742
-4089
-4006
-3546
-2829
-1901
-393
1466
3078
3885
4184
3897
2772
1036
-755
-1790
-1961
-1497
-867
-257
37
-167
-799
-1290
-1589
-1985
-2482
-2732
-2421
-1830
-1107
-203
678
864
639
287
102
45
-184
-474
-762
-1043
-1491
-1902
-2246
-2382
-2381
-1993
-1435
-234
2151
4938
7186
8114
7828
6033
2971
-371
-2270
-3024
-3257
-3508
-3618
-3417
-2962
-2330
-1186
603
2386
3647
4219
4247
3376
1795
-106
-1526
-1977
-1680
-962
-243
221
96
-436
-1128
-1690
-2201
-2657
-2857
-2587
-1914
-1008
75
985
1338
1095
681
327
131
-44
-255
-537
-939
-1429
-1929
-2346
-2556
-2474
-2092
-1362
-471
1418
4192
6765
7935
7781
6565
4169
886
-1629
-2478
-2745
-3133
-3663
-3597
-3056
-2444
-1801
-369
1619
3234
4006
4243
3866
2521
591
-1150
-1902
-1732
-1138
-498
46
137
-433
-1251
-1867
-2218
-2559
-2738
-2427
-1701
-996
-348
444
923
723
235
34
156
223
48
-192
-568
-1136
-1841
-2338
-2513
-2451
-2214
-1628
-829
427
2747
5391
7448
8146
7449
5337
2077
-1127
-2719
-3060
-3006
-3021
-3138
-3149
-3132
-2800
-1732
145
2204
3797
4588
4494
3392
1555
-358
-1777
-2123
-1628
-735
-26
236
-122
-902
-1815
-2505
-2822
-2762
-2304
-1625
-834
-29
715
1122
958
446
73
-125
-184
-203
-262
-513
-1025
-1659
-2169
-2528
-2719
-2580
-1969
-1148
-143
1931
4714
7087
8002
7572
5970
3176
-205
-2347
-2846
-2730
-2856
-3225
-3321
-3194
-3039
-2407
-708
1568
3488
4527
4788
4063
2237
-15
-1780
-2388
-2011
-1148
-224
394
327
-428
-1438
-2227
-2688
-2797
-2415
-1563
-567
256
856
1193
1095
531
35
-130
79
311
302
22
-494
-1187
-1897
-2414
-2616
-2403
-1864
-980
-212
1145
3453
5896
7403
7554
6548
4489
1385
-1332
-2333
-2363
-2386
-2883
-3375
-3642
-3674
-3378
-2070
159
2427
3934
4557
4193
2720
704
-1053
-1903
-1679
-826
121
624
415
-433
-1573
-2583
-3065
-2911
-2258
-1262
-246
411
765
965
901
518
178
144
238
329
291
23
-566
-1342
-2150
-2569
-2665
-2510
-2001
-1104
-341
493
2308
4783
6836
7456
6832
5161
2456
-641
-2385
-2595
-2377
-2615
-3171
-3615
-3781
-3756
-3063
-1151
1345
3430
4543
4562
3412
1470
-569
-1836
-1801
-918
165
892
903
34
-1309
-2704
-3528
-3530
-2848
-1656
-376
542
986
1035
840
490
56
-75
88
415
535
252
-418
-1243
-2048
-2556
-2646
-2381
-1827
-1094
-354
116
1231
3282
5517
7026
7215
6152
3865
796
-1579
-2267
-2077
-1992
-2477
-3251
-3844
-4143
-3782
-2190
288
2720
4432
4981
4245
2370
263
-1229
-1656
-1013
102
973
1096
327
-1114
-2510
-3577
-3787
-3040
-1699
-260
744
1047
997
787
410
151
138
297
473
495
269
-218
-1059
-1969
-2549
-2642
-2433
-1946
-1315
-497
42
519
2158
4495
6470
7074
6375
4689
2058
-662
-1903
-1793
-1565
-1934
-2875
-3719
-4151
-4117
-3135
-971
1574
3677
4720
4469
3079
1047
-683
-1376
-901
186
1174
1419
754
-651
-2158
-3482
-4075
-3642
-2489
-933
312
937
961
586
185
-26
27
330
654
838
715
59
-973
-1961
-2668
-2827
-2529
-1988
-1279
-621
-95
41
795
2772
5000
6460
6573
5725
3751
995
-1156
-1581
-1255
-1488
-2336
-3202
-3789
-4103
-3853
-2463
-151
2012
3522
4019
3397
1768
24
-875
-599
385
1267
1603
1153
-21
-1606
-2911
-3784
-3713
-2834
-1470
-65
647
611
175
-187
-298
-34
358
821
1027
781
207
-667
-1611
-2339
-2588
-2341
-1738
-1131
-674
-249
-89
106
1501
3662
5715
6695
6248
4902
2552
115
-1090
-1025
-897
-1351
-2262
-3205
-3794
-3977
-3338
-1591
627
2549
3740
3718
2615
990
-243
-513
239
1295
1984
1830
770
-845
-2343
-3451
-4018
-3597
-2446
-926
192
460
192
-262
-649
-637
-66
670
1218
1224
682
-188
-1257
-2308
-2810
-2571
-1943
-1280
-719
-273
-39
-282
105
2070
4393
6056
6395
5651
3953
1396
-580
-942
-427
-508
-1311
-2384
-3269
-3898
-4038
-3111
-1106
968
2505
3252
2768
1407
-113
-773
-130
1173
2139
2347
1626
62
-1743
-3221
-3897
-3764
-2908
-1496
-140
419
19
-730
-1023
-817
-237
695
1432
1614
1033
20
-1041
-1916
-2492
-2408
-1622
-704
-213
-108
-221
-225
-446
128
2318
4679
6177
6061
5094
3360
1103
-556
-566
242
298
-549
-1725
-2687
-3513
-3871
-3262
-1416
483
1836
2343
1948
839
-423
-851
-5
1486
2448
2638
1818
223
-1725
-3270
-3993
-3812
-2969
-1632
-324
207
-179
-1001
-1328
-1190
-559
400
1313
1640
1108
-18
-1147
-2012
-2481
-2146
-1135
-54
498
493
195
-135
-533
-484
1134
3504
5298
5857
5158
3743
1709
-133
-562
246
802
349
-677
-1709
-2625
-3354
-3408
-2346
-726
554
1384
1679
1258
310
-406
-95
1057
2029
2339
1929
815
-876
-2540
-3339
-3182
-2446
-1359
-426
-9
-353
-1224
-1690
-1458
-766
85
773
1055
714
-191
-1111
-1751
-1927
-1632
-780
225
785
728
245
-405
-875
-992
249
2514
4448
5284
4504
3254
1578
97
-263
580
1380
1166
116
-1098
-2054
-2964
-3414
-2926
-1659
-452
628
1283
1217
460
-287
-169
847
1947
2476
2304
1354
-279
-1898
-2631
-2490
-1773
-980
-316
-111
-616
-1496
-1990
-1582
-803
-78
523
756
476
-283
-1019
-1399
-1426
-1097
-329
606
1016
748
140
-560
-939
-986
-478
1348
3416
4592
4373
3151
1738
523
-24
742
1876
2020
1055
-480
-1602
-2382
-2813
-2832
-2267
-1399
-459
517
952
573
-166
-462
163
1272
2135
2304
1540
167
-1144
-1743
-1538
-949
-555
-296
-428
-917
-1635
-2136
-1739
-961
-319
57
32
-362
-892
-1341
-1263
-867
-331
147
743
1166
926
140
-589
-880
-745
-545
184
2084
3501
3871
3005
1943
1240
639
792
1995
3033
2439
662
-1177
-2203
-2766
-2886
-2559
-1660
-738
-17
587
711
191
-522
-542
365
1582
2147
1877
965
-237
-1236
-1386
-965
-243
-16
-107
-438
-1185
-1860
-2191
-1594
-719
-335
-460
-823
-1252
-1389
-1372
-778
-13
416
701
980
923
329
-446
-893
-809
-499
-251
150
1569
2500
2794
2357
1622
1340
1072
1353
2470
3246
2374
481
-1455
-2345
-2556
-2383
-1966
-1178
-539
-138
287
250
-203
-776
-696
165
1262
1764
1678
1110
244
-617
-904
-674
-101
207
170
-35
-722
-1516
-2060
-1760
-1119
-794
-903
-1136
-1248
-1173
-924
-347
302
659
741
653
448
83
-368
-671
-490
-223
-98
-268
580
1824
2432
2610
2020
1759
1549
1410
2073
2768
2201
431
-1453
-2372
-2253
-1742
-1202
-644
-306
-429
-375
-291
-394
-577
-623
-239
533
1233
1536
1402
840
-36
-584
-558
12
640
732
505
-288
-1267
-2082
-2294
-1799
-1310
-972
-833
-857
-895
-913
-681
-123
359
427
258
161
128
49
-55
56
-17
-327
-689
-630
763
1993
2580
2624
2056
1614
1192
1240
2008
2415
1506
-15
-1270
-1614
-1245
-760
-469
-444
-733
-1029
-658
-208
-163
-500
-752
-500
198
814
1144
1014
250
-462
-501
-105
670
983
776
283
-753
-1743
-2389
-2244
-1541
-925
-530
-535
-834
-1036
-1032
-719
-231
32
-12
-144
-140
-21
18
-127
-268
-410
-423
-544
-579
782
2203
2955
2822
1667
862
406
547
1636
2590
2056
520
-926
-1326
-765
-327
-428
-705
-927
-968
-415
26
-148
-685
-1140
-961
-91
657
1015
1087
809
467
349
448
685
869
648
392
-167
-1116
-1735
-1716
-1016
-323
-146
-464
-973
-1343
-1273
-755
-286
-94
-256
-338
-182
-5
-43
-181
-261
-162
-118
-102
-263
577
1861
2492
2239
978
150
104
658
1920
2936
2550
911
-860
-1439
-885
-142
-13
-245
-572
-953
-908
-749
-769
-1003
-1190
-1045
-350
351
901
1077
983
647
377
292
561
944
1095
929
360
-398
-1186
-1476
-1038
-449
-265
-628
-1143
-1319
-1320
-1098
-794
-535
-550
-685
-493
-157
106
-11
-142
-102
-118
-373
-561
-791
39
1132
1590
1477
737
445
543
1111
2168
2898
2387
1006
-292
-652
-147
380
447
-101
-934
-1583
-1546
-997
-537
-545
-845
-931
-460
192
850
1175
1042
650
544
733
930
1111
932
476
-9
-533
-934
-973
-785
-551
-622
-1142
-1591
-1733
-1496
-1010
-793
-678
-610
-614
-459
-342
-148
-224
-462
-662
-854
-1058
-1191
-1439
-862
775
1689
1755
1005
571
978
1576
2389
3378
3368
2147
554
-320
-127
433
488
-129
-697
-1248
-1292
-736
-211
-60
-497
-869
-587
158
871
1307
1309
1028
703
553
592
870
846
674
220
-265
-693
-911
-667
-475
-496
-878
-1201
-1069
-701
-354
-336
-694
-998
-1081
-914
-648
-588
-789
-1216
-1453
-1547
-1386
-1194
-1001
-1020
-700
717
1610
2029
1868
1612
1999
2225
2560
3089
2823
1636
135
-692
-343
463
679
85
-590
-1129
-1195
-602
-102
93
-207
-548
-289
424
838
911
678
365
205
315
414
548
352
-175
-366
-373
-233
-227
-83
207
158
-195
-581
-737
-733
-784
-983
-1185
-1478
-1839
-2110
-2165
-1972
-1850
-1907
-1953
-1788
-1422
-1016
-746
-629
-589
592
1920
2595
2350
1487
1170
1182
1546
2311
2788
2127
847
-179
-164
672
1185
820
84
-358
-381
106
356
318
-80
-616
-723
-186
326
467
274
23
-13
21
50
184
479
568
713
660
540
508
484
609
489
31
-597
-990
-1011
-958
-1227
-1904
-2552
-2696
-2402
-1904
-1635
-1710
-1864
-1757
-1263
-526
-79
44
-193
-472
-541
514
1565
1830
1620
1162
1157
1376
1838
2888
3463
2852
1641
709
787
1553
2093
1769
816
-147
-730
-476
79
370
109
-619
-1208
-1160
-827
-445
-196
-165
-146
9
265
536
768
534
296
182
246
478
585
422
-235
-1134
-1760
-1760
-1426
-1276
-1585
-2141
-2516
-2352
-1947
-1506
-1342
-1312
-1339
-1162
-947
-847
-826
-904
-994
-1124
-1256
-927
540
1730
2150
1631
1132
1234
1839
2841
4119
4306
3178
1667
803
1020
1638
1898
1399
451
-241
-482
-141
-51
-259
-737
-1025
-948
-416
126
348
166
-160
-422
-214
154
566
683
496
214
-284
-462
-534
-438
-427
-721
-983
-1025
-922
-925
-1100
-1432
-1769
-1927
-1755
-1363
-1185
-1389
-1743
-2083
-1993
-1782
-1368
-917
-704
-829
-1149
-1239
-781
940
2337
2714
2163
1598
1735
2373
3233
4074
3966
2675
1228
785
1267
2066
2209
1427
294
-431
-411
307
767
624
-33
-685
-903
-587
-182
66
-136
-633
-1033
-1013
-906
-689
-534
-681
-797
-905
-768
-425
-88
77
-47
-556
-998
-1043
-894
-722
-866
-1399
-1830
-2132
-2037
-1644
-1286
-1075
-1135
-1318
-1339
-1200
-754
-317
-96
-270
-466
-463
-52
1384
2390
2558
1910
1315
1517
2143
3008
3885
3755
2536
1252
1026
1612
2278
2388
1840
982
302
143
505
642
236
-548
-1196
-1532
-1451
-1133
-960
-1065
-1412
-1661
-1470
-1044
-687
-607
-839
-1077
-1061
-777
-349
-113
-144
-493
-1029
-1144
-897
-417
-207
-351
-625
-885
-1151
-1021
-641
-400
-444
-779
-1014
-989
-709
-400
-284
-461
-637
-756
-585
-469
217
1321
1748
1639
1227
1303
1713
2162
2844
3461
3038
2126
1506
1559
2010
2349
2150
1289
155
-360
-225
343
404
17
-689
-1243
-1453
-1243
-921
-851
-1248
-1714
-1684
-1418
-1299
-1290
-1455
-1527
-1452
-1127
-655
-346
-147
-163
-243
-349
-344
-131
98
269
182
-113
-424
-499
-286
-59
-70
-398
-878
-1127
-1104
-878
-799
-828
-818
-732
-615
-445
-432
313
1324
1713
1570
1328
1457
1787
2085
2598
3111
2595
1592
1084
1379
1976
2458
2304
1662
732
199
257
820
791
267
-613
-1284
-1585
-1546
-1527
-1703
-2140
-2437
-2320
-1801
-1454
-1286
-1430
-1665
-1537
-1246
-871
-499
-164
15
23
76
124
281
475
495
176
-279
-344
-210
57
126
-39
-350
-745
-737
-385
-135
-220
-643
-785
-707
-376
-335
-436
-719
-252
492
991
1119
1079
1303
1566
1722
2308
2809
2498
1894
1582
1843
2163
2330
2030
1405
734
404
428
665
466
123
-458
-836
-1151
-1454
-1652
-1678
-1776
-1845
-1862
-1698
-1630
-1307
-1174
-1036
-966
-890
-803
-606
-311
-131
-152
-186
-109
84
145
246
277
51
-20
-88
-49
6
59
21
-192
-569
-1005
-1134
-909
-746
-616
-695
-627
-735
-753
-889
-350
467
936
988
947
1003
1101
1109
1613
2397
2366
1752
1231
1635
2364
2883
2752
2093
1220
663
590
995
973
455
-341
-813
-957
-950
-975
-1093
-1379
-1668
-1833
-1748
-1710
-1564
-1524
-1511
-1602
-1683
-1506
-1162
-663
-361
-382
-415
-397
-172
65
182
192
54
-125
-281
-90
234
449
313
2
-311
-450
-369
-305
-262
-370
-523
-661
-706
-838
-984
-1060
-719
370
989
1131
919
943
1025
1202
1528
2341
2444
2018
1546
1713
2039
2377
2403
2132
1608
1155
944
1092
1041
521
-151
-701
-914
-1013
-1093
-1211
-1414
-1723
-1811
-1716
-1657
-1738
-1656
-1585
-1452
-1455
-1529
-1586
-1390
-1025
-645
-439
-368
-321
-100
160
473
613
630
404
373
441
545
462
186
-56
-333
-621
-634
-457
-215
-252
-479
-730
-891
-1141
-1139
-1117
-485
592
1001
882
551
619
936
1223
1674
2362
2274
1788
1465
1856
2230
2452
2258
1812
1344
1143
1229
1426
1081
364
-324
-623
-708
-822
-1048
-1402
-1711
-1993
-2003
-1816
-1752
-1846
-1895
-1916
-1758
-1617
-1321
-1000
-689
-604
-504
-364
-189
124
465
671
754
754
886
990
1005
813
544
346
37
-162
-267
-265
-197
-242
-247
-278
-471
-739
-893
-784
-725
-705
-804
-320
284
582
419
199
422
761
970
1586
2286
2152
1295
745
1213
1836
2036
1699
1298
854
593
649
879
614
-52
-785
-931
-774
-792
-1136
-1478
-1742
-1973
-1917
-1737
-1708
-1799
-1757
-1435
-1014
-688
-335
-84
109
76
54
158
219
431
540
587
704
710
718
720
602
439
247
-5
-307
-404
-250
-126
-222
-469
-816
-1037
-1023
-781
-588
-436
-511
-694
-994
-727
97
465
315
41
73
297
540
1080
1846
1865
1301
790
1087
1659
2091
2156
1863
1320
779
394
387
291
121
-112
-251
-361
-569
-730
-779
-806
-904
-924
-802
-773
-699
-533
-437
-290
-256
-272
-335
-260
-196
-252
-240
-199
-161
-97
39
223
144
-20
-112
49
227
311
261
30
-192
-380
-401
-340
-414
-653
-919
-1000
-945
-955
-904
-900
-1027
-1142
-1103
-818
168
951
1094
713
358
279
456
867
1561
1943
1547
939
817
1202
1644
1912
1866
1582
1115
814
790
994
941
681
342
186
60
-103
-356
-536
-695
-837
-814
-789
-945
-1132
-1248
-1119
-931
-898
-913
-882
-765
-694
-604
-448
-410
-493
-656
-694
-657
-662
-543
-345
-279
-516
-800
-893
-784
-660
-499
-434
-519
-679
-705
-646
-526
-597
-641
-549
-386
-277
-210
-265
108
888
1222
1057
719
743
861
1087
1572
2294
2320
1767
1367
1633
2040
2318
2239
1916
1453
1105
1052
1190
1149
687
190
-66
-56
-75
-185
-429
-701
-923
-897
-766
-837
-1175
-1405
-1453
-1364
-1281
-1386
-1529
-1542
-1473
-1411
-1334
-1222
-1082
-992
-910
-780
-710
-736
-773
-636
-429
-301
-294
-214
-65
22
88
177
220
124
0
23
61
86
226
433
499
396
232
221
216
705
1387
1538
1133
686
556
671
956
1460
1922
1690
1056
556
742
1202
1696
1842
1717
1324
942
717
870
984
842
530
172
-120
-400
-592
-640
-651
-807
-1020
-1210
-1370
-1516
-1549
-1603
-1589
-1703
-1833
-1858
-1737
-1552
-1476
-1413
-1285
-1225
-1231
-1114
-750
-524
-397
-235
11
203
332
457
608
673
576
522
657
737
656
498
371
342
257
305
366
245
4
-237
-409
-451
-1
523
644
334
-52
-127
104
483
1111
1611
1430
924
613
832
1274
1534
1574
1613
1535
1304
1059
996
839
619
419
360
238
-85
-503
-760
-885
-951
-1036
-1241
-1591
-1891
-2008
-1930
-1681
-1580
-1660
-1754
-1602
-1414
-1199
-1030
-806
-578
-422
-196
77
283
412
559
675
729
676
603
612
754
772
672
535
382
227
122
66
-3
-104
-251
-379
-392
-446
-514
-665
-756
-767
-416
102
399
343
138
72
207
485
1011
1636
1785
1503
1130
1132
1340
1634
1754
1741
1536
1251
923
747
606
432
185
-25
-161
-517
-985
-1285
-1281
-1200
-1131
-1154
-1288
-1427
-1442
-1347
-1113
-1036
-1045
-1008
-891
-684
-577
-502
-382
-114
117
226
332
353
352
323
311
452
460
325
132
11
-53
-101
-140
-167
-183
-285
-470
-687
-776
-701
-540
-362
-155
-83
-172
-367
-421
-407
-120
395
749
787
574
440
525
677
916
1360
1561
1489
1168
918
847
971
1131
1311
1449
1369
993
557
273
171
219
296
298
46
-340
-657
-795
-799
-753
-690
-686
-717
-792
-914
-1026
-1091
-1009
-821
-638
-519
-566
-705
-769
-742
-568
-392
-225
-237
-311
-349
-434
-413
-279
-90
18
4
-120
-320
-424
-356
-134
117
251
151
-106
-263
-278
-125
58
203
254
168
83
60
49
19
29
333
665
887
865
705
563
555
685
1001
1369
1499
1263
977
878
894
937
935
1060
1113
988
726
493
284
93
-65
-110
-148
-261
-565
-839
-983
-1082
-1117
-1110
-999
-926
-963
-1095
-1220
-1301
-1374
-1283
-1015
-848
-821
-869
-898
-806
-650
-514
-417
-428
-444
-381
-259
-139
-65
-48
-88
-107
-47
17
24
-11
-13
27
81
107
131
183
193
278
346
444
540
565
630
637
629
595
533
494
612
943
1204
1218
1016
795
651
634
747
1007
1175
1130
908
737
653
613
543
557
694
819
743
529
273
-20
-218
-257
-208
-228
-356
-635
-894
-1066
-1112
-1106
-1050
-975
-948
-1020
-1138
-1191
-1180
-1038
-902
-850
-823
-779
-680
-592
-531
-476
-458
-466
-348
-153
-79
-83
-71
11
142
272
398
464
472
488
501
512
551
572
578
550
537
448
328
231
270
331
375
399
375
331
288
215
202
212
267
435
559
605
447
205
8
-8
111
309
430
465
296
143
83
72
86
34
-5
49
56
-53
-207
-355
-499
-650
-681
-693
-709
-805
-908
-933
-949
-943
-937
-888
-718
-504
-326
-254
-265
-281
-195
-29
78
140
77
2
44
171
324
364
316
270
264
259
247
225
144
39
-17
19
153
169
22
-91
-104
-44
42
95
114
111
33
-7
64
181
294
363
367
280
184
92
54
58
36
-32
-49
42
112
100
-50
-148
-209
-216
-129
4
95
83
-12
-50
-21
58
127
207
296
395
450
476
531
529
472
386
397
451
502
462
384
347
351
367
349
282
208
152
82
34
12
-99
-231
-323
-340
-345
-406
-439
-471
-510
-537
-625
-624
-549
-505
-467
-357
-306
-332
-367
-324
-211
-174
-176
-156
-63
-10
-78
-146
-77
-71
-55
-75
-46
-85
-231
-269
-218
-251
-304
-387
-427
-443
-426
-376
-359
-416
-416
-299
-161
-33
40
99
166
306
485
698
867
956
966
992
1056
1119
1126
1110
1117
1214
1226
1156
976
754
591
413
290
242
162
12
-170
-260
-290
-383
-511
-619
-707
-751
-779
-797
-823
-894
-902
-832
-752
-679
-638
-577
-480
-400
-411
-401
-399
-382
-350
-321
-300
-353
-414
-393
-309
-258
-272
-355
-396
-386
-330
-279
-216
-162
-140
-166
-144
-118
-68
-45
20
130
160
164
186
192
205
222
222
277
348
417
518
611
742
792
750
817
903
874
843
826
851
820
775
730
673
632
559
511
509
517
509
508
476
390
232
30
-70
-130
-185
-230
-270
-299
-330
-335
-339
-333
-345
-309
-239
-180
-164
-216
-287
-333
-367
-379
-374
-423
-464
-471
-485
-499
-582
-653
-706
-776
-799
-832
-840
-806
-770
-714
-620
-588
-556
-536
-431
-285
-205
-104
-58
-66
-34
48
126
208
259
264
340
407
494
481
456
383
349
347
367
435
457
430
407
390
331
351
387
478
532
457
469
567
621
685
722
775
794
797
806
828
807
745
696
610
558
562
503
387
300
213
98
-18
-115
-196
-285
-412
-550
-636
-724
-767
-805
-906
-1037
-1180
-1244
-1264
-1203
-1156
-1145
-1169
-1197
-1165
-1139
-1076
-995
-943
-882
-778
-673
-640
-585
-513
-450
-339
-210
-119
-46
32
116
165
254
316
383
414
421
473
548
556
627
733
814
884
835
765
710
731
782
830
865
864
832
772
782
857
909
941
938
958
955
877
766
711
707
686
623
530
476
417
334
257
159
47
-72
-205
-283
-382
-531
-697
-835
-884
-896
-944
-990
-1018
-1063
-1071
-1072
-1059
-1062
-1067
-1095
-1067
-973
-862
-739
-639
-564
-511
-427
-360
-251
-104
13
79
140
138
132
183
274
351
361
348
338
293
334
381
433
427
339
257
247
282
295
296
189
175
194
207
257
287
297
344
293
258
232
204
161
101
94
136
200
252
266
196
133
32
-39
-43
-2
-15
-46
-85
-146
-231
-321
-368
-357
-379
-377
-340
-354
-380
-392
-364
-348
-328
-310
-271
-250
-177
-94
-24
80
166
236
294
333
350
417
491
544
578
569
544
541
505
431
411
362
295
203
147
143
114
41
-34
-75
-120
-213
-279
-250
-254
-324
-409
-393
-331
-271
-263
-250
-238
-211
-183
-155
-122
-169
-284
-352
-360
-254
-196
-190
-170
-151
-166
-193
-228
-239
-225
-268
-286
-303
-362
-373
-314
-242
-188
-137
-96
-29
85
204
282
364
457
546
619
666
703
710
719
747
809
832
796
716
664
666
661
659
658
654
599
522
421
336
208
61
-21
-34
-67
-150
-277
-362
-430
-535
-623
-634
-620
-663
-645
-585
-544
-526
-498
-499
-477
-532
-606
-677
-687
-640
-627
-653
-652
-686
-665
-616
-614
-595
-624
-606
-552
-446
-364
-328
-311
-286
-183
-137
-84
-29
50
109
181
262
355
414
391
405
464
537
634
704
770
885
935
932
913
932
965
980
911
899
830
713
641
641
615
547
462
408
378
349
295
241
170
74
10
-23
15
9
-14
-82
-144
-198
-240
-264
-269
-252
-281
-322
-347
-389
-455
-508
-538
-542
-581
-615
-615
-657
-682
-742
-834
-876
-865
-804
-740
-687
-660
-625
-614
-576
-490
-392
-332
-328
-227
-122
-25
110
246
362
446
499
533
536
553
545
506
512
525
576
574
568
527
475
432
379
326
313
287
196
116
86
118
73
24
86
123
68
31
73
144
167
193
213
205
175
163
191
236
241
228
197
172
165
117
90
69
59
46
0
-47
-75
-116
-175
-220
-264
-338
-404
-421
-386
-369
-413
-468
-478
-459
-445
-434
-405
-409
-425
-432
-382
-354
-313
-281
-237
-201
-182
-191
-228
-242
-217
-170
-133
-81
-71
-79
-76
-55
-19
-28
-21
31
72
91
85
48
31
96
178
217
237
256
250
247
266
306
365
380
312
300
315
306
310
322
342
393
390
342
368
355
321
327
309
295
267
237
228
240
185
163
154
143
132
145
154
145
138
67
6
8
20
5
12
12
42
47
2
-12
-27
-39
-47
-82
-93
-116
-161
-233
-243
-240
-309
-361
-366
-383
-404
-411
-416
-454
-460
-445
-441
-434
-451
-440
-472
-472
-455
-428
-413
-372
-314
-248
-221
-209
-125
-18
-7
-35
19
91
122
157
235
309
309
296
258
325
368
333
320
349
328
256
172
165
177
132
157
199
192
191
181
152
143
133
139
152
208
220
183
134
95
91
92
88
99
80
60
48
79
100
103
57
27
4
12
-5
-57
-61
-66
-97
-141
-134
-165
-220
-223
-222
-223
-253
-263
-273
-261
-265
-235
-173
-129
-141
-153
-191
-205
-184
-134
-131
-151
-183
-233
-257
-287
-267
-267
-224
-185
-97
-104
-45
-40
-93
-69
-92
-59
-25
2
-21
-20
17
66
54
82
142
142
195
252
303
357
408
439
450
450
477
456
438
457
451
440
418
413
369
370
327
274
254
258
270
279
261
254
241
160
150
156
119
136
138
153
162
148
111
79
23
-26
-116
-172
-195
-193
-207
-191
-231
-240
-267
-278
-297
-370
-362
-394
-428
-465
-482
-532
-511
-503
-499
-452
-434
-455
-444
-418
-383
-375
-394
-387
-362
-362
-345
-267
-209
-154
-103
-24
-5
0
-20
-62
14
47
107
176
277
329
288
265
255
259
236
265
313
342
340
302
316
348
328
287
291
280
234
196
219
273
195
152
149
169
166
168
151
117
64
58
93
88
87
38
29
10
19
5
25
1
-55
-85
-88
-96
-92
-113
-136
-135
-187
-242
-307
-331
-265
-208
-189
-156
-167
-161
-202
-221
-203
-225
-229
-241
-251
-279
-255
-267
-201
-152
-128
-94
-78
-114
-116
-69
-33
3
5
65
78
29
32
66
82
96
109
152
194
109
83
36
53
118
173
203
246
133
117
131
127
202
266
307
312
308
290
285
268
318
284
270
238
274
280
255
274
272
202
176
212
208
197
109
87
97
51
1
28
32
31
-26
-68
-121
-101
-70
-79
-53
-82
-181
-234
-236
-210
-171
-225
-213
-245
-305
-332
-307
-251
-238
-304
-316
-273
-296
-340
-294
-287
-341
-355
-379
-327
-294
-332
-321
-243
-267
-217
-168
-127
-78
-81
-110
-81
-66
7
69
117
122
110
110
91
89
114
201
264
293
248
228
235
239
243
262
299
331
347
275
246
275
253
297
375
405
353
274
213
215
207
177
176
151
142
95
80
94
84
26
7
42
82
18
-58
-123
-210
-271
-298
-273
-210
-146
-244
-270
-302
-276
-325
-348
-283
-227
-280
-274
-238
-245
-247
-263
-218
-146
-105
-76
-99
-150
-117
-156
-128
-97
-93
-134
-127
-92
-90
-73
-57
-64
-64
-34
4
52
53
62
7
46
48
85
146
213
219
213
220
228
290
286
342
351
281
255
282
307
336
381
364
368
324
260
270
292
331
312
216
150
121
67
82
108
39
23
44
45
34
1
-50
-40
-52
-13
36
24
-8
-116
-136
-119
-117
-173
-170
-194
-219
-231
-251
-302
-333
-376
-395
-393
-378
-299
-306
-322
-276
-274
-330
-305
-320
-334
-277
-313
-366
-332
-314
-300
-205
-216
-207
-188
-135
-94
0
42
99
109
84
85
138
133
199
267
265
323
348
327
313
369
275
321
331
319
299
253
263
281
259
315
368
297
297
258
218
218
253
305
348
321
295
232
172
163
89
65
64
16
-44
-71
-36
-24
-75
-152
-228
-249
-301
-309
-297
-300
-283
-329
-373
-364
-381
-335
-273
-279
-283
-344
-374
-372
-378
-353
-261
-272
-259
-286
-230
-142
-176
-140
-56
-96
-125
-89
-137
-43
-35
-32
16
78
79
114
86
132
158
134
114
155
148
113
113
139
194
228
256
289
300
270
274
313
370
346
340
351
331
271
262
317
302
344
304
286
268
263
177
127
160
126
144
91
66
49
-14
-130
-101
-71
-72
-93
-117
-138
-239
-286
-291
-237
-235
-212
-233
-245
-272
-278
-302
-283
-280
-280
-243
-193
-192
-219
-222
-206
-198
-167
-153
-173
-177
-222
-229
-229
-218
-199
-200
-152
-89
-35
-19
-30
-33
-28
1
27
72
82
102
84
82
43
23
15
32
104
161
171
238
255
186
187
203
256
306
304
331
329
254
194
205
242
269
263
257
288
240
153
183
236
215
177
202
221
169
112
81
53
3
-28
-30
-18
-26
-44
-73
-61
-51
-66
-102
-69
-119
-113
-139
-129
-132
-193
-225
-211
-227
-218
-192
-222
-214
-208
-246
-271
-247
-288
-291
-265
-214
-226
-202
-212
-197
-183
-220
-193
-147
-109
-69
-19
-34
-17
-10
8
75
106
117
96
148
130
151
171
187
159
128
169
137
145
154
187
153
150
121
112
63
23
41
61
36
-26
-23
-44
39
48
-6
29
52
-8
14
-14
37
125
65
18
52
54
80
88
86
37
1
-22
-35
-51
-40
2
16
-23
-59
-90
-195
-197
-158
-144
-127
-97
-121
-148
-165
-151
-127
-123
-115
-32
-16
-49
-26
-35
-32
-32
-8
1
34
28
-8
-25
-18
-10
18
44
79
89
87
63
17
-47
-44
23
61
75
73
68
46
-37
-30
72
36
60
161
141
172
214
164
189
131
67
55
49
33
117
91
84
120
128
106
122
114
133
180
157
129
151
93
23
29
40
74
38
-2
-16
-61
-122
-118
-129
-111
-112
-99
-68
-55
-165
-207
-141
-99
-53
-23
-24
-30
-83
-131
-98
-66
-49
-70
-86
-37
-11
-34
-85
-91
-103
-120
-91
-74
-63
-64
-90
-121
-110
-95
-82
-88
-58
-57
-56
-64
-98
-61
-34
12
4
4
11
16
34
43
36
8
32
43
80
86
44
36
7
32
55
56
84
66
15
-18
-41
-33
-56
-59
-21
-24
-53
-58
-71
-66
-20
46
88
104
127
96
69
58
82
116
105
86
64
38
35
81
101
90
112
78
54
63
81
95
150
111
61
37
-21
-26
14
30
17
9
-30
-43
-61
-61
-57
-76
-98
-83
-98
-122
-108
-83
-97
-86
-105
-127
-109
-112
-78
-43
-60
-61
-45
-22
4
17
25
14
5
-3
-4
9
1
-1
10
51
20
27
68
10
-33
2
19
21
52
51
61
15
22
64
86
122
150
146
120
135
150
148
129
135
139
86
51
69
109
105
96
86
64
20
-27
-23
-2
-9
-40
-34
-39
-70
-75
-58
-84
-103
-101
-65
-56
-70
-81
-80
-75
-95
-97
-119
-116
-99
-88
-61
-2
18
-4
-30
-69
-80
-76
-82
-52
-37
-35
-31
-28
-6
1
-31
-66
-93
-119
-100
-49
-37
-17
8
-16
-68
-100
-88
-43
-35
-26
-7
-7
-41
-38
-16
-8
6
15
17
38
33
52
64
42
46
43
58
63
58
44
4
-14
-3
13
26
25
4
12
16
-1
-19
-8
-3
-13
7
39
50
24
-10
-19
-27
-24
-17
23
46
26
5
19
34
48
94
134
120
98
73
74
80
65
79
77
69
70
70
70
91
125
138
154
