SAMPLES:	8409
BITSPERSAMPLE:	16
CHANNELS:	1
SAMPLERATE:	16000
NORMALIZED:	FALSE
-1
-7
-7
-4
0
2
8
6
4
4
16
21
17
21
20
26
29
35
34
21
18
10
2
-10
-17
-15
-8
5
5
1
-17
-23
-29
-29
-8
3
4
4
0
-6
-14
-23
-20
-13
-10
-17
-22
-20
-19
-15
-10
-8
-4
2
-1
-10
-16
-22
-18
-9
-4
2
8
11
8
-1
-12
-6
4
9
18
22
19
17
16
18
20
14
10
10
9
0
-14
-21
-30
-33
-32
-23
-7
-7
-7
-8
-11
-18
-18
-15
-22
-19
-16
-14
-14
-16
-23
-21
-12
5
10
7
7
-9
-20
-23
-23
-2
3
12
2
-10
-10
1
25
34
39
39
32
29
37
43
46
52
56
65
62
59
65
51
49
43
37
44
42
45
51
52
55
47
37
36
23
31
20
-1
-5
-23
-18
-20
-16
-16
-35
-47
-47
-49
-51
-49
-54
-49
-55
-64
-72
-81
-71
-70
-59
-50
-43
-38
-41
-34
-46
-49
-49
-38
-35
-38
-37
-39
-55
-17
49
-34
-62
-82
8
13
-6
111
38
29
25
140
212
109
170
166
127
109
79
110
76
42
33
9
-3
-18
-35
-70
-117
-122
-129
-106
-103
-135
-108
-125
-89
-47
-52
-5
-3
14
20
29
81
62
50
27
43
14
-3
32
1
-40
-115
-112
-120
-120
-106
-157
-178
-202
-203
-197
-227
-202
-166
-115
-92
-103
-131
-105
-38
86
62
74
-35
477
1080
813
377
-36
491
821
1199
1357
410
-412
-667
255
986
472
-36
-637
-872
-450
-160
-24
-285
-676
-917
-758
-358
-101
47
-220
-560
-435
-211
423
652
302
92
-155
11
427
682
635
264
-123
-140
26
237
209
7
-422
-580
-375
-358
-443
-551
-645
-669
-703
-502
-229
-386
-456
-339
-116
30
183
159
182
191
189
306
379
325
316
226
121
81
-110
-144
-215
-320
-350
-355
-289
-246
-235
-307
-66
1033
1268
885
168
266
1054
1493
2251
1679
513
-271
87
1464
1611
945
173
-596
-431
55
316
-16
-705
-1253
-1376
-988
-673
-588
-851
-1389
-1432
-980
-418
216
62
-227
-443
-350
237
844
978
640
73
-188
-29
375
489
81
-697
-1210
-1120
-899
-729
-1016
-1345
-1730
-1631
-1256
-975
-856
-1025
-1100
-868
-415
205
416
304
277
274
644
1122
1388
1297
811
1258
2695
3048
2181
1031
1124
1630
2229
2896
1921
-45
-1547
-840
922
862
-99
-1083
-1875
-1416
-765
-292
-464
-1120
-1390
-1304
-702
-199
47
-55
-591
-509
-125
612
1168
713
356
-23
4
484
810
884
306
-115
-176
-149
125
128
-47
-673
-1230
-1250
-1114
-770
-696
-1041
-1499
-1820
-1455
-953
-742
-724
-1013
-1040
-613
-1
342
189
54
157
368
664
1814
3022
2804
1664
972
1622
2473
3386
3516
1984
-121
-1008
391
1887
1410
85
-1296
-1790
-1165
-490
-251
-943
-1856
-2264
-1854
-1091
-667
-852
-1441
-1903
-1521
-635
413
731
349
-62
-145
446
1271
1606
1104
443
0
135
396
522
147
-658
-1300
-1365
-1100
-1008
-1321
-1785
-2122
-2196
-1837
-1362
-990
-1317
-1626
-1393
-789
-151
105
11
-102
133
1818
3226
3051
1958
1618
2558
3308
4276
3912
2330
667
186
1502
1978
1051
-109
-1303
-1559
-1185
-776
-827
-1496
-2198
-2486
-1969
-1306
-923
-1183
-1649
-1707
-1122
-395
423
539
174
-41
235
1023
1353
1266
954
608
334
432
719
759
175
-644
-1130
-1113
-1223
-1210
-1334
-1644
-1914
-1818
-1208
-834
-931
-1166
-1111
-802
-436
54
356
665
1834
2294
2275
1883
2187
2965
3477
4213
3565
2077
800
899
2085
2007
976
-123
-1130
-1074
-779
-577
-947
-1815
-2469
-2465
-1919
-1488
-1380
-1742
-2257
-2141
-1298
-462
-43
-461
-606
-473
-101
576
1053
1137
603
162
40
224
591
336
-160
-824
-1238
-1076
-1151
-1264
-1609
-2004
-2004
-1630
-1158
-1003
-1237
-1338
-972
-358
51
295
247
1135
2168
2454
2072
1880
2622
3118
4096
4156
3206
1742
1028
2045
2592
1957
856
-368
-642
-591
-488
-686
-1420
-1951
-2585
-2354
-1935
-1523
-1619
-1984
-2263
-1901
-1022
-219
-149
-460
-632
-306
516
942
1213
868
642
516
621
939
911
308
-286
-596
-640
-924
-1088
-1311
-1751
-1998
-2114
-1767
-1618
-1605
-1881
-1874
-1338
-788
-251
-324
-113
1129
1808
1924
1552
1926
2739
3351
4187
3894
2735
1655
1668
2553
2426
1702
847
-49
-140
-354
-333
-738
-1423
-1979
-2334
-2096
-1787
-1645
-1749
-2192
-2355
-1756
-926
-349
-506
-618
-696
-294
457
915
954
672
613
566
694
999
848
284
-241
-539
-507
-650
-797
-1171
-1586
-1811
-1875
-1400
-1078
-1151
-1519
-1558
-992
-534
-51
-115
234
1144
1417
1579
1579
2240
2796
3231
3875
3431
2304
1444
1956
2762
2273
1470
613
97
-89
-323
-219
-555
-1183
-1830
-2006
-1727
-1505
-1528
-1906
-2293
-2264
-1692
-997
-746
-1115
-1190
-984
-363
86
301
444
331
220
279
703
944
752
233
-377
-648
-623
-626
-758
-1179
-1650
-1996
-1652
-976
-824
-1257
-1688
-1488
-955
-317
60
-31
455
1185
1557
1644
1844
2410
2882
3475
3700
3183
2171
1668
2124
2504
2131
1366
598
362
334
131
-181
-751
-1324
-1764
-1703
-1554
-1539
-1808
-2147
-2295
-1939
-1389
-1026
-1144
-1366
-1180
-754
-221
-23
-33
92
201
175
403
731
749
412
-44
-379
-499
-631
-813
-1032
-1413
-1818
-1853
-1347
-871
-998
-1390
-1346
-1011
-518
36
38
384
1068
1552
1844
1986
2543
2810
3309
3766
3400
2701
2045
2304
2605
2211
1713
827
432
404
50
-212
-671
-1169
-1841
-2081
-1976
-1932
-1854
-2256
-2576
-2494
-1920
-1169
-1130
-1422
-1310
-928
-163
273
261
195
270
440
522
775
764
348
1
-424
-469
-550
-914
-1197
-1649
-1858
-2039
-1775
-1333
-1372
-1605
-1760
-1421
-936
-362
19
274
925
1324
1644
1821
2502
3054
3560
3894
3578
3027
2557
3143
3735
2598
1297
886
1307
1505
674
-149
-1401
-1827
-1359
-726
-999
-2382
-2989
-2570
-2159
-1728
-1778
-1923
-1937
-1915
-1251
-667
-238
-268
-352
-233
214
863
1030
832
465
155
290
281
247
-203
-982
-1340
-1487
-1424
-1622
-1585
-1451
-1658
-1858
-1811
-1193
-846
-682
-433
22
645
887
1257
1759
2287
2726
3413
3875
3609
2914
2606
2882
3313
3002
2387
1803
1334
1314
808
192
-356
-667
-916
-1241
-1630
-1932
-2222
-2270
-2275
-2221
-2148
-2047
-1798
-1781
-1537
-1334
-978
-675
-492
-185
-123
-132
-170
-40
196
239
107
-185
-506
-769
-1057
-1213
-1398
-1653
-1857
-1901
-1610
-1625
-1690
-1737
-1512
-1229
-890
-483
99
827
1106
1207
1462
2329
2856
3717
4099
3708
2875
2396
3131
3703
3377
2290
1377
1110
1470
1373
630
-384
-844
-1104
-957
-978
-1444
-1938
-2386
-2247
-1825
-1377
-1336
-1570
-1804
-1569
-1113
-503
-107
-193
-288
-253
-23
200
431
389
28
-256
-378
-316
-406
-817
-1374
-1625
-1575
-1576
-1714
-1578
-1516
-1673
-1821
-1564
-1118
-772
-476
247
809
705
543
979
2141
2674
3268
3280
2890
2496
2456
3296
3704
2921
2087
1436
1541
1892
1508
839
-240
-620
-838
-658
-786
-1387
-1966
-2426
-2349
-1938
-1616
-1500
-1731
-1841
-1561
-1202
-645
-493
-447
-337
-227
-78
144
524
547
358
74
-148
-66
-178
-372
-687
-946
-1139
-1354
-1334
-1146
-1279
-1557
-1810
-1564
-1156
-896
-420
246
565
177
-41
885
1916
2347
2813
2816
2540
1843
2020
3004
3237
2654
1995
1645
1649
1687
1459
854
137
-454
-650
-454
-673
-1054
-1732
-2163
-2135
-1930
-1540
-1416
-1725
-1987
-1813
-1444
-1066
-807
-726
-515
-352
-337
-203
97
176
112
-99
-192
-207
-502
-621
-705
-708
-922
-1138
-1002
-863
-1021
-1326
-1370
-1163
-1031
-499
618
858
379
-222
483
1666
2337
2723
2516
1921
1549
1924
2846
3202
2265
1633
1414
1758
1853
1567
980
173
-255
-173
-7
-317
-981
-1635
-1830
-1678
-1222
-1184
-1451
-1807
-1892
-1451
-945
-741
-872
-936
-704
-321
-97
-179
-203
-210
-130
-39
35
-115
-631
-1010
-1040
-851
-829
-1075
-1296
-1276
-1157
-1013
-1117
-932
-789
-620
469
1214
1024
222
382
1679
2448
3010
2840
2070
1581
1924
2981
3258
2444
1644
1209
1500
1870
1560
754
-295
-435
-177
120
-321
-1209
-1682
-1909
-1695
-1242
-1018
-1248
-1818
-1957
-1453
-827
-435
-675
-985
-913
-457
71
-24
-232
-508
-581
-257
-146
-222
-756
-1295
-1340
-1090
-894
-1086
-1430
-1517
-1453
-1122
-1262
-1322
-1159
-902
225
984
937
275
25
1251
2337
3124
3043
2113
1730
1911
2868
3462
2826
1873
1329
1564
2078
1992
1233
145
-345
-303
39
37
-816
-1659
-2046
-1877
-1428
-1296
-1394
-1803
-2157
-1852
-1267
-832
-897
-1139
-1050
-629
-200
-164
-337
-428
-438
-261
-169
-112
-356
-841
-997
-921
-858
-1080
-1195
-1163
-1098
-1005
-1104
-1065
-959
-881
304
1233
1120
357
17
1146
2098
2950
2959
2199
1521
1660
2963
3762
3121
2002
1223
1488
2247
2306
1651
446
-103
-92
396
465
-297
-1309
-2023
-1819
-1387
-1220
-1432
-1983
-2366
-2110
-1550
-1119
-1227
-1593
-1486
-933
-256
-144
-535
-823
-732
-308
-149
-88
-484
-1041
-1193
-964
-672
-886
-1263
-1331
-1195
-1030
-924
-1112
-1090
-983
41
1090
896
159
-189
1123
2120
2807
2810
2041
1489
1651
2893
3576
2961
1839
1455
1717
2285
2257
1676
650
130
326
722
676
-248
-1011
-1531
-1344
-956
-959
-1310
-1800
-1909
-1694
-1292
-1125
-1212
-1434
-1297
-899
-510
-368
-737
-1016
-1044
-527
-325
-379
-826
-1389
-1444
-1244
-961
-1155
-1507
-1537
-1316
-1164
-1138
-1444
-1353
-1352
-376
759
864
251
-312
778
1750
2609
2810
1946
1307
1368
2530
3434
2928
2138
1504
1569
2213
2374
1850
673
210
364
790
994
218
-591
-1266
-1219
-638
-485
-840
-1573
-1887
-1512
-833
-572
-846
-1277
-1080
-519
-110
-147
-420
-565
-618
-228
-78
-155
-537
-1086
-1121
-897
-788
-1065
-1446
-1496
-1386
-1272
-1359
-1574
-1470
-1255
-235
641
364
-375
-554
753
1709
2421
2479
1676
1144
1454
2810
3553
2890
1884
1591
1980
2507
2383
1656
547
80
381
898
871
-177
-1066
-1434
-1133
-634
-599
-1041
-1732
-1997
-1555
-914
-752
-1102
-1498
-1289
-732
-292
-240
-578
-876
-948
-489
-191
-232
-531
-1050
-1171
-957
-725
-906
-1332
-1482
-1358
-1197
-1308
-1467
-1467
-1254
-243
451
277
-415
-335
944
1777
2379
2094
1420
1158
1604
2923
3281
2459
1642
1508
2036
2463
2281
1591
628
396
674
1143
893
-196
-956
-1213
-721
-422
-524
-1070
-1745
-1714
-1273
-791
-816
-1278
-1528
-1166
-583
-282
-491
-886
-1037
-869
-448
-275
-494
-1040
-1308
-1063
-792
-880
-1300
-1445
-1248
-1115
-1071
-1324
-1376
-1391
-601
485
399
-210
-725
266
1377
1963
2125
1502
972
1207
2226
3093
2736
1840
1607
1948
2507
2376
1918
1155
606
794
1105
1178
384
-310
-671
-658
-203
-130
-428
-1083
-1421
-1175
-786
-503
-690
-963
-937
-674
-420
-402
-511
-612
-652
-537
-552
-552
-618
-893
-1020
-1103
-1115
-1220
-1281
-1029
-1107
-1406
-1692
-1505
-1189
-817
97
163
-368
-1009
-348
925
1539
1697
1343
918
912
1703
2673
2644
1724
1400
1774
2427
2439
1873
1229
707
895
1167
1161
497
-417
-647
-569
-233
-270
-646
-1060
-1366
-1163
-888
-798
-1000
-1218
-1167
-890
-615
-426
-612
-883
-876
-645
-415
-477
-547
-842
-1064
-1000
-827
-899
-1252
-1207
-985
-1009
-1257
-1638
-1499
-1375
-388
423
53
-690
-1040
100
966
1425
1391
1037
636
874
1979
2707
2173
1393
1424
2024
2660
2432
1907
1183
959
1278
1445
1308
478
-14
-303
-245
-68
-239
-466
-835
-860
-754
-622
-676
-789
-865
-846
-724
-645
-577
-583
-469
-598
-799
-917
-766
-571
-711
-917
-1118
-1128
-1181
-1029
-837
-896
-1155
-1487
-1185
-926
-383
301
105
-589
-986
-54
998
1439
1440
959
731
1050
1778
2447
1982
1319
1448
1932
2359
2175
1590
927
721
1158
1354
1191
359
-228
-267
-300
-166
-325
-603
-816
-839
-700
-682
-762
-879
-987
-879
-602
-422
-631
-824
-717
-525
-469
-745
-1026
-1075
-1073
-931
-930
-1185
-1527
-1536
-1072
-942
-1095
-1607
-1646
-1388
-538
420
147
-669
-1123
-123
1045
1691
1605
822
380
942
2082
2745
2169
1226
1413
2080
2635
2454
1751
978
708
1367
1665
1254
312
-350
-279
-91
136
-150
-753
-1087
-827
-365
-349
-727
-1027
-820
-457
-310
-376
-568
-754
-670
-399
-273
-582
-884
-928
-969
-858
-798
-1121
-1521
-1635
-1187
-1059
-1338
-1806
-1904
-1663
-873
151
-185
-999
-1282
-282
649
1091
1296
748
319
723
1843
2500
2089
1391
1576
1991
2333
2270
1802
1180
814
1352
1626
1267
446
-103
-55
-6
202
58
-385
-763
-731
-296
-147
-361
-669
-668
-276
134
163
-107
-544
-588
-83
233
-10
-508
-695
-737
-655
-574
-825
-1262
-1411
-1110
-998
-1218
-1690
-1928
-1838
-791
60
-338
-1192
-1487
-497
272
875
885
287
73
517
1581
2085
1484
930
1292
1837
2281
2127
1459
761
664
1215
1361
1031
269
-195
-216
-105
138
-122
-607
-963
-714
-321
-304
-512
-799
-646
-254
72
4
-300
-520
-359
28
173
-94
-437
-520
-481
-332
-468
-813
-1104
-1119
-824
-866
-1342
-1785
-1791
-1240
-283
-16
-707
-1432
-1067
-30
644
906
368
-173
21
891
1777
1673
924
787
1537
2082
2291
1884
1205
736
1029
1527
1365
708
-122
-216
-31
184
173
-263
-648
-788
-561
-338
-349
-578
-748
-568
-167
15
-25
-257
-408
-151
97
155
-35
-314
-466
-525
-376
-436
-645
-886
-856
-695
-848
-1255
-1548
-1554
-745
8
-227
-1023
-1351
-587
47
654
764
77
-214
245
1295
1797
1230
716
1008
1627
1907
1777
1290
809
869
1367
1486
1043
291
-57
8
117
153
-157
-427
-577
-464
-366
-484
-524
-579
-512
-277
-114
-88
-186
-204
-51
47
64
-30
-104
-247
-392
-416
-476
-665
-862
-908
-886
-861
-1066
-1284
-1503
-1158
-387
-279
-736
-1368
-1019
-485
81
497
62
-338
-249
541
1220
1112
479
461
1019
1580
1878
1520
916
572
1116
1566
1398
692
73
17
163
417
148
-337
-662
-565
-235
-226
-373
-577
-544
-296
20
95
32
-67
-16
234
370
375
240
143
17
-35
-52
-168
-310
-424
-331
-457
-746
-975
-1100
-1072
-457
-146
-633
-1253
-1324
-661
-266
128
-15
-564
-685
-186
711
858
331
32
500
1085
1453
1435
863
396
567
1163
1312
1002
381
95
148
281
351
-23
-403
-574
-372
-202
-292
-492
-695
-489
-210
-82
-89
-179
-165
-33
112
168
155
79
88
117
227
166
-39
-173
-164
-31
-104
-448
-745
-912
-395
202
87
-574
-1076
-718
-255
247
357
-131
-599
-443
306
886
552
-43
108
564
1045
1365
1083
434
289
755
1109
1094
508
69
-25
118
323
92
-321
-761
-666
-408
-361
-519
-826
-851
-634
-357
-246
-209
-350
-321
-179
16
117
114
-138
-241
-68
49
4
-103
-220
-190
-143
-290
-434
-530
-433
204
338
-138
-689
-674
-260
86
378
76
-400
-573
-134
513
566
-5
-198
273
666
950
897
439
33
341
899
1017
644
48
-161
-9
221
302
3
-344
-491
-255
-117
-219
-510
-687
-545
-281
-14
39
-125
-201
29
182
237
315
238
178
172
242
235
172
74
90
282
197
-169
-367
-295
113
559
372
-139
-496
-184
186
421
492
-195
-515
-233
305
578
32
-398
-261
189
524
522
146
-346
-326
205
559
469
90
-317
-360
-162
202
102
-352
-628
-618
-320
-328
-467
-714
-805
-606
-410
-195
-201
-408
-383
-191
-72
37
53
-11
5
40
106
31
8
27
151
300
196
-70
-145
-79
524
863
402
-117
-188
382
681
871
634
-23
-93
270
769
721
166
-134
57
296
521
496
117
-276
-306
152
328
266
-114
-447
-489
-329
-31
-201
-406
-633
-677
-451
-323
-386
-592
-616
-530
-456
-323
-186
-284
-345
-220
-144
-96
-206
-256
-268
-194
-194
-251
-158
-40
121
172
32
-110
-73
117
778
1014
564
52
201
712
906
1114
941
384
275
549
956
935
435
224
340
528
578
543
341
-38
-23
237
292
123
-107
-318
-554
-486
-298
-391
-505
-610
-678
-618
-523
-560
-677
-603
-484
-385
-265
-360
-438
-415
-427
-387
-280
-290
-419
-380
-317
-329
-297
-285
-199
-3
-25
-261
-330
-195
91
788
912
427
143
329
743
950
1061
825
450
483
668
926
881
526
374
463
571
617
453
166
-2
152
333
221
72
-148
-351
-432
-368
-318
-504
-597
-711
-838
-735
-633
-643
-755
-690
-605
-515
-398
-466
-605
-536
-473
-431
-310
-327
-457
-536
-472
-410
-315
-252
-264
-176
-203
-317
-247
-151
-9
600
784
392
243
408
691
816
1098
1097
753
692
764
953
1018
729
676
829
813
858
805
605
358
497
595
309
174
52
-149
-286
-354
-355
-412
-388
-374
-520
-649
-752
-746
-643
-562
-575
-588
-593
-719
-697
-510
-508
-497
-431
-428
-519
-481
-452
-459
-422
-387
-313
-156
-158
-232
-295
-201
-160
269
759
363
145
238
535
673
922
1053
754
579
484
683
1007
899
627
758
853
771
846
792
628
510
629
425
250
176
-61
-172
-322
-289
-290
-317
-470
-740
-832
-892
-842
-738
-722
-849
-871
-882
-926
-833
-651
-524
-519
-489
-558
-641
-607
-558
-482
-462
-440
-422
-325
-272
-294
-291
-192
-106
-41
449
535
209
147
291
559
689
863
905
636
519
690
1015
1018
732
738
1105
1135
1171
1169
837
579
660
848
684
548
292
7
-103
-174
-20
-113
-323
-515
-642
-744
-821
-795
-901
-984
-975
-887
-891
-914
-767
-585
-614
-754
-680
-616
-568
-444
-424
-507
-590
-523
-428
-237
-188
-270
-255
-256
-183
-114
320
574
341
78
98
501
642
741
844
679
541
667
1002
1092
970
879
1109
1245
1214
1146
998
917
985
1103
817
460
242
143
177
82
-16
-303
-604
-624
-581
-671
-835
-829
-908
-936
-870
-874
-980
-1000
-841
-743
-778
-910
-836
-626
-530
-499
-457
-534
-644
-448
-297
-258
-222
-319
-311
-311
-219
-215
-80
291
199
73
21
240
550
502
558
481
382
572
776
1116
1068
800
1007
1294
1400
1377
1157
1066
1054
1243
1168
723
544
390
471
436
170
-75
-374
-379
-424
-574
-700
-885
-979
-980
-876
-875
-1013
-1046
-1014
-876
-785
-926
-909
-784
-724
-605
-646
-760
-756
-585
-438
-442
-474
-492
-400
-311
-323
-253
-232
-252
37
205
47
-134
-8
258
332
417
506
461
539
758
946
1003
922
1087
1397
1395
1309
1168
1041
1088
1276
1257
918
738
671
617
444
178
0
-244
-373
-283
-299
-612
-883
-917
-872
-796
-770
-904
-1047
-1074
-952
-803
-836
-942
-801
-611
-612
-587
-542
-529
-476
-359
-320
-370
-388
-299
-135
-78
-185
-233
-265
-204
240
310
32
-55
176
406
423
719
709
496
674
987
1269
1149
984
1138
1327
1389
1475
1395
1168
1059
1146
1061
707
504
422
360
220
5
-38
-250
-351
-386
-589
-792
-930
-984
-969
-987
-1079
-1186
-1203
-1190
-996
-930
-1083
-1150
-990
-860
-803
-746
-786
-733
-616
-497
-500
-535
-533
-372
-274
-344
-478
-537
-431
-385
-6
167
-129
-143
127
551
638
639
832
840
1018
1169
1253
1296
1109
1226
1617
1690
1533
1422
1389
1318
1297
1319
1075
811
666
541
439
160
2
-143
-220
-224
-418
-569
-784
-914
-859
-863
-918
-1048
-1115
-1108
-1036
-942
-1051
-1127
-1106
-1024
-892
-895
-982
-1022
-927
-761
-705
-672
-690
-708
-526
-401
-466
-486
-568
-595
-482
-17
269
31
-51
155
577
697
691
897
824
821
1095
1377
1449
1202
1211
1560
1610
1504
1457
1286
1111
1164
1241
1000
712
612
635
673
494
267
143
-95
-152
-140
-316
-568
-737
-707
-754
-807
-919
-1010
-1012
-969
-830
-874
-1005
-1011
-939
-880
-869
-890
-862
-811
-789
-731
-717
-781
-754
-669
-589
-554
-426
-352
-365
-293
-183
155
407
317
264
384
684
849
787
910
845
824
927
1041
1143
1008
1013
1205
1278
1225
1164
1039
978
1119
1155
983
735
550
443
467
356
179
60
-185
-290
-404
-492
-580
-691
-732
-809
-769
-850
-1004
-1106
-1142
-1065
-1077
-1219
-1250
-1176
-1130
-1131
-1103
-1046
-1003
-891
-757
-592
-504
-521
-487
-366
-289
-161
-73
-69
-107
4
130
276
534
365
259
402
551
691
772
916
815
689
831
999
1139
965
893
1146
1302
1248
1210
1091
1045
1077
1163
1122
838
589
472
431
261
69
69
-69
-122
-177
-333
-403
-588
-750
-811
-815
-834
-995
-1166
-1189
-1109
-1145
-1241
-1191
-1152
-1178
-1142
-1088
-1070
-998
-910
-764
-679
-683
-622
-447
-275
-197
-61
13
-86
-50
-2
71
84
250
508
425
308
373
589
754
754
837
924
892
946
1114
1210
1105
1036
1232
1442
1391
1278
1143
1062
1140
1212
1128
911
794
645
491
467
298
131
-75
-160
-210
-380
-612
-810
-881
-959
-1033
-1012
-1135
-1256
-1255
-1242
-1318
-1365
-1380
-1286
-1148
-1076
-1086
-1126
-1053
-884
-649
-529
-515
-500
-494
-389
-265
-230
-206
-169
-38
126
182
128
145
143
282
608
616
432
523
775
873
846
887
806
814
936
1074
1194
1046
929
1148
1343
1282
1147
1022
965
967
1057
942
641
385
262
271
260
67
-175
-462
-542
-526
-689
-909
-1088
-1075
-1112
-1125
-1085
-1210
-1299
-1295
-1159
-1100
-1176
-1120
-970
-932
-883
-798
-732
-707
-612
-489
-469
-484
-447
-356
-221
-154
-87
-4
83
200
283
291
298
324
412
438
576
748
704
613
653
807
826
746
756
802
758
822
921
960
911
859
937
1093
1049
984
910
755
648
671
602
382
207
155
131
-5
-106
-153
-283
-457
-500
-532
-636
-695
-663
-645
-801
-903
-885
-877
-893
-865
-812
-910
-914
-751
-715
-747
-682
-609
-533
-460
-412
-339
-301
-219
-148
-70
-21
60
55
-31
47
188
254
252
237
263
306
370
422
354
427
529
487
415
423
523
477
450
500
372
241
320
482
505
321
333
460
421
492
640
550
320
352
480
362
226
142
22
-36
12
-7
-139
-247
-264
-226
-257
-337
-427
-500
-563
-519
-440
-540
-645
-596
-477
-424
-501
-526
-541
-502
-367
-289
-325
-393
-319
-180
-111
-124
-129
-103
-64
-78
-27
-9
-112
-92
30
51
-22
-74
-86
-96
-117
-44
-81
-180
-128
47
127
23
-58
7
174
323
349
267
210
228
330
492
585
568
586
667
724
719
662
579
527
526
615
689
512
345
342
395
317
313
298
179
178
241
204
45
-53
-58
-154
-261
-231
-222
-379
-527
-489
-410
-475
-547
-500
-486
-489
-470
-506
-644
-691
-671
-589
-586
-661
-731
-744
-693
-637
-624
-637
-689
-672
-483
-325
-305
-351
-315
-213
-127
-52
-33
-40
-7
56
141
186
257
270
287
377
455
549
632
633
616
649
746
764
840
933
902
923
1011
1089
1068
1007
993
1068
1012
924
887
815
693
581
549
450
275
156
89
1
-165
-291
-423
-507
-501
-517
-588
-767
-878
-945
-991
-1054
-1093
-1104
-1123
-1097
-1080
-1067
-1094
-1064
-1032
-988
-847
-733
-686
-679
-591
-538
-466
-311
-185
-110
-111
-19
-16
-21
47
3
85
242
274
233
360
508
358
389
594
675
699
721
833
958
917
758
851
991
897
825
852
911
831
707
727
824
701
460
458
576
416
248
199
84
-9
-99
-215
-210
-246
-416
-535
-539
-587
-684
-667
-659
-662
-624
-616
-628
-649
-694
-652
-574
-589
-573
-528
-511
-495
-487
-458
-414
-360
-343
-292
-206
-194
-203
-172
-112
-110
-121
-67
-14
18
28
87
103
134
156
182
289
380
440
455
490
528
546
498
429
443
484
486
470
404
316
267
246
202
195
192
163
112
24
-44
-131
-175
-195
-175
-130
-129
-172
-175
-214
-265
-207
-167
-176
-190
-152
-96
-89
-82
-38
2
55
69
80
113
66
33
39
84
127
197
259
300
318
355
380
343
287
285
308
329
339
329
299
277
286
321
311
225
166
126
47
11
-25
-140
-248
-264
-231
-247
-279
-368
-392
-381
-411
-391
-410
-420
-399
-388
-390
-432
-446
-518
-531
-477
-454
-437
-440
-440
-434
-412
-417
-388
-360
-277
-179
-127
-98
-74
-34
20
56
79
147
194
212
266
305
338
396
457
515
561
605
581
541
501
531
538
506
484
464
428
380
317
261
239
160
147
140
66
-4
-62
-116
-161
-169
-171
-182
-193
-223
-257
-287
-292
-247
-274
-290
-252
-247
-220
-242
-248
-285
-300
-291
-265
-224
-225
-245
-208
-191
-222
-215
-195
-136
-130
-79
-34
-4
-28
-74
-37
14
80
117
131
139
162
198
195
198
192
210
265
305
251
194
186
165
162
122
109
104
148
178
129
110
56
-1
-20
27
50
12
-75
-119
-98
-69
-76
-92
-86
-61
7
83
75
45
22
11
7
42
37
5
11
-1
19
22
21
54
112
166
187
156
101
46
-9
-14
-12
5
27
80
96
70
89
70
40
77
108
104
59
-10
-78
-104
-100
-97
-113
-156
-212
-268
-304
-307
-288
-272
-264
-245
-200
-186
-221
-280
-315
-337
-321
-275
-264
-269
-234
-175
-127
-94
-35
22
71
143
226
271
277
241
283
341
390
394
364
314
270
284
307
312
321
312
308
318
315
326
333
314
297
300
315
346
342
301
277
249
137
51
18
-34
-47
-34
-68
-136
-199
-226
-237
-263
-317
-402
-462
-461
-486
-558
-621
-662
-681
-673
-648
-612
-620
-688
-678
-628
-573
-528
-450
-416
-369
-372
-347
-278
-252
-199
-100
-46
-2
10
33
81
111
185
243
298
306
327
382
457
492
497
517
524
562
617
639
656
700
721
715
696
675
670
665
659
650
648
600
527
451
376
306
253
205
169
141
32
-19
-74
-139
-149
-154
-184
-260
-318
-374
-393
-434
-482
-510
-525
-560
-585
-620
-644
-641
-612
-566
-520
-476
-449
-394
-378
-369
-317
-267
-221
-150
-118
-66
-38
-38
-24
7
41
99
162
220
304
356
380
407
439
469
452
442
429
408
407
403
387
353
332
327
333
309
297
272
178
91
57
34
-3
-30
-25
-73
-86
-95
-104
-134
-160
-158
-207
-267
-360
-422
-477
-512
-521
-533
-523
-526
-547
-595
-618
-624
-618
-562
-521
-485
-447
-464
-427
-349
-272
-164
-66
20
99
159
149
141
149
207
292
343
403
413
434
448
460
477
475
467
431
434
447
460
460
459
431
367
309
290
263
269
268
211
164
148
153
121
91
74
62
17
-12
-59
-104
-132
-146
-134
-118
-172
-198
-231
-267
-327
-358
-364
-374
-347
-344
-338
-355
-345
-333
-296
-255
-245
-244
-258
-243
-236
-191
-130
-50
-16
26
95
146
189
240
283
311
312
301
329
351
368
364
369
378
422
454
463
427
404
395
345
292
286
274
231
238
248
245
193
149
106
62
51
48
-3
-57
-78
-84
-111
-165
-217
-257
-276
-281
-312
-339
-410
-454
-427
-395
-385
-380
-381
-354
-340
-390
-422
-433
-412
-386
-352
-319
-321
-333
-300
-288
-281
-256
-261
-200
-151
-134
-81
-55
-36
43
132
168
190
194
187
201
233
266
277
299
324
364
359
362
398
371
368
360
342
328
308
298
253
186
144
109
65
55
43
20
24
27
-3
-50
-65
-103
-113
-119
-133
-161
-146
-109
-105
-92
-107
-123
-118
-101
-98
-80
-85
-90
-84
-69
-39
-68
-120
-151
-173
-207
-200
-180
-174
-115
-62
-42
-72
-98
-75
-35
-2
22
54
58
82
106
130
118
98
80
74
115
130
135
137
138
130
119
116
101
115
111
148
129
72
-6
-17
33
66
129
157
147
124
108
122
160
184
179
215
237
211
175
144
97
40
40
65
82
97
107
122
131
117
68
53
33
-12
-18
-63
-132
-195
-228
-222
-218
-222
-179
-190
-219
-267
-312
-321
-329
-310
-306
-304
-310
-316
-320
-321
-302
-290
-308
-305
-288
-285
-255
-227
-211
-177
-143
-110
-55
-59
-40
-8
4
58
91
103
114
127
154
135
137
183
192
206
259
305
305
320
336
324
303
305
313
300
315
329
317
295
277
242
257
218
194
208
215
195
160
130
73
42
7
-46
-100
-146
-190
-228
-237
-214
-213
-245
-256
-252
-272
-279
-296
-324
-322
-350
-359
-315
-281
-264
-226
-165
-173
-161
-131
-85
-19
-15
-2
15
27
48
64
61
46
76
121
171
179
172
175
151
186
212
255
276
244
216
190
160
163
200
223
265
286
265
205
142
90
83
70
88
83
68
47
-50
-117
-166
-205
-188
-142
-123
-118
-142
-177
-186
-181
-228
-263
-313
-317
-297
-328
-299
-261
-271
-250
-231
-223
-197
-162
-156
-125
-91
-84
-61
-44
-17
-28
-13
22
52
97
148
158
196
236
277
330
336
359
371
325
306
281
316
328
330
359
370
389
380
389
369
345
312
247
171
102
51
35
29
23
27
17
-30
-85
-110
-136
-208
-248
-266
-312
-351
-400
-416
-423
-421
-424
-439
-453
-461
-480
-494
-498
-504
-490
-484
-447
-391
-335
-285
-231
-224
-222
-200
-145
-77
7
60
72
62
66
109
208
266
326
420
477
494
501
491
506
533
572
622
612
581
536
516
493
481
465
443
383
320
263
197
116
67
52
15
-18
-51
-97
-123
-159
-192
-250
-296
-319
-361
-386
-422
-424
-421
-407
-410
-438
-467
-484
-493
-442
-373
-325
-310
-328
-358
-368
-335
-319
-275
-250
-222
-191
-142
-72
-25
61
166
226
265
260
268
307
311
350
361
387
393
388
396
390
415
447
461
451
425
390
357
328
281
255
248
199
162
123
52
-10
-60
-111
-127
-136
-146
-132
-124
-117
-99
-124
-124
-125
-147
-148
-153
-185
-227
-237
-226
-224
-250
-245
-257
-260
-196
-149
-156
-162
-174
-160
-161
-146
-146
-189
-169
-120
-112
-70
-14
-10
-1
-5
43
41
0
16
47
41
68
83
82
93
87
83
83
82
80
101
140
149
132
122
126
117
114
127
131
93
52
47
-15
-13
-8
6
53
75
109
92
55
-16
-67
-74
-46
-21
-9
-6
12
16
48
71
66
60
28
18
14
2
-22
-32
-73
-85
-79
-61
2
20
41
51
40
17
-12
20
44
55
78
66
63
66
75
106
128
125
153
116
77
67
50
41
44
58
25
-28
-55
-77
-119
-129
-132
-139
-125
-134
-157
-184
-239
-267
-299
-311
-296
-302
-265
-246
-251
-272
-249
-227
-217
-164
-160
-167
-186
-205
-182
-155
-110
-72
-51
-1
76
128
148
153
170
179
174
175
213
234
235
238
244
254
238
264
308
362
379
359
377
363
357
354
353
321
260
229
222
200
162
148
111
80
23
3
8
-25
-67
-78
-83
-103
-90
-91
-134
-205
-260
-269
-300
-327
-326
-323
-339
-343
-307
-280
-270
-269
-250
-228
-219
-232
-229
-214
-198
-175
-144
-118
-103
-53
15
46
79
78
68
102
169
196
220
228
228
231
222
219
233
231
231
239
219
174
128
97
92
77
95
86
119
138
145
124
102
66
16
12
1
30
35
19
10
-30
-61
-97
-143
-122
-114
-136
-134
-152
-161
-144
-129
-99
-91
-107
-147
-176
-190
-191
-190
-142
-101
-45
7
24
47
59
92
91
91
68
44
13
-18
-8
16
41
53
37
51
47
33
31
-21
-37
-26
-23
-23
-9
-13
-63
-73
-27
1
8
5
-28
-48
-48
-19
9
-21
-43
-61
-94
-104
-81
-84
-90
-75
-64
-76
-72
-70
-78
-35
18
43
37
46
40
41
32
12
21
47
46
33
44
42
19
43
82
114
132
141
152
126
126
121
113
105
115
142
150
126
110
38
-22
-10
-7
29
68
82
119
126
93
63
47
32
20
24
19
-16
-55
-71
-72
-36
-19
-45
-58
-70
-80
-98
-87
-103
-118
-112
-114
-118
-123
-124
-102
-82
-56
-27
3
-1
-7
-17
-44
-57
-64
-34
7
25
20
15
0
2
4
24
30
24
26
53
67
65
50
39
74
79
110
156
155
121
96
55
42
26
22
47
44
38
23
-27
-42
-40
-14
12
20
31
6
-59
-91
-126
-166
-145
-148
-154
-163
-178
-195
-200
-169
-146
-115
-76
-91
-102
-123
-133
-123
-116
-59
-9
23
49
35
22
0
-8
4
-12
22
85
70
60
66
85
72
56
78
87
105
99
85
74
68
51
36
26
47
51
87
108
81
59
10
1
-27
-62
-66
-83
-109
-126
-106
-103
-88
-43
42
60
57
88
40
-18
-30
-22
4
32
80
90
58
42
-2
-38
-17
-1
39
58
47
48
27
35
79
119
165
190
162
123
58
30
36
47
62
57
14
14
1
-4
16
7
27
40
32
34
17
6
15
13
39
33
1
-27
-43
-54
-56
-78
-103
-84
-66
-34
5
28
27
3
1
-7
-33
-46
-52
-57
-58
-29
-18
-32
-34
-54
-35
-22
-14
10
0
-14
-47
-54
-58
-91
-89
-43
-17
18
48
53
72
95
115
160
176
164
169
156
121
65
61
36
23
50
46
29
-8
-32
-37
-3
-5
-23
-61
-92
-157
-203
-187
-200
-205
-189
-195
-204
-231
-249
-267
-237
-195
-135
-126
-121
-115
-139
-158
-135
-76
-22
17
30
27
-13
-34
-32
16
32
42
59
58
30
-11
-29
-4
7
67
129
161
157
122
94
35
32
78
115
145
160
168
175
114
51
22
15
22
39
76
100
77
39
-13
19
53
39
32
25
37
21
31
37
39
3
-19
-21
2
25
48
18
18
37
31
36
50
46
47
62
52
62
58
50
65
55
69
98
61
37
13
-13
-24
3
34
61
81
55
12
-18
-48
-65
-48
-15
-6
-21
-30
-40
-38
-52
-31
-25
-34
-34
-22
-43
-39
-48
-18
-13
-30
-24
-35
-92
-83
-16
250
1065
525
-1018
-1054
-224
-398
-745
560
799
-1199
-1434
-218
144
293
440
922
1176
152
-1327
-1162
143
-95
-309
1084
288
-1654
-944
112
578
819
1010
512
-489
-374
-485
-118
631
440
239
24
-303
-196
123
272
470
668
-131
-37
-105
-485
-283
268
738
264
418
-27
-606
-145
192
79
786
732
-413
-103
41
-571
22
741
367
24
89
-1146
-1226
266
86
-354
264
-350
-1660
-927
219
80
585
469
-218
-70
-411
-125
644
588
64
4
656
-866
-471
1027
415
-167
603
461
-274
-146
235
651
61
-47
64
-116
-690
-333
484
-124
-384
422
-81
-589
-57
373
14
-256
277
190
-40
-203
-280
417
38
-137
65
-31
5
-548
118
406
-136
245
305
-206
-245
186
42
-69
468
175
-473
-14
135
72
97
116
225
75
-1
-360
256
519
-470
75
557
-531
-344
129
177
147
-109
79
27
19
-322
-355
30
-149
-145
-331
438
125
-619
190
97
-57
-402
-109
485
-655
-545
368
-353
-614
17
473
-342
-709
200
-138
-914
-138
467
-37
-454
-102
225
-119
258
336
361
199
-285
-172
-20
268
540
711
309
-71
-236
-59
200
827
740
-272
-249
-253
-627
-250
-247
-107
13
309
-116
-771
376
-107
-379
600
207
-180
-504
274
460
-154
401
229
90
408
341
292
33
302
20
-853
531
842
-94
292
157
-31
-825
-405
580
194
391
-515
-273
464
-716
-633
778
560
-285
-50
328
75
-1066
-147
1018
246
-420
49
777
-665
-517
916
215
-213
6
265
-373
-640
132
23
-134
26
-281
-45
-312
-299
379
98
-75
-168
-132
-3
-160
-227
466
569
-447
-110
24
-288
135
467
241
-398
173
-289
-241
1041
-16
-396
113
90
-270
-531
319
58
-680
63
167
-44
-144
311
911
119
-322
-213
473
256
-427
187
279
-828
-761
199
135
3
278
275
-517
-608
-478
-506
105
142
53
-539
-713
0
34
183
339
463
185
-565
-7
-134
-533
92
575
184
-379
48
87
-12
44
222
495
317
-60
-71
-7
-143
-455
50
619
-5
-99
412
37
-407
308
225
-110
285
412
-277
-663
-215
116
-135
243
799
-372
-685
-204
53
246
109
508
148
-315
-409
-136
766
159
82
531
-62
-772
-394
466
-38
383
652
-235
-219
-330
-421
-73
564
352
-10
-133
-703
25
149
-56
1003
777
-778
-615
197
-93
-162
581
385
-415
-436
-296
399
323
-357
321
652
-301
-573
774
432
-628
164
410
-371
-588
153
380
-212
-86
208
-62
-279
-140
402
296
129
131
-177
-218
-381
-50
757
522
-285
-100
100
-544
-376
755
695
-523
-669
-84
-373
-492
559
567
-278
-624
-171
140
-339
-219
442
106
-528
-240
1
-390
-388
434
351
-482
-502
-373
-106
103
193
475
63
-662
-186
420
-9
-172
426
298
-526
-28
241
-92
188
218
-73
-303
-421
62
404
357
56
195
184
-514
77
494
153
73
54
194
-60
-221
194
455
81
-110
-78
-143
-151
47
495
127
-191
-92
-197
-208
-90
239
125
143
-80
-311
72
-26
-92
203
534
-138
-412
252
86
-271
-48
373
-70
-253
268
362
129
-220
-127
339
217
-64
254
494
52
-571
-138
377
-153
13
623
393
-423
-692
36
-91
-136
399
50
-140
-235
-491
-427
-66
104
-183
9
62
-471
-451
-40
288
228
82
81
-109
-287
-296
106
302
-32
-143
-147
-243
-350
-201
179
219
-49
-243
-138
-7
-81
203
328
12
-121
-171
-161
73
286
265
191
33
-110
-90
182
463
506
248
-52
-215
-94
-16
95
149
1
-92
-211
-175
88
168
-53
68
62
-146
-209
-57
192
213
105
-99
-84
-24
-116
213
236
-138
-353
-170
4
-133
229
471
-135
-382
-32
-28
-139
303
572
62
-285
-170
-51
163
364
329
189
27
-263
-282
-53
-150
-5
206
172
-164
-414
-245
118
145
-71
-51
-127
-307
-262
238
250
-29
-187
-143
-71
-54
-83
182
432
-151
-311
-147
-123
-69
104
422
134
-493
-560
-170
-106
-203
260
254
-271
-205
49
-112
142
533
251
187
103
-139
222
482
208
262
410
59
-18
171
-32
-78
178
268
228
21
-355
-374
-155
-182
109
385
92
-248
-227
-195
-39
174
262
367
326
-223
-634
-286
198
228
275
343
-150
-448
-197
-39
245
319
50
123
-59
-392
-410
-191
-50
89
179
34
-77
-31
-68
-71
162
223
80
3
70
-35
-281
-181
116
175
-171
-301
-34
-134
-254
-17
-156
-262
-292
-188
56
91
-56
-85
-20
-142
-191
-207
-134
-94
12
40
-105
-103
-159
-91
77
97
29
-76
-90
-277
-261
-34
-60
79
106
-3
-96
-139
-48
132
420
433
156
56
59
-42
214
316
223
235
117
-83
-67
260
323
257
265
64
-80
5
185
318
364
11
-123
92
151
244
374
266
-48
-209
-223
-148
266
409
172
136
-64
-314
-199
102
172
32
-11
-113
-128
-215
-315
57
270
41
-20
-59
-296
-411
-160
138
98
-80
-168
-98
-73
-28
117
237
108
-26
-48
-132
-132
-35
158
157
32
-27
-106
-220
-248
-179
19
138
92
8
-195
-405
-440
-86
201
157
202
25
-175
-246
-196
40
118
57
43
22
-31
-27
-121
-121
-110
-93
59
102
-1
-202
-210
-243
-114
226
248
150
157
-83
-312
-177
7
70
181
203
7
-104
-283
-293
41
221
197
215
164
-30
-113
-39
64
234
258
95
-36
-111
-176
-155
12
215
110
-87
-65
-23
-9
-67
54
166
89
-59
-58
-54
-304
-197
208
276
-3
-180
-130
-137
-114
166
238
102
95
-11
-148
-248
-291
-187
-16
125
169
115
-152
-218
-85
-95
154
466
483
181
-288
-485
-360
-128
289
602
393
21
-116
-145
-224
-38
455
570
384
132
-175
-333
-333
-104
235
427
286
153
96
-43
-152
-142
153
338
143
50
-90
-261
-202
55
159
131
179
56
19
114
17
35
135
86
-128
-238
-184
-176
-81
40
8
-182
-332
-260
-88
-33
-1
10
23
-99
-326
-272
-119
7
154
184
144
-94
-313
-189
-49
65
158
31
-160
-298
-316
-181
47
289
346
194
26
-192
-281
-72
235
275
174
152
29
-48
45
168
219
195
216
227
103
-60
-40
-3
65
82
-8
32
57
0
-13
39
-30
-135
-48
24
-144
-211
-232
-270
-240
-117
-15
14
44
-92
-238
-247
-194
-24
114
51
-108
-311
-413
-445
-365
-113
1
-11
7
-66
-188
-238
-137
61
144
207
248
107
-117
-205
-99
177
431
449
357
168
-117
-193
55
280
344
457
499
267
36
65
71
77
276
349
221
121
-53
-115
15
156
245
365
232
10
22
72
47
63
41
-146
-184
-70
18
45
-24
-127
-182
-144
-85
-55
9
7
-45
-180
-313
-293
-195
-70
56
70
-80
-113
-84
-73
25
63
77
53
-7
-95
-177
-236
-219
-118
-52
56
144
32
-142
-110
-57
-64
21
94
-24
-150
-166
-153
-75
70
161
70
-46
-74
-61
-65
-51
82
176
116
7
8
-65
-205
-121
-11
-6
39
73
23
-51
-101
-45
-27
-9
77
71
-39
-186
-129
-50
-105
-89
0
117
76
72
92
-22
-75
-8
91
161
120
18
-64
-142
-81
30
113
158
169
124
60
46
103
110
106
129
83
58
70
113
9
-124
-100
-15
-7
-26
-29
-3
-51
-50
103
189
73
40
63
-1
-89
-73
-11
-93
-160
-186
-160
-116
-23
16
-73
-158
-126
-96
-19
68
70
77
36
-23
-73
-81
-42
91
231
232
138
151
94
-39
11
94
137
110
108
78
-38
-43
154
376
452
446
351
145
-6
44
162
249
221
181
180
15
-116
-137
-110
-60
33
105
36
-185
-354
-320
-235
-108
59
164
-59
-265
-297
-397
-340
-186
-68
-46
-198
-331
-383
-457
-372
-159
-42
-87
-170
-210
-249
-260
-179
-2
56
29
-17
-111
-161
-124
-23
61
70
40
82
54
82
183
216
169
212
272
227
160
111
75
54
39
108
124
73
-12
-25
28
29
96
179
212
140
134
92
74
96
134
159
153
107
-4
-62
-88
-95
-55
-32
-77
-139
-205
-252
-244
-195
-44
113
145
46
-53
-195
-269
-213
-107
7
85
64
-50
-119
-193
-130
29
100
136
111
68
9
36
100
129
169
162
153
84
-62
-98
10
41
-14
-16
-26
-95
-89
18
114
114
69
97
69
21
19
120
126
124
129
82
45
-25
27
77
116
58
23
15
-51
-57
-28
-34
-52
-79
-80
-117
-106
2
111
141
114
77
43
95
87
84
84
73
67
42
28
-32
-66
-57
-35
-4
27
22
-47
-73
-12
10
19
87
68
-43
-168
-192
-142
-134
-117
-33
-57
-120
-190
-239
-218
-178
-172
-126
-9
-69
-179
-189
-118
-72
-60
-31
-63
-103
-125
-161
-98
-36
-41
-25
-42
-103
-165
-120
-17
40
21
-12
-13
-7
42
113
131
80
79
81
24
-15
-39
-26
53
88
81
132
106
58
39
103
179
181
210
222
184
61
10
60
144
156
137
158
100
36
9
33
50
55
113
92
47
6
-11
38
54
134
186
132
57
-6
-13
-4
-7
54
117
132
88
42
16
-47
-41
60
150
123
32
-47
-120
-188
-146
-5
12
-2
16
-66
-179
-194
-164
-121
-58
-13
2
19
-14
-100
-174
-153
-129
-151
-166
-171
-228
-229
-197
-163
-105
-89
-91
-75
-51
-33
-2
70
33
-18
-36
-78
-64
39
163
144
83
40
-48
-64
50
121
170
184
159
117
39
30
95
148
184
211
216
166
34
-81
-94
-67
-34
20
47
30
-20
-38
-52
-45
-7
82
143
99
-11
-150
-248
-212
-97
12
64
23
-75
-211
-284
-210
-143
-51
52
27
-78
-212
-249
-221
-186
-59
85
71
-17
-120
-191
-208
-151
0
139
103
-10
-54
-63
-55
-14
64
66
24
18
123
140
134
185
170
128
66
69
97
188
215
179
146
91
47
121
196
218
260
163
120
79
1
28
100
138
150
104
19
-14
-6
59
63
19
-14
-34
-106
-185
-173
-112
-31
29
72
95
28
-58
-63
-13
4
24
21
13
8
-52
-52
-17
0
36
62
30
13
-45
-104
-84
-60
-34
-13
30
53
40
66
40
33
27
4
-4
-18
-62
-149
-188
-135
-95
-71
-44
-57
-106
-178
-151
-49
-18
-9
8
34
-15
-114
-109
-86
-83
-74
-63
-35
-102
-162
-89
-70
-31
49
82
76
-22
-72
-81
-83
-35
41
36
-4
19
34
47
87
160
186
136
76
42
-9
-83
-59
-34
-93
-115
-45
-8
-15
44
99
59
23
-16
-50
-30
-42
-33
-6
-5
-18
-16
3
31
39
42
61
27
-53
-100
-112
-89
-34
5
35
-10
-64
-4
65
57
56
66
59
36
34
78
91
74
59
102
69
22
67
88
63
38
10
-6
-31
-21
51
51
25
32
4
-10
14
53
117
133
104
62
1
-37
-46
-30
1
14
31
72
78
51
31
9
2
5
5
21
17
-20
-20
-8
-12
-17
-9
19
10
0
-30
-47
-27
-13
-24
-19
-14
-32
-43
-61
-61
-76
-72
-58
0
29
5
8
-5
-39
-45
-66
-93
-99
-80
-47
-68
-77
-51
-43
-35
20
61
53
59
51
26
11
6
0
67
56
7
36
-2
-28
-48
-22
5
27
56
50
27
-12
-29
-11
-1
8
40
47
39
-19
-29
1
22
24
19
-12
-53
-75
-73
-83
-106
-86
-109
-123
-96
-57
-28
-20
1
-3
-37
-63
-66
-70
-50
-41
-56
-23
-1
-3
-13
1
-1
-29
-30
13
1
-16
-4
-16
4
-6
21
42
37
39
47
63
67
81
59
65
43
42
82
93
121
165
146
83
46
35
29
18
48
110
100
74
99
98
68
53
69
61
48
33
12
-9
-12
-5
-4
24
14
-5
6
-11
-24
-6
-20
-60
-71
-56
-68
-48
-4
-4
-15
-21
7
8
-4
-6
-33
-67
-90
-81
-71
-71
-36
-26
-32
-3
38
22
16
3
9
20
25
78
77
69
41
18
-12
-52
-37
-26
-17
-7
38
47
20
36
57
55
8
-34
-57
-75
-86
-90
-74
-66
-57
-47
-56
-67
-95
-93
-83
-67
-50
-60
-66
-58
-38
-56
-56
-52
-92
-117
-125
-139
-121
-107
-92
-61
-46
-20
0
0
-9
-3
-2
17
23
27
47
59
60
51
47
54
57
105
128
92
82
