SAMPLES:	7834
BITSPERSAMPLE:	16
CHANNELS:	1
SAMPLERATE:	16000
NORMALIZED:	FALSE
-2
-9
-15
-18
-17
-11
-8
-6
-5
-4
-9
-11
-9
-6
-7
-3
-10
-18
-17
-15
-9
-8
0
6
9
10
13
16
8
8
14
12
9
7
3
5
4
10
20
20
21
21
15
9
11
8
5
9
17
26
30
29
26
18
7
7
5
1
7
18
24
26
30
21
17
16
16
18
15
14
7
-6
-11
-13
-7
-2
-4
-5
-1
-6
-17
-18
-21
-14
-13
-10
2
1
-9
-19
-22
-28
-32
-32
-26
-26
-27
-28
-28
-30
-24
-13
-6
-3
-3
-7
-14
-15
-12
-8
-8
-5
-2
0
-1
-1
2
-1
-4
-3
-2
-2
1
10
7
4
12
9
7
7
5
0
0
-3
-9
-9
-13
-13
-15
-20
-20
-14
-9
-4
5
8
8
8
9
12
10
14
15
8
6
2
-4
-13
-17
-21
-13
-3
5
8
13
12
9
6
8
7
5
6
2
5
1
-2
-3
-6
-4
-2
5
4
0
1
4
-3
4
1
2
4
-4
-1
4
7
4
8
11
7
4
2
4
6
3
10
17
15
17
23
25
26
22
23
17
2
0
2
7
15
24
26
20
13
8
6
3
1
0
-4
0
0
-3
1
-4
-3
-6
0
-6
-16
-15
-20
-22
-13
-2
5
7
6
5
-6
-13
-14
-11
-6
-16
-14
-15
-23
-33
-25
-4
6
11
6
8
0
-7
-14
-15
-14
-15
-21
-26
-18
-15
-15
-13
-6
-9
-14
-18
-12
-6
-3
0
0
-3
-8
-9
-5
-3
-4
-5
-9
-6
-5
-10
-9
2
10
14
14
14
6
-7
-7
0
3
5
2
-8
-6
2
11
17
19
24
30
23
4
-14
18
73
25
-138
-139
24
78
-19
-46
69
127
-1
-150
-57
104
134
40
100
309
188
-204
-367
-163
-1
-62
-158
43
220
8
-367
-349
-12
284
296
139
147
175
-13
-356
-368
18
403
373
88
-127
-116
-117
-152
-38
425
787
386
-342
-501
-174
-91
-160
24
398
338
-205
-531
-214
139
143
97
181
275
120
-225
-374
-121
143
152
92
101
15
-185
-250
-82
49
45
87
126
50
-112
-225
-181
10
67
117
330
193
-311
-519
-171
305
250
-193
-151
153
27
-429
-431
27
371
97
-382
-277
17
242
-113
-294
-32
205
-65
-228
44
147
22
-80
-51
201
84
34
45
66
-12
-52
161
3
-18
-86
32
153
34
-107
74
438
202
-215
-209
-15
31
-191
-75
142
185
-23
-314
-288
9
156
2
-64
117
144
-177
-284
62
309
-110
-128
283
166
-195
-195
86
143
-84
-92
422
367
-94
-288
-39
238
-99
-341
177
655
-81
-654
-79
482
324
-277
-72
542
45
-335
-279
400
266
-74
-153
-99
106
-23
-119
-52
157
123
-194
-234
37
231
-112
-308
238
190
61
-186
-113
48
-88
-173
17
319
122
130
33
-143
-10
147
16
12
97
178
-72
-279
-142
82
285
127
-178
-69
97
-72
-134
291
373
-120
-140
-107
8
-246
-414
60
568
133
-453
-271
18
1
-108
-316
220
450
2
-224
139
61
-626
-778
-241
88
-50
-398
53
98
-215
-537
-342
424
425
161
-25
437
96
-399
-364
525
758
503
-52
52
305
-314
-441
16
515
99
331
193
64
-353
-398
58
216
49
-185
-56
-174
-180
-692
-58
299
317
270
191
-113
-392
-330
-485
350
658
301
71
151
-325
-738
-304
515
376
67
-83
-128
-325
-451
-269
365
840
334
-93
-278
23
-242
-91
27
318
702
5
-544
112
498
-355
-23
516
564
258
-396
-847
160
474
-57
238
509
82
-524
-570
-86
463
259
140
344
84
-637
-612
-291
-33
388
375
140
-156
-858
-607
-117
150
149
774
1123
470
-311
-703
-556
-671
-790
272
431
101
-417
-529
-514
-938
-432
68
505
667
394
38
-510
-231
-101
496
1021
439
349
402
89
-527
-382
9
523
161
240
673
267
-624
-623
-123
244
-265
-522
286
388
-97
88
-148
-438
94
-413
346
258
353
556
492
-125
-439
-238
-107
506
-199
-299
215
-235
-904
-501
-134
608
238
-249
-705
360
79
-577
-672
339
1279
470
238
-616
-334
406
-125
-649
425
1186
184
-603
-877
343
225
-949
18
1244
518
-176
-475
-888
-2
-89
419
139
-391
-252
567
-22
-810
-160
662
706
54
-383
-118
-142
-206
-754
106
135
-104
413
-262
-98
37
696
-144
-52
220
-406
239
256
159
402
131
592
64
-765
-1059
112
552
525
477
-361
229
-21
-1059
-1270
215
1008
920
283
309
372
-756
-767
-242
358
-15
362
572
54
-632
-297
-326
116
226
-38
220
109
-35
-218
-392
-159
1442
767
336
693
-220
-271
-377
-754
-343
1223
633
101
92
-739
-497
-482
-625
466
705
228
501
-384
-751
-492
-8
219
-23
-702
405
721
-178
-438
-547
-48
342
-267
-357
413
-310
-18
113
-274
-38
-446
-80
-455
-354
-267
419
204
-41
-22
-175
282
442
-707
-681
551
807
161
-137
55
-553
46
-388
-260
586
997
433
-325
-954
-354
690
625
29
430
326
87
-1046
-806
-81
704
384
342
641
161
-67
-1653
-801
-190
689
1025
970
-446
-257
110
-1212
-829
-408
49
1164
980
-343
-486
-164
-330
-323
-802
159
1025
478
-700
465
138
-984
-476
-152
398
702
1269
455
-332
-407
-233
-1096
-568
422
901
845
108
-724
-670
-1169
235
900
615
223
982
886
-816
-357
-723
-412
361
670
439
800
405
161
479
-174
-695
-327
-281
233
660
185
482
251
-1133
-1439
-681
316
230
-173
241
453
630
103
-771
-972
-64
109
142
606
191
434
322
36
-736
-793
417
981
763
-416
-726
-370
-133
-810
-367
517
803
-161
-369
-196
-351
592
117
292
1072
259
-442
-266
-522
-90
628
66
-74
833
-374
-1061
-100
11
15
344
505
693
1062
-891
-811
-424
-750
276
752
82
147
723
-364
-706
-1078
-1373
58
486
135
656
455
-163
-1085
-1624
-1185
365
471
738
594
653
1148
126
-1898
-1580
-152
1026
813
711
354
524
-322
-1685
-1071
-928
177
1245
1695
1092
-90
-427
-755
-719
-446
296
792
797
578
-216
-562
-643
-713
-503
748
978
831
197
-601
-778
-36
61
-650
22
467
947
731
534
-186
-66
-73
-233
-56
116
-247
-77
439
25
-76
-382
-535
-634
59
199
226
364
548
234
-522
-659
-428
-956
-124
541
814
382
-175
-126
-347
-112
107
550
664
940
765
526
-355
-1019
-512
-312
-202
811
908
423
-33
-146
-346
-363
-173
95
497
736
888
265
-171
-373
-255
-454
-373
51
577
393
324
105
-997
-975
-658
-977
-462
816
786
82
-574
-1070
-397
-168
-1027
-154
1257
1032
345
-105
-425
-867
-606
-156
138
227
191
864
745
95
-930
-781
-178
-385
-498
-346
-111
175
-184
-550
-801
-874
-683
-348
281
470
1273
440
45
496
206
265
464
466
669
385
-517
79
527
137
343
1176
117
-641
-1288
-1015
589
1070
444
377
648
-44
-301
-1045
-843
447
1206
1011
704
493
2
-529
-767
-362
356
380
572
388
-11
-641
-871
-677
-482
178
287
-157
-861
-599
-644
-367
426
639
553
-5
-624
-671
-480
-469
31
365
793
1193
321
-686
-577
-301
-493
-281
-128
889
1475
523
-203
-650
-890
-682
-427
277
895
982
414
237
92
-683
-506
-650
-222
532
1012
896
327
-149
-732
-965
-943
-85
840
705
532
532
-46
-616
-917
-691
-421
251
506
654
664
184
-325
-715
-478
15
98
539
915
654
120
-322
-95
-69
-423
-386
288
604
331
273
389
550
321
-481
-651
-439
-104
172
19
-45
167
-192
-761
-712
-499
-293
-48
270
202
234
282
-9
-206
-470
-402
-122
-430
-349
420
266
-176
-602
-510
-598
-904
-986
-190
516
333
294
106
-209
-302
-624
-1023
-351
452
898
772
744
510
277
-179
-623
-265
289
1105
998
815
869
860
132
-427
-443
-344
305
1128
1518
1197
852
587
412
237
336
591
846
1091
819
574
217
-157
-207
-330
-470
-361
-441
-781
-590
-558
-645
-654
-941
-1469
-1491
-1527
-1631
-1328
-832
-600
-680
-897
-1401
-2039
-2033
-1397
-476
336
390
244
-215
-960
-1367
-1353
-1104
-401
395
898
724
101
-498
-753
-806
-317
750
1703
2407
2870
3052
2582
2043
1684
1965
2498
2945
2979
3099
3089
2864
2348
1554
1210
1250
1331
1288
1122
888
425
-424
-1239
-1886
-2442
-2680
-2593
-2537
-2237
-2244
-2392
-2757
-2922
-2883
-2988
-2717
-2069
-1703
-1528
-1222
-983
-1152
-1561
-1768
-1656
-1158
-963
-991
-787
-431
-322
-467
-1029
-1395
-1324
-1064
-706
-86
545
1307
2183
2895
3099
3085
2982
2619
2547
2892
3682
4256
4382
4157
3458
2401
1695
1510
1632
1802
1854
1482
1144
630
-380
-1305
-1969
-2251
-2378
-2382
-2237
-2246
-2679
-3112
-3503
-3511
-3143
-2440
-1822
-1350
-1112
-1165
-1076
-1104
-1592
-1918
-1673
-1367
-907
-757
-653
-727
-1083
-1469
-1673
-1513
-978
-668
-405
-412
-503
-415
-139
753
2284
3973
4720
4521
3573
2713
2244
2635
3404
4481
5006
4788
3820
2577
1451
750
588
799
1119
1204
955
170
-970
-2442
-3378
-3750
-3404
-2713
-2003
-1567
-1574
-2323
-3215
-3815
-3586
-2638
-1463
-343
460
660
230
-479
-1372
-2153
-2187
-1425
-633
-174
15
-226
-881
-1649
-2394
-2724
-2445
-1767
-1196
-692
-332
-32
426
1240
2302
3563
4407
4568
4144
3683
3486
3538
4057
4589
4887
4398
3459
2321
1524
1028
756
611
473
-178
-825
-1492
-2262
-3072
-3657
-3985
-3713
-2960
-2492
-2442
-2858
-3334
-3635
-3368
-2717
-1521
-469
198
425
273
-88
-622
-1052
-1060
-1058
-831
-460
-177
-355
-756
-1268
-1913
-2393
-2517
-2295
-1875
-1236
-936
-458
715
2330
3716
4581
4477
3800
3160
3013
3468
4444
5593
6060
5565
4264
2660
1491
1156
1011
1003
897
652
33
-898
-2156
-3426
-4549
-4769
-4194
-3322
-2715
-2620
-2980
-3601
-4219
-4246
-3257
-1749
-296
585
1050
994
662
266
-169
-616
-708
-597
-365
-169
-67
-254
-769
-1470
-2171
-2817
-2923
-2495
-1879
-947
513
2551
4107
4646
3924
2559
1556
1507
2751
4746
6424
7055
6404
4426
2148
617
493
1251
2167
2340
1719
474
-1100
-2926
-4683
-5767
-5737
-4647
-3288
-2297
-2109
-2907
-4140
-5281
-5537
-4307
-2224
-131
1292
1778
1357
643
-79
-666
-966
-842
-235
421
696
608
-24
-810
-1784
-2465
-2727
-2576
-2118
-1525
-370
1253
2997
3982
3858
2860
1753
1313
2089
3958
6181
7481
7222
5336
2866
999
559
1186
2256
2997
2900
1868
11
-2090
-4074
-5534
-5950
-5327
-4060
-2778
-2360
-2907
-4138
-5338
-5917
-5247
-3498
-1190
728
1710
1728
931
-50
-672
-879
-646
-24
832
1222
1020
396
-489
-1514
-2362
-2869
-2668
-2151
-1508
-110
1625
3231
3597
2984
1843
1018
1079
2375
4493
6615
7681
7058
4808
2373
918
932
1810
2798
3348
3086
1969
141
-2275
-4366
-5608
-5761
-4806
-3479
-2453
-2405
-3337
-5069
-6399
-6533
-5231
-2966
-600
1098
1801
1459
518
-571
-1011
-805
-34
871
1627
1933
1465
254
-1106
-2146
-2619
-2473
-1885
-1377
-713
634
2278
3431
3292
2193
863
235
858
2742
5300
7308
7726
6202
3442
1143
289
1161
2680
3819
3977
3155
1502
-813
-3222
-5066
-5778
-5250
-4082
-2866
-2267
-2880
-4443
-6251
-7271
-6710
-4717
-2086
82
1129
1047
339
-556
-1294
-1321
-630
495
1555
2222
2114
1400
207
-1255
-2132
-2280
-1794
-1134
-304
1233
3026
4096
3433
1604
-280
-827
362
3029
5976
7942
7745
5406
1946
-358
-272
1853
4189
5261
4660
2713
422
-1720
-3244
-4151
-4101
-3434
-2603
-2310
-2867
-4223
-5732
-6894
-6961
-5831
-3751
-1560
-182
7
-686
-1424
-1575
-1239
-474
396
1167
1561
1582
1051
126
-731
-1242
-1337
-962
-502
-44
-83
67
830
2051
2991
3115
2527
1795
1694
2307
3608
5127
6318
6248
4954
3002
1858
1936
3041
3754
3741
2978
1871
444
-997
-2234
-3151
-3455
-3429
-3480
-3617
-4134
-4845
-5577
-6086
-6109
-5382
-3965
-2606
-1670
-1120
-945
-957
-1182
-1199
-927
-405
317
809
838
377
-218
-846
-953
-786
-710
-596
-727
-629
581
2607
4365
4422
3026
985
19
820
3168
5791
7485
7177
4924
2024
303
604
2523
4444
4876
3844
1909
93
-1314
-2333
-2899
-2798
-2158
-1727
-2026
-3315
-4997
-6186
-6580
-5871
-4360
-2573
-1496
-1566
-2180
-2598
-2268
-1377
-614
-193
-213
-202
-234
-337
-778
-1367
-1481
-1213
-769
-550
-824
-1453
-1905
-1014
1206
3745
4896
4100
2138
497
428
2002
4566
6840
7577
6304
3647
1358
895
2220
3967
4607
4028
2421
779
-650
-1895
-2720
-2895
-2268
-1433
-1378
-2347
-4215
-5765
-6436
-5850
-4210
-2353
-1114
-1046
-1894
-2736
-2730
-1823
-603
384
679
439
-18
-665
-1334
-1749
-1663
-1128
-407
-52
-502
-1402
-2439
-2321
-269
2609
4703
4517
2678
632
97
1289
3665
6032
7134
6401
4434
2186
1377
2190
3738
4545
4140
2895
1446
81
-1158
-2072
-2473
-2290
-1740
-1623
-2383
-3858
-5309
-5849
-5414
-4267
-2955
-1913
-1685
-1934
-2187
-2027
-1461
-793
-402
-120
48
76
-193
-577
-1157
-1619
-1576
-1118
-593
-526
-1088
-1941
-2398
-1168
1286
3520
3941
2587
636
-313
427
2493
4973
6471
6360
4622
2286
1025
1638
3461
4920
4834
3528
1709
275
-619
-1220
-1832
-2012
-1785
-1667
-2021
-3112
-4604
-5508
-5402
-4300
-2820
-1787
-1614
-1972
-2311
-2121
-1307
-386
221
421
262
103
-207
-620
-992
-1267
-1378
-1125
-732
-682
-1159
-2014
-2797
-2074
389
2995
3960
2786
720
-710
-373
1446
4056
5977
6328
4928
2595
942
1261
3099
4932
5207
4014
2169
598
-424
-1015
-1338
-1364
-1067
-891
-1337
-2601
-4225
-5295
-5379
-4408
-2901
-1554
-956
-1345
-2082
-2328
-1815
-858
216
861
956
771
336
-287
-861
-1173
-1079
-730
-234
-198
-753
-1634
-2608
-2744
-1089
1629
3579
3260
1343
-701
-1220
88
2560
4976
6101
5384
3201
910
224
1596
3898
5169
4572
2879
950
-337
-999
-1296
-1343
-1090
-806
-1036
-2085
-3650
-5008
-5412
-4725
-3364
-2097
-1347
-1417
-2040
-2417
-2086
-1113
-14
601
595
393
282
122
-217
-673
-861
-627
-196
103
-149
-919
-1754
-2341
-1488
903
3360
3943
2397
245
-1043
-512
1510
4023
5697
5674
3959
1600
106
725
2883
4705
4643
3126
1212
-229
-976
-1283
-1478
-1566
-1387
-1414
-1970
-2925
-4093
-4996
-5090
-4214
-2904
-1857
-1529
-1866
-2136
-1922
-1224
-458
136
590
755
700
480
183
-235
-467
-453
-265
60
94
-260
-949
-1711
-2092
-779
1656
3636
3581
1847
-17
-580
417
2416
4598
5670
5168
3242
1139
329
1543
3561
4747
4195
2582
848
-313
-830
-1041
-1319
-1348
-1373
-1720
-2389
-3462
-4568
-5177
-4770
-3671
-2636
-2114
-2090
-2201
-2155
-1751
-1187
-764
-269
191
625
896
880
346
-427
-900
-743
-176
264
348
-201
-1141
-1980
-1843
76
2631
4000
3015
955
-286
9
1422
3326
4881
5337
4436
2605
1028
957
2582
4165
4344
3051
1492
309
-279
-549
-858
-1149
-1250
-1577
-2401
-3402
-4129
-4534
-4575
-4173
-3506
-2894
-2725
-2720
-2576
-2049
-1217
-564
-426
-406
-69
341
536
495
76
-500
-722
-481
-175
-155
-386
-890
-1429
-1800
-973
1066
2936
3260
1682
-20
-324
816
2502
4190
5206
4940
3425
1757
1096
2184
4027
4919
4055
2363
990
247
-13
-141
-421
-773
-1151
-1918
-2841
-3494
-3733
-3911
-4008
-3853
-3280
-2793
-2612
-2478
-2011
-1265
-620
-564
-849
-691
123
853
1009
650
17
-508
-581
-326
-261
-321
-435
-737
-1254
-1726
-945
915
2454
2506
985
-157
71
1307
2672
3927
4616
4130
2633
1182
1067
2605
4374
4667
3260
1571
585
249
268
194
-140
-702
-1470
-2391
-3019
-3178
-3204
-3601
-3992
-3923
-3311
-2826
-2559
-2224
-1719
-1126
-772
-788
-885
-419
409
899
873
519
59
-317
-531
-398
-428
-489
-601
-884
-1213
-1307
13
1752
2592
1682
61
-397
478
1937
3310
4390
4523
3354
1551
695
1535
3450
4608
4017
2257
846
249
161
251
198
-249
-1091
-2022
-2863
-3176
-3041
-3085
-3656
-4134
-3964
-3248
-2642
-2151
-1765
-1358
-1062
-1125
-1214
-800
308
1175
1215
701
180
-142
-234
-132
79
-84
-297
-598
-976
-1365
-1192
512
2239
2610
1307
-207
-388
785
2373
3959
4830
4368
2582
852
803
2434
4342
4623
3224
1371
361
227
503
633
372
-490
-1566
-2416
-2862
-2879
-2677
-2903
-3603
-4067
-3756
-2945
-2346
-1968
-1557
-1239
-1159
-1156
-1082
-527
484
1151
1029
563
101
-228
-265
-57
63
-140
-416
-772
-1069
-1464
-991
944
2460
2255
628
-528
-123
1269
2683
3979
4538
3786
2009
867
1444
3250
4552
3949
2158
686
354
597
787
666
31
-1147
-2160
-2836
-2831
-2526
-2555
-3223
-4029
-4169
-3542
-2716
-2177
-1762
-1548
-1540
-1526
-1262
-747
219
1128
1206
718
169
-145
-135
179
585
515
26
-522
-918
-1232
-1419
-112
1992
2801
1626
-154
-760
298
1828
3177
4170
4152
2809
956
533
1952
3852
4304
3001
1131
257
381
827
835
428
-556
-1670
-2299
-2377
-2267
-2550
-3074
-3761
-4186
-3984
-3228
-2402
-1732
-1510
-1645
-1803
-1592
-1029
-364
384
870
751
283
-43
-92
144
557
791
354
-370
-756
-800
-875
-929
430
2196
2402
942
-459
-155
1370
2753
3726
4189
3695
2239
885
1152
2800
4282
4016
2371
853
430
615
851
819
303
-847
-1985
-2411
-2322
-2183
-2431
-3097
-3916
-4265
-3717
-2675
-2002
-1811
-1877
-2000
-1914
-1400
-716
-36
738
932
439
6
-33
159
481
739
710
43
-605
-794
-613
-651
-375
1272
2551
1994
229
-646
338
2003
3058
3738
3893
3093
1635
915
1837
3461
4081
3088
1466
591
671
915
939
571
-224
-1462
-2316
-2391
-2238
-2389
-2946
-3516
-3967
-4019
-3514
-2745
-2069
-1780
-1992
-2204
-2050
-1380
-449
311
722
493
-77
-400
-215
208
598
851
484
-536
-1104
-928
-419
-440
-328
1174
2339
1748
164
-343
814
2279
3022
3519
3690
3001
1786
1333
2273
3500
3876
3031
1791
1130
1035
960
756
311
-435
-1409
-1893
-1888
-2017
-2504
-3207
-3662
-3832
-3717
-3127
-2406
-1958
-1902
-2139
-2182
-1816
-1060
-419
70
470
317
-110
-278
-39
265
549
642
212
-750
-1226
-915
-301
-328
-290
949
1866
1454
212
-78
1121
2341
2713
3096
3452
3072
2059
1701
2497
3425
3608
2961
2152
1629
1392
1129
938
731
163
-815
-1315
-1405
-1736
-2276
-2904
-3400
-3811
-3701
-2916
-2120
-1899
-2185
-2573
-2435
-1823
-901
-213
69
88
-346
-735
-498
141
523
487
278
-306
-1256
-1542
-1042
-329
-395
-748
203
1324
1189
139
-187
903
2040
2336
2756
3403
3180
2088
1535
2145
3047
3405
3048
2451
1933
1512
1145
990
960
515
-443
-1033
-1180
-1417
-1978
-2659
-3066
-3245
-3184
-2726
-2071
-1833
-2303
-2931
-2823
-1781
-523
-46
-212
-358
-661
-798
-363
257
451
153
-194
-616
-1221
-1490
-1035
-594
-582
-1130
-494
864
1280
382
-340
490
1670
2094
2281
3030
3198
2295
1479
1818
2782
3497
3491
2920
2028
1374
1020
1037
1327
1130
230
-648
-909
-963
-1275
-2055
-2702
-3010
-2970
-2362
-1520
-1269
-1844
-2787
-2877
-1671
-337
83
-281
-631
-768
-665
-198
381
515
18
-510
-784
-989
-1008
-692
-446
-471
-1209
-1454
-81
1212
1177
81
-36
912
1570
1648
2299
3002
2683
1623
1248
2048
3033
3460
3002
2085
1302
1045
1168
1647
1698
917
-377
-1103
-1135
-966
-1218
-2019
-2724
-2846
-2402
-1767
-1437
-1886
-2653
-2951
-2046
-673
22
-359
-831
-869
-683
-123
564
609
-18
-708
-853
-756
-731
-680
-648
-718
-975
-1460
-1257
278
1380
1069
41
-2
870
1331
1509
2321
2843
2173
1208
1186
2111
3059
3303
2641
1679
1014
1092
1530
1932
1628
448
-904
-1265
-778
-525
-1141
-2083
-2653
-2754
-2327
-1711
-1450
-2008
-2693
-2564
-1520
-644
-483
-819
-918
-724
-412
-76
46
-217
-693
-897
-614
-413
-520
-704
-818
-916
-1145
-1448
-735
867
1668
1059
8
150
967
1493
1888
2804
3048
2098
1176
1473
2461
3070
2968
2455
1917
1662
1827
2077
1999
1174
-63
-921
-713
-37
-83
-1056
-1989
-2493
-2488
-2135
-1777
-1750
-2167
-2488
-2178
-1518
-1132
-1012
-1009
-809
-565
-344
-251
-392
-683
-956
-877
-585
-558
-747
-983
-1121
-1078
-1137
-1262
-288
1295
1624
646
-163
294
1176
1542
1936
2696
2697
1784
1261
1834
2726
3127
2924
2414
1967
1921
2093
2086
1607
639
-276
-426
103
335
-198
-1188
-2128
-2628
-2530
-1907
-1457
-1822
-2389
-2567
-2253
-1782
-1375
-1122
-1068
-1064
-980
-832
-652
-620
-691
-831
-816
-685
-781
-982
-1139
-1064
-1031
-1014
-1099
-294
1106
1443
711
33
403
1179
1611
1970
2668
2737
1986
1359
1596
2355
2926
3033
2775
2296
2056
2086
1970
1649
998
318
38
160
170
-300
-1266
-2017
-2229
-2114
-1857
-1724
-1950
-2377
-2722
-2592
-1804
-1059
-1030
-1511
-1748
-1625
-1258
-851
-634
-703
-1028
-1218
-1000
-892
-1094
-1333
-1355
-1036
-692
-745
-568
492
1280
1116
351
280
1005
1621
1869
2540
3035
2446
1433
1328
2358
3280
3541
3114
2440
2000
1975
2070
2197
1862
1085
327
174
372
180
-611
-1539
-2062
-2140
-1966
-1798
-1803
-2190
-2501
-2472
-1818
-1129
-1210
-1835
-2126
-1727
-1108
-630
-546
-910
-1499
-1593
-1129
-674
-837
-1176
-1269
-1088
-832
-729
-937
-692
526
1258
1009
250
208
756
1293
1770
2568
2728
1885
1323
1876
2883
3385
3301
2727
2192
1991
2420
2837
2682
1676
570
177
446
719
478
-449
-1570
-2168
-2090
-1612
-1373
-1717
-2463
-2699
-2361
-1746
-1513
-1801
-2025
-1880
-1529
-1187
-966
-1160
-1568
-1698
-1397
-1027
-966
-1234
-1306
-1109
-964
-1012
-1028
-1107
-859
333
1187
1037
200
-110
384
1166
1820
2434
2536
1863
1539
2062
2908
3288
3206
2828
2512
2537
2963
3064
2531
1645
1037
876
1024
1005
406
-608
-1557
-1924
-1685
-1158
-1217
-1897
-2651
-2870
-2507
-1950
-1576
-1631
-2057
-2255
-2069
-1755
-1391
-1254
-1307
-1526
-1535
-1229
-1098
-1195
-1262
-1116
-1075
-1083
-961
-1044
-1116
-152
1061
1040
203
-227
534
1490
1790
1954
2390
2354
1992
2215
2892
3354
3452
3320
3131
2961
2728
2618
2613
2498
1975
1372
901
571
254
-47
-531
-1106
-1542
-1822
-1847
-1905
-2114
-2390
-2428
-2220
-1875
-1795
-2144
-2394
-2178
-1907
-1643
-1463
-1515
-1628
-1709
-1565
-1355
-1232
-1317
-1311
-1326
-1355
-1259
-1052
-1092
-764
326
853
564
7
239
997
1457
1659
2262
2606
2201
1838
2362
3212
3560
3503
3217
2872
2637
2802
3072
2928
2011
1083
731
881
1060
790
-130
-1298
-2027
-1969
-1412
-1168
-1662
-2549
-2988
-2641
-1937
-1536
-1740
-2227
-2403
-2213
-1784
-1253
-1129
-1525
-1855
-1648
-1168
-1037
-1292
-1550
-1535
-1315
-1169
-1033
-994
-1312
-1014
326
1216
947
162
124
936
1566
1818
2385
2695
2339
2122
2563
3167
3445
3414
3149
2853
2778
2919
2814
2348
1656
1204
1116
1110
817
74
-940
-1749
-1739
-1162
-1048
-1616
-2418
-2847
-2735
-2149
-1488
-1378
-2100
-2876
-2615
-1683
-1078
-1008
-1340
-1838
-1972
-1640
-1013
-792
-1117
-1591
-1714
-1348
-875
-647
-861
-1136
-1115
31
1298
1429
717
362
882
1520
1920
2411
3006
2634
2017
2172
2959
3366
3362
3104
2723
2536
2687
2811
2510
1942
1294
886
668
614
311
-322
-1127
-1578
-1674
-1628
-1724
-1970
-2276
-2485
-2392
-2068
-1847
-1881
-2096
-2216
-1956
-1753
-1725
-1703
-1629
-1579
-1499
-1441
-1439
-1591
-1546
-1318
-987
-858
-913
-898
-835
-729
-363
880
1685
1352
611
670
1370
2007
2275
2558
2753
2282
1871
2190
2952
3379
3324
2859
2409
2227
2445
2564
2331
1621
755
297
302
345
15
-655
-1378
-1738
-1715
-1516
-1604
-2007
-2480
-2516
-2190
-1755
-1550
-1907
-2484
-2472
-1905
-1494
-1466
-1752
-1991
-2028
-1746
-1244
-922
-1147
-1441
-1374
-1023
-679
-463
-317
-323
-294
-193
771
1554
1430
938
786
1290
1861
2152
2322
2600
2356
2139
2243
2722
3014
3026
2693
2327
2189
2329
2278
1733
1031
505
573
706
497
-191
-943
-1475
-1511
-1244
-1145
-1469
-1940
-2267
-2283
-2064
-1937
-1868
-2009
-2223
-2164
-1951
-1811
-1788
-1724
-1618
-1441
-1336
-1154
-868
-768
-725
-548
-407
-392
-265
-109
-59
58
141
303
1154
1648
1412
990
1122
1650
1892
1803
1924
2338
2289
2088
2243
2378
2172
2189
2252
2064
1750
1562
1385
1201
926
505
273
82
-171
-451
-765
-1205
-1446
-1486
-1569
-1704
-1817
-1966
-2131
-2316
-2329
-1996
-1814
-1953
-1894
-1681
-1714
-1608
-1187
-874
-859
-870
-705
-602
-594
-499
-278
-118
-161
-63
61
95
101
257
373
922
1594
1594
1217
976
1182
1583
1759
1795
2042
1961
1692
1564
1824
1988
1959
1603
1247
1063
1128
1286
1278
969
410
55
-40
95
-25
-529
-1274
-1843
-1976
-1679
-1453
-1634
-2202
-2504
-2283
-1778
-1300
-1270
-1667
-1967
-1716
-1201
-751
-602
-789
-976
-835
-482
-146
-247
-582
-670
-390
-9
197
143
-112
-148
85
453
575
895
1415
1295
836
714
1027
1336
1285
1314
1700
1704
1344
1251
1464
1567
1642
1726
1620
1325
1145
1122
1080
845
511
316
103
-141
-300
-499
-901
-1311
-1371
-1273
-1185
-1217
-1389
-1463
-1464
-1419
-1277
-1135
-1088
-973
-783
-755
-800
-637
-546
-541
-491
-315
-172
-326
-534
-385
-116
-67
-179
-152
-43
-142
-161
-17
145
123
637
1048
738
248
207
591
860
806
956
1239
1028
712
893
1314
1346
1264
1179
1104
919
904
967
816
414
157
239
330
108
-229
-457
-663
-745
-696
-667
-797
-847
-863
-962
-1068
-1083
-1009
-1040
-1079
-967
-760
-686
-716
-702
-621
-477
-321
-199
-240
-408
-490
-305
-160
-100
-125
-224
-352
-423
-284
-197
-221
-460
133
656
490
93
17
398
626
638
649
756
519
466
679
940
1048
1029
811
711
866
1161
1260
1091
889
777
767
762
727
608
353
67
-33
-118
-202
-160
-272
-658
-903
-940
-757
-612
-691
-880
-953
-846
-586
-425
-536
-741
-764
-604
-342
-261
-521
-856
-984
-756
-388
-250
-515
-882
-1022
-698
-277
-167
-448
-517
-91
120
14
-179
-88
51
140
217
476
648
495
458
710
1000
1231
1398
1434
1443
1565
1726
1773
1720
1465
1233
1203
1275
1265
1047
630
316
91
-35
-34
-30
-184
-477
-702
-779
-694
-703
-770
-842
-917
-946
-982
-1033
-1052
-1071
-1084
-1013
-1028
-1201
-1362
-1217
-1071
-1017
-964
-999
-1197
-1217
-1042
-834
-792
-928
-959
-863
-385
-166
-326
-601
-503
-89
306
459
604
848
914
1059
1354
1648
1699
1781
1863
2022
2200
2351
2310
2199
2017
1915
1875
1760
1648
1452
1093
662
456
370
323
178
-123
-595
-954
-1076
-897
-787
-1003
-1384
-1542
-1492
-1449
-1340
-1289
-1401
-1619
-1655
-1569
-1427
-1494
-1558
-1465
-1441
-1440
-1404
-1424
-1476
-1418
-1262
-1066
-920
-872
-791
-796
-420
-47
89
61
171
469
759
875
1104
1495
1630
1683
1830
2098
2259
2514
2709
2750
2637
2591
2507
2423
2287
2167
2042
1805
1460
1173
847
487
202
-25
-218
-454
-626
-819
-1022
-1164
-1261
-1354
-1478
-1623
-1682
-1664
-1665
-1705
-1713
-1771
-1806
-1891
-1925
-1843
-1759
-1648
-1548
-1602
-1703
-1679
-1446
-1175
-1060
-1044
-1096
-1040
-892
-632
-405
-381
-278
110
435
481
609
1069
1357
1359
1516
1937
2161
2155
2304
2590
2590
2467
2546
2690
2625
2535
2501
2279
1892
1596
1575
1493
1197
812
438
103
-74
-203
-420
-757
-956
-1087
-1266
-1476
-1621
-1720
-1908
-2014
-1899
-1731
-1787
-1978
-2027
-1866
-1705
-1718
-1769
-1747
-1877
-1867
-1639
-1467
-1480
-1530
-1482
-1221
-961
-771
-679
-617
-472
-191
76
229
225
489
961
1234
1355
1360
1421
1464
1631
1940
2300
2235
2027
1954
2153
2371
2557
2590
2366
2147
2081
2165
2098
1788
1413
1110
867
656
418
160
-166
-492
-765
-916
-1050
-1257
-1463
-1650
-1738
-1671
-1632
-1744
-1855
-1875
-1849
-1777
-1793
-1840
-1838
-1839
-1741
-1501
-1391
-1415
-1408
-1237
-1045
-963
-886
-792
-596
-466
-300
-181
-95
0
164
372
493
470
537
811
893
1006
1182
1470
1493
1405
1507
1857
2024
1965
1917
1953
2033
2045
2101
1988
1764
1568
1547
1476
1269
977
775
573
427
234
-48
-433
-730
-906
-979
-1058
-1221
-1455
-1647
-1716
-1708
-1671
-1717
-1804
-1813
-1682
-1640
-1665
-1652
-1538
-1393
-1284
-1284
-1203
-1077
-908
-736
-641
-616
-581
-522
-465
-332
-127
61
145
194
285
368
438
494
477
514
732
935
1007
1088
1265
1448
1489
1448
1469
1569
1550
1644
1785
1777
1658
1538
1490
1424
1370
1323
1227
934
696
594
515
323
72
-176
-319
-481
-597
-719
-905
-1096
-1212
-1282
-1376
-1471
-1500
-1497
-1502
-1383
-1347
-1382
-1504
-1485
-1327
-1108
-1039
-1030
-991
-936
-842
-701
-551
-484
-444
-391
-278
-152
-62
-73
-38
-9
32
157
242
296
251
274
428
715
864
798
735
768
1023
1216
1217
1200
1318
1306
1409
1513
1586
1621
1584
1541
1417
1342
1304
1320
1210
879
523
364
203
53
-96
-319
-598
-845
-1006
-1057
-1068
-1183
-1358
-1512
-1529
-1468
-1391
-1356
-1374
-1409
-1391
-1276
-1154
-1059
-924
-867
-872
-819
-748
-689
-609
-449
-335
-323
-315
-288
-262
-218
-180
-94
-27
10
82
175
197
177
196
263
344
580
771
781
760
830
1052
1261
1338
1387
1454
1421
1433
1532
1613
1474
1294
1136
1087
1052
980
925
726
436
292
183
-30
-190
-294
-396
-589
-759
-893
-892
-890
-955
-994
-1074
-1170
-1174
-1129
-1042
-988
-1022
-966
-873
-741
-644
-602
-541
-496
-483
-498
-480
-370
-239
-101
-7
33
17
-31
-98
-63
1
6
17
78
76
14
23
161
301
323
255
271
358
357
376
360
433
596
719
808
905
918
832
807
841
920
959
836
736
747
806
739
602
401
267
231
194
116
-98
-324
-466
-491
-529
-582
-669
-744
-780
-765
-691
-641
-582
-535
-477
-483
-502
-495
-449
-334
-168
-23
-44
-143
-223
-218
-142
-33
-51
-175
-313
-389
-388
-373
-403
-512
-629
-665
-597
-561
-521
-492
-486
-450
-324
-215
-155
-131
-60
17
85
247
373
505
617
710
900
992
925
873
919
1026
1107
1100
1030
950
858
765
698
607
496
355
277
228
134
19
-68
-95
-81
-96
-195
-237
-225
-187
-181
-135
-137
-221
-245
-197
-138
-142
-213
-299
-315
-309
-292
-343
-488
-545
-545
-591
-656
-760
-796
-777
-760
-740
-781
-885
-943
-872
-793
-663
-556
-535
-559
-511
-395
-229
-40
118
212
293
421
576
761
898
981
1037
1119
1175
1213
1209
1157
1069
1057
1162
1180
1131
1045
910
821
805
747
575
362
175
147
167
116
16
-161
-327
-357
-305
-265
-270
-357
-404
-393
-386
-372
-424
-530
-548
-540
-555
-645
-743
-765
-791
-791
-792
-799
-840
-919
-933
-906
-924
-1022
-1091
-1097
-1043
-900
-746
-650
-599
-547
-447
-237
-30
115
213
289
380
416
488
600
765
921
987
1027
1122
1162
1170
1109
1052
1042
1000
996
965
887
766
672
679
707
639
551
425
331
352
366
277
110
-14
-52
-33
6
32
-83
-312
-467
-488
-424
-370
-374
-420
-487
-602
-673
-688
-703
-753
-787
-810
-819
-814
-862
-911
-926
-971
-922
-820
-757
-715
-645
-529
-455
-470
-489
-408
-308
-145
-18
26
8
46
144
300
464
596
705
756
774
767
753
754
826
919
989
1026
1019
972
971
967
992
1002
965
882
794
747
732
708
675
599
488
400
270
183
122
82
-23
-171
-307
-358
-331
-327
-337
-393
-481
-578
-636
-675
-735
-798
-915
-1026
-1055
-1072
-1072
-1056
-1062
-1088
-1117
-1147
-1141
-1075
-1014
-1030
-1009
-910
-801
-682
-550
-470
-410
-313
-209
-135
-51
68
242
431
568
683
776
831
852
883
948
1038
1107
1137
1123
1104
1094
1079
1056
1072
1101
1069
1007
944
941
943
895
745
567
486
496
519
478
339
185
53
-29
-102
-203
-285
-356
-449
-543
-676
-762
-784
-835
-890
-928
-984
-1080
-1146
-1195
-1171
-1109
-1031
-1012
-1047
-1045
-1009
-927
-840
-789
-747
-677
-602
-477
-362
-215
-76
-10
62
160
251
318
375
442
517
548
554
613
675
754
864
960
960
913
861
870
910
856
740
629
569
600
670
656
567
458
425
460
474
430
363
313
248
168
98
32
-91
-167
-187
-217
-258
-321
-429
-536
-559
-534
-497
-505
-588
-688
-688
-630
-546
-494
-482
-494
-502
-488
-444
-409
-360
-295
-253
-194
-107
-33
-17
-8
39
94
126
98
79
129
178
214
226
198
157
139
173
188
114
-9
-84
-96
-97
-61
-8
26
42
19
21
28
34
59
57
49
38
73
93
75
74
75
77
90
117
146
174
151
120
83
35
-1
42
49
45
66
101
102
45
14
31
83
130
158
193
201
165
123
129
170
246
283
262
228
183
165
128
90
35
-12
-46
-82
-149
-203
-282
-386
-444
-522
-569
-621
-688
-701
-680
-666
-657
-647
-611
-534
-489
-410
-356
-357
-382
-370
-269
-116
24
96
144
141
201
313
395
424
394
344
357
402
467
502
516
518
565
627
666
727
729
716
724
732
699
654
663
663
637
572
505
458
460
481
467
426
344
222
135
72
-35
-159
-264
-342
-418
-479
-579
-706
-814
-841
-811
-801
-810
-827
-870
-916
-905
-921
-922
-952
-962
-904
-797
-660
-586
-536
-511
-439
-381
-304
-184
-89
-18
3
51
78
134
196
311
425
508
548
552
581
630
675
694
730
730
739
752
744
721
723
694
662
630
635
645
581
488
406
375
336
282
183
114
84
54
-19
-115
-213
-292
-331
-356
-367
-416
-491
-587
-650
-689
-696
-713
-710
-712
-753
-769
-757
-682
-625
-592
-564
-541
-465
-371
-310
-285
-272
-252
-184
-108
-34
39
96
158
226
265
292
337
387
427
435
451
451
448
469
497
508
521
529
528
534
540
519
465
423
409
408
360
292
301
325
346
349
273
141
49
0
19
35
-6
-35
-70
-84
-151
-157
-179
-264
-322
-351
-358
-389
-441
-469
-447
-414
-387
-368
-368
-395
-391
-354
-336
-338
-341
-334
-262
-171
-143
-154
-154
-128
-80
-21
30
87
71
56
116
127
129
165
186
151
154
168
174
159
163
190
198
211
222
219
205
218
218
219
199
186
168
131
115
95
118
172
222
220
185
157
140
153
110
23
-39
-51
-36
-21
-34
-90
-130
-172
-147
-118
-155
-219
-270
-279
-267
-288
-320
-293
-269
-226
-180
-162
-180
-195
-159
-106
-102
-92
-68
-48
-21
-1
5
-12
-17
5
28
101
181
170
146
116
76
60
46
62
64
87
96
79
72
76
58
65
117
149
161
157
117
58
-10
-34
-4
35
77
82
59
37
28
0
11
27
15
3
14
30
17
-30
-71
-131
-166
-165
-140
-104
-123
-141
-177
-175
-174
-178
-199
-183
-136
-126
-124
-102
-61
-20
32
88
130
105
83
54
66
107
106
106
172
240
284
301
299
297
273
263
239
227
197
188
190
183
161
155
151
127
105
75
39
-10
-26
-55
-75
-55
-11
31
48
19
-30
-71
-111
-96
-106
-137
-212
-250
-263
-268
-241
-256
-300
-358
-344
-306
-322
-362
-360
-377
-426
-425
-380
-315
-252
-221
-220
-172
-141
-103
-66
-16
28
36
55
77
117
164
240
306
329
345
349
329
320
313
297
302
325
344
358
335
306
272
235
198
191
156
87
42
42
30
14
26
-2
8
18
-9
-20
-45
-62
-106
-181
-212
-188
-162
-144
-114
-104
-124
-139
-161
-217
-267
-273
-262
-243
-247
-241
-202
-157
-130
-83
-46
-46
-6
28
42
18
-22
2
37
85
158
187
143
125
154
183
226
244
249
253
265
240
191
170
145
112
109
95
68
39
0
-31
-34
-40
-32
-15
-11
-47
-59
-22
-38
-63
-81
-93
-91
-95
-73
-32
-20
15
46
45
71
124
139
146
160
137
116
120
139
133
148
183
174
151
142
132
107
48
-4
-10
0
-3
-27
-33
-53
-68
-62
-69
-104
-129
-173
-219
-240
-264
-311
-382
-411
-394
-385
-401
-401
-416
-446
-456
-419
-388
-378
-401
-390
-359
-336
-297
-302
-330
-327
-301
-258
-185
-113
-21
36
77
143
171
235
323
418
501
555
594
596
615
653
676
653
608
617
616
636
685
694
648
609
572
530
475
415
390
349
308
257
232
179
79
-2
-59
-66
-121
-206
-296
-373
-424
-458
-497
-564
-634
-690
-712
-739
-763
-797
-826
-825
-818
-766
-718
-698
-691
-661
-611
-573
-505
-421
-347
-259
-198
-151
-85
-9
74
142
200
247
334
406
472
545
581
631
679
752
831
896
919
925
918
901
879
863
877
857
834
802
740
667
610
553
473
393
292
214
149
69
-32
-129
-242
-340
-403
-455
-548
-665
-754
-831
-890
-923
-951
-972
-968
-957
-946
-931
-924
-898
-902
-903
-864
-840
-797
-737
-701
-649
-554
-457
-354
-240
-163
-87
-1
98
186
225
269
322
410
502
578
640
695
754
788
816
824
827
840
859
884
934
934
860
783
719
662
604
563
531
469
366
275
202
108
70
55
15
-28
-79
-129
-196
-235
-302
-388
-453
-503
-529
-562
-606
-626
-635
-647
-626
-633
-670
-688
-702
-714
-679
-643
-613
-556
-490
-425
-355
-291
-277
-253
-219
-184
-108
-26
74
150
210
285
344
369
403
495
578
608
628
606
589
597
617
612
583
591
581
584
582
552
526
483
397
348
338
319
285
264
213
144
103
92
84
54
-5
-111
-218
-282
-310
-324
-340
-353
-377
-409
-435
-456
-489
-519
-499
-472
-476
-456
-423
-426
-443
-460
-460
-438
-389
-331
-312
-282
-284
-250
-186
-111
-49
-1
41
69
96
125
143
159
176
211
250
294
316
295
289
290
312
346
390
396
366
317
294
265
217
205
194
180
164
149
126
83
51
-4
-22
-35
-45
-77
-113
-123
-170
-205
-224
-225
-218
-205
-231
-286
-308
-310
-293
-305
-297
-259
-233
-219
-207
-203
-223
-246
-245
-239
-181
-144
-107
-69
-66
-58
-43
-22
-17
-7
42
130
196
241
277
290
317
374
390
415
425
405
391
388
397
408
407
411
410
404
395
362
296
236
220
193
169
147
110
81
60
27
-19
-56
-71
-109
-139
-145
-155
-159
-173
-210
-255
-252
-267
-316
-340
-369
-402
-391
-344
-329
-324
-347
-365
-363
-350
-308
-251
-210
-185
-177
-157
-124
-121
-107
-85
-61
-9
58
88
112
109
109
134
182
242
258
252
256
244
249
294
301
282
281
298
289
254
247
206
139
67
31
7
-34
-26
4
-1
-16
-25
-61
-110
-151
-175
-199
-192
-199
-201
-202
-210
-225
-239
-230
-201
-188
-162
-124
-132
-154
-158
-154
-166
-137
-89
-60
-25
-20
-39
-75
-105
-89
-67
-31
12
36
81
107
146
177
195
215
217
213
184
154
161
179
194
208
229
240
247
266
259
241
177
159
154
144
126
75
39
-10
-59
-85
-77
-70
-56
-78
-115
-127
-151
-176
-177
-150
-143
-121
-94
-68
-62
-72
-70
-70
-22
9
21
34
32
27
12
39
68
96
64
31
35
48
43
42
58
70
73
77
65
45
33
13
33
62
60
70
84
76
67
54
61
70
58
68
61
36
19
-20
-74
-87
-106
-150
-175
-175
-143
-140
-181
-199
-181
-186
-204
-182
-171
-172
-167
-184
-167
-159
-138
-76
-20
-1
-30
-43
-43
-38
-12
14
48
71
86
94
99
69
34
37
28
34
57
67
48
19
36
43
45
41
45
64
63
60
69
60
45
47
40
25
-1
-15
-25
-40
-47
-37
-68
-112
-121
-139
-126
-95
-80
-68
-46
-31
-29
-36
-29
-34
-49
-43
-24
-3
14
35
32
26
37
59
72
85
93
101
110
128
159
186
173
136
102
84
90
92
100
96
98
99
115
125
114
94
118
125
132
130
91
65
34
43
70
71
88
85
59
46
9
-24
-32
-12
-1
-29
-36
-36
-65
-72
-68
-80
-68
-71
-80
-64
-66
-74
-94
-120
-113
-85
-84
-90
-86
-70
-65
-44
-26
-29
-33
-36
-36
-50
-39
-65
-99
-107
-74
-36
-5
24
22
-14
-70
-94
-85
-61
-13
23
27
24
17
-1
1
-17
-26
-24
-46
-38
-29
-35
-53
-38
-20
-2
33
69
70
-4
-24
-26
-24
-21
-26
-37
-28
-19
-18
-2
-38
-58
-69
-72
-66
-75
-73
-78
-91
-58
-35
-12
-9
3
12
3
9
-8
-23
-20
2
21
40
57
56
49
40
25
32
59
84
95
86
90
89
56
41
54
61
75
82
93
117
68
28
9
2
3
15
45
74
93
88
66
28
23
-3
-5
-6
-16
-28
-43
-43
-31
-14
-34
-39
-39
-47
-62
-60
-98
-122
-111
-102
-80
-55
-32
-32
-28
-2
19
9
-4
0
24
55
45
64
94
80
75
91
127
155
159
158
161
145
136
161
146
124
121
103
102
90
89
89
70
84
87
92
100
77
57
5
1
22
26
-2
-14
-35
-63
-72
-77
-70
-75
-89
-135
-176
-229
-248
-263
-280
-286
-273
-259
-264
-265
-242
-242
-232
-200
-202
-156
-105
-95
-90
-94
-114
-133
-103
-40
-3
11
35
51
38
23
38
89
130
152
176
192
190
151
107
92
96
98
116
154
176
181
178
163
149
153
142
117
106
77
19
-5
-23
-31
-32
-28
0
-5
-24
-29
-30
-50
-89
-135
-156
-166
-185
-161
-125
-94
-77
-65
-41
-22
-19
-32
-57
-77
-87
-98
-82
-60
-42
-26
3
42
75
92
83
80
102
111
104
121
89
44
30
21
45
78
113
113
86
91
74
57
83
92
85
65
45
49
47
38
49
48
26
3
-4
1
9
34
45
24
15
2
6
-11
-36
-59
-73
-75
-49
-9
34
60
50
53
57
65
75
65
50
49
33
43
39
24
34
55
75
82
102
95
59
20
-1
-28
-58
-64
-101
-136
-152
-179
-181
-178
-179
-179
-171
-145
-127
-92
-77
-106
-138
-157
-155
-149
-168
-169
-176
-202
-199
-181
-170
-143
-102
-71
-19
9
10
-14
-43
-67
-61
-31
28
75
108
139
125
107
120
158
178
180
178
159
133
118
106
129
139
182
204
206
232
230
206
167
115
88
76
38
28
13
-27
-66
-47
-29
-25
-10
-6
-18
-35
-55
-85
-102
-115
-105
-111
-120
-143
-163
-175
-194
-197
-179
-153
-125
-74
-29
-40
-40
-44
-37
-40
-57
-62
-64
-74
-75
-48
-25
12
53
99
120
116
116
104
101
105
122
138
131
129
130
137
128
129
131
131
142
152
166
174
141
123
98
66
64
52
28
-1
-4
-8
-21
-46
-91
-95
-110
-110
-76
-66
-72
-68
-87
-88
-124
-147
-132
-114
-93
-81
-71
-72
-54
-53
-31
5
0
-7
-5
-3
7
-3
27
39
36
56
79
121
94
58
38
13
-4
4
21
26
19
2
-23
3
28
69
115
91
64
15
-27
-70
-81
-53
-56
-58
-47
-64
-60
-50
-65
-67
-68
-75
-81
-108
-115
-119
-155
-150
-122
-96
-67
-34
-29
-44
-78
-92
-95
-106
-82
-55
-27
-3
3
-8
1
7
11
8
29
51
41
51
59
25
8
30
31
55
84
97
117
135
105
81
73
68
98
127
122
116
94
46
10
-14
-24
-12
-5
12
17
0
14
26
63
85
86
83
34
-5
-50
-66
-58
-48
-15
27
52
52
58
39
21
30
35
57
94
106
80
46
40
25
35
64
80
66
65
41
10
15
21
32
49
88
113
86
55
36
12
21
36
26
16
48
37
-7
-28
-43
-51
-40
-24
-5
-19
-53
-82
-98
-107
-126
-117
-107
-125
-134
-134
-153
-155
-151
-147
-146
-147
-142
-143
-158
-148
-120
-85
-52
-45
-27
-35
-58
-79
-88
-96
-101
-80
-62
-45
-47
-25
-22
-10
1
2
1
-9
-23
-22
-6
8
14
31
71
90
