SAMPLES:	10319
BITSPERSAMPLE:	16
CHANNELS:	1
SAMPLERATE:	16000
NORMALIZED:	FALSE
2
2
3
3
2
1
0
0
0
1
0
1
2
1
1
2
4
3
3
2
3
4
2
2
3
4
3
4
3
3
2
2
2
3
3
2
1
-1
-3
-2
-2
-1
-2
-2
-2
-2
-3
-2
-1
-2
0
1
0
0
-1
-1
-3
-2
-3
-2
-2
-1
2
1
1
2
0
0
2
4
3
5
4
4
4
4
5
5
7
7
3
2
0
-1
0
0
1
1
0
1
0
-1
-1
-2
0
0
0
1
-1
-2
-3
-4
-4
-4
-5
-5
-4
-3
-4
-5
-4
-5
-5
-6
-6
-8
-9
-8
-9
-10
-8
-5
-3
-2
-2
-4
-4
-5
-8
-7
-7
-6
-6
-4
-4
-4
-5
-4
-5
-3
-2
-2
-1
0
2
0
1
2
2
2
2
2
3
2
3
2
3
3
2
3
2
2
2
2
3
4
5
7
6
6
6
5
6
8
9
8
8
8
7
8
8
8
7
8
8
8
7
6
3
3
4
4
5
4
7
7
7
6
4
3
4
6
7
6
5
4
0
-1
1
2
3
4
4
5
4
3
0
-1
-1
0
0
1
0
-2
-5
-6
-6
-6
-7
-5
-7
-8
-10
-10
-11
-10
-10
-9
-9
-9
-10
-11
-11
-11
-10
-9
-8
-8
-9
-9
-10
-9
-8
-7
-7
-7
-6
-5
-5
-5
-5
-3
-3
-3
-2
0
0
-1
-3
-2
-3
-2
-1
0
1
0
2
2
2
3
3
5
5
4
6
7
5
3
2
1
2
4
5
5
4
0
1
2
1
2
4
4
3
3
4
3
4
5
5
3
4
3
4
4
3
3
3
5
6
9
8
8
6
5
6
7
8
6
6
5
3
0
-2
-2
-2
-1
1
4
5
5
4
0
0
0
-1
0
1
1
-1
-1
2
3
3
2
-1
-2
-4
-4
-4
-3
-5
-4
-3
-3
-5
-6
-6
-6
-5
-6
-3
-3
-5
-5
-4
-4
-5
-5
-4
-3
0
0
0
1
1
-3
-3
-3
-2
-1
-1
0
1
0
1
1
-1
-2
-4
-5
-6
-5
-4
-2
0
0
-1
-1
-2
-2
-1
-2
-2
-2
-1
-2
-4
-3
-4
-4
-3
-1
-1
-1
-1
-3
-6
-5
-3
-1
2
1
1
-1
-5
-5
-5
-4
-1
1
1
2
2
0
-1
0
3
4
2
3
4
3
3
3
6
7
7
7
5
3
4
5
4
5
4
6
6
4
3
1
0
0
-1
1
1
1
2
2
1
1
1
1
2
1
1
0
1
1
1
1
-1
-2
-2
-1
1
1
2
1
2
2
2
1
2
1
-1
0
0
1
0
1
1
3
3
3
2
4
4
3
4
4
4
3
2
2
1
1
0
0
-1
0
0
-2
-4
-2
-2
-1
0
1
3
1
2
1
1
0
2
1
3
3
2
1
0
0
-2
0
2
1
-1
0
2
0
1
0
0
0
0
-1
-1
-2
-2
-3
-3
-4
-6
-6
-7
-5
-6
-6
-5
-7
-7
-6
-6
-6
-8
-10
-11
-11
-12
-10
-8
-7
-5
-6
-9
-9
-7
-6
-5
-3
-4
-3
-4
-5
-4
-3
-3
-2
-1
0
2
3
1
1
1
1
2
3
4
5
6
5
6
6
5
4
5
6
3
4
1
0
0
-1
1
-1
1
3
1
1
4
5
3
6
5
6
5
5
4
2
3
3
4
3
5
6
5
4
4
4
5
6
6
6
8
7
8
7
6
7
5
6
3
2
4
6
7
8
10
9
7
5
4
1
-2
-1
-2
-2
-1
-2
-3
0
-2
-1
0
-2
-3
-3
-4
-4
-4
-4
-3
-3
-3
-4
-3
-7
-7
-6
-4
-3
-3
-3
-1
-2
-2
-1
-2
-4
-4
-6
-6
-6
-6
-6
-5
-5
-5
-5
-6
-7
-5
-6
-6
-5
-5
-5
-4
-4
-3
0
-1
-3
-2
-2
-3
-3
-3
-3
-4
-4
-4
-2
0
1
3
4
5
5
5
3
2
1
1
1
2
4
5
6
5
5
5
4
6
5
7
6
4
4
3
3
2
2
2
1
0
0
-1
-1
0
0
0
-1
-1
-3
-3
-2
-2
-4
-4
-4
-5
-5
-4
-4
-3
-4
-2
-2
0
-1
-1
-2
-3
-3
-4
-3
-2
-1
-2
-4
-3
-2
-2
-1
1
2
1
1
0
0
2
3
5
5
4
4
3
3
3
5
4
4
4
4
5
4
4
4
4
3
3
3
2
1
2
3
2
1
1
2
1
1
2
0
-1
-1
-4
-2
0
-1
1
3
4
5
1
0
0
-1
-3
-4
-4
-3
-2
-2
0
-2
-2
-2
-5
-3
-3
-3
-1
0
-2
-1
1
2
3
3
1
1
0
-1
1
4
3
3
4
5
5
4
3
4
5
6
4
5
4
1
-2
-2
0
0
-1
1
1
3
2
2
0
-1
-1
0
0
0
-2
-5
-7
-7
-8
-6
-7
-7
-7
-5
-5
-6
-4
-4
-5
-7
-7
-8
-9
-7
-6
-7
-6
-6
-6
-6
-5
-4
-3
-5
-5
-3
-2
0
2
2
1
0
-1
0
1
2
4
4
3
3
3
1
2
4
3
5
7
6
4
4
4
3
4
2
1
-1
1
4
3
2
2
2
1
3
3
0
0
0
-1
1
3
3
2
1
1
0
-1
-1
-3
-4
-4
-2
-1
-1
2
2
2
2
3
2
1
-1
0
2
3
3
3
3
4
6
5
4
3
2
2
4
6
7
7
5
7
7
6
6
6
7
5
4
2
2
3
4
3
1
2
-1
-2
-1
0
-1
-1
-2
-3
-4
-5
-6
-8
-8
-8
-9
-8
-8
-9
-11
-11
-10
-9
-8
-9
-8
-7
-6
-6
-6
-7
-6
-6
-7
-6
-6
-4
-4
-4
-4
-2
-2
-4
-2
-1
-1
-1
0
2
4
5
5
7
5
4
6
7
8
8
6
6
5
5
5
7
7
5
4
2
2
1
0
0
1
3
3
3
4
2
3
2
2
1
0
1
0
0
-1
-1
0
0
-1
-2
0
0
1
3
2
3
1
1
0
0
2
2
1
1
-1
-1
-1
0
0
1
1
-1
-1
-1
-2
-3
0
0
3
3
2
2
-1
-1
-1
-1
-1
-1
-1
-3
-3
-2
-1
-1
0
0
0
0
-2
-2
-2
-2
0
-2
-3
-3
-3
-2
-3
-4
-4
-3
-3
-1
0
1
0
0
-1
-2
0
1
2
2
0
0
-1
-1
-2
-3
-5
-5
-5
-4
-2
1
-1
2
3
4
4
3
1
2
0
-1
-1
0
0
2
3
4
3
2
3
1
1
3
2
0
-2
0
1
1
1
0
1
2
2
1
1
0
2
3
2
1
1
-2
-1
0
-1
0
-1
-3
-3
-3
-7
-4
-3
-2
-1
1
1
3
3
1
-2
-4
-3
-4
0
4
4
5
5
2
1
2
4
3
1
3
3
1
1
2
4
5
5
7
6
4
-1
-4
-3
-1
-1
0
1
0
-2
-1
-2
-3
-3
-2
-4
-3
1
5
4
2
0
-5
-7
-10
-12
-8
-5
-5
-5
-4
-2
1
0
1
1
-2
-2
-1
0
-2
-3
0
1
0
1
5
6
9
9
7
8
4
3
1
3
3
2
2
-1
0
1
0
1
1
2
2
-2
-6
-5
-4
-3
3
3
4
0
-5
-1
3
0
0
3
4
3
0
-2
-6
-5
-3
0
3
3
-2
-4
0
-2
0
4
3
3
2
-3
-4
1
4
3
6
8
5
7
9
8
5
6
6
1
-1
-1
-4
-3
-6
-4
2
3
-1
-6
-5
-9
-8
-5
-6
-1
2
-1
-3
-4
-7
-4
-4
-2
-2
-1
2
-1
-3
-1
-4
0
4
7
8
7
2
-2
-1
-4
0
4
2
5
3
-4
-4
-5
-3
4
7
7
5
-4
-9
-10
-14
-12
-6
-3
3
2
3
2
1
1
1
7
8
5
3
7
7
4
1
2
1
-2
-5
-6
-8
-11
-9
-3
1
1
6
3
-1
-6
-7
-5
-8
-8
-10
-10
-11
-10
-8
-9
-13
-11
-7
-6
-6
-7
-6
-7
-5
-8
-9
-7
-6
-3
4
8
5
0
-2
1
4
10
15
16
19
22
25
24
25
26
25
24
24
24
22
26
26
21
20
18
15
14
11
5
4
5
8
7
1
-1
-6
-9
-7
-5
-10
-11
-12
-15
-17
-21
-20
-20
-13
-1
11
30
108
170
128
-6
-151
-223
-217
-158
-84
5
12
11
-2
-29
-50
-11
4
-18
6
12
52
58
1
-72
-44
-74
27
109
88
43
-4
-21
-69
11
22
140
99
100
32
-8
-67
-94
-27
13
120
118
72
64
87
7
-45
-109
-73
-65
-49
-107
-65
-28
39
32
-37
-62
-75
-47
-86
-101
-66
17
61
84
27
30
60
6
-47
-57
31
72
107
83
71
55
28
-13
-45
-29
-13
23
17
88
140
123
54
-13
-40
-38
-1
35
70
67
60
36
3
-19
-58
-67
-26
-33
-20
17
18
9
-21
-52
-58
-77
-91
-100
-74
-27
-47
-20
-17
27
13
-44
-115
-116
-82
-56
-46
-1
13
-6
-14
-78
-69
-33
-9
0
50
44
62
36
0
24
38
24
42
37
12
57
102
130
154
174
183
168
127
37
29
84
90
95
117
160
176
143
45
-17
-49
-87
-156
-162
-96
-64
-83
-147
-244
-289
-336
-417
-402
-335
-252
-224
-191
-197
-194
-204
-266
-304
-321
-284
-207
-43
-38
10
26
-45
-93
-140
-152
-82
60
139
359
536
610
596
555
425
410
414
409
539
736
862
952
995
989
958
817
633
463
443
428
385
288
242
165
60
-165
-459
-702
-843
-913
-916
-855
-807
-737
-685
-695
-776
-828
-823
-834
-844
-832
-698
-567
-489
-344
-268
-259
-300
-363
-513
-523
-445
-290
-150
-87
-40
-83
-185
-352
-367
-294
-205
-255
-155
118
365
604
709
756
757
699
483
412
461
745
1068
1339
1476
1572
1697
1652
1482
1239
1090
990
1009
899
756
590
459
285
31
-296
-648
-856
-1028
-1122
-1192
-1142
-1108
-1025
-954
-910
-895
-999
-1053
-1145
-1145
-1045
-976
-936
-761
-575
-379
-363
-457
-594
-777
-867
-945
-988
-1006
-835
-666
-506
-486
-462
-499
-568
-684
-762
-522
-55
434
709
864
1008
1165
1050
974
960
1263
1643
1953
2178
2450
2970
3374
3344
2935
2652
2504
2419
1953
1460
1088
855
574
157
-298
-652
-831
-1135
-1483
-1978
-2153
-2130
-2118
-2180
-2125
-2070
-1999
-1852
-1787
-1746
-1605
-1640
-1750
-1637
-1424
-1173
-1091
-1117
-1140
-933
-784
-797
-1068
-1277
-1218
-933
-693
-559
-426
-282
-289
-81
442
861
1159
1051
999
1087
1245
1166
1114
1290
1780
2203
2408
2473
2736
3234
3415
3320
2950
2819
2709
2505
1877
1268
849
574
205
-253
-698
-1130
-1261
-1601
-2038
-2387
-2338
-2324
-2242
-2282
-2262
-2209
-2124
-2068
-2054
-1825
-1715
-1651
-1746
-1555
-1275
-946
-835
-726
-679
-633
-609
-757
-926
-1014
-795
-625
-366
-308
-128
-80
-110
251
760
1195
1272
1290
1236
1385
1271
1091
1033
1473
1995
2223
2412
2593
3141
3428
3483
3057
2816
2721
2678
2241
1589
1011
622
323
-257
-650
-1044
-1212
-1400
-1699
-2113
-2217
-2271
-2354
-2462
-2393
-2254
-2121
-1932
-1917
-1954
-1944
-1774
-1666
-1465
-1278
-1089
-1053
-933
-878
-901
-1025
-1116
-1125
-1028
-843
-700
-782
-719
-534
-277
-332
-114
442
777
1086
1052
1192
1207
1508
1199
1148
1258
1785
1951
2060
2395
2820
3532
3644
3650
3167
3227
2917
2561
1831
1379
1017
701
230
-311
-582
-1105
-1357
-1761
-2004
-2346
-2216
-2313
-2301
-2326
-2263
-2339
-2214
-1984
-1887
-1837
-1825
-1623
-1490
-1226
-1232
-1153
-1138
-834
-790
-878
-970
-1056
-1076
-1127
-954
-973
-845
-672
-368
-212
-334
232
649
1138
1232
1409
1369
1441
1359
1071
1263
1491
1887
1767
2217
2461
3177
3364
3307
3062
3059
3113
2753
2299
1647
1262
608
208
-421
-613
-1055
-1325
-1634
-1725
-1968
-2081
-2146
-2334
-2276
-2319
-2236
-2262
-1791
-1683
-1587
-1664
-1430
-1320
-1125
-999
-1041
-869
-743
-589
-768
-831
-927
-923
-981
-916
-880
-917
-730
-613
-425
-391
-245
432
831
1204
1084
1406
1476
1693
1412
1092
1182
1518
1855
1791
2278
2470
3166
3247
3470
3319
3395
3158
2742
2230
1675
1244
549
42
-544
-719
-1257
-1553
-1861
-1877
-2151
-2114
-2205
-2219
-2209
-2313
-2426
-2451
-2205
-2186
-2035
-1952
-1618
-1508
-1210
-1162
-1090
-986
-824
-803
-928
-950
-982
-979
-1016
-978
-947
-813
-539
-364
-287
-379
-490
166
500
889
854
1185
1389
1646
1525
1111
1421
1700
2016
1885
2396
2569
3219
3371
3501
3433
3440
3332
2854
2534
1927
1454
720
247
-344
-615
-1199
-1490
-1726
-1740
-2160
-2136
-2171
-2186
-2103
-2250
-2227
-2255
-1891
-2180
-2063
-2102
-1775
-1801
-1577
-1462
-1292
-1076
-947
-863
-1062
-1045
-1141
-1042
-1091
-1035
-1113
-947
-869
-546
-611
-406
-596
-45
417
575
785
934
1556
1598
1947
1438
1768
1853
2173
2026
2251
2518
2916
3504
3451
3733
3602
3823
3446
3366
2775
2168
1444
903
274
-294
-822
-1288
-1456
-1701
-1896
-2300
-2121
-2335
-2157
-2453
-2434
-2372
-2180
-2235
-2337
-2247
-2303
-2084
-2014
-1712
-1656
-1300
-1270
-1025
-994
-955
-1080
-1161
-1235
-1199
-1306
-1271
-1078
-871
-775
-722
-647
-463
267
258
740
676
1430
1405
1644
1294
1306
1740
1781
2025
1924
2486
2570
3369
3345
3708
3556
3748
3561
3395
2978
2225
1686
1067
570
-168
-645
-1195
-1232
-1581
-1704
-2164
-1935
-2113
-2014
-2229
-2224
-2094
-2033
-1951
-2203
-2055
-2151
-1870
-1998
-1757
-1808
-1531
-1440
-1177
-1139
-1069
-1071
-1086
-1062
-1094
-1164
-1298
-1265
-1264
-1096
-1011
-837
-723
170
224
730
685
1326
1425
1638
1558
1481
2003
1975
2183
1986
2608
2680
3358
3416
3700
3610
3728
3633
3414
3019
2304
1778
1207
682
-51
-522
-1095
-1208
-1728
-1807
-2217
-1868
-1959
-1914
-2010
-2050
-1916
-2001
-1991
-2351
-2228
-2346
-2215
-2290
-2017
-2024
-1739
-1484
-1190
-1043
-989
-997
-946
-877
-891
-991
-1142
-1001
-1027
-921
-1022
-721
-778
53
296
721
908
1387
1782
1733
1890
1468
2009
2003
2279
2025
2449
2509
3011
3258
3334
3466
3535
3673
3329
3178
2469
2004
1363
914
71
-401
-1002
-1217
-1641
-1884
-2251
-2277
-2154
-2260
-2129
-2295
-2052
-2186
-2054
-2382
-2357
-2407
-2259
-2221
-2085
-1966
-1839
-1554
-1360
-1147
-1171
-1061
-1064
-814
-790
-726
-857
-665
-752
-663
-779
-584
-576
-109
436
451
913
1017
1782
1653
1920
1435
1740
1906
2064
1993
2033
2403
2589
3167
3011
3310
3191
3434
3123
3060
2538
2079
1582
1101
390
-321
-938
-1471
-1545
-1927
-2114
-2419
-2052
-2199
-1998
-2063
-1979
-1946
-1931
-2046
-2322
-2306
-2369
-2287
-2336
-2207
-2152
-1797
-1504
-1179
-1035
-903
-832
-594
-608
-680
-745
-740
-696
-762
-679
-693
-369
-325
483
572
1093
1194
1777
2044
2062
1992
1723
2276
2085
2256
1971
2455
2461
2983
2991
3150
3246
3376
3424
3201
3025
2367
2024
1412
933
-38
-496
-1226
-1472
-1942
-2161
-2465
-2273
-2070
-2118
-1959
-2073
-1852
-1904
-1871
-2232
-2286
-2374
-2337
-2440
-2408
-2415
-2190
-1848
-1552
-1371
-1247
-1050
-824
-678
-751
-790
-951
-780
-824
-693
-793
-538
-582
52
448
724
1141
1429
2121
2028
2360
1965
2504
2493
2500
2274
2381
2499
2597
2912
2868
3118
3111
3345
3059
2997
2452
2119
1492
1003
75
-623
-1295
-1761
-2120
-2575
-2802
-2937
-2479
-2579
-2299
-2409
-2070
-1971
-1868
-2091
-2264
-2261
-2346
-2373
-2476
-2395
-2293
-1882
-1618
-1268
-1137
-841
-570
-257
-255
-265
-330
-308
-296
-418
-488
-549
-273
-349
369
504
1024
1292
1893
2240
2257
2430
2223
2718
2489
2595
2303
2649
2567
2793
2829
2881
3019
3215
3328
3196
3064
2505
2129
1484
896
-109
-647
-1407
-1729
-2265
-2608
-2987
-2784
-2595
-2574
-2343
-2239
-1883
-1836
-1719
-2044
-2060
-2180
-2160
-2337
-2364
-2367
-2121
-1925
-1714
-1544
-1289
-923
-617
-371
-393
-240
-275
-179
-393
-471
-681
-553
-524
-480
123
220
842
1078
1906
2011
2370
2376
2467
2811
2617
2687
2365
2756
2582
2843
2694
2863
2878
3128
3131
3118
2903
2528
2207
1587
898
-91
-637
-1458
-1863
-2529
-2820
-3159
-2923
-2822
-2783
-2560
-2327
-1988
-1921
-1747
-1985
-1964
-2126
-2229
-2490
-2515
-2500
-2360
-2184
-1988
-1779
-1478
-1042
-722
-503
-381
-127
-113
-79
-282
-412
-517
-418
-459
-276
296
542
1028
1369
2119
2210
2635
2632
2804
2997
2932
2804
2550
2780
2548
2689
2450
2688
2687
2998
2949
2988
2774
2434
2132
1559
886
-14
-595
-1410
-1890
-2491
-2803
-3115
-2970
-2944
-2854
-2599
-2282
-2045
-1873
-1771
-1875
-1835
-1921
-2119
-2370
-2444
-2530
-2449
-2339
-2117
-1888
-1466
-1015
-652
-419
-193
-61
-21
-7
-109
-173
-266
-220
-412
-169
225
480
1018
1455
2225
2299
2742
2684
3035
3120
3011
2882
2742
2810
2510
2607
2391
2544
2513
2825
2761
2899
2632
2375
1996
1451
647
-124
-682
-1424
-1857
-2537
-2912
-3214
-2999
-3128
-2951
-2718
-2305
-1995
-1707
-1572
-1701
-1653
-1824
-2080
-2375
-2451
-2547
-2527
-2413
-2220
-1962
-1522
-1136
-825
-557
-353
-166
-65
-24
-206
-281
-401
-284
-453
11
274
641
972
1454
2044
2213
2749
2660
3273
3174
3247
2905
2957
2736
2636
2595
2449
2516
2474
2603
2475
2640
2297
2208
1752
1352
532
37
-699
-1332
-1956
-2530
-2892
-3108
-2958
-3182
-2907
-2711
-2272
-2068
-1751
-1663
-1543
-1449
-1532
-1748
-1980
-2137
-2250
-2213
-2161
-2047
-1904
-1519
-1188
-833
-648
-430
-237
-50
83
-12
9
-87
-77
-397
14
182
459
778
1251
1836
2000
2532
2437
3019
3053
3221
2928
2998
2914
2747
2674
2512
2461
2384
2483
2413
2450
2144
2034
1600
1294
571
186
-503
-1032
-1601
-2113
-2608
-2893
-2877
-3091
-2860
-2717
-2342
-2123
-1769
-1725
-1573
-1457
-1485
-1699
-1897
-2027
-2081
-2108
-2134
-2135
-2022
-1730
-1502
-1232
-1020
-679
-410
-152
-13
13
46
3
123
-139
239
352
508
745
1168
1684
1752
2255
2170
2779
2827
3039
2777
2951
2834
2754
2661
2425
2398
2240
2274
2071
2224
1825
1759
1431
1186
486
94
-547
-1045
-1645
-2234
-2649
-2891
-2958
-3227
-3030
-2922
-2574
-2347
-1895
-1741
-1543
-1420
-1407
-1536
-1603
-1754
-1820
-1901
-1882
-1854
-1716
-1469
-1253
-996
-828
-490
-239
79
292
390
491
507
600
350
661
748
845
1038
1381
1877
1913
2356
2269
2829
2865
3010
2851
2963
2818
2653
2564
2346
2261
2073
2102
1914
1943
1460
1402
1054
856
278
-1
-543
-1035
-1576
-2197
-2577
-2889
-2941
-3205
-3013
-2960
-2644
-2479
-2089
-1953
-1762
-1561
-1497
-1497
-1510
-1569
-1653
-1704
-1735
-1798
-1734
-1466
-1284
-1070
-881
-511
-177
168
405
541
669
692
792
584
754
882
808
1040
1282
1739
1780
2212
2127
2510
2646
2752
2773
2781
2821
2668
2736
2452
2289
2031
1989
1731
1641
1267
1157
930
665
168
-196
-583
-1080
-1488
-2037
-2426
-2812
-2887
-3193
-3106
-3050
-2828
-2551
-2218
-2030
-1915
-1615
-1482
-1406
-1430
-1368
-1400
-1487
-1581
-1657
-1654
-1529
-1368
-1149
-869
-536
-203
12
290
461
669
690
819
641
858
1054
1029
1205
1338
1784
1742
2136
2004
2479
2583
2748
2672
2769
2764
2595
2621
2327
2302
2090
2131
1827
1821
1444
1388
1078
787
259
-70
-491
-1016
-1429
-1971
-2294
-2657
-2667
-2939
-2845
-2922
-2735
-2576
-2224
-2048
-1859
-1597
-1452
-1388
-1431
-1407
-1470
-1470
-1566
-1571
-1575
-1428
-1357
-1185
-1021
-748
-481
-218
80
359
563
634
759
633
807
952
918
1109
1246
1653
1524
1832
1694
2059
2272
2410
2454
2469
2672
2535
2621
2360
2319
2097
2140
1954
1931
1577
1394
1078
771
297
-89
-400
-914
-1229
-1791
-2181
-2561
-2588
-2892
-2844
-2831
-2616
-2382
-2133
-1935
-1800
-1496
-1399
-1289
-1321
-1279
-1329
-1392
-1453
-1483
-1467
-1360
-1184
-1005
-809
-534
-248
8
260
387
504
616
793
713
879
1091
1078
1201
1278
1689
1525
1812
1652
2014
2137
2306
2337
2367
2595
2438
2496
2216
2192
1879
1939
1661
1625
1300
1129
905
585
75
-341
-692
-1213
-1492
-1941
-2263
-2599
-2623
-2963
-2933
-2948
-2717
-2520
-2172
-1998
-1852
-1643
-1405
-1293
-1327
-1199
-1229
-1202
-1269
-1169
-1255
-1065
-936
-815
-686
-401
-134
105
388
527
713
839
1060
943
1043
1289
1213
1340
1312
1740
1450
1710
1589
1881
2035
2149
2187
2182
2456
2320
2509
2235
2295
1987
2036
1717
1751
1412
1243
1025
740
277
-168
-454
-1026
-1322
-1873
-2161
-2586
-2532
-2794
-2742
-2767
-2590
-2393
-2156
-1972
-1907
-1617
-1442
-1304
-1382
-1258
-1297
-1204
-1311
-1236
-1286
-1099
-969
-858
-739
-528
-177
34
345
478
661
771
945
861
904
1161
1033
1137
1143
1454
1318
1551
1509
1711
2002
2086
2155
2158
2398
2287
2444
2280
2263
1994
1981
1756
1732
1422
1238
1034
645
231
-260
-547
-1056
-1338
-1831
-2178
-2533
-2658
-2954
-3053
-2971
-2800
-2553
-2305
-2054
-1967
-1772
-1550
-1502
-1425
-1303
-1250
-1207
-1231
-1209
-1286
-1100
-989
-867
-748
-475
-237
-4
293
497
628
790
874
901
837
1195
1048
1114
1105
1423
1362
1445
1557
1634
1989
2013
2150
2019
2341
2188
2292
2160
2267
2067
2039
1906
1868
1628
1352
1250
796
437
-120
-402
-936
-1223
-1723
-2008
-2394
-2451
-2658
-2792
-2722
-2645
-2406
-2198
-1880
-1782
-1490
-1315
-1141
-1080
-959
-950
-958
-981
-912
-1013
-966
-826
-713
-571
-377
-99
61
355
514
706
849
997
941
901
1147
1000
1137
1063
1387
1241
1396
1312
1490
1737
1837
1955
1896
2133
2016
2216
2007
2106
1857
1901
1683
1662
1294
1043
827
429
41
-434
-695
-1202
-1415
-1871
-2153
-2472
-2486
-2771
-2831
-2739
-2577
-2378
-2137
-1938
-1829
-1482
-1248
-1059
-1054
-888
-896
-831
-878
-845
-892
-830
-704
-592
-400
-193
53
145
450
536
618
730
875
772
774
1090
973
1078
1023
1339
1161
1288
1215
1367
1627
1723
1788
1738
1999
1916
2098
1974
2085
1872
1913
1721
1636
1268
1049
865
526
149
-267
-594
-1122
-1436
-1898
-2180
-2537
-2588
-2827
-2790
-2756
-2604
-2403
-2105
-1844
-1681
-1412
-1194
-1029
-1033
-907
-929
-849
-837
-796
-922
-834
-710
-607
-479
-281
-103
84
369
518
618
739
858
834
690
1051
905
1034
984
1269
1147
1190
1278
1258
1680
1694
1879
1839
2274
2142
2324
2216
2286
2087
2139
2031
1887
1666
1321
1186
784
483
-50
-293
-824
-1118
-1626
-1950
-2375
-2480
-2682
-2778
-2689
-2611
-2371
-2199
-1901
-1804
-1481
-1239
-1103
-1054
-923
-913
-881
-878
-834
-911
-826
-710
-681
-584
-433
-266
-108
132
351
442
703
738
769
551
774
655
579
658
742
958
803
1090
896
1347
1446
1684
1724
2084
2173
2225
2289
2224
2092
1968
2014
1731
1643
1250
1184
757
527
44
-216
-690
-1056
-1463
-1909
-2212
-2463
-2498
-2712
-2543
-2568
-2277
-2178
-1844
-1688
-1482
-1201
-1083
-957
-877
-751
-709
-619
-637
-667
-646
-575
-580
-531
-411
-291
-79
119
349
418
678
675
769
663
610
745
439
609
419
766
503
772
655
846
1164
1264
1509
1630
2014
1976
2216
2141
2162
1997
2147
1924
1854
1565
1386
1124
804
425
-2
-279
-754
-1020
-1498
-1747
-2156
-2178
-2434
-2418
-2424
-2273
-2061
-1837
-1650
-1527
-1171
-1029
-838
-784
-655
-645
-617
-641
-662
-728
-742
-780
-774
-751
-598
-405
-157
157
347
475
619
595
593
318
619
346
452
359
528
534
449
662
505
1077
1098
1451
1463
1904
1905
2086
2119
2148
2046
2049
2003
1826
1672
1386
1272
813
624
95
-112
-579
-804
-1295
-1586
-1967
-2094
-2213
-2392
-2303
-2334
-2079
-1944
-1648
-1526
-1184
-968
-788
-707
-628
-550
-467
-510
-528
-613
-568
-588
-563
-580
-460
-298
-122
104
307
425
499
561
583
446
439
515
356
458
302
523
371
661
529
790
1022
1124
1318
1470
1804
1807
2059
2006
2100
2024
2068
1857
1875
1612
1419
1077
759
349
-43
-367
-728
-991
-1459
-1742
-2082
-2165
-2415
-2404
-2445
-2260
-2094
-1863
-1675
-1455
-1164
-970
-775
-690
-565
-488
-523
-619
-734
-807
-842
-814
-700
-554
-324
-178
100
278
524
580
741
718
698
435
463
423
251
287
132
356
215
561
412
843
1073
1337
1476
1750
1990
2032
2295
2222
2304
2134
2158
1886
1829
1471
1270
957
691
266
-44
-368
-687
-985
-1335
-1579
-1883
-1964
-2218
-2220
-2271
-2073
-1890
-1674
-1468
-1235
-998
-814
-728
-735
-713
-769
-805
-868
-897
-914
-878
-867
-809
-675
-531
-308
-50
154
403
426
517
457
402
122
271
215
134
87
67
203
106
363
244
666
913
1149
1343
1665
1862
2023
2217
2242
2190
2122
2111
1919
1942
1601
1389
1097
881
436
175
-126
-503
-847
-1193
-1493
-1803
-1824
-2039
-2060
-2065
-1908
-1780
-1551
-1432
-1201
-908
-780
-679
-674
-602
-662
-698
-785
-844
-895
-937
-890
-809
-653
-487
-317
-112
99
254
341
517
529
498
225
260
225
23
-6
-43
116
40
287
202
595
843
1181
1443
1774
1982
2144
2372
2387
2372
2245
2290
2045
1972
1610
1455
1143
908
436
148
-138
-417
-689
-991
-1315
-1620
-1671
-1913
-1841
-1863
-1757
-1680
-1427
-1320
-1120
-989
-879
-748
-743
-689
-764
-772
-915
-864
-944
-929
-887
-823
-750
-655
-556
-372
-160
12
129
263
262
165
32
-183
-153
-354
-259
-390
-220
-182
-28
53
217
672
898
1268
1539
1899
2057
2268
2267
2213
2108
2149
2008
1942
1695
1479
1223
921
649
347
158
-140
-319
-644
-832
-1164
-1281
-1440
-1472
-1591
-1590
-1459
-1342
-1183
-1081
-992
-913
-848
-844
-780
-752
-740
-825
-844
-953
-909
-902
-804
-698
-559
-420
-247
-44
49
162
232
319
190
213
-56
-150
-175
-304
-321
-407
-155
-142
90
130
487
781
1064
1394
1674
2019
2241
2505
2425
2421
2295
2221
1938
1815
1599
1348
1167
897
578
256
62
-248
-451
-763
-967
-1241
-1273
-1423
-1526
-1585
-1502
-1408
-1319
-1129
-1097
-960
-926
-882
-920
-896
-889
-890
-958
-1002
-1079
-1114
-1042
-943
-872
-683
-459
-289
-124
-32
92
108
241
149
109
-195
-265
-387
-599
-621
-687
-403
-328
53
159
607
989
1319
1576
1793
2075
2188
2370
2349
2269
2096
2025
1830
1759
1520
1340
1180
1046
693
436
199
-26
-242
-507
-734
-913
-919
-1149
-1236
-1338
-1355
-1352
-1236
-1183
-1178
-1059
-992
-980
-965
-936
-937
-914
-898
-951
-1020
-1017
-975
-911
-854
-706
-564
-419
-270
-224
-117
8
46
-46
-146
-311
-641
-571
-716
-680
-683
-399
-238
-82
137
319
847
1158
1526
1699
2004
2159
2376
2364
2380
2275
2232
2093
1942
1789
1536
1442
1211
1069
776
648
426
270
41
-226
-490
-623
-751
-1046
-1182
-1309
-1329
-1363
-1306
-1289
-1203
-1140
-1116
-1137
-1177
-1178
-1176
-1104
-1134
-1187
-1173
-1078
-1035
-991
-907
-831
-659
-497
-355
-301
-158
-145
-119
-250
-379
-585
-605
-532
-681
-616
-550
-223
-127
190
388
768
1181
1433
1692
1938
2117
2239
2405
2403
2315
2170
2151
2025
1890
1685
1609
1481
1395
1171
967
769
597
342
-4
-265
-532
-728
-1023
-1182
-1352
-1428
-1432
-1435
-1481
-1535
-1430
-1365
-1363
-1331
-1352
-1264
-1236
-1259
-1316
-1273
-1170
-1076
-1031
-987
-895
-800
-660
-598
-500
-441
-276
-272
-254
-349
-373
-441
-538
-500
-651
-532
-465
-188
-82
178
356
696
1131
1378
1657
1864
2110
2177
2274
2244
2219
2156
2133
2010
1989
1848
1785
1708
1599
1359
1160
1040
770
450
66
-227
-579
-734
-1013
-1257
-1431
-1529
-1610
-1628
-1596
-1583
-1424
-1355
-1305
-1333
-1295
-1291
-1241
-1249
-1269
-1245
-1202
-1171
-1142
-1089
-977
-798
-646
-513
-406
-284
-204
-97
-165
-192
-287
-201
-353
-307
-366
-309
-293
-183
65
124
449
615
1078
1248
1516
1630
1925
2089
2326
2400
2459
2528
2517
2473
2315
2281
2059
2008
1787
1584
1274
1132
845
543
199
-112
-466
-787
-1058
-1382
-1567
-1699
-1773
-1802
-1720
-1716
-1655
-1639
-1531
-1630
-1580
-1549
-1479
-1466
-1459
-1447
-1456
-1378
-1382
-1287
-1206
-1036
-899
-730
-598
-446
-330
-175
-108
-108
-73
-110
-75
-242
-180
-291
-282
-272
-180
-5
120
422
524
918
1101
1409
1665
2022
2211
2440
2618
2670
2709
2643
2648
2549
2475
2236
2099
1816
1558
1229
978
643
319
-17
-326
-629
-902
-1153
-1380
-1534
-1699
-1771
-1851
-1840
-1880
-1836
-1788
-1755
-1758
-1714
-1662
-1576
-1546
-1473
-1423
-1313
-1283
-1242
-1167
-1052
-868
-719
-550
-376
-214
-136
-55
31
58
28
-21
-121
-234
-331
-294
-381
-307
-296
-103
6
220
438
664
1029
1293
1648
1905
2275
2479
2748
2858
2904
2851
2834
2731
2598
2391
2089
1874
1566
1261
943
717
370
49
-271
-544
-848
-1062
-1345
-1565
-1745
-1916
-1945
-1937
-1949
-1998
-1915
-1874
-1849
-1827
-1753
-1688
-1609
-1530
-1463
-1406
-1279
-1142
-1031
-887
-712
-569
-390
-222
-83
55
131
161
192
130
81
19
-91
-189
-329
-290
-383
-253
-252
-43
94
351
634
908
1333
1614
1961
2154
2452
2566
2765
2796
2835
2757
2667
2484
2274
2072
1814
1605
1325
1047
710
458
98
-208
-557
-875
-1195
-1440
-1724
-1928
-2058
-2183
-2213
-2295
-2285
-2249
-2115
-2012
-1948
-1865
-1726
-1582
-1471
-1347
-1277
-1174
-1035
-930
-812
-684
-527
-395
-224
-72
39
109
197
217
191
170
92
28
-95
-170
-321
-249
-265
-190
-90
135
379
559
868
1049
1404
1646
1953
2115
2383
2506
2649
2667
2624
2558
2400
2296
2114
1983
1693
1501
1192
921
507
248
-36
-348
-674
-1011
-1330
-1594
-1747
-1974
-2093
-2249
-2232
-2256
-2182
-2144
-2080
-1952
-1849
-1713
-1642
-1449
-1290
-1083
-927
-700
-557
-374
-219
-143
-95
0
139
233
309
350
405
414
429
367
380
280
238
111
24
-96
-100
-56
-55
67
152
401
482
729
833
1113
1388
1630
1878
2052
2229
2271
2390
2358
2315
2140
2057
1831
1627
1294
1014
734
416
139
-170
-381
-696
-970
-1292
-1553
-1821
-1946
-2106
-2189
-2218
-2186
-2161
-2096
-1973
-1859
-1647
-1503
-1291
-1102
-950
-801
-652
-556
-436
-355
-254
-159
-121
-100
-10
75
160
265
356
374
403
415
391
349
293
258
185
143
19
-47
-101
-80
-125
-72
1
139
269
486
672
967
1236
1456
1718
1901
2057
2108
2188
2065
1956
1763
1629
1396
1218
922
655
450
199
-57
-341
-532
-777
-952
-1189
-1331
-1482
-1568
-1700
-1726
-1730
-1669
-1548
-1430
-1262
-1156
-1030
-898
-763
-722
-606
-509
-439
-406
-350
-370
-327
-236
-169
-108
-64
61
114
178
179
203
236
318
350
341
315
260
155
27
-76
-152
-256
-324
-331
-425
-318
-243
27
174
401
535
793
1111
1281
1498
1612
1778
1782
1834
1681
1607
1416
1266
1054
909
671
472
289
27
-125
-321
-371
-476
-553
-753
-858
-961
-959
-1012
-1058
-1073
-1053
-994
-976
-920
-913
-804
-769
-726
-687
-598
-527
-449
-404
-388
-280
-238
-208
-203
-146
-116
-107
-84
-93
-55
2
68
119
150
148
166
119
58
-9
-125
-173
-272
-402
-492
-505
-544
-467
-329
-144
68
334
534
751
987
1126
1275
1427
1559
1589
1579
1506
1395
1266
1122
1001
865
732
595
494
393
278
233
129
58
-28
-138
-232
-313
-431
-581
-691
-782
-847
-896
-906
-872
-865
-862
-797
-791
-757
-752
-721
-693
-715
-702
-690
-677
-649
-610
-600
-534
-435
-372
-293
-196
-129
-52
6
13
-9
-52
-105
-199
-225
-293
-359
-466
-561
-670
-621
-587
-513
-344
-205
11
189
452
611
922
1098
1278
1417
1558
1685
1747
1832
1804
1774
1671
1605
1490
1442
1306
1198
1088
993
873
714
599
448
267
67
-70
-279
-425
-665
-838
-995
-1087
-1147
-1224
-1244
-1245
-1195
-1193
-1160
-1183
-1166
-1188
-1195
-1184
-1134
-1111
-1058
-977
-918
-806
-743
-639
-549
-447
-346
-290
-265
-232
-231
-248
-221
-229
-245
-273
-309
-399
-422
-526
-566
-613
-520
-416
-231
-25
180
452
635
913
1097
1414
1564
1778
1887
2036
2116
2189
2200
2150
2117
1999
1964
1849
1777
1619
1516
1257
1018
769
528
255
-1
-201
-452
-645
-834
-972
-1179
-1310
-1419
-1476
-1548
-1579
-1609
-1626
-1605
-1570
-1511
-1446
-1360
-1327
-1266
-1215
-1167
-1112
-1019
-959
-859
-738
-643
-553
-436
-339
-292
-233
-163
-106
-75
7
91
127
121
127
99
91
85
42
17
39
49
121
204
355
528
729
938
1100
1310
1462
1713
1898
2050
2153
2208
2235
2237
2169
2036
1893
1701
1480
1236
1064
816
623
446
250
58
-94
-287
-500
-668
-889
-1097
-1247
-1332
-1476
-1585
-1705
-1767
-1798
-1801
-1763
-1705
-1612
-1558
-1496
-1430
-1322
-1269
-1181
-1129
-1093
-1015
-932
-816
-728
-650
-601
-485
-392
-314
-182
-68
41
169
286
362
456
544
593
607
609
624
631
600
533
497
463
469
492
553
567
651
764
855
1001
1084
1239
1325
1476
1520
1533
1502
1452
1398
1331
1236
1066
899
674
524
384
299
149
60
-25
-130
-246
-343
-439
-572
-661
-756
-884
-1000
-1083
-1233
-1307
-1417
-1436
-1483
-1467
-1433
-1367
-1261
-1191
-1093
-1054
-936
-836
-696
-594
-490
-441
-402
-387
-345
-276
-193
-77
-13
109
206
285
398
523
604
693
791
858
884
847
802
721
638
544
440
331
276
188
100
47
-1
40
57
118
152
252
295
340
403
443
581
621
658
666
700
665
645
603
573
508
449
442
418
381
330
319
255
166
44
-65
-173
-248
-374
-465
-547
-648
-758
-856
-902
-930
-915
-922
-896
-889
-825
-784
-709
-614
-545
-463
-403
-364
-317
-263
-248
-230
-215
-215
-182
-154
-92
-19
46
119
202
294
391
477
525
555
562
530
452
377
308
213
90
-16
-155
-273
-380
-426
-460
-481
-488
-427
-330
-222
-73
48
229
337
480
555
660
751
818
868
891
969
983
1008
987
944
893
858
785
730
644
533
448
341
233
114
32
-95
-195
-318
-418
-504
-603
-712
-808
-842
-879
-927
-935
-905
-908
-873
-861
-833
-804
-772
-749
-742
-724
-726
-697
-667
-605
-550
-538
-473
-408
-366
-276
-175
-141
-44
90
177
229
292
333
326
350
376
377
350
340
311
295
278
278
272
293
359
414
472
492
502
558
565
580
599
593
562
548
556
535
571
560
549
516
498
481
459
473
484
513
502
500
479
476
442
432
414
343
234
94
-38
-203
-332
-435
-519
-619
-662
-742
-783
-823
-832
-825
-821
-788
-785
-786
-802
-822
-875
-908
-947
-967
-996
-974
-931
-899
-809
-703
-558
-414
-249
-84
74
238
380
521
620
733
817
889
924
938
961
950
933
901
862
758
662
547
405
281
162
54
-52
-148
-239
-355
-456
-549
-597
-621
-637
-622
-597
-499
-404
-269
-136
36
181
297
386
473
569
620
668
687
740
730
705
681
648
559
476
444
382
280
164
50
-95
-215
-325
-405
-435
-483
-544
-567
-618
-646
-637
-641
-599
-544
-467
-409
-356
-341
-307
-234
-164
-86
-14
86
145
191
205
226
217
214
244
250
245
224
204
118
39
-12
-43
-85
-122
-157
-220
-279
-358
-410
-421
-417
-402
-402
-406
-434
-474
-486
-462
-444
-416
-367
-325
-263
-244
-215
-175
-83
-13
39
87
146
214
247
347
407
520
605
705
808
897
973
1065
1149
1190
1279
1297
1318
1278
1255
1169
1119
1055
1010
932
872
787
669
586
466
351
189
67
-106
-247
-423
-534
-687
-856
-1006
-1172
-1311
-1436
-1504
-1572
-1620
-1682
-1683
-1691
-1665
-1638
-1560
-1496
-1455
-1357
-1258
-1105
-962
-835
-724
-560
-439
-327
-194
-98
26
128
239
344
436
519
586
639
696
709
706
710
701
722
745
795
819
821
801
759
739
724
729
739
756
754
730
730
767
744
744
776
823
849
860
893
907
912
890
911
912
904
856
782
681
551
412
265
147
50
-53
-192
-343
-482
-630
-803
-959
-1079
-1197
-1308
-1411
-1498
-1578
-1632
-1666
-1680
-1657
-1637
-1636
-1614
-1566
-1500
-1416
-1318
-1225
-1117
-983
-842
-678
-533
-406
-269
-136
-7
100
207
336
462
538
634
737
846
934
1012
1109
1217
1322
1392
1432
1445
1463
1429
1398
1357
1299
1231
1126
1013
944
832
733
676
599
525
445
351
248
151
71
-15
-80
-137
-239
-360
-494
-622
-736
-852
-922
-966
-968
-965
-963
-934
-894
-848
-802
-694
-647
-572
-519
-501
-464
-381
-327
-259
-157
-80
19
99
192
262
339
392
421
435
445
443
414
364
322
285
210
159
106
41
-22
-76
-133
-148
-161
-174
-174
-186
-173
-149
-132
-157
-170
-152
-117
-63
-13
36
56
67
66
78
107
135
140
128
156
149
156
155
135
162
201
218
226
235
194
154
94
28
-63
-136
-211
-294
-345
-421
-439
-485
-499
-492
-468
-428
-408
-369
-349
-311
-300
-239
-161
-88
-27
41
138
182
248
338
442
558
682
789
895
997
1079
1137
1187
1179
1139
1127
1064
1000
902
796
686
561
447
367
295
213
94
-22
-143
-299
-420
-532
-667
-788
-865
-952
-1061
-1143
-1211
-1275
-1312
-1308
-1264
-1211
-1165
-1146
-1114
-1050
-1003
-953
-875
-776
-702
-651
-574
-504
-446
-376
-276
-134
-10
89
185
276
346
404
461
519
557
618
659
662
677
709
709
667
680
685
651
618
603
575
549
554
557
542
519
507
480
444
401
364
324
286
273
282
285
284
280
275
276
280
307
317
276
235
210
155
99
73
53
15
-23
-71
-131
-197
-260
-329
-365
-422
-493
-556
-628
-705
-798
-876
-933
-958
-996
-998
-984
-993
-985
-951
-891
-822
-728
-626
-509
-396
-282
-189
-69
55
151
249
346
444
504
570
621
665
699
712
717
742
751
767
794
776
755
730
707
677
647
640
612
549
495
434
347
265
185
125
68
5
-35
-93
-130
-126
-160
-165
-175
-186
-219
-258
-301
-324
-326
-325
-297
-290
-243
-231
-252
-238
-227
-231
-228
-195
-166
-127
-110
-78
-70
-93
-78
-66
-63
-58
-49
-84
-111
-143
-178
-179
-190
-205
-178
-147
-133
-105
-98
-115
-149
-155
-173
-181
-167
-154
-165
-167
-174
-200
-203
-211
-207
-202
-193
-193
-189
-164
-131
-82
-13
55
122
175
190
196
198
197
212
218
216
216
217
234
241
237
288
316
320
369
360
339
329
304
281
259
209
193
166
138
87
50
21
17
34
46
84
97
91
96
154
200
239
263
270
267
229
192
150
121
85
57
12
6
-8
-34
-61
-91
-135
-194
-249
-292
-350
-387
-412
-491
-526
-577
-613
-626
-613
-583
-583
-583
-592
-579
-571
-515
-463
-369
-285
-230
-168
-114
-65
-20
36
92
160
222
283
329
366
380
408
415
436
477
510
524
534
540
526
516
498
485
466
443
391
332
309
246
163
97
53
12
-12
-6
9
5
-20
-24
-29
1
15
11
-8
-17
-42
-65
-72
-94
-109
-122
-135
-160
-174
-180
-156
-138
-124
-106
-105
-135
-135
-120
-106
-98
-99
-76
-85
-93
-105
-123
-143
-142
-146
-128
-98
-118
-124
-152
-167
-174
-177
-151
-156
-168
-176
-182
-195
-197
-179
-173
-180
-176
-160
-167
-143
-133
-112
-86
-83
-78
-70
-57
-44
-21
-2
27
44
53
84
115
150
183
217
259
265
288
321
333
332
330
326
323
307
302
301
281
261
261
273
258
241
212
191
156
136
154
153
155
153
143
98
71
26
1
-25
-46
-33
-28
-40
-50
-55
-91
-118
-132
-137
-144
-154
-158
-171
-204
-222
-231
-234
-236
-237
-249
-263
-287
-314
-332
-329
-311
-308
-316
-317
-320
-336
-313
-268
-242
-224
-205
-193
-153
-131
-112
-58
-8
49
89
142
167
168
160
163
180
200
240
275
303
320
346
354
380
401
414
410
387
337
290
264
232
216
217
234
242
236
229
221
206
171
145
133
98
66
47
14
-27
-79
-117
-159
-161
-135
-111
-93
-88
-93
-98
-117
-106
-102
-102
-87
-113
-163
-204
-251
-298
-291
-272
-265
-243
-220
-215
-219
-234
-225
-204
-178
-141
-107
-85
-74
-91
-100
-101
-96
-75
-75
-82
-97
-127
-148
-172
-161
-135
-109
-66
-28
4
4
24
57
83
95
108
123
114
104
110
121
121
138
182
230
262
290
316
287
271
252
224
235
234
255
277
259
243
221
179
128
91
42
-16
-62
-102
-102
-95
-59
-34
-18
-1
-4
-49
-96
-123
-163
-193
-202
-197
-176
-157
-135
-116
-93
-55
-34
-16
15
35
55
65
51
42
36
33
40
45
40
41
14
3
-1
-20
-26
-15
-43
-77
-104
-147
-180
-198
-190
-188
-193
-212
-240
-242
-252
-252
-233
-200
-168
-137
-116
-114
-145
-161
-166
-144
-107
-75
-28
6
56
99
161
206
231
251
274
271
283
295
307
315
289
289
290
286
274
280
281
280
255
226
215
229
223
195
188
170
134
93
76
39
18
6
20
26
12
-9
-57
-96
-129
-141
-117
-113
-117
-138
-173
-196
-224
-199
-195
-225
-217
-205
-196
-183
-171
-159
-160
-169
-167
-156
-141
-132
-111
-86
-107
-120
-131
-125
-121
-134
-158
-167
-194
-235
-204
-184
-140
-93
-56
-22
-11
3
25
23
39
57
73
120
155
186
219
249
272
280
289
285
305
336
355
374
368
350
319
295
281
273
244
229
208
171
128
101
62
5
-29
-78
-131
-158
-179
-176
-157
-167
-180
-205
-209
-209
-215
-226
-243
-266
-300
-299
-294
-289
-296
-300
-289
-280
-263
-244
-225
-192
-176
-140
-119
-116
-81
-38
-36
-20
-20
-37
-48
-35
-1
34
92
120
119
130
129
110
113
151
181
206
261
300
299
285
267
260
278
281
278
269
250
275
361
420
409
320
204
92
-9
-110
-167
-173
-145
-81
-13
27
30
51
53
31
-6
-30
-45
-41
-34
-29
-11
13
48
43
46
37
-4
-68
-118
-189
-249
-271
-288
-321
-337
-332
-342
-332
-323
-324
-317
-305
-285
-253
-224
-195
-178
-171
-141
-94
-34
37
93
130
156
171
177
181
195
206
216
233
261
295
310
303
287
237
191
170
154
136
150
135
122
106
78
63
42
38
20
7
-10
-10
-19
-41
-69
-73
-81
-87
-72
-52
-62
-51
-60
-76
-95
-130
-128
-111
-84
-65
-57
-46
-38
-36
-3
9
-3
-27
-62
-103
-116
-106
-117
-117
-114
-105
-91
-72
-63
-63
-59
-41
-42
-81
-120
-167
-189
-184
-164
-118
-96
-78
-37
-22
-32
-37
-43
-38
-30
-11
21
18
-3
-22
-39
-43
-43
-46
-30
-3
33
66
97
110
117
120
142
165
166
175
178
168
169
170
205
220
215
243
246
249
232
234
225
211
229
241
244
240
234
197
186
154
127
117
114
110
93
87
71
78
79
65
46
5
-64
-105
-144
-159
-156
-162
-152
-142
-144
-132
-129
-148
-166
-166
-191
-206
-226
-229
-220
-194
-165
-179
-188
-183
-194
-205
-208
-227
-229
-239
-249
-237
-214
-204
-190
-174
-170
-155
-143
-123
-89
-38
-15
1
18
20
30
38
65
104
147
146
154
167
178
195
205
191
169
172
186
174
139
148
139
106
112
143
156
154
147
127
110
72
52
49
53
49
34
30
1
-14
-25
-27
-30
-18
5
16
37
49
26
8
17
12
-22
-34
-32
-48
-53
-58
-60
-55
-35
-17
-27
-44
-64
-103
-125
-130
-108
-90
-98
-97
-113
-115
-124
-141
-149
-148
-168
-169
-136
-129
-129
-134
-128
-107
-69
-55
-31
-24
-43
-20
4
31
64
83
84
112
130
130
130
105
103
110
117
109
111
108
95
96
85
88
81
68
77
76
76
62
64
50
45
53
44
47
71
70
72
94
103
112
116
119
106
83
82
74
73
62
74
84
90
111
98
78
72
69
38
30
6
-23
-17
-12
-6
-5
-20
-55
-80
-82
-89
-75
-79
-87
-98
-88
-95
-103
-99
-114
-108
-117
-127
-141
-126
-110
-100
-87
-78
-83
-97
-102
-112
-100
-92
-75
-41
-14
13
2
-24
-53
-66
-85
-82
-49
-57
-77
-87
-98
-91
-62
-40
-18
-7
13
32
26
32
40
32
20
29
62
63
49
45
40
29
29
31
34
32
26
40
35
18
-2
-1
-7
16
51
71
77
79
77
45
23
21
27
36
65
74
63
48
43
31
18
24
33
37
25
14
-3
-5
-10
-5
22
18
31
29
20
-7
-45
-73
-61
-63
-52
2
30
28
43
55
53
49
48
51
43
22
12
3
-6
8
7
29
50
70
84
86
79
67
35
9
8
-12
-15
-5
-13
-31
-36
-60
-92
-104
-116
-131
-142
-148
-135
-130
-129
-110
-105
-119
-126
-127
-126
-106
-89
-74
-53
-12
11
6
4
-10
-29
-22
-9
27
67
91
110
128
137
129
123
132
144
154
165
159
164
148
140
147
150
148
146
136
103
95
87
64
64
64
50
30
13
-7
-25
-22
-24
-35
-55
-75
-109
-140
-149
-157
-191
-199
-180
-168
-155
-156
-179
-188
-198
-222
-220
-236
-250
-237
-231
-209
-169
-156
-130
-89
-62
-32
-15
-6
-8
-10
-4
-9
14
54
66
74
84
89
87
101
109
90
105
114
121
129
148
175
179
182
187
203
205
214
196
176
170
160
158
146
166
177
171
168
165
145
124
118
99
85
77
64
48
26
13
-26
-28
-23
-50
-55
-72
-101
-112
-139
-145
-154
-158
-120
-108
-107
-102
-94
-106
-131
-118
-109
-116
-109
-115
-112
-108
-114
-112
-122
-111
-88
-92
-91
-87
-87
-82
-67
-44
-9
27
42
56
55
58
64
65
61
71
77
75
83
80
85
92
92
91
99
89
69
72
47
22
5
2
2
7
12
21
19
9
16
-15
-20
-15
-13
-6
15
31
33
34
47
33
14
-3
-16
-28
-58
-60
-59
-53
-44
-35
-44
-74
-93
-109
-126
-138
-118
-94
-73
-70
-85
-98
-110
-101
-86
-66
-38
-33
-28
-26
-31
-32
-23
-8
17
39
42
43
29
36
52
38
48
55
68
59
42
32
11
0
5
27
49
69
56
45
40
42
40
42
51
51
32
-1
-15
-24
-32
-13
18
43
61
57
59
62
68
74
62
71
67
55
52
32
13
11
0
12
26
23
26
32
29
20
22
22
29
42
53
62
68
64
65
73
77
78
71
54
15
-14
-29
-54
-64
-56
-76
-77
-85
-96
-88
-112
-131
-136
-142
-143
-139
-137
-136
-134
-127
-136
-137
-132
-151
-131
-102
-88
-82
-61
-33
-9
24
45
56
65
72
71
87
92
89
81
72
81
89
108
113
133
166
173
153
158
156
109
94
90
78
67
58
44
25
2
-15
-43
-59
-50
-53
-48
-25
-6
10
16
25
14
7
-23
-50
-65
-89
-74
-77
-89
-97
-103
-127
-116
-113
-112
-96
-98
-112
-123
-128
-128
-140
-127
-113
-116
-103
-80
-22
10
18
28
48
59
72
66
60
84
81
80
87
76
69
54
47
49
74
87
80
94
99
108
120
129
125
126
123
113
99
75
64
52
54
63
79
85
85
75
78
79
63
49
18
12
14
28
41
38
23
4
-13
-31
-30
-44
-70
-97
-112
-122
-131
-136
-126
-114
-98
-85
-76
-70
-71
-78
-111
-107
-98
-81
-61
-62
-52
-55
-86
-112
-112
-108
-86
-50
-33
-24
-17
-20
-31
-36
-29
-7
6
15
16
-3
-15
-28
-32
-23
-9
5
14
13
17
21
26
31
26
27
28
26
30
30
24
17
23
30
43
62
86
66
41
19
8
12
2
3
2
4
3
-2
0
2
3
7
17
25
41
36
29
26
38
46
46
53
42
27
10
9
7
25
41
47
55
50
37
31
22
19
25
13
17
22
24
33
44
56
66
50
21
-12
-15
-21
-17
-19
-13
-7
-4
2
10
22
4
-12
-34
-42
-63
-48
-26
-15
-15
-5
4
-8
-1
3
-2
-24
-45
-46
-42
-30
1
24
21
31
30
35
35
31
33
15
3
-5
3
4
17
28
31
34
36
20
17
26
32
40
30
14
27
21
13
24
20
28
53
54
42
23
-8
-18
-23
-21
-27
-30
-37
-54
-88
-119
-129
-151
-170
-155
-149
-155
-148
-146
-141
-127
-124
-108
-67
-64
-77
-95
-104
-114
-118
-114
-105
-79
-67
-71
-18
38
16
31
60
34
25
35
46
46
48
53
80
79
78
96
105
106
102
108
97
93
88
91
100
114
131
118
111
119
111
101
96
98
84
77
96
90
70
68
47
22
9
4
7
-7
-21
-21
-27
-39
-60
-65
-82
-100
-99
-82
-91
-103
-107
-102
-88
-78
-72
-68
-67
-61
-42
-37
-25
-28
-31
-33
-24
-23
-20
-11
-10
-8
-19
-19
-3
-6
-16
-23
-6
11
22
64
76
80
74
72
78
85
86
107
95
67
55
59
50
57
72
59
43
20
19
15
10
-6
-6
4
22
34
26
31
38
45
56
51
46
32
9
-4
3
-5
-2
-13
-33
-11
-4
-3
10
5
-19
-51
-72
-80
-69
-61
-59
-33
-29
-39
-40
-53
-87
-93
-84
-75
-52
-41
-42
-51
-71
-80
-85
-79
-64
-64
-68
-55
-37
-35
-21
-21
-18
-22
-32
-18
1
14
24
46
50
23
14
-5
-19
-11
13
31
51
50
50
41
32
39
43
46
38
27
17
2
-6
-6
0
7
10
-3
-6
13
7
6
18
21
16
15
17
15
8
-3
-21
-51
-72
-48
-23
-11
14
21
22
33
35
41
40
30
28
35
42
47
56
55
59
73
89
111
107
85
54
39
31
29
24
22
27
23
22
18
23
24
11
-9
-13
-23
-29
-19
-6
-2
2
7
11
7
-6
-10
-21
-34
-45
-50
-47
-54
-52
-51
-51
-48
-48
-43
-59
-64
-59
-58
-57
-50
-44
-54
-59
-75
-59
-35
-34
-26
-32
-36
-33
-44
-45
-53
-55
-61
-70
-60
-50
-32
-21
-23
-29
-21
-16
-5
3
12
16
17
9
8
18
22
31
37
54
60
79
94
89
93
79
57
49
39
17
-7
-27
-41
-19
5
30
52
46
49
45
41
55
79
68
69
60
44
38
42
42
36
37
39
43
25
9
-4
-11
-18
-17
7
-9
-43
-68
-72
-70
-62
-27
-12
-1
-17
-25
-26
-29
-36
-35
-37
-36
-44
-51
-33
-34
-36
-42
-65
-90
-80
-65
-45
-29
-27
-42
-25
-23
-29
-29
-3
15
12
20
26
41
71
86
92
93
59
22
-2
-10
-5
21
40
46
66
73
73
66
53
36
15
10
28
59
51
47
43
50
54
69
70
56
43
26
18
4
19
39
37
38
38
26
-7
-21
-21
-22
-14
-8
-4
-9
-9
-11
-11
-11
-12
-21
-29
-37
-42
-51
-61
-69
-91
-83
-62
-51
-47
-55
-58
-66
-84
-90
-100
-119
-135
-136
-125
-118
-121
-113
-95
-72
-51
-54
-53
-40
-57
-81
-91
-93
-96
-76
-44
-12
-2
4
6
1
-8
-10
-6
-16
-9
4
11
35
58
95
127
149
163
157
134
117
108
107
116
115
119
124
122
121
114
101
67
46
49
55
59
70
84
89
93
106
111
104
98
88
81
71
64
50
43
43
36
34
26
9
-19
-25
-21
-16
-21
-24
-39
-57
-52
-47
-53
-55
-47
-54
-43
-57
-64
-61
-64
-61
-49
-26
-18
-10
-5
-16
-10
-5
-13
-11
-16
-34
-63
-78
-80
-74
-68
-49
-32
-26
-28
-38
-40
-29
-21
-25
-11
4
11
12
8
-7
-24
-43
-50
-36
-30
-22
-24
-25
-33
-51
-42
-17
-3
2
3
0
4
-6
-19
-21
-21
-20
-1
20
20
28
30
21
9
8
-7
-35
-45
-42
-56
-62
-58
-58
-61
-56
-33
-24
-47
-47
-28
-37
-39
-46
-47
-43
-58
-67
-61
-57
-79
-77
-66
-66
-48
-30
-14
-18
-7
3
0
7
5
-1
2
30
48
67
87
114
118
121
141
122
129
129
106
108
122
135
145
153
174
168
138
136
121
98
93
95
88
87
82
48
30
19
0
-16
-36
-23
-13
-27
-28
-29
-44
-53
-43
-49
-54
-40
-31
-48
-40
-21
-24
-30
-46
-55
-51
-63
-70
-75
-71
-61
-55
-21
11
25
32
50
54
41
17
12
9
2
1
23
31
31
20
-1
-6
-9
-12
-9
-4
-7
-1
-6
4
-4
-15
-28
-24
-13
-17
-12
-12
-10
-11
7
9
-8
-16
-24
-46
-64
-60
-62
-55
-50
-45
-37
-36
-33
-22
-9
4
10
7
-3
-8
-21
-33
-29
-19
1
11
7
4
7
3
-4
-3
0
-13
-31
-36
-46
-52
-40
-44
-50
-54
-56
-54
-52
-56
-52
-53
-55
-56
-53
-38
-23
-7
7
17
7
-4
-22
-23
-11
-4
5
23
10
6
-7
-24
-27
-17
-7
3
6
6
13
27
50
93
138
155
142
128
114
90
74
68
71
55
44
45
34
25
27
37
47
54
57
58
44
18
5
13
22
30
51
58
44
35
17
10
6
7
6
3
2
-8
-26
-34
-37
-25
-22
-14
-5
-2
-3
9
16
17
26
36
25
12
4
-3
-3
-11
-12
-4
8
15
27
28
24
19
4
-6
8
15
15
7
-9
-17
-40
-43
-35
-19
-4
-5
-6
6
8
-8
-15
-19
-22
-32
-43
-52
-68
-79
-84
-89
-94
-94
-101
-98
-98
-101
-95
-87
-64
-49
-36
-35
-40
-33
-37
-42
-43
-35
-25
-9
26
52
53
48
33
13
7
2
3
3
4
13
18
18
9
5
16
36
47
54
52
29
18
17
16
21
29
28
30
27
22
21
17
21
11
8
-1
-19
-39
-59
-64
-64
-66
-63
-45
-34
-52
-51
-35
-29
-24
-14
-13
-12
-9
-21
-11
-15
-17
-11
-3
17
35
43
54
52
49
52
56
67
69
56
53
50
49
52
49
56
69
90
98
98
91
92
81
71
66
58
52
43
42
43
41
35
33
16
9
-6
-18
-28
-39
-42
-43
-39
-37
-23
-22
-18
-29
-39
-40
-51
-58
-55
-36
-31
-39
-48
-50
-52
-56
-53
-51
-48
-50
-53
-48
-34
-24
-21
-11
8
5
7
6
-12
-11
-5
0
-3
4
12
12
16
7
17
25
26
21
27
23
21
24
27
20
15
14
9
16
24
36
29
20
17
22
20
12
4
-4
-13
-17
-7
4
16
26
12
4
-6
-19
-22
-23
-28
-28
-19
-12
-4
2
-2
-3
-13
-23
-24
-27
-21
-16
-13
-2
-6
-14
-14
-9
-7
0
3
-2
-9
-18
-16
-28
-24
-23
-18
-22
-35
-29
-50
-58
-55
-42
-21
-14
-15
-7
-1
-8
-3
4
0
-1
-3
-9
-10
-14
-6
4
6
18
35
37
28
29
31
22
22
31
33
33
46
43
36
38
34
21
13
14
8
9
10
9
8
8
8
5
14
20
23
30
27
18
11
3
-6
9
10
8
9
4
2
-10
-28
-47
-48
-53
-48
-32
-13
-10
-4
-4
-16
-23
-14
-16
-15
-10
-12
-14
-13
8
24
42
50
46
34
26
9
4
13
17
16
15
9
13
17
22
33
33
30
24
13
4
-7
-25
-26
-17
-11
-3
3
6
9
22
33
26
21
6
-8
-21
-37
-40
-35
-22
-3
6
5
-2
-7
-21
-38
-42
-31
-27
-20
-4
9
9
-1
4
0
-1
-5
-2
-11
-12
-13
-10
-8
3
11
4
0
-3
-8
-27
-35
-44
-59
-60
-47
-40
-30
-14
-9
-13
-19
-18
-23
-22
-12
-11
-7
0
-2
-4
-4
2
9
17
29
35
35
31
26
34
32
33
34
36
36
36
31
32
42
37
32
34
36
32
31
35
37
35
23
19
12
13
17
11
11
10
2
-9
-9
-18
-25
-26
-27
-30
-37
-40
-36
-39
-37
-18
-9
-15
-26
-28
-28
-22
-18
-18
-15
-20
-18
-10
0
5
4
7
10
0
0
3
-5
-6
-1
1
-2
-6
-4
5
3
6
5
2
3
4
15
24
17
22
20
13
13
16
11
0
-8
-17
-20
-25
-23
-11
-2
-2
-12
-18
-14
-18
-12
1
5
6
6
3
-2
-3
-12
-23
-19
-11
-11
-10
-8
-14
-18
-16
-13
-8
0
10
24
34
35
39
36
27
24
19
18
15
15
11
8
12
17
27
31
44
36
27
20
9
2
-4
-6
-8
-10
-4
-2
-12
-14
-17
-28
-28
-28
-26
-19
-14
-13
-13
-6
-4
2
8
7
10
15
18
11
0
-3
-10
0
12
16
18
12
7
-4
-14
-19
-17
-15
-7
3
-1
-2
-1
6
12
10
1
-9
-17
-19
-17
-5
-7
-2
3
1
7
8
8
1
-1
-6
-9
-20
-26
-25
-27
-21
-12
-2
2
6
5
8
4
