SAMPLES:	9814
BITSPERSAMPLE:	16
CHANNELS:	1
SAMPLERATE:	16000
NORMALIZED:	FALSE
13
11
11
8
8
6
7
5
1
0
-2
-4
-6
-7
-9
-11
-12
-13
-15
-15
-18
-17
-18
-19
-19
-20
-22
-21
-22
-23
-22
-22
-21
-20
-20
-20
-18
-15
-14
-14
-12
-11
-9
-7
-6
-5
-2
0
3
6
9
10
10
13
13
15
17
18
21
22
25
25
25
29
31
30
31
32
33
32
31
30
29
27
25
23
22
19
18
15
12
10
5
2
0
-5
-8
-12
-17
-19
-22
-26
-28
-31
-35
-39
-42
-47
-47
-48
-51
-53
-54
-55
-56
-54
-53
-52
-52
-52
-49
-48
-46
-43
-42
-39
-34
-30
-26
-21
-16
-11
-7
-2
3
8
12
18
22
27
33
36
40
44
49
53
56
59
61
65
68
71
74
73
74
78
76
77
78
72
71
67
63
59
54
48
40
33
29
21
15
9
4
0
-6
-13
-19
-25
-30
-35
-43
-48
-53
-57
-61
-64
-69
-72
-70
-73
-77
-77
-79
-80
-76
-74
-70
-66
-64
-60
-58
-57
-52
-46
-42
-33
-29
-23
-16
-12
-7
2
7
10
21
26
31
38
41
45
51
54
57
63
63
66
66
66
69
70
73
75
73
73
75
72
72
75
72
69
68
63
58
55
47
41
36
30
23
17
11
4
-2
-6
-10
-17
-24
-31
-39
-43
-49
-53
-56
-60
-69
-75
-79
-87
-86
-84
-87
-86
-87
-94
-93
-94
-97
-91
-90
-88
-83
-82
-79
-73
-68
-61
-55
-50
-44
-39
-34
-27
-23
-18
-10
-3
5
10
15
21
27
32
38
43
49
55
59
66
69
70
74
76
75
77
76
78
80
83
86
85
86
88
88
90
89
83
78
77
71
66
62
58
52
45
40
35
29
23
17
13
4
-3
-10
-17
-23
-30
-38
-42
-43
-48
-52
-57
-60
-64
-67
-72
-73
-75
-77
-79
-82
-82
-81
-78
-73
-71
-70
-67
-65
-62
-54
-52
-49
-45
-42
-37
-29
-22
-18
-10
-5
0
8
12
17
26
31
35
41
47
48
53
56
58
63
66
69
72
76
78
79
80
85
88
88
91
88
85
82
82
80
76
70
63
55
49
43
37
30
22
12
3
-6
-13
-19
-25
-31
-38
-48
-54
-61
-70
-78
-88
-95
-103
-108
-111
-115
-121
-127
-127
-131
-134
-132
-131
-133
-130
-126
-123
-117
-110
-105
-98
-92
-87
-79
-72
-65
-53
-42
-33
-21
-6
6
17
27
33
46
53
61
73
82
86
95
99
107
116
119
124
127
132
137
139
140
143
144
148
151
153
153
150
145
139
135
127
122
116
105
98
88
76
68
59
51
43
28
14
4
-14
-22
-30
-40
-47
-57
-67
-75
-84
-95
-105
-114
-119
-122
-130
-138
-142
-152
-154
-159
-161
-158
-158
-158
-158
-152
-150
-143
-136
-127
-113
-106
-102
-90
-78
-68
-55
-48
-39
-27
-19
-10
3
13
25
35
42
53
62
72
84
95
101
110
114
117
125
128
128
133
139
143
146
146
147
150
146
145
146
142
138
129
118
112
101
88
79
68
54
45
28
14
11
-1
-17
-21
-34
-43
-49
-63
-73
-85
-102
-111
-119
-132
-138
-146
-155
-156
-162
-169
-165
-168
-168
-166
-165
-160
-158
-153
-141
-134
-130
-120
-110
-100
-86
-77
-70
-56
-45
-35
-20
-9
6
19
27
38
53
66
76
84
93
99
105
109
121
129
131
134
139
145
150
156
159
162
162
164
167
165
164
168
164
159
151
145
137
132
122
115
105
88
77
63
53
43
32
23
11
-4
-19
-31
-42
-54
-62
-67
-79
-88
-103
-115
-126
-140
-149
-154
-163
-173
-180
-189
-194
-197
-203
-199
-192
-194
-187
-182
-182
-175
-169
-166
-156
-145
-140
-123
-110
-101
-86
-70
-61
-44
-23
-12
1
15
26
41
59
79
92
103
113
120
132
140
151
154
162
169
172
181
183
188
192
194
197
197
196
199
196
192
185
180
166
159
148
127
117
100
83
74
64
45
29
13
-4
-20
-35
-48
-62
-81
-93
-105
-119
-132
-143
-155
-168
-181
-189
-193
-199
-205
-213
-215
-222
-223
-217
-210
-210
-206
-198
-199
-184
-170
-164
-148
-137
-126
-108
-97
-79
-54
-39
-19
5
14
34
60
73
89
103
117
128
142
159
166
175
186
190
199
206
206
208
209
210
211
217
215
215
213
211
208
203
202
196
186
176
160
150
142
130
118
97
77
53
34
18
5
-9
-23
-39
-52
-62
-81
-96
-105
-120
-138
-144
-160
-177
-178
-190
-210
-214
-224
-233
-232
-235
-240
-240
-245
-245
-233
-225
-216
-212
-211
-206
-198
-191
-175
-169
-155
-136
-129
-112
-93
-81
-62
-46
-34
-16
5
12
35
59
68
87
103
112
128
141
146
157
169
173
187
195
194
198
198
200
208
209
211
212
212
216
218
215
210
203
191
183
171
153
147
133
118
102
88
71
58
44
30
19
4
-13
-29
-50
-70
-85
-105
-113
-118
-126
-137
-145
-159
-174
-184
-198
-203
-199
-200
-200
-200
-207
-205
-203
-200
-185
-179
-174
-164
-154
-149
-141
-132
-121
-102
-86
-73
-53
-39
-30
-19
-2
12
27
42
67
83
94
109
118
135
148
160
166
175
181
188
195
202
206
203
209
210
208
214
207
199
199
192
176
174
171
157
153
144
124
105
93
76
59
46
26
6
-4
-13
-30
-41
-55
-71
-81
-98
-114
-118
-135
-154
-160
-172
-182
-189
-201
-205
-207
-214
-220
-223
-225
-221
-220
-214
-211
-214
-202
-190
-184
-179
-177
-171
-158
-148
-131
-111
-106
-95
-74
-65
-45
-26
-5
20
30
31
52
67
66
85
106
107
128
141
145
164
160
147
160
160
161
176
170
163
170
164
172
176
172
182
172
155
154
160
141
139
131
113
106
88
70
59
56
31
28
28
18
19
20
-11
-21
-30
-58
-51
-53
-72
-77
-91
-110
-107
-115
-114
-114
-125
-139
-149
-139
-141
-132
-127
-126
-135
-132
-131
-135
-122
-115
-124
-117
-98
-93
-80
-62
-65
-59
-53
-35
-15
-4
18
32
35
52
68
68
82
88
87
108
124
124
130
133
126
121
135
155
175
195
197
183
180
177
168
172
166
133
131
118
84
91
80
43
46
45
20
35
32
2
9
12
-18
-24
-41
-68
-69
-90
-120
-132
-150
-164
-167
-174
-186
-194
-206
-214
-206
-203
-210
-207
-217
-211
-199
-204
-173
-168
-168
-144
-148
-159
-150
-148
-136
-124
-115
-97
-82
-62
-48
-28
2
13
30
56
55
56
68
67
77
90
102
126
152
159
153
166
171
176
189
182
172
167
155
156
162
172
188
187
182
182
178
162
155
143
120
120
121
110
111
99
82
64
35
32
27
-1
-12
-28
-63
-48
-46
-65
-47
-56
-65
-56
-54
-66
-72
-72
-79
-113
-119
-104
-133
-126
-97
-100
-101
-85
-87
-101
-83
-92
-101
-83
-75
-76
-62
-53
-65
-75
-66
-62
-55
-44
-67
-47
-30
-27
1
23
13
26
15
-3
16
16
-2
20
39
48
50
43
57
45
14
39
46
50
79
67
81
76
50
41
51
39
35
32
15
46
54
51
88
93
75
76
54
30
42
49
30
44
31
7
16
-3
-10
1
-20
-34
-34
-44
-60
-90
-96
-80
-64
-62
273
249
-310
-476
-179
-82
-265
-281
-6
194
93
222
-156
-546
-268
222
483
9
-77
365
55
-741
-964
-457
77
116
-70
-448
-677
-522
-679
-594
260
674
160
-233
-398
-510
-410
-122
432
676
567
288
-49
-246
8
571
834
806
726
534
171
28
292
610
760
798
762
508
203
204
471
597
697
838
658
305
158
293
282
316
462
512
302
40
-27
-179
-220
-187
-134
-129
-364
-617
-739
-845
-842
-745
-713
-673
-800
-962
-1010
-1040
-1006
-946
-876
-768
-823
-907
-879
-831
-773
-661
-559
-528
-492
-406
-344
-347
-285
-215
-161
-10
68
100
268
980
1507
1649
1455
1053
1183
1357
1796
2203
2373
2167
1858
1612
1177
1136
1377
1575
1687
1530
871
254
-254
-367
-227
-201
-559
-1134
-1497
-2035
-2183
-2071
-2015
-1915
-1754
-1852
-1921
-1919
-1804
-1369
-1031
-892
-877
-871
-943
-775
-636
-644
-646
-640
-624
-725
-854
-974
-1112
-1172
-651
-568
-557
-628
-878
-670
-747
-492
-223
929
2163
2346
2062
1252
1267
1768
2602
3454
3888
3920
3384
2829
2456
2231
2563
3001
3100
2826
1971
904
130
-76
-118
-185
-548
-1309
-1904
-2419
-2745
-2905
-2764
-2544
-2427
-2381
-2516
-2507
-2260
-1855
-1256
-878
-736
-601
-627
-591
-466
-271
-134
-86
-16
-50
-441
-881
-1114
-1156
-1056
-1125
-916
-810
-853
-1050
-1060
-1065
-1058
-842
-276
1443
2347
2212
1565
1149
1403
2058
3046
3822
4181
4021
3486
2986
2481
2349
2865
3178
3225
2619
1592
563
-82
-190
-382
-666
-1309
-2067
-2520
-2862
-3252
-3381
-3261
-3011
-2874
-2836
-2918
-2785
-2468
-1931
-1402
-1206
-1111
-1003
-795
-714
-560
-504
-592
-455
-290
-397
-749
-1133
-1356
-1354
-1321
-1354
-1031
-835
-826
-975
-1214
-1280
-1114
-995
346
2172
2565
2158
1349
1329
1697
2675
3585
4227
4600
4120
3677
3081
2769
2893
3454
3778
3529
2611
1579
644
232
250
136
-225
-1055
-1720
-2221
-2559
-2927
-2853
-2728
-2644
-2556
-2516
-2550
-2528
-2160
-1636
-1148
-1023
-911
-887
-887
-800
-713
-664
-610
-488
-363
-500
-899
-1392
-1643
-1594
-1472
-1379
-1159
-976
-1016
-1276
-1474
-1419
-1290
-993
684
2216
2319
1735
1010
1232
1761
2849
3676
4312
4325
3817
3505
2913
2578
2824
3434
3726
3333
2384
1358
486
301
282
245
-264
-1052
-1571
-2073
-2448
-2812
-2726
-2528
-2343
-2294
-2333
-2411
-2359
-1936
-1305
-991
-936
-1002
-879
-733
-847
-846
-715
-572
-507
-518
-798
-1305
-1760
-1893
-1754
-1622
-1547
-1331
-1156
-1277
-1409
-1569
-1628
-1417
-780
1172
2323
2123
1290
758
1217
1863
2805
3543
4074
3996
3386
3060
2545
2276
2809
3427
3640
2979
1927
900
212
151
61
-145
-686
-1376
-1818
-2206
-2732
-2836
-2703
-2494
-2177
-2062
-2298
-2439
-2141
-1595
-1089
-947
-740
-553
-527
-586
-689
-659
-639
-482
-254
-315
-779
-1367
-1615
-1674
-1535
-1349
-1238
-1033
-915
-1003
-1210
-1447
-1377
-1245
-242
1717
2504
2167
1224
1041
1447
2238
3229
3888
4442
4204
3708
3200
2627
2564
3138
3651
3605
2942
1871
680
230
257
122
-52
-626
-1236
-1707
-2237
-2764
-2844
-2559
-2272
-2016
-2159
-2609
-2600
-2209
-1630
-989
-803
-836
-849
-884
-966
-999
-909
-696
-569
-529
-705
-1340
-1937
-2040
-1810
-1643
-1614
-1572
-1508
-1514
-1608
-1555
-1491
-1341
-1142
526
1954
2200
1636
1119
1468
1945
2800
3489
4219
4383
4100
3801
3442
2914
2982
3471
3825
3631
2852
1741
823
519
282
214
-238
-858
-1353
-1672
-2235
-2614
-2712
-2548
-2275
-2051
-2071
-2333
-2290
-2150
-1706
-1349
-1123
-926
-754
-806
-958
-1202
-1236
-1143
-986
-856
-1120
-1692
-2192
-2415
-2409
-2357
-2335
-2102
-1783
-1672
-1908
-1934
-2093
-1972
-1517
376
2035
2348
1852
1201
1424
1839
2749
3526
4459
4688
4353
3984
3285
2760
2867
3460
3934
3890
3052
1862
889
482
258
193
-83
-497
-870
-1451
-2126
-2617
-2627
-2360
-1876
-1545
-1687
-2068
-2107
-1706
-1143
-689
-483
-447
-500
-710
-931
-1012
-1025
-925
-860
-794
-1170
-1872
-2416
-2594
-2333
-2171
-1997
-1757
-1723
-1785
-2056
-2216
-1969
-1781
-152
1659
2298
1880
1099
1095
1456
2515
3325
4229
4674
4264
3922
3410
2913
2879
3298
3826
3787
3213
2067
923
447
256
293
19
-488
-970
-1486
-2209
-2801
-2809
-2546
-2180
-1772
-1745
-1985
-2202
-2041
-1471
-854
-467
-471
-502
-652
-871
-1032
-1063
-931
-795
-730
-899
-1485
-2108
-2425
-2410
-2263
-2080
-1931
-1683
-1737
-1899
-2020
-1949
-1714
-942
814
2121
2380
1653
1332
1467
2058
2900
3723
4516
4644
4258
3694
3194
2793
2907
3329
3701
3451
2736
1588
626
68
-230
-310
-507
-917
-1341
-1805
-2558
-3019
-3023
-2660
-2180
-1883
-1982
-2158
-2276
-2069
-1590
-1176
-871
-643
-649
-867
-1166
-1355
-1316
-1167
-992
-971
-1200
-1781
-2308
-2521
-2485
-2243
-1948
-1611
-1481
-1521
-1754
-1897
-1670
-1277
242
1874
2640
2375
1808
1760
1961
2767
3550
4511
5041
4782
4377
3779
3225
3018
3319
3802
3866
3388
2505
1377
501
-69
-127
-234
-446
-800
-1312
-1995
-2755
-3058
-2963
-2513
-2065
-1826
-1864
-2113
-2307
-2124
-1632
-1145
-826
-655
-669
-1013
-1495
-1656
-1495
-1301
-1109
-1098
-1440
-2123
-2677
-2855
-2827
-2526
-2071
-1621
-1546
-1765
-2022
-1999
-1839
-1012
721
2037
2516
2108
1792
1828
2141
2779
3642
4670
4931
4703
4272
3534
3076
2927
3250
3663
3644
3118
2119
1187
311
-158
-306
-456
-505
-793
-1289
-1980
-2602
-2875
-2756
-2192
-1816
-1659
-1577
-1779
-1750
-1581
-1209
-850
-576
-409
-540
-763
-1171
-1356
-1380
-1295
-1101
-1260
-1621
-2108
-2523
-2803
-2853
-2535
-2002
-1608
-1553
-1750
-2025
-2078
-1842
-477
1111
2216
2304
1985
1727
1602
1988
2617
3758
4516
4698
4393
3859
3027
2381
2466
2850
3126
3155
2671
1801
785
-174
-738
-1006
-1019
-930
-886
-1300
-1956
-2633
-2965
-2807
-2308
-1820
-1402
-1159
-1181
-1262
-1262
-1092
-854
-528
-282
-230
-455
-821
-1072
-1297
-1302
-1246
-1301
-1454
-1739
-2130
-2420
-2437
-2163
-1678
-1334
-1191
-1439
-1445
-1422
-952
310
1611
2465
2447
2288
2060
2092
2276
2833
3804
4403
4555
4267
3646
2967
2418
2297
2441
2609
2567
2148
1485
590
-362
-1151
-1471
-1485
-1355
-1245
-1456
-1959
-2540
-2951
-2931
-2599
-2029
-1522
-1218
-1006
-1036
-1167
-1243
-1137
-928
-736
-541
-577
-754
-1042
-1297
-1456
-1689
-1806
-1825
-1856
-2100
-2182
-2081
-1872
-1495
-1240
-1281
-1315
-1223
-962
65
1156
2110
2505
2469
2330
2249
2335
2531
3303
4029
4325
4346
3971
3366
2738
2418
2355
2424
2469
2218
1960
1312
374
-500
-1217
-1636
-1665
-1390
-1361
-1497
-1886
-2395
-2593
-2675
-2522
-2027
-1506
-1160
-999
-954
-1118
-1246
-1306
-1332
-1151
-1043
-998
-961
-1085
-1350
-1644
-1889
-1984
-2047
-2119
-2155
-2085
-1881
-1668
-1270
-1083
-1139
-1062
-868
-638
117
1147
2064
2505
2547
2560
2412
2351
2384
2980
3643
3979
4095
3888
3530
2866
2333
2013
1922
2083
2104
1979
1589
892
9
-785
-1199
-1301
-1172
-1031
-998
-1136
-1538
-1846
-2007
-1915
-1688
-1386
-1017
-830
-634
-656
-737
-817
-1054
-1157
-1175
-1133
-1182
-1307
-1439
-1583
-1656
-1811
-1952
-2136
-2235
-2074
-1878
-1637
-1320
-1145
-988
-766
-702
-632
-508
106
909
1667
2111
2265
2254
2064
2014
1962
2206
2544
2805
3125
3171
2975
2445
1814
1419
1315
1472
1483
1476
1271
819
250
-320
-717
-980
-1133
-1108
-946
-896
-1064
-1158
-1201
-1356
-1408
-1315
-1113
-923
-759
-581
-527
-642
-931
-1057
-1142
-1317
-1419
-1424
-1267
-1120
-1103
-1308
-1566
-1814
-1879
-1689
-1397
-1183
-991
-667
-336
-193
-271
-347
-205
-29
493
1239
1885
2186
2094
2090
2064
1898
1626
1692
2063
2430
2634
2528
2244
1900
1594
1436
1334
1308
1090
956
921
795
560
77
-355
-699
-963
-1026
-1032
-985
-940
-955
-943
-1075
-1247
-1408
-1340
-1215
-1116
-949
-834
-830
-934
-1209
-1433
-1556
-1534
-1269
-1017
-953
-1084
-1201
-1299
-1315
-1249
-1184
-1040
-752
-471
-269
-58
80
99
184
338
418
485
658
1149
1693
2097
2140
2045
1938
1827
1780
1699
1733
1733
1866
2152
2229
2040
1662
1327
1038
966
1005
880
859
643
421
153
-259
-671
-971
-1103
-1196
-1133
-1125
-1146
-1157
-1250
-1336
-1440
-1567
-1597
-1457
-1347
-1385
-1383
-1465
-1411
-1362
-1441
-1513
-1550
-1446
-1213
-1002
-990
-1071
-1081
-1007
-865
-726
-596
-394
-224
-27
221
358
346
347
542
720
819
793
1070
1466
1800
2044
2017
1891
1635
1641
1631
1700
1761
1716
1778
1790
1783
1678
1482
1255
1077
1011
888
738
570
404
215
-41
-287
-508
-700
-828
-931
-1053
-1152
-1192
-1218
-1217
-1274
-1444
-1554
-1560
-1445
-1300
-1205
-1236
-1253
-1203
-1204
-1182
-1189
-1248
-1088
-881
-756
-758
-797
-794
-708
-623
-515
-416
-380
-191
137
397
468
452
381
457
597
641
534
604
817
1158
1422
1472
1487
1368
1266
1169
1252
1281
1232
1286
1380
1470
1399
1200
1028
919
881
783
734
706
477
275
88
-90
-314
-502
-594
-703
-806
-985
-1005
-916
-902
-951
-1111
-1204
-1187
-1040
-850
-784
-859
-928
-842
-773
-689
-696
-737
-624
-510
-415
-339
-377
-493
-480
-392
-338
-310
-313
-226
26
144
106
-14
-151
-213
-190
-109
-55
-132
-11
315
529
774
870
887
897
970
873
822
798
746
831
960
1113
1230
1176
1105
1011
877
659
515
471
409
324
147
-11
-206
-295
-451
-600
-757
-885
-820
-638
-583
-586
-655
-652
-548
-472
-437
-417
-337
-288
-264
-264
-278
-357
-346
-269
-165
-121
-225
-336
-318
-255
-326
-473
-579
-609
-504
-372
-267
-209
-256
-361
-396
-408
-405
-308
-252
-167
61
320
507
673
753
807
868
842
829
845
921
926
919
937
944
974
904
822
695
609
617
574
529
382
176
68
23
20
-3
-173
-380
-387
-423
-464
-441
-387
-355
-324
-246
-206
-202
-231
-221
-114
-93
-193
-281
-315
-297
-322
-412
-506
-606
-695
-693
-689
-762
-843
-848
-800
-759
-724
-698
-608
-574
-466
-393
-315
-293
-321
-264
-192
-168
-124
103
381
597
742
841
907
943
969
925
836
806
774
841
947
956
849
740
665
670
651
579
522
457
424
353
212
24
-100
-156
-213
-239
-255
-382
-417
-343
-250
-229
-260
-262
-240
-203
-232
-306
-418
-523
-533
-511
-538
-593
-667
-668
-694
-698
-701
-749
-790
-762
-744
-735
-719
-689
-633
-549
-477
-416
-288
-154
-35
37
65
77
122
239
406
537
695
847
1018
1152
1194
1169
1125
1038
974
1033
1018
996
1007
1020
1060
985
875
760
659
602
513
426
324
245
138
90
87
-14
-95
-156
-236
-349
-503
-644
-691
-665
-630
-556
-553
-633
-677
-707
-766
-835
-876
-856
-874
-886
-865
-891
-962
-980
-939
-958
-926
-887
-859
-788
-651
-602
-500
-434
-379
-205
-69
38
169
265
332
420
465
484
522
609
741
963
1105
1228
1282
1303
1313
1232
1128
1041
1011
953
927
954
912
860
776
721
675
603
519
425
397
278
92
-45
-182
-275
-302
-388
-519
-638
-741
-827
-853
-881
-848
-833
-816
-813
-808
-868
-950
-994
-1024
-989
-983
-946
-855
-790
-842
-818
-793
-811
-755
-716
-688
-636
-572
-459
-309
-137
-21
38
142
300
465
570
604
640
707
754
784
760
745
799
873
993
1110
1170
1116
1132
1133
1090
1030
965
967
964
945
891
786
599
457
349
282
240
176
93
50
-33
-122
-177
-267
-321
-377
-468
-545
-643
-741
-774
-766
-762
-777
-763
-723
-703
-716
-744
-806
-841
-818
-779
-755
-744
-709
-665
-584
-491
-449
-394
-364
-359
-295
-216
-183
-39
91
175
244
261
251
306
384
430
500
520
536
528
554
573
580
621
657
755
873
866
792
725
629
585
546
482
427
390
329
295
292
256
271
243
187
125
57
-51
-114
-123
-182
-245
-325
-395
-493
-593
-632
-623
-619
-639
-627
-668
-717
-727
-699
-641
-603
-558
-509
-449
-374
-292
-270
-262
-199
-158
-162
-168
-174
-227
-188
-164
-124
-51
-39
-17
40
105
88
164
212
284
368
371
335
240
176
95
104
143
149
191
285
364
430
451
429
442
414
402
415
384
325
315
339
357
381
357
297
261
200
154
91
16
-11
-51
-138
-199
-253
-276
-258
-253
-273
-281
-271
-286
-204
-116
-74
-64
-43
-20
10
54
30
-15
5
8
13
23
32
34
33
-47
-101
-99
-153
-157
-116
-105
-134
-153
-224
-254
-189
-142
-114
-86
-97
-172
-215
-261
-310
-263
-202
-153
-117
-45
90
197
313
384
429
404
351
329
233
234
203
189
232
270
261
207
183
142
162
180
176
178
158
106
97
140
99
68
86
39
19
22
-6
1
-21
-14
11
54
59
80
78
50
36
-41
-92
-123
-189
-244
-305
-374
-425
-480
-531
-585
-641
-693
-673
-686
-664
-615
-568
-535
-487
-399
-380
-460
-508
-450
-402
-339
-269
-257
-180
-135
-138
5
179
337
491
630
690
688
613
543
536
529
599
675
724
799
832
776
730
692
633
590
560
509
456
432
410
374
325
244
234
209
162
170
112
58
91
126
139
106
2
-69
-135
-210
-281
-351
-465
-529
-594
-659
-707
-777
-775
-761
-761
-754
-816
-927
-986
-990
-956
-864
-799
-730
-542
-407
-382
-389
-408
-402
-307
-252
-214
-122
-11
219
513
816
999
1181
1258
1271
1210
1046
965
899
935
1003
1069
1084
1035
980
910
856
792
678
588
521
448
332
281
209
128
84
5
-66
-189
-315
-438
-506
-537
-601
-559
-479
-466
-519
-632
-734
-845
-964
-1085
-1116
-1130
-1195
-1176
-1124
-1108
-1151
-1229
-1284
-1370
-1419
-1390
-1277
-1118
-946
-776
-578
-318
-175
-114
11
101
110
130
228
349
497
787
1139
1500
1767
1950
1994
1929
1783
1554
1426
1371
1340
1375
1381
1407
1359
1247
1159
1023
829
621
459
340
234
175
158
113
-1
-141
-279
-414
-536
-625
-685
-752
-764
-765
-665
-595
-614
-689
-777
-906
-1031
-1149
-1288
-1388
-1433
-1464
-1465
-1387
-1340
-1350
-1322
-1300
-1336
-1381
-1362
-1214
-1053
-848
-589
-245
63
266
440
522
459
376
389
417
550
932
1372
1908
2303
2499
2575
2495
2309
1948
1734
1547
1479
1442
1443
1481
1367
1182
957
795
529
201
12
-122
-147
-229
-227
-194
-256
-344
-492
-607
-732
-848
-988
-1069
-1109
-1129
-1120
-1071
-1008
-1005
-1021
-1106
-1259
-1424
-1625
-1742
-1724
-1649
-1578
-1456
-1316
-1284
-1288
-1290
-1333
-1367
-1308
-1150
-892
-582
-274
79
436
684
781
763
707
582
555
561
884
1507
2136
2648
2991
3255
3011
2645
2143
1765
1516
1296
1200
1228
1262
1109
946
797
469
175
-129
-316
-438
-531
-522
-491
-324
-413
-467
-547
-684
-891
-1106
-1134
-1168
-1150
-1120
-1020
-859
-858
-888
-976
-1016
-1162
-1345
-1427
-1506
-1548
-1531
-1399
-1283
-1149
-1102
-1138
-1120
-1154
-1137
-1072
-872
-585
-376
-20
333
672
895
927
929
860
748
600
711
1282
1935
2637
3064
3469
3484
3029
2448
1758
1330
929
892
955
1060
1072
740
501
126
-214
-520
-722
-702
-709
-537
-544
-372
-338
-431
-497
-684
-838
-1146
-1247
-1240
-1172
-1074
-1020
-873
-855
-836
-966
-1121
-1232
-1386
-1409
-1401
-1274
-1235
-1218
-1131
-1058
-1043
-1096
-1076
-1066
-1043
-969
-834
-500
-185
93
392
682
893
976
1016
936
800
623
457
895
1749
2661
3250
3623
3628
3213
2547
1760
1258
1010
846
838
997
1012
789
360
-154
-691
-1053
-1310
-1208
-998
-696
-466
-312
-273
-371
-664
-959
-1142
-1334
-1403
-1270
-1007
-843
-781
-766
-811
-934
-1131
-1258
-1245
-1199
-1131
-1138
-1100
-1121
-1165
-1131
-1016
-908
-887
-883
-880
-869
-872
-754
-492
-179
142
419
758
1062
1185
1030
927
787
640
473
849
1799
2672
3226
3585
3812
3388
2587
1702
1156
757
546
520
707
875
573
28
-354
-766
-1214
-1436
-1234
-909
-566
-373
-260
-175
-321
-651
-942
-988
-1161
-1300
-1106
-828
-736
-764
-826
-769
-876
-1123
-1265
-1115
-1078
-1072
-953
-830
-772
-839
-908
-885
-830
-832
-788
-565
-362
-327
-278
-132
-64
-83
-13
193
556
897
1168
1298
1299
1002
638
287
439
1225
2100
2945
3466
3690
3237
2487
1595
902
565
356
346
315
279
1
-511
-928
-1276
-1460
-1452
-1224
-871
-535
-259
-263
-218
-285
-510
-752
-848
-879
-930
-736
-631
-622
-651
-772
-881
-944
-969
-956
-747
-612
-578
-584
-676
-779
-925
-985
-898
-716
-572
-440
-241
-162
-220
-298
-269
-200
-148
-28
153
496
836
1062
1069
926
692
338
19
-96
576
1509
2397
3049
3453
3351
2577
1724
803
353
183
159
244
352
343
-210
-727
-1227
-1669
-1780
-1644
-1227
-721
-172
66
273
338
19
-280
-524
-598
-641
-591
-421
-408
-370
-491
-570
-580
-645
-786
-777
-588
-507
-327
-259
-280
-412
-614
-736
-693
-563
-463
-301
-92
-49
-102
-140
-162
-276
-243
-108
118
586
911
1035
854
516
-42
-368
-528
-403
682
1796
2782
3231
3344
2831
1954
1035
128
-6
-28
183
342
525
250
-465
-1117
-1799
-2121
-2134
-1695
-996
-270
291
404
562
329
-119
-502
-673
-659
-585
-225
34
177
87
-187
-431
-586
-658
-708
-501
-357
-305
-175
-179
-257
-504
-638
-733
-698
-601
-480
-237
-75
1
-92
-120
-90
-209
-214
-141
-50
139
422
558
597
434
89
-267
-495
-655
-299
790
1810
2584
2986
3060
2401
1482
492
-164
-197
-75
98
426
511
-13
-824
-1499
-2081
-2270
-1985
-1334
-366
467
883
855
770
320
-234
-550
-556
-369
-103
357
615
618
353
-72
-379
-613
-778
-808
-512
-227
-116
-82
-225
-439
-671
-833
-805
-618
-408
-216
35
140
50
-138
-298
-399
-446
-377
-263
-51
234
443
530
509
212
-120
-434
-617
-621
-378
660
1874
2850
3238
3247
2729
1767
744
-51
-82
167
403
530
589
159
-737
-1666
-2350
-2511
-2068
-1302
-185
871
1442
1373
932
388
-186
-557
-549
-182
258
656
914
809
338
-339
-1001
-1356
-1455
-1278
-864
-346
-89
-132
-362
-770
-1130
-1367
-1410
-1071
-584
-218
54
146
-38
-343
-692
-834
-739
-520
-247
118
362
481
452
304
78
-303
-587
-708
-654
-491
-30
1080
2230
3080
3293
3018
2342
1271
547
85
222
493
779
763
286
-494
-1471
-2103
-2371
-2104
-1334
-268
754
1363
1538
1147
508
-34
-380
-359
-75
389
749
1009
841
197
-568
-1191
-1611
-1744
-1436
-968
-519
-213
-355
-540
-871
-1264
-1432
-1214
-736
-237
190
350
345
30
-362
-613
-668
-519
-215
136
425
485
357
162
110
59
119
114
95
161
112
177
193
356
1095
1991
2692
2860
2877
2417
1657
933
304
342
314
389
213
82
-391
-998
-1379
-1483
-1151
-750
-59
630
1034
1127
780
439
115
-95
-118
12
213
208
175
-184
-576
-1128
-1629
-1813
-1701
-1367
-970
-587
-474
-594
-836
-1115
-1234
-1237
-991
-616
-220
55
127
64
-198
-497
-744
-750
-602
-345
-45
119
131
3
-45
31
182
258
181
192
143
16
12
197
449
1272
2073
2600
2800
2650
2069
1277
582
109
256
576
772
709
364
-345
-1104
-1653
-1828
-1642
-979
-122
670
1146
1188
770
236
-188
-458
-435
-226
-56
51
91
-117
-614
-1125
-1519
-1580
-1372
-1039
-661
-370
-277
-475
-703
-900
-926
-794
-515
-134
184
349
298
122
-162
-428
-582
-525
-221
36
259
360
258
38
-34
9
186
450
507
436
423
202
-61
-143
-62
182
1047
1985
2573
2734
2408
1893
1157
648
403
693
1000
969
598
-75
-842
-1718
-2130
-1928
-1322
-462
342
962
1083
767
133
-322
-399
-381
-112
301
628
622
362
-70
-681
-1226
-1500
-1331
-881
-516
-262
-155
-277
-667
-1042
-1206
-1072
-677
-319
30
239
142
-224
-563
-708
-775
-609
-243
137
304
251
-51
-364
-631
-809
-535
-5
391
552
406
74
-288
-591
-719
-346
203
1040
1969
2513
2647
2297
1751
1058
638
493
638
792
731
429
-170
-911
-1510
-1820
-1628
-1114
-361
336
856
920
606
179
-210
-224
9
341
700
939
814
391
-243
-859
-1289
-1325
-1106
-680
-329
-172
-266
-524
-862
-1114
-1126
-927
-479
-68
221
314
110
-190
-477
-634
-611
-405
-110
108
242
189
38
-172
-370
-421
-350
-99
296
517
412
140
-158
-481
-473
-309
116
542
1202
1993
2297
2217
1779
1434
984
739
667
864
1145
916
337
-390
-1045
-1635
-1758
-1216
-429
389
934
1116
927
398
-183
-531
-253
198
730
1126
1168
739
-48
-824
-1434
-1586
-1400
-856
-161
215
155
-303
-838
-1290
-1621
-1517
-1096
-543
-134
62
16
-203
-532
-892
-912
-784
-495
-126
175
331
180
-135
-414
-607
-783
-742
-448
-25
383
568
481
227
-136
-435
-476
-313
101
527
1274
2019
2354
2214
1773
1339
812
640
658
965
1247
1207
870
231
-440
-997
-1154
-864
-348
288
803
920
631
125
-350
-578
-338
37
478
706
506
73
-424
-755
-892
-846
-612
-324
-123
-289
-596
-990
-1335
-1458
-1435
-1120
-825
-532
-454
-534
-770
-972
-972
-824
-453
-126
79
145
76
-136
-355
-436
-425
-266
-55
143
359
488
506
306
43
-171
-266
-201
61
428
740
841
1091
1457
1632
1679
1663
1832
1823
1816
1583
1449
1337
937
473
-2
-216
-537
-703
-587
-400
-141
-120
-108
-75
-140
-248
-294
-9
204
304
289
262
130
-201
-430
-576
-608
-654
-755
-797
-961
-1195
-1475
-1509
-1381
-1306
-1153
-972
-758
-719
-693
-627
-561
-503
-439
-294
-174
-71
38
79
148
106
78
152
239
311
243
224
242
343
478
449
268
69
-51
-91
53
338
670
962
1284
1693
1923
1938
1836
1795
1658
1484
1337
1300
1175
804
343
-195
-583
-812
-865
-701
-438
-330
-361
-405
-547
-735
-764
-561
-203
166
321
171
-117
-531
-988
-1232
-1278
-1158
-973
-790
-722
-771
-995
-1229
-1232
-1153
-1046
-860
-712
-590
-626
-751
-778
-655
-482
-325
-108
-1
73
148
296
449
568
653
673
647
592
449
309
289
347
483
621
624
450
272
180
187
331
561
855
1065
1317
1535
1651
1735
1603
1552
1324
1142
976
890
786
502
168
-328
-644
-861
-1013
-893
-753
-551
-348
-245
-249
-318
-319
-434
-372
-376
-455
-467
-549
-565
-546
-496
-533
-539
-551
-601
-613
-679
-739
-795
-854
-799
-714
-686
-659
-696
-719
-671
-511
-392
-172
-5
62
199
257
351
399
398
384
407
447
426
469
468
417
331
276
352
385
337
270
131
25
7
112
324
518
631
671
980
1166
1182
1019
948
1000
886
817
770
816
708
488
210
-28
-213
-372
-450
-346
-304
-301
-408
-472
-567
-749
-798
-792
-681
-679
-574
-554
-626
-672
-761
-688
-539
-455
-326
-183
-168
-341
-487
-602
-633
-616
-560
-371
-300
-312
-368
-438
-467
-432
-337
-199
-42
-22
-61
22
53
75
139
195
277
338
371
384
407
374
368
476
516
422
267
167
127
143
163
234
393
497
375
612
934
990
939
956
1087
987
923
852
922
879
640
443
274
130
-152
-327
-252
-280
-347
-432
-449
-533
-622
-603
-591
-450
-415
-403
-373
-413
-484
-536
-492
-398
-340
-269
-188
-115
-228
-281
-248
-256
-216
-266
-324
-398
-528
-618
-630
-542
-517
-476
-436
-489
-475
-479
-371
-198
-33
111
278
431
410
460
521
499
501
499
560
621
577
411
227
50
-61
-17
48
155
212
129
63
245
456
572
563
592
683
616
615
707
809
762
679
493
321
202
23
-40
56
87
18
-45
-232
-540
-800
-881
-834
-740
-707
-707
-776
-883
-930
-831
-583
-331
-155
-4
31
-14
-52
-73
-35
51
100
86
-12
-202
-418
-588
-662
-574
-452
-390
-374
-366
-369
-317
-175
26
186
312
434
453
404
364
345
354
410
419
417
442
474
511
453
321
136
44
42
30
-63
-106
-61
-26
186
489
649
613
580
504
508
584
656
772
793
739
571
460
348
247
150
63
-77
-266
-431
-534
-659
-698
-646
-548
-381
-311
-342
-481
-564
-585
-488
-274
-57
24
47
19
-86
-156
-161
-167
-122
16
80
97
56
-98
-246
-370
-506
-504
-473
-508
-504
-493
-504
-493
-459
-435
-350
-252
-201
-104
44
140
248
332
393
336
266
290
288
278
209
85
-84
-138
-154
-183
-117
-64
-20
224
389
466
448
545
590
548
636
748
852
717
670
565
437
362
244
290
425
401
357
225
69
-78
-168
-202
-141
-47
-182
-263
-387
-527
-579
-562
-412
-243
-129
13
126
156
92
99
75
83
33
-52
-97
-290
-371
-410
-488
-547
-594
-701
-789
-773
-826
-777
-576
-435
-312
-246
-217
-223
-265
-233
-156
-66
-11
20
46
36
2
-19
59
116
66
44
23
59
93
127
136
97
136
400
606
586
464
514
587
662
833
996
1108
1018
884
782
733
716
671
745
844
785
642
420
266
60
-67
-77
-67
-18
-65
-152
-249
-333
-395
-434
-384
-383
-448
-456
-482
-489
-483
-486
-544
-574
-635
-682
-646
-660
-654
-626
-649
-682
-716
-814
-851
-809
-808
-739
-634
-636
-614
-625
-642
-585
-493
-373
-217
-44
86
193
260
298
277
262
313
340
358
368
298
251
283
282
362
454
478
745
937
965
865
826
933
1021
1140
1195
1268
1119
893
739
652
676
729
854
1022
1036
901
640
367
163
-10
-37
-54
-107
-242
-409
-646
-832
-942
-1034
-1003
-897
-884
-878
-839
-845
-889
-868
-808
-729
-599
-527
-460
-402
-346
-364
-363
-438
-584
-751
-855
-885
-862
-787
-716
-641
-580
-519
-479
-372
-285
-179
-2
196
343
410
434
447
464
509
647
781
846
867
868
793
653
545
465
458
430
565
820
941
861
662
596
627
729
853
1031
1120
998
783
602
492
526
539
595
659
568
409
133
-67
-247
-326
-399
-504
-621
-834
-1061
-1221
-1257
-1224
-1149
-1030
-916
-867
-855
-836
-750
-678
-585
-522
-507
-512
-564
-589
-609
-589
-553
-548
-556
-597
-644
-638
-571
-461
-336
-227
-133
-83
-75
-70
-15
34
116
228
369
455
501
534
534
556
587
637
681
718
731
711
657
592
503
478
473
500
538
748
882
907
766
642
636
617
644
658
715
649
540
376
254
204
187
195
266
253
182
37
-136
-248
-326
-342
-366
-384
-472
-581
-735
-835
-893
-931
-918
-915
-941
-937
-963
-902
-815
-733
-592
-450
-324
-251
-239
-233
-135
-108
-79
18
12
-55
-74
-96
-128
-115
-106
-100
-124
-163
-176
-147
-108
-34
97
170
235
320
379
447
504
533
611
690
667
639
611
509
422
373
363
327
272
187
234
350
411
396
307
261
249
304
372
457
472
435
390
281
224
281
362
445
523
505
352
141
-36
-155
-208
-265
-322
-430
-623
-807
-947
-981
-953
-893
-811
-764
-765
-752
-674
-581
-501
-372
-236
-137
-70
-47
-76
-117
-151
-168
-152
-158
-223
-303
-360
-420
-377
-311
-292
-267
-227
-235
-199
-121
-74
29
96
137
180
216
233
232
221
204
196
218
241
259
260
227
189
182
192
206
155
117
164
338
516
585
486
298
301
347
401
500
627
651
576
557
521
526
542
553
613
667
647
531
414
307
238
223
140
67
-70
-283
-453
-528
-519
-539
-554
-520
-556
-561
-526
-472
-393
-378
-335
-281
-263
-292
-323
-331
-313
-287
-289
-287
-329
-414
-444
-437
-484
-478
-447
-467
-460
-451
-470
-463
-420
-356
-304
-281
-229
-159
-141
-35
36
92
178
241
313
362
351
378
453
411
397
391
330
348
354
340
432
538
535
463
473
579
709
827
876
922
910
817
728
684
689
743
794
775
697
578
363
152
1
-106
-173
-231
-340
-454
-566
-709
-768
-766
-763
-761
-772
-818
-821
-792
-776
-692
-590
-573
-579
-615
-683
-690
-705
-707
-641
-592
-563
-553
-573
-637
-657
-626
-595
-520
-444
-386
-369
-333
-247
-136
1
110
184
260
308
324
403
509
585
645
654
641
650
638
606
606
566
531
555
581
605
614
612
697
782
805
786
771
743
747
817
848
820
753
671
585
538
520
462
393
352
296
208
74
-78
-131
-177
-213
-258
-376
-526
-635
-767
-822
-823
-886
-933
-954
-1034
-1022
-959
-945
-917
-891
-889
-858
-830
-803
-748
-692
-607
-535
-487
-434
-397
-402
-352
-302
-262
-179
-83
-28
3
51
95
132
183
267
350
418
451
451
473
508
513
574
659
676
688
685
678
667
714
719
677
648
610
592
592
553
538
599
619
577
456
319
291
381
428
450
407
309
216
120
42
51
109
131
117
64
5
-87
-208
-304
-344
-398
-471
-573
-713
-796
-861
-914
-938
-940
-889
-877
-917
-922
-874
-811
-731
-687
-664
-621
-587
-511
-413
-329
-264
-219
-186
-151
-150
-132
-82
-68
-7
53
61
87
81
77
140
185
214
260
286
308
319
333
384
469
492
508
529
542
549
572
596
634
617
562
543
509
436
357
334
357
377
403
431
400
273
170
170
241
304
307
288
255
178
141
148
164
211
239
231
196
115
52
10
-43
-110
-175
-247
-340
-443
-531
-596
-678
-731
-750
-755
-758
-737
-690
-643
-564
-498
-459
-445
-465
-443
-394
-366
-327
-308
-328
-334
-276
-249
-222
-170
-132
-95
-41
-24
-6
39
68
113
192
239
254
273
282
313
367
414
467
454
409
398
401
421
471
473
465
445
381
335
330
290
239
214
151
92
91
139
229
278
245
193
124
94
162
224
236
252
217
147
125
91
32
41
58
29
-41
-81
-129
-188
-216
-240
-259
-282
-336
-393
-424
-446
-459
-478
-471
-482
-543
-560
-595
-636
-618
-584
-514
-432
-405
-348
-279
-276
-274
-213
-176
-141
-75
-41
-21
3
5
40
64
63
113
160
159
195
239
231
265
286
268
312
351
355
371
371
373
385
391
363
353
325
317
315
296
320
315
296
314
291
251
194
100
66
78
58
68
102
31
-7
14
-14
12
29
14
21
29
42
79
98
96
64
16
-27
-78
-118
-118
-115
-129
-115
-124
-161
-192
-230
-236
-236
-192
-169
-204
-230
-265
-300
-294
-247
-236
-241
-258
-254
-226
-228
-198
-154
-178
-183
-123
-102
-87
-40
-35
-22
15
-3
-27
-32
-26
28
91
100
129
161
130
123
111
79
81
109
104
125
91
34
17
32
41
107
157
159
197
199
186
194
191
177
149
86
72
75
20
-14
-14
-28
-24
0
5
-5
-9
-27
-23
12
59
97
125
142
139
159
185
157
104
85
47
-15
-25
-47
-81
-91
-115
-148
-177
-193
-233
-243
-232
-220
-193
-186
-201
-202
-216
-232
-206
-185
-163
-124
-102
-130
-153
-186
-222
-208
-168
-136
-99
-76
-70
-102
-107
-66
-68
-46
-18
20
59
119
158
185
171
141
166
159
178
219
268
286
285
292
251
214
194
186
182
185
184
193
213
220
225
211
190
172
200
212
217
214
173
149
154
137
120
132
120
93
59
19
-21
-35
-60
-57
-59
-70
-77
-84
-101
-114
-154
-203
-195
-198
-211
-188
-184
-196
-199
-213
-201
-214
-217
-209
-254
-247
-239
-278
-276
-284
-305
-298
-285
-270
-255
-232
-204
-171
-154
-78
-42
-19
38
46
9
19
3
-4
20
26
42
77
76
102
127
100
101
85
92
109
133
125
148
192
198
201
217
207
188
213
227
203
201
197
166
173
181
143
135
120
98
89
85
84
53
27
5
-8
9
23
19
5
1
-15
-4
25
28
31
23
-6
8
28
9
-7
-41
-82
-102
-122
-144
-137
-129
-169
-182
-171
-201
-218
-202
-197
-191
-172
-176
-152
-121
-108
-79
-96
-79
-67
-55
-36
-23
-17
-23
-14
-13
4
22
4
2
-9
-48
-60
-66
-69
-38
-16
-8
51
72
84
156
198
192
210
222
226
233
234
224
206
190
187
172
163
164
132
129
152
157
145
141
118
106
101
97
101
95
78
65
48
17
33
34
26
46
44
6
-28
-48
-86
-127
-147
-166
-177
-167
-182
-207
-228
-241
-254
-272
-271
-260
-226
-225
-201
-201
-214
-231
-247
-232
-222
-206
-207
-205
-199
-182
-155
-126
-102
-82
-46
-33
-49
-65
-72
-72
-45
19
46
84
89
77
97
90
85
106
122
142
155
159
178
214
238
270
267
247
238
257
279
284
276
245
211
201
235
235
221
215
188
156
128
113
102
100
91
96
64
17
10
-25
-28
-9
-25
-45
-61
-79
-87
-119
-151
-164
-192
-215
-228
-261
-287
-297
-334
-325
-311
-307
-302
-304
-286
-282
-236
-190
-181
-180
-170
-177
-188
-153
-127
-95
-70
-68
-65
-46
-33
-32
-4
40
47
92
133
150
183
222
222
226
268
267
288
307
288
276
284
289
291
313
305
298
285
280
304
307
302
293
267
242
212
179
163
137
109
94
69
65
50
25
12
4
-20
-55
-73
-88
-132
-162
-153
-177
-201
-205
-225
-268
-294
-320
-348
-354
-359
-345
-343
-364
-367
-372
-383
-365
-353
-361
-344
-318
-329
-308
-269
-248
-204
-180
-162
-122
-111
-103
-77
-50
-43
-7
17
47
85
120
158
221
226
204
248
258
272
328
322
340
371
366
385
395
366
358
362
351
379
365
321
308
273
239
242
218
205
181
146
125
95
62
63
41
7
9
-30
-33
-29
-70
-88
-116
-163
-190
-213
-240
-220
-235
-246
-226
-252
-264
-276
-309
-297
-290
-293
-287
-277
-294
-285
-274
-281
-250
-230
-222
-179
-146
-119
-105
-98
-76
-61
-37
-13
-3
33
33
17
30
31
44
81
104
122
189
210
206
222
213
232
274
306
328
346
324
312
305
300
309
313
280
282
273
224
225
188
130
103
80
49
71
90
95
86
62
8
-18
-21
-33
-23
-31
-54
-71
-129
-162
-158
-187
-196
-184
-186
-197
-221
-244
-269
-277
-292
-290
-279
-285
-294
-306
-338
-350
-330
-315
-295
-265
-272
-268
-250
-240
-225
-178
-165
-161
-165
-176
-145
-120
-92
-52
-59
-67
-51
-44
-21
1
8
16
64
106
154
218
249
263
287
318
317
320
329
302
327
337
351
371
368
349
353
335
304
317
319
315
320
309
269
256
230
202
182
160
143
120
103
83
71
61
44
18
25
19
17
27
34
16
-40
-67
-93
-130
-126
-130
-190
-206
-206
-242
-242
-245
-292
-297
-278
-279
-250
-244
-257
-252
-261
-271
-231
-206
-185
-158
-154
-161
-140
-126
-115
-97
-111
-117
-132
-116
-104
-80
-74
-60
-30
-29
-29
0
26
30
70
94
93
110
143
146
170
193
205
222
227
199
206
193
152
138
108
98
115
103
105
117
103
85
74
95
101
104
96
77
47
22
18
32
36
31
16
1
-12
-36
-50
-50
-72
-65
-92
-108
-125
-171
-193
-208
-220
-230
-226
-229
-224
-201
-189
-184
-178
-160
-142
-154
-151
-140
-164
-161
-158
-182
-161
-155
-174
-132
-115
-106
-72
-54
-35
-18
-9
10
50
71
90
81
99
122
116
141
178
201
229
286
296
304
307
275
295
324
329
340
343
309
284
275
275
260
265
275
279
290
289
272
274
232
183
172
148
141
149
116
89
63
26
6
-4
-6
-27
-59
-76
-93
-112
-116
-130
-164
-185
-213
-264
-278
-295
-322
-319
-314
-320
-293
-288
-294
-292
-305
-336
-335
-306
-302
-269
-245
-257
-235
-223
-222
-226
-219
-241
-246
-246
-239
-196
-146
-112
-111
-102
-102
-61
-15
36
85
94
104
107
137
163
160
184
200
201
208
210
194
199
173
148
154
151
158
203
231
231
236
229
189
172
172
171
181
166
137
110
132
96
67
65
45
17
29
29
15
9
-25
-35
-47
-59
-41
-50
-69
-68
-79
-114
-123
-122
-139
-126
-120
-104
-107
-119
-83
-98
-127
-115
-134
-140
-114
-125
-128
-120
-131
-155
-128
-124
-108
-68
-48
-19
5
2
26
40
27
64
90
87
107
107
94
145
129
141
163
171
184
190
181
188
186
145
160
185
178
193
216
221
238
251
241
223
198
167
174
163
139
125
114
80
74
83
51
47
26
17
18
5
-5
-39
-63
-98
-142
-140
-131
-158
-194
-202
-242
-263
-249
-260
-243
-218
-229
-213
-195
-204
-207
-204
-228
-226
-218
-244
-226
-252
-285
-264
-292
-305
-268
-235
-207
-139
-105
-106
-81
-75
-82
-67
-29
3
13
16
31
32
42
41
46
53
60
79
94
114
103
111
116
141
180
200
202
195
180
179
195
206
230
224
222
188
144
115
124
127
120
131
115
120
120
87
80
68
62
34
29
31
11
172
296
59
-111
69
92
-117
-152
1
43
-35
-220
-365
-243
-105
-186
-325
-208
-101
-258
-385
-328
-205
-202
-89
-21
-199
-189
-73
-15
-19
121
242
185
171
104
34
131
241
198
112
104
59
-49
-74
0
30
58
116
94
70
91
94
116
216
269
252
273
264
226
245
272
277
292
276
255
210
153
128
128
101
110
103
20
-39
-64
-149
-212
-165
-167
-232
-212
-205
-268
-266
-195
-167
-139
-117
-111
-127
-122
-116
-133
-146
-127
-82
-115
-112
-111
-190
-218
-167
-194
-207
-171
-178
-200
-203
-242
-286
-232
-226
-194
-158
-134
-91
-83
-53
2
36
49
90
81
78
101
64
55
92
73
63
60
46
76
95
89
103
106
70
75
89
41
54
63
43
79
99
93
103
95
60
70
100
144
166
157
175
178
150
154
158
128
117
75
43
33
8
0
-27
-37
-35
-42
-47
-36
-21
-30
-25
-24
-30
-26
-15
19
29
-1
-26
-13
-33
-57
-15
-4
-23
-24
-50
-96
-119
-121
-126
-139
-116
-51
-32
-34
-8
-3
-27
-4
25
27
26
28
1
-38
-19
6
11
9
62
51
63
138
172
150
157
151
81
54
76
96
75
92
79
47
61
64
55
74
99
115
122
140
158
124
94
100
91
33
13
32
4
-13
4
-11
-27
-13
-19
-45
-33
-66
-79
-100
-91
-84
-143
-157
-150
-172
-167
-114
-120
-149
-156
-169
-181
-173
-177
-177
-191
-201
-199
-241
-244
-219
-221
-242
-192
-138
-133
-128
-130
-150
-184
-177
-168
-165
-136
-144
-172
-167
-148
-138
-103
-48
-57
-29
41
96
117
133
150
121
114
137
167
211
239
221
214
197
162
173
194
231
305
329
301
314
295
264
264
258
231
211
221
201
182
179
194
192
152
171
184
139
171
151
90
64
33
5
-21
-14
-17
-17
-42
-22
-29
-100
-96
-109
-163
-137
-149
-155
-168
-197
-190
-212
-236
-225
-184
-178
-132
-112
-146
-138
-132
-136
-101
-83
-96
-77
-63
-77
-65
-55
-32
-7
28
79
91
89
88
74
52
55
46
75
88
71
87
79
57
34
72
67
51
65
57
106
139
105
84
103
64
10
21
17
-10
-9
-29
-4
0
-44
-26
-45
-58
-36
-22
-47
-38
-33
-90
-112
-131
-164
-109
-104
-135
-113
-134
-179
-176
-152
-127
-113
-107
-101
-103
-130
-159
-136
-114
-137
-133
-103
-75
-62
-54
-36
-10
-22
-16
-14
-17
-9
-39
-44
-7
-22
2
52
48
58
75
91
129
122
98
113
114
99
99
128
151
167
144
131
153
127
130
174
195
203
229
232
230
212
167
136
110
70
79
100
96
115
99
63
62
34
21
40
41
53
37
0
-17
-42
-92
-99
-80
-97
-81
-91
-109
-104
-119
-143
-116
-106
-103
-57
-53
-86
-117
-148
-155
-134
-136
-107
-74
-71
-80
-79
-68
-81
-71
-42
-28
-43
-26
-20
-36
-21
-30
-31
12
56
61
103
120
83
80
70
64
62
52
63
53
37
38
34
19
11
3
-3
40
71
89
121
137
100
58
54
36
-2
-8
-10
-30
-31
-33
-22
-7
-6
2
9
2
-3
-4
-19
-50
-93
-109
-115
-126
-109
-125
-125
-94
-111
-111
-88
-96
-117
-93
-83
-82
-76
-97
-82
-98
-98
-69
-69
-80
-44
-19
-43
-42
-34
-25
-43
-30
-24
-48
-32
-10
-26
-29
-4
-10
8
47
94
112
127
120
95
70
49
59
62
73
94
83
89
83
58
37
45
65
62
103
138
155
136
119
117
111
96
98
94
85
75
56
65
83
96
78
92
95
45
52
61
32
27
29
1
-4
2
-8
4
38
37
38
24
-18
-24
-18
-14
-16
-5
-51
-71
-68
-105
-111
-90
-75
-75
-61
-46
-40
-48
-45
-62
-52
-51
-93
-103
-90
-119
-144
-124
-111
-113
-76
-57
-54
-10
-9
-7
-8
-17
-38
-22
-32
-24
22
11
-13
-9
-29
-62
-37
6
46
88
110
74
58
61
39
22
19
6
-4
-4
23
54
81
68
69
78
80
113
109
98
94
50
24
1
-42
-24
-20
-40
-3
36
6
-4
-6
-57
-62
-36
-37
-17
-41
-85
-101
-126
-130
-97
-87
-74
-47
-59
-59
-62
-53
-44
-34
-34
-55
-63
-54
-62
-89
-79
-56
-71
-59
-2
31
45
24
6
-11
-20
-16
16
40
65
82
76
67
46
29
34
42
71
123
148
193
216
182
166
135
94
72
86
84
62
74
94
102
125
125
102
116
95
71
68
76
53
46
28
-5
-11
-30
-44
-1
12
15
14
4
-28
-42
-54
-86
-87
-127
-155
-160
-158
-163
-151
-151
-132
-116
-113
-98
-83
-100
-120
-123
-116
-130
-125
-115
-120
-119
-107
-99
-83
-69
-49
-28
-5
-11
-27
-23
-76
-99
-79
-69
-38
11
19
18
16
-8
-2
9
37
66
91
116
120
115
89
79
61
30
23
13
-2
14
53
71
90
96
111
108
93
93
106
105
92
92
54
28
28
6
-16
-8
22
23
35
51
44
24
9
22
16
12
24
-11
-44
-49
-65
-53
-26
-15
-20
-1
8
5
26
41
16
-14
-29
-32
-42
-17
-5
-21
-13
-6
2
51
90
64
49
38
1
-19
-10
-2
12
23
22
55
35
-3
10
-26
-34
1
33
67
80
73
65
39
11
24
-8
-33
-15
-29
-36
-7
4
14
14
6
6
20
14
10
-3
-10
-18
-43
-48
-44
-51
-67
-51
-32
-27
-7
7
-8
-7
-11
-24
-23
-32
-66
-61
-80
-100
-78
-68
-65
-34
-28
-53
-54
-66
-73
-67
-68
-79
-71
-86
-83
-88
-84
-93
-90
-52
-26
-5
3
9
-3
-8
-9
-11
-15
-13
-8
12
19
24
25
11
4
19
50
79
86
95
93
68
54
67
50
18
3
31
43
41
67
59
68
57
69
74
74
87
62
53
42
37
19
6
12
-3
-30
-9
28
31
38
54
33
50
44
3
51
43
-5
-15
-17
-34
-26
-7
2
10
-8
-2
9
-9
12
13
-33
-8
-10
-25
-7
2
-7
-11
-15
-23
5
13
25
19
2
8
-13
-24
-12
1
-2
16
28
11
-2
-22
-48
-52
-50
-36
-3
16
3
5
8
-17
-14
-8
-20
-19
-22
-24
11
36
38
52
42
24
25
32
22
16
21
4
-27
-39
-38
-53
-50
-18
-3
21
33
25
18
5
-1
-12
-4
13
-17
-43
-58
-72
-73
-78
-54
-31
-22
-31
-8
1
-12
-6
-16
-23
-36
-47
-44
-43
-59
-20
-31
-45
0
-20
-9
22
-7
-20
-16
-29
-37
-7
4
13
24
11
1
-2
-24
-35
-26
-20
6
23
20
17
9
-2
-3
-11
-5
-6
3
13
4
11
20
19
19
31
27
19
14
6
2
7
9
27
20
8
29
33
41
60
56
16
22
23
17
43
63
53
40
40
11
13
16
2
16
35
32
47
63
72
65
61
38
13
-6
-27
-15
-18
-24
-19
-14
-14
-9
0
29
32
26
22
16
0
-16
-28
-26
-26
-26
-6
-15
-24
-47
-66
-66
-42
-20
-1
24
31
14
-1
-17
-33
-29
-30
-16
-17
-19
7
15
7
29
26
15
15
3
-6
-14
-18
-17
-24
-29
-32
-36
-36
-25
-12
-3
5
9
-4
1
4
-7
0
4
-12
-31
-34
-46
-50
-38
-30
-6
4
7
29
28
20
4
-11
-40
-51
-43
-43
-21
-4
-9
1
8
13
29
40
38
19
12
-8
-32
-37
-25
-16
-10
3
3
-4
-13
-23
-31
-19
5
18
17
28
19
5
-2
-22
-26
-35
-29
-18
-10
-3
2
13
14
10
5
-4
-9
3
-10
-6
6
-8
-11
-1
-8
-2
20
38
56
62
48
60
49
40
48
43
48
42
33
35
37
21
25
33
47
57
71
84
71
62
47
23
-3
-13
-27
-33
-19
-7
21
19
22
32
30
30
23
15
6
-12
-27
-25
-30
-45
-33
-24
-50
-37
-34
-46
-38
-45
-36
-26
-7
7
11
4
0
-24
-48
-50
-52
-53
-30
-9
-2
8
-6
-14
-27
-19
-14
-9
5
0
-10
-12
-11
-21
-10
-9
-12
13
25
27
32
21
-1
-7
-6
-19
-5
6
-18
-17
-15
-19
-19
-14
0
13
11
27
46
42
32
20
-19
-39
-33
-43
-27
-19
-19
-14
-3
1
22
36
20
10
-2
-16
-22
-11
-20
-29
-30
-37
-29
-29
-17
-31
-35
-45
-28
-5
-6
13
16
-3
-12
-23
-38
-34
-38
-27
-11
-19
-7
17
10
3
12
0
2
19
10
7
12
7
6
13
8
16
21
30
51
59
59
55
47
31
22
23
17
19
30
30
32
39
47
44
44
56
57
62
63
62
53
39
4
-7
-15
-28
-23
-22
0
15
28
36
50
42
36
18
12
8
-8
-26
-25
-42
-50
-30
-33
-31
-33
-35
-47
-43
-24
-16
-7
4
-5
-18
-11
-26
-45
-49
-59
-61
-39
-26
-19
9
11
4
7
3
-8
3
-3
-10
-2
-7
-20
-19
-26
-34
-24
-17
2
30
27
11
6
-9
-17
-17
-6
-2
-3
1
1
5
-7
-15
-11
-16
-3
25
36
35
29
5
-24
-47
-66
-72
-57
-38
-31
-5
10
4
2
5
13
4
9
14
15
14
4
0
-10
-32
-34
-29
-30
-21
-17
-17
-2
14
27
38
43
27
11
10
0
-10
-12
-9
-11
1
11
11
20
23
25
27
30
36
37
41
39
25
18
4
-15
-5
-9
-3
31
34
49
53
41
34
15
-7
-2
15
25
29
32
34
19
4
1
0
11
38
44
56
62
43
24
6
-19
-30
-31
-26
-1
13
12
15
7
-12
-18
-16
-14
-18
-7
-5
-10
-13
-17
-23
-27
-28
-21
-21
-24
-17
-16
-17
-9
-10
-10
-15
-22
-20
-23
-38
-34
-37
-42
-33
-32
-27
-21
-20
-29
