SAMPLES:	9077
BITSPERSAMPLE:	16
CHANNELS:	1
SAMPLERATE:	16000
NORMALIZED:	FALSE
-14
0
0
4
-35
-6
11
10
-22
-20
27
-48
30
-54
12
0
1
23
-4
35
5
-26
-14
-25
27
-59
25
-22
38
-38
5
-36
1
-19
-10
-26
29
-13
23
-15
-5
0
-10
12
-34
32
10
18
-9
-22
-15
-13
18
-15
31
7
15
-45
8
-15
-22
-20
-4
-2
-7
5
-26
8
-13
-9
-16
12
14
15
-1
13
-39
5
-9
-17
25
-6
54
-26
24
-14
-10
39
-37
26
-43
53
-55
69
-41
56
-34
29
15
14
26
-40
61
-25
27
-4
54
15
21
36
-26
31
-28
40
-44
85
-49
72
-32
11
-14
-14
59
-55
63
-73
28
-89
38
-46
89
6
52
-9
10
-27
-52
-14
-18
21
-1
25
-8
-19
-17
-37
0
-47
23
1
-9
-40
-3
-32
0
30
-5
33
-26
9
-32
-14
39
-24
53
-22
37
-22
57
-27
46
15
40
-3
-26
-6
-52
33
-51
55
-9
58
22
13
-40
9
-71
25
-30
51
5
8
19
-14
-11
15
-28
24
-38
23
-47
-22
-32
4
-41
7
-6
17
-7
-62
9
-69
-11
-53
-22
13
-14
24
-14
8
-12
-31
-36
-4
-7
1
28
7
51
-52
17
-39
4
-10
-19
24
-45
23
-24
44
-31
23
60
10
16
-56
19
4
3
80
20
72
-30
53
-38
8
-8
39
5
30
-17
18
-8
49
-58
58
-7
17
19
-21
-4
-21
22
-14
61
14
46
-27
57
-38
0
17
-21
56
-31
72
-67
10
0
-16
24
-8
48
-35
7
-29
21
-22
9
-18
30
37
-34
-25
-66
2
-29
40
-14
74
0
38
-18
-32
-33
-20
17
-5
-18
-35
-13
-25
-12
-65
36
11
14
21
-56
14
-31
67
-20
-8
37
8
-11
-57
12
-30
84
-12
21
10
29
13
-17
0
-32
1
25
-5
-1
-38
-13
-2
-48
7
-50
88
8
45
12
-29
-35
-68
15
19
39
19
35
10
8
-71
-10
-16
-1
-11
-54
-5
-19
16
-31
-7
-8
29
7
-43
-47
16
-16
-7
27
-42
54
-37
44
-46
17
-15
-25
25
6
13
-18
-39
23
-3
-6
-43
-20
26
-74
-11
-45
28
28
32
10
60
15
-23
-61
-2
-58
-19
45
69
36
78
47
49
-29
17
8
31
82
35
26
-47
-20
-34
-27
89
14
93
48
-27
-13
-59
2
13
47
44
26
2
39
-80
47
-72
60
3
-4
21
-6
19
-44
11
-30
9
24
6
14
-80
-22
-84
34
20
29
-3
36
-56
-27
-11
-54
-27
-55
1
-4
16
79
40
17
-64
15
-38
41
-54
-10
-11
-16
27
-50
101
-63
55
-60
0
-42
-61
4
-62
56
-24
17
35
-18
11
-2
-15
12
-35
-23
11
-72
56
-12
25
-26
-30
55
10
8
-48
3
-11
-59
-49
44
57
60
-35
83
-98
9
-98
22
-63
30
71
16
75
-26
39
-7
18
-51
6
3
-9
-3
-12
7
17
6
-52
23
-52
20
-57
55
-23
13
-11
-27
-23
-74
9
30
6
60
18
17
-5
-58
45
-57
19
-2
54
57
-75
76
-53
28
-58
-3
3
-45
87
-11
39
63
39
-53
14
-14
51
-48
129
16
-58
37
-28
33
16
83
42
17
-10
-75
1
32
13
13
44
32
-20
-19
-20
-32
-29
88
-9
11
-2
-11
-8
34
23
60
-17
35
-56
2
-41
36
2
2
18
-19
14
42
-25
-38
10
63
4
15
-91
-39
-62
0
38
-79
157
-36
58
-96
-24
-21
-28
94
-121
6
-98
36
69
3
-59
6
99
-97
-92
-87
85
-47
56
35
50
22
-138
-52
-179
48
-23
90
-45
27
-10
-61
26
-55
67
-21
73
-64
-69
-15
8
69
-7
-41
-20
3
3
40
-86
28
-7
84
-59
-64
23
-12
51
-58
69
7
31
-128
-25
-36
53
8
76
-8
60
28
-33
-31
-37
71
102
73
-6
4
-33
-49
-100
-47
75
178
105
0
-18
-64
-21
-92
21
88
-3
34
13
98
-108
5
-46
5
-71
81
30
116
60
19
31
-42
-35
-111
97
-10
16
70
-6
-10
-91
47
-83
-15
52
-15
48
-14
95
-7
24
-6
-9
-90
-21
-10
-57
17
5
33
103
37
40
-133
17
-27
23
50
-54
-31
-79
62
-17
-75
47
12
87
59
8
-54
-36
-101
-123
41
84
72
-4
42
-35
-26
-18
19
7
-6
-16
-91
-19
-88
6
73
44
80
9
86
-104
-40
-106
-152
-23
-153
43
6
128
120
-26
61
-120
-101
-155
-14
-69
-125
-30
78
-5
50
3
-2
7
4
34
-49
59
-1
-63
-8
-86
13
70
85
-14
36
28
21
-52
8
120
-34
-9
-12
13
49
43
63
142
78
43
1
74
-42
-20
10
-72
-3
-10
173
83
10
-20
-55
100
24
-64
-15
-35
11
-71
-115
37
122
160
-28
9
47
-59
42
-61
-47
21
87
7
-43
-102
-99
-63
69
38
148
163
-4
-140
-149
-53
-58
61
168
42
89
69
-4
-43
-18
-14
132
71
85
57
-23
7
-42
-46
-37
-1
66
53
42
45
-62
-1
-92
-180
-180
-42
1
102
28
67
-1
-87
-141
-63
10
27
37
64
-75
-126
-229
-207
-221
-94
-45
62
95
41
50
-3
-103
-119
-84
-147
-82
-9
26
14
58
8
-40
-8
-91
-93
-54
1
71
11
31
-117
-95
-10
-32
-1
12
42
87
102
-14
-59
-27
-54
-48
25
127
134
75
118
108
75
57
65
80
67
26
28
135
81
153
101
123
172
65
84
14
43
-32
-27
27
8
33
156
41
-65
24
68
54
20
54
58
77
33
6
-32
4
0
-12
33
-79
-127
-99
-57
-130
-95
-54
-42
-48
-4
-22
-16
0
9
-14
-30
19
-13
36
-8
-39
9
52
85
67
143
165
119
92
33
-3
-25
-153
-58
-113
-56
17
-37
-36
-54
15
-13
42
-1
-31
-12
-63
-167
-99
-49
-63
-56
-74
-119
-173
-130
-92
-119
-74
-48
-132
-118
-174
-179
-137
-55
-75
-76
20
-47
-100
-157
-221
-191
-36
2
116
181
162
54
-35
-85
-168
-71
-79
1
11
94
201
184
212
169
170
187
172
156
148
136
172
206
176
202
207
215
275
289
355
313
252
177
131
141
148
102
75
72
-8
-3
-52
-104
-145
-201
-202
-196
-242
-230
-254
-241
-221
-307
-290
-339
-324
-265
-303
-291
-399
-470
-544
-517
-423
-352
-244
-186
-106
-117
-140
-183
-203
-195
-132
-102
-168
-152
79
275
505
677
994
1305
1420
1467
1469
1464
1309
1081
850
606
379
174
78
110
83
113
210
298
296
235
163
-20
-247
-410
-537
-660
-837
-982
-1074
-1144
-1155
-1148
-976
-860
-737
-564
-389
-347
-380
-369
-344
-422
-573
-787
-1099
-1266
-1471
-1498
-1451
-1336
-1210
-948
-755
-620
-415
-276
212
732
1264
1557
2070
2447
2532
2655
2652
2641
2441
2331
2015
1646
1237
752
447
363
282
171
149
282
214
73
-46
-341
-787
-1074
-1182
-1349
-1401
-1248
-1142
-1038
-835
-735
-558
-409
-304
-309
-182
-259
-414
-441
-528
-756
-972
-1072
-1099
-1240
-1293
-1485
-1565
-1706
-1736
-1624
-1555
-1346
-1236
-1056
-720
-604
-264
450
1280
1869
2356
3188
3686
4024
3990
4031
3796
3282
2720
1997
1300
505
-147
-495
-544
-627
-614
-363
-41
-85
-121
-201
-447
-924
-1371
-1606
-1904
-1937
-1877
-1645
-1267
-856
-480
-180
228
386
513
562
330
-41
-272
-573
-903
-1219
-1368
-1521
-1531
-1641
-1792
-1730
-1668
-1611
-1562
-1353
-1233
-1236
-1069
-1017
-535
322
1127
1704
2318
3413
3926
4253
4485
4421
4257
3809
3409
2583
1633
544
-417
-935
-1490
-1711
-1726
-1423
-1022
-880
-690
-718
-940
-1122
-1404
-1510
-1869
-2000
-1880
-1714
-1316
-1049
-398
40
483
791
923
863
477
171
-201
-692
-1220
-1571
-1670
-1801
-1963
-2110
-2172
-2156
-2246
-2177
-1965
-1752
-1609
-1238
-876
-648
186
1100
1787
2393
3337
4299
4648
4980
5057
4960
4613
4091
3388
2385
1469
362
-600
-1248
-1882
-2315
-2271
-1877
-1582
-1371
-1130
-1026
-997
-1076
-1185
-1336
-1461
-1439
-1384
-1130
-891
-665
-368
30
440
797
1001
1028
894
714
282
-336
-954
-1435
-1820
-2278
-2625
-2821
-2899
-2844
-2612
-2343
-2069
-1774
-1428
-929
100
1093
1861
2563
3600
4547
4843
5199
5312
5266
4775
4353
3675
2703
1641
476
-422
-1202
-1961
-2597
-2669
-2403
-2263
-2074
-1737
-1813
-1872
-1903
-1859
-2069
-2176
-1935
-1708
-1341
-995
-420
167
721
1090
1457
1750
1498
1193
1053
645
-115
-864
-1356
-1883
-2489
-2882
-3042
-2955
-2979
-2844
-2535
-2214
-1873
-1505
-880
217
1148
2071
2796
3811
4643
4998
5507
5751
5936
5539
5257
4469
3240
2009
800
-139
-1129
-2061
-2806
-3068
-3132
-3251
-3040
-2614
-2427
-2238
-1864
-1650
-1815
-1860
-1702
-1563
-1312
-1093
-647
-61
444
814
1283
1726
1708
1572
1454
970
73
-748
-1364
-2030
-2841
-3289
-3498
-3460
-3566
-3451
-3136
-2759
-2401
-2076
-875
366
1406
2208
3402
4781
5400
5729
5983
6218
5942
5401
4916
4054
2806
1539
475
-417
-1477
-2424
-3017
-3192
-3287
-3559
-3421
-3197
-3114
-3100
-2643
-2345
-2356
-2076
-1501
-1105
-807
-383
259
912
1335
1681
2109
2353
2094
1815
1581
966
-73
-858
-1417
-2238
-3149
-3602
-3603
-3586
-3601
-3405
-3043
-2531
-2390
-1686
-377
881
1829
2869
4589
5550
6019
6315
6598
6616
6108
5625
4785
3682
2398
1135
189
-893
-2101
-3064
-3419
-3546
-3967
-3976
-3806
-3594
-3528
-3165
-2724
-2614
-2292
-1830
-1252
-890
-488
103
837
1382
1706
2163
2660
2621
2409
2193
1629
584
-459
-1072
-1868
-2730
-3423
-3696
-3689
-3804
-3742
-3524
-3008
-2701
-2206
-883
399
1400
2273
3860
5263
5905
6350
6623
6793
6398
5792
5087
3952
2589
1266
206
-765
-2071
-3091
-3646
-3866
-4270
-4543
-4367
-4208
-4059
-3847
-3373
-3157
-3028
-2607
-2018
-1458
-1023
-318
536
1262
1668
2160
2786
2990
2756
2501
1983
957
-181
-992
-1728
-2619
-3254
-3530
-3483
-3556
-3530
-3432
-3047
-2654
-2100
-877
348
1405
2391
3983
5243
5950
6438
6844
7094
6836
6484
5692
4688
3414
2050
853
-229
-1534
-2729
-3450
-3911
-4489
-4801
-4699
-4507
-4255
-3918
-3542
-3315
-2998
-2564
-2141
-1643
-1170
-489
345
1107
1637
2226
2786
2988
3077
2949
2465
1507
438
-563
-1529
-2516
-3277
-3625
-3728
-3802
-3670
-3410
-3062
-2730
-2042
-833
237
1270
2337
3898
5085
5820
6406
6831
7050
6722
6398
5657
4691
3489
2307
1163
-41
-1290
-2316
-3009
-3614
-4293
-4662
-4756
-4813
-4725
-4477
-4144
-3901
-3420
-2863
-2368
-1899
-1382
-668
30
697
1225
1825
2358
2668
2790
2733
2232
1287
381
-497
-1592
-2716
-3406
-3810
-4054
-4130
-3919
-3587
-3226
-2702
-1538
-346
651
1618
3090
4486
5201
5856
6484
6903
6762
6580
6147
5289
4295
3192
2154
989
-261
-1280
-2023
-2575
-3326
-3950
-4190
-4466
-4639
-4622
-4405
-4343
-4080
-3489
-2957
-2455
-1968
-1239
-446
226
786
1516
2234
2622
2844
3017
2758
1937
983
99
-995
-2192
-3044
-3538
-3867
-4182
-4061
-3734
-3355
-3104
-2120
-751
227
1078
2298
3882
4706
5385
6069
6687
6734
6463
6199
5631
4740
3613
2652
1715
460
-798
-1486
-1929
-2707
-3548
-3813
-3967
-4278
-4388
-4259
-4123
-4185
-3885
-3424
-2937
-2594
-2125
-1118
-243
387
1009
1967
2529
2736
2884
2916
2410
1476
618
-210
-1413
-2573
-3302
-3686
-4010
-4231
-3969
-3475
-3142
-2633
-1315
-61
770
1700
3344
4640
5185
5696
6347
6766
6583
6288
5856
5166
4096
2954
2040
1014
-258
-1236
-1771
-2246
-3028
-3541
-3730
-3939
-4234
-4325
-4168
-4050
-3899
-3520
-3037
-2672
-2379
-1758
-919
-333
198
1004
1926
2308
2517
2718
2588
1858
942
224
-830
-2118
-3104
-3575
-3938
-4378
-4369
-4026
-3541
-3198
-2090
-672
402
1348
2628
4295
5121
5671
6162
6681
6713
6339
5907
5269
4409
3371
2458
1581
451
-615
-1265
-1742
-2417
-3125
-3428
-3610
-3919
-4146
-4126
-4022
-3923
-3604
-3182
-2698
-2405
-1919
-1016
-316
105
580
1423
1876
2100
2295
2337
1872
1147
526
-327
-1461
-2584
-3297
-3688
-4154
-4376
-4248
-3821
-3509
-2815
-1418
-266
695
1820
3557
4687
5311
5952
6539
6789
6500
6149
5610
4815
3780
2768
1960
985
-222
-1012
-1440
-2030
-2924
-3302
-3382
-3687
-3930
-3946
-3800
-3807
-3577
-3126
-2728
-2342
-1979
-1151
-323
234
581
1327
2008
2144
2283
2454
2223
1491
795
62
-961
-2103
-2961
-3529
-4001
-4408
-4416
-4063
-3724
-3375
-2254
-963
-35
833
2449
3974
4724
5431
6143
6642
6494
6257
5914
5255
4289
3240
2361
1405
207
-845
-1372
-1750
-2492
-3038
-3136
-3355
-3669
-3819
-3749
-3792
-3710
-3355
-2926
-2528
-2224
-1603
-750
36
434
1110
1904
2264
2364
2576
2564
1906
1160
537
-301
-1467
-2510
-3257
-3735
-4250
-4442
-4294
-3937
-3771
-3047
-1681
-679
117
1185
2898
4013
4772
5542
6213
6537
6352
6031
5486
4772
3724
2684
1869
839
-326
-1074
-1504
-2101
-2856
-3211
-3360
-3646
-3800
-3859
-3779
-3768
-3630
-3308
-2869
-2374
-1962
-1110
-274
306
828
1640
2263
2514
2805
3023
2834
2219
1543
749
-371
-1590
-2527
-3212
-3777
-4268
-4287
-4036
-3766
-3528
-2491
-1285
-353
610
2036
3565
4370
5145
5707
6312
6373
6268
6003
5402
4566
3483
2579
1598
476
-537
-1146
-1691
-2454
-3074
-3250
-3558
-3889
-4047
-3957
-3891
-3832
-3516
-3203
-2886
-2642
-1994
-1178
-485
82
845
1792
2193
2375
2662
2827
2372
1751
1125
278
-924
-1986
-2760
-3414
-4025
-4383
-4190
-3930
-3758
-3479
-2326
-1199
-426
484
1876
3247
3957
4868
5660
6215
6270
6157
5999
5485
4622
3635
2831
1884
698
-269
-861
-1553
-2399
-2947
-3096
-3452
-3786
-3874
-3767
-3782
-3698
-3262
-2936
-2721
-2460
-1753
-1020
-597
-215
607
1526
1830
2106
2541
2735
2269
1777
1218
375
-904
-1931
-2600
-3273
-3967
-4300
-4024
-3905
-3862
-3564
-2432
-1434
-639
313
1733
3076
3848
4871
5720
6309
6309
6308
6166
5535
4647
3835
3154
2144
1030
124
-507
-1325
-2101
-2573
-2829
-3276
-3563
-3546
-3444
-3519
-3466
-3019
-2677
-2497
-2216
-1488
-903
-621
-242
562
1326
1673
2026
2535
2708
2321
1848
1346
488
-700
-1653
-2450
-3294
-4083
-4425
-4294
-4268
-4153
-3831
-2820
-1794
-952
61
1386
2793
3583
4527
5315
5801
6057
6279
6316
5670
4846
4067
3244
2228
1100
281
-416
-1163
-1896
-2436
-2759
-3248
-3590
-3571
-3570
-3687
-3588
-3084
-2765
-2667
-2368
-1798
-1239
-947
-424
317
1085
1512
1910
2415
2625
2437
2069
1635
759
-384
-1413
-2274
-3261
-4087
-4560
-4567
-4534
-4432
-4021
-3327
-2153
-1299
-215
815
2184
3312
4270
5203
5608
6027
6155
6194
5649
4971
4353
3493
2577
1578
695
-70
-804
-1484
-2148
-2595
-3060
-3456
-3537
-3648
-3794
-3772
-3443
-3063
-2843
-2412
-1989
-1450
-1047
-507
46
728
1349
1834
2326
2614
2555
2243
1887
1201
297
-733
-1626
-2657
-3390
-3912
-4159
-4260
-4177
-3907
-3412
-2392
-1567
-559
455
1885
3083
4032
4952
5463
6041
6264
6306
5845
5311
4617
3715
2791
1853
909
75
-549
-1106
-1754
-2261
-2618
-2980
-3188
-3467
-3608
-3589
-3312
-3052
-2841
-2496
-2178
-1598
-1109
-587
-148
520
1217
1674
2094
2439
2573
2368
2045
1394
562
-426
-1394
-2371
-3169
-3789
-4183
-4361
-4293
-4075
-3695
-2768
-1815
-818
114
1487
2809
3698
4526
5096
5687
5934
6018
5790
5320
4650
3813
2946
2106
1178
328
-297
-926
-1661
-2359
-2785
-3184
-3385
-3548
-3628
-3575
-3415
-3132
-2981
-2683
-2459
-1995
-1419
-908
-477
80
796
1306
1778
2157
2384
2314
2056
1557
779
-181
-1133
-2047
-2865
-3626
-4147
-4346
-4364
-4239
-4077
-3518
-2549
-1627
-610
472
1939
3065
3988
4772
5319
5794
5927
5991
5733
5209
4553
3728
2916
1950
964
193
-444
-1083
-1809
-2334
-2738
-3104
-3299
-3414
-3394
-3351
-3129
-2833
-2661
-2435
-2204
-1639
-1124
-634
-146
595
1307
1779
2203
2534
2638
2486
2112
1537
702
-225
-1155
-2068
-2939
-3732
-4070
-4173
-4164
-4038
-3786
-3167
-2229
-1372
-389
684
2106
3209
4258
5057
5575
5993
6162
6172
5676
5135
4390
3605
2770
1796
839
94
-517
-1188
-1859
-2315
-2667
-2979
-3118
-3277
-3309
-3280
-3027
-2801
-2614
-2421
-2176
-1618
-1166
-721
-246
576
1289
1805
2277
2558
2610
2354
1891
1230
308
-712
-1667
-2537
-3342
-4057
-4453
-4570
-4599
-4443
-4130
-3374
-2392
-1500
-453
666
2117
3208
4269
5020
5529
5951
6022
5871
5339
4728
3954
3175
2355
1301
445
-315
-871
-1485
-2021
-2393
-2706
-2926
-3096
-3261
-3387
-3426
-3256
-3028
-2866
-2652
-2321
-1567
-1044
-496
83
1007
1765
2310
2792
3023
3022
2644
2114
1301
295
-767
-1743
-2631
-3461
-4160
-4443
-4480
-4322
-3985
-3600
-3097
-2120
-1152
-162
815
2009
3257
4131
4978
5473
5938
6130
5974
5581
4980
4376
3558
2769
1863
918
143
-483
-1067
-1718
-2324
-2716
-3037
-3162
-3329
-3488
-3492
-3397
-3185
-3036
-2698
-2289
-1660
-1051
-506
69
807
1525
2059
2495
2785
2834
2645
2226
1572
631
-420
-1353
-2268
-3100
-3837
-4265
-4397
-4341
-4138
-3785
-3300
-2304
-1204
-99
939
2121
3340
4264
5097
5473
5826
5954
5865
5482
4888
4233
3433
2676
1868
1005
291
-266
-822
-1416
-2052
-2564
-3051
-3368
-3606
-3797
-3927
-3901
-3653
-3383
-2964
-2567
-1903
-1213
-491
191
872
1659
2204
2648
2899
2938
2627
2089
1380
375
-750
-1793
-2760
-3470
-4091
-4479
-4509
-4345
-3984
-3675
-3123
-2467
-1414
-473
452
1451
2520
3570
4254
4893
5238
5585
5722
5550
5195
4631
3943
3198
2456
1602
633
-112
-722
-1381
-2018
-2662
-3122
-3530
-3711
-3874
-3956
-3816
-3636
-3242
-2945
-2521
-2083
-1435
-661
-31
541
1186
1821
2271
2574
2683
2560
2178
1731
1050
117
-963
-1876
-2647
-3264
-3804
-4008
-3913
-3670
-3305
-2771
-2185
-1608
-592
273
1220
2020
3134
4091
4683
5186
5446
5746
5654
5459
5012
4432
3732
2977
2209
1316
483
-244
-836
-1479
-2117
-2728
-3155
-3535
-3724
-3905
-3882
-3780
-3549
-3101
-2681
-2157
-1687
-945
-196
442
984
1516
2004
2246
2350
2277
2020
1575
1048
357
-490
-1365
-2094
-2685
-3135
-3464
-3526
-3279
-2953
-2573
-2233
-1784
-1272
-416
330
1054
1898
2892
3813
4437
4993
5195
5325
5439
5239
4835
4193
3511
2708
1833
947
-27
-778
-1440
-2067
-2670
-3257
-3691
-4028
-4060
-4086
-4030
-3834
-3475
-2966
-2583
-2128
-1611
-909
-312
161
721
1263
1667
1901
2096
2017
1678
1270
879
308
-517
-1280
-1861
-2344
-2821
-3121
-3148
-2939
-2727
-2363
-1978
-1681
-1484
-702
186
894
1532
2594
3744
4297
4824
5143
5529
5547
5332
4988
4407
3684
2791
2063
1230
160
-823
-1434
-1943
-2564
-3074
-3361
-3567
-3661
-3714
-3662
-3422
-3086
-2583
-2116
-1674
-1442
-1016
-520
-77
227
661
1197
1486
1690
1795
1809
1550
1219
825
217
-573
-1320
-1841
-2307
-2662
-2957
-2842
-2581
-2317
-2100
-1757
-1386
-956
-84
585
1369
2060
3127
3933
4551
4983
5157
5384
5283
4873
4218
3551
2803
1910
1168
292
-597
-1301
-1785
-2189
-2626
-3054
-3287
-3353
-3263
-3266
-3133
-2818
-2500
-2165
-1941
-1568
-1291
-792
-317
100
444
867
1285
1619
1884
1911
1758
1529
1179
635
-40
-742
-1291
-1816
-2243
-2522
-2736
-2694
-2596
-2274
-2078
-1755
-1532
-993
-126
467
1259
2106
3230
3929
4474
4937
5035
5054
4806
4394
3723
2856
2069
1254
536
-406
-1180
-1587
-1922
-2293
-2649
-2782
-2921
-3032
-2880
-2845
-2803
-2765
-2518
-2247
-2044
-1840
-1507
-981
-522
-51
528
1141
1561
1858
2175
2289
2063
1750
1331
780
13
-707
-1245
-1789
-2270
-2599
-2739
-2670
-2511
-2166
-1854
-1498
-1271
-825
58
638
1335
2149
3274
3994
4359
4697
4712
4677
4355
3938
3407
2690
1961
1154
558
-261
-946
-1350
-1581
-1860
-2123
-2283
-2442
-2568
-2677
-2810
-2904
-2827
-2686
-2432
-2223
-1959
-1606
-999
-462
55
657
1355
1959
2253
2447
2451
2198
1787
1262
685
-105
-907
-1571
-2048
-2411
-2680
-2757
-2572
-2276
-1989
-1643
-1299
-966
-658
182
893
1503
2168
2962
3704
3975
4247
4298
4274
4164
3693
3240
2597
2025
1334
749
175
-452
-777
-1051
-1300
-1651
-2008
-2322
-2632
-2835
-3029
-3108
-3039
-2901
-2608
-2302
-1889
-1461
-906
-214
420
986
1486
1919
2141
2187
2154
1822
1409
824
198
-527
-1227
-1739
-2252
-2505
-2694
-2747
-2728
-2483
-2205
-1838
-1512
-1097
-790
-332
380
832
1429
2098
2882
3371
3693
3878
3796
3697
3411
2967
2541
1981
1415
852
397
-128
-547
-828
-1171
-1503
-1806
-2125
-2418
-2671
-2821
-2854
-2839
-2709
-2428
-1962
-1505
-991
-344
361
958
1419
1864
2252
2382
2322
2194
1916
1451
910
364
-184
-803
-1324
-1692
-1913
-2038
-2065
-1883
-1767
-1517
-1280
-962
-792
-649
-539
-180
385
783
1337
1927
2598
3043
3421
3626
3574
3502
3274
2786
2310
1682
1081
466
46
-458
-809
-998
-1255
-1534
-1728
-1952
-2208
-2423
-2504
-2486
-2425
-2257
-1943
-1430
-912
-420
137
715
1167
1432
1649
1790
1713
1520
1327
1079
633
231
-188
-575
-1029
-1369
-1652
-1818
-1930
-1983
-1875
-1745
-1574
-1416
-1157
-966
-823
-718
-499
69
460
953
1561
2238
2737
2982
3189
3093
2946
2637
2150
1737
1176
621
189
-173
-492
-774
-843
-1038
-1222
-1369
-1641
-1864
-2069
-2136
-2115
-1955
-1695
-1392
-888
-473
-78
363
711
983
1066
1098
1086
952
783
616
414
122
-150
-367
-599
-758
-919
-1043
-1119
-1216
-1343
-1398
-1390
-1392
-1319
-1156
-1012
-903
-660
-565
-35
550
1096
1578
2233
2826
3037
3116
3006
2766
2485
2091
1622
1260
932
576
255
118
-121
-218
-300
-421
-573
-801
-1011
-1245
-1376
-1415
-1396
-1210
-1052
-735
-357
-34
210
438
604
570
474
422
297
127
24
15
23
-80
-123
-175
-297
-471
-629
-761
-892
-1054
-1260
-1372
-1435
-1431
-1380
-1224
-1078
-919
-854
-660
-153
257
703
1182
1895
2352
2518
2440
2253
2034
1721
1290
1056
840
615
460
480
386
210
150
113
21
-179
-374
-522
-693
-909
-1039
-1036
-1006
-958
-730
-542
-407
-355
-228
-162
-131
-136
22
182
264
282
379
411
338
180
66
-72
-335
-573
-762
-933
-1193
-1354
-1388
-1354
-1345
-1272
-1170
-1035
-1030
-998
-986
-531
-107
264
757
1261
1709
1891
2017
1842
1649
1558
1363
1219
1132
985
964
1013
1062
931
873
834
637
343
-9
-447
-891
-1190
-1451
-1589
-1554
-1453
-1212
-905
-685
-536
-314
-112
-108
-121
-37
84
159
314
529
607
573
508
470
319
-26
-341
-631
-898
-1258
-1465
-1513
-1482
-1444
-1263
-1068
-985
-1032
-1052
-1133
-1008
-666
-454
20
510
1111
1529
1879
2051
1963
2036
1944
1828
1764
1730
1698
1705
1717
1533
1361
1162
837
446
19
-415
-841
-1172
-1390
-1502
-1408
-1286
-996
-646
-360
-172
-10
110
135
55
-26
40
93
187
396
574
655
686
606
477
194
-146
-451
-700
-988
-1254
-1382
-1476
-1525
-1499
-1363
-1341
-1393
-1391
-1405
-1593
-1354
-949
-469
99
728
1469
1977
2407
2402
2351
2302
2082
1819
1661
1563
1455
1410
1390
1182
1009
753
480
145
-318
-736
-1100
-1291
-1536
-1648
-1487
-1283
-1044
-798
-566
-559
-644
-672
-767
-795
-818
-588
-338
-40
301
502
730
730
602
404
98
-303
-810
-1122
-1423
-1693
-1780
-1820
-1726
-1678
-1564
-1524
-1452
-1408
-1484
-1458
-1098
-527
12
634
1356
2048
2479
2713
2577
2317
2050
1830
1646
1627
1618
1700
1910
2056
1944
1825
1647
1211
735
205
-376
-949
-1241
-1425
-1472
-1325
-1145
-904
-706
-680
-800
-908
-871
-907
-844
-588
-289
69
515
1034
1263
1327
1262
955
524
-38
-582
-1039
-1338
-1528
-1592
-1455
-1387
-1320
-1172
-1072
-1108
-1190
-1197
-1252
-1344
-1293
-803
-310
290
852
1582
2127
2382
2378
2203
2156
1962
1775
1797
2004
2153
2330
2461
2335
2009
1598
953
307
-371
-1030
-1506
-1765
-1887
-1933
-1720
-1512
-1402
-1230
-1173
-1234
-1312
-1260
-1206
-1099
-779
-392
93
545
940
1081
1027
851
366
-153
-599
-985
-1265
-1316
-1256
-1235
-1116
-1076
-1114
-1175
-1269
-1515
-1749
-1905
-2040
-2006
-1904
-1398
-663
102
788
1471
2272
2690
2823
2766
2622
2649
2584
2657
2814
2890
2946
2811
2623
2149
1537
856
144
-383
-959
-1337
-1511
-1557
-1453
-1374
-1186
-1108
-1037
-992
-1097
-1196
-1245
-1104
-902
-618
-186
253
674
962
1060
1028
790
468
158
-147
-507
-831
-972
-1116
-1279
-1452
-1590
-1809
-2108
-2332
-2447
-2522
-2459
-2319
-2042
-1623
-1265
-620
250
944
1514
2034
2661
2951
3014
3026
2859
2821
2659
2597
2559
2507
2384
2171
1931
1489
895
335
-142
-504
-880
-1140
-1242
-1279
-1243
-1313
-1245
-1180
-1127
-1093
-1056
-927
-849
-640
-331
-9
336
601
834
1035
1046
861
523
153
-270
-644
-949
-1249
-1485
-1650
-1761
-1925
-2105
-2284
-2422
-2398
-2309
-2141
-1879
-1590
-1203
-802
-474
-97
570
1147
1745
2180
2626
2941
3053
2991
2751
2631
2514
2403
2378
2338
2200
1965
1671
1408
895
396
-93
-429
-703
-990
-1202
-1344
-1274
-1189
-1040
-835
-753
-637
-566
-467
-431
-379
-251
-120
52
200
311
361
324
198
-59
-336
-644
-985
-1219
-1505
-1657
-1786
-1871
-1916
-1944
-1947
-1968
-1890
-1743
-1568
-1398
-1159
-925
-633
-355
-97
294
883
1337
1828
2274
2667
2896
2832
2739
2478
2323
2132
1957
1927
1794
1661
1465
1215
887
398
48
-255
-506
-650
-767
-756
-771
-752
-772
-765
-779
-849
-840
-882
-917
-878
-807
-659
-531
-339
-116
-32
32
23
-87
-268
-434
-637
-798
-978
-1141
-1167
-1221
-1318
-1375
-1349
-1392
-1423
-1341
-1178
-1024
-802
-554
-296
-46
100
253
602
1147
1603
2047
2414
2654
2745
2685
2483
2204
2087
1999
1862
1761
1662
1516
1371
1177
911
550
247
-57
-337
-566
-848
-1047
-1165
-1212
-1267
-1280
-1294
-1341
-1302
-1221
-1130
-1056
-863
-713
-539
-321
-233
-198
-164
-158
-239
-362
-477
-643
-803
-887
-1008
-1068
-1207
-1333
-1388
-1392
-1402
-1369
-1220
-1045
-840
-635
-426
-273
-130
-11
87
284
759
1216
1675
2065
2391
2655
2674
2507
2126
1959
1837
1683
1589
1552
1512
1322
1184
889
477
122
-273
-600
-782
-980
-1117
-1088
-981
-985
-1012
-940
-998
-982
-985
-949
-894
-832
-697
-564
-378
-197
-63
20
4
-73
-187
-292
-379
-509
-526
-639
-767
-845
-934
-1033
-1026
-1007
-1024
-930
-741
-580
-411
-181
-40
52
153
272
339
604
1103
1552
1930
2189
2439
2506
2338
2052
1709
1536
1327
1218
1262
1247
1175
1047
900
695
408
73
-262
-518
-728
-865
-868
-846
-818
-877
-919
-950
-1020
-988
-967
-888
-769
-679
-562
-467
-319
-204
-169
-173
-198
-224
-300
-414
-509
-580
-630
-724
-787
-844
-982
-1062
-1053
-1025
-1030
-929
-736
-577
-390
-268
-187
-119
-104
-65
21
233
598
1062
1496
1793
1934
2005
1888
1708
1458
1304
1243
1189
1266
1309
1266
1119
877
627
261
-44
-284
-469
-532
-629
-651
-672
-704
-730
-772
-799
-866
-874
-921
-974
-949
-904
-790
-724
-607
-430
-363
-316
-331
-291
-243
-316
-416
-533
-597
-705
-833
-880
-932
-962
-944
-863
-778
-731
-710
-659
-516
-428
-421
-365
-230
-81
85
321
642
1113
1500
1830
2027
2123
2128
1983
1827
1699
1686
1655
1639
1604
1556
1457
1250
952
720
519
303
142
70
-19
-150
-257
-418
-584
-733
-820
-945
-1034
-1092
-1029
-933
-825
-671
-611
-513
-410
-312
-276
-307
-346
-363
-379
-476
-595
-685
-742
-790
-861
-918
-976
-1009
-1001
-986
-909
-871
-828
-721
-566
-454
-329
-111
96
283
431
552
688
981
1278
1525
1611
1663
1727
1680
1609
1351
1277
1324
1425
1399
1248
1185
997
759
452
191
22
-124
-257
-378
-479
-541
-721
-858
-939
-978
-972
-985
-942
-895
-773
-741
-735
-752
-754
-629
-550
-504
-454
-396
-375
-418
-512
-604
-658
-692
-713
-735
-781
-808
-779
-710
-621
-542
-490
-434
-320
-235
-169
-100
-55
51
222
432
625
769
956
1153
1367
1471
1492
1509
1498
1560
1515
1409
1287
1236
1194
1040
896
707
545
380
217
38
-106
-195
-300
-367
-459
-589
-717
-802
-875
-894
-882
-883
-913
-887
-867
-836
-824
-825
-760
-637
-440
-325
-247
-182
-180
-202
-271
-391
-510
-586
-549
-463
-409
-367
-316
-244
-166
-124
-77
14
100
192
268
324
404
500
603
690
831
926
1007
1088
1183
1278
1307
1313
1282
1270
1126
953
826
713
648
565
490
453
376
301
189
92
-26
-180
-325
-463
-537
-641
-739
-825
-900
-927
-892
-887
-885
-841
-796
-754
-678
-592
-564
-556
-544
-545
-579
-619
-624
-605
-603
-571
-508
-431
-328
-242
-126
-18
81
145
183
271
320
336
412
502
576
601
538
454
488
477
292
196
191
188
263
274
232
149
69
1
-123
-207
-251
-272
-249
-133
-62
-34
21
74
95
62
48
8
-33
-30
-21
-10
-24
-31
-18
-5
-34
-84
-221
-351
-435
-518
-569
-591
-533
-432
-293
-174
-52
14
23
77
123
210
361
622
823
826
821
840
744
632
578
554
510
474
464
381
273
152
4
-118
-198
-272
-320
-325
-370
-430
-528
-597
-582
-538
-528
-507
-439
-318
-211
-153
-117
-91
-59
-9
88
133
138
191
248
287
332
348
329
296
258
219
179
149
113
21
-15
22
49
124
224
278
298
289
291
324
328
334
385
456
525
579
591
608
563
488
441
376
314
252
154
-6
-132
-233
-313
-389
-477
-624
-774
-860
-901
-980
-1075
-1125
-1135
-1118
-1062
-935
-869
-822
-761
-682
-562
-476
-408
-360
-298
-230
-157
-52
38
139
208
231
222
173
104
56
55
64
51
28
70
186
325
369
384
393
393
445
488
498
495
504
454
437
447
499
549
573
600
609
615
574
416
288
230
133
46
-5
-34
-82
-95
-151
-161
-144
-228
-358
-441
-444
-440
-442
-371
-322
-255
-246
-280
-305
-365
-331
-288
-195
-124
-42
15
-39
-103
-89
-58
-47
18
107
180
151
136
108
74
75
59
93
187
271
313
350
300
208
105
52
101
261
383
420
458
468
445
391
346
263
249
322
357
395
425
388
284
168
77
44
36
3
-36
-83
-96
-130
-243
-368
-455
-523
-543
-472
-329
-213
-185
-206
-303
-414
-512
-545
-506
-465
-364
-276
-165
-126
-224
-309
-399
-437
-423
-338
-247
-164
-55
-46
-67
-80
-101
-93
-64
-53
37
98
149
116
54
-13
-75
2
135
294
391
383
270
131
85
110
122
164
260
310
289
183
69
47
-16
-76
-81
-95
-37
61
136
88
-40
-193
-336
-294
-111
-23
-72
-64
5
59
83
-29
-264
-380
-310
-225
-67
38
0
-17
-11
-15
-65
-109
-146
-117
51
246
295
195
207
242
178
145
67
124
276
459
612
617
607
545
505
461
310
246
259
262
337
498
493
289
34
-183
-196
-76
145
166
76
116
191
199
32
-154
-235
-160
-93
-105
-83
48
49
-82
-151
-111
-36
-49
-145
-254
-231
-226
-267
-397
-501
-430
-391
-395
-524
-672
-630
-544
-590
-607
-578
-438
-247
-185
-280
-270
-162
-147
-55
105
230
312
367
376
382
345
156
11
36
127
250
260
193
116
148
165
-35
-236
-303
-202
-65
17
46
11
36
-53
-75
-115
-194
-21
97
214
364
429
438
267
124
96
113
124
55
-2
-29
-11
-5
-91
-239
-391
-406
-484
-593
-548
-401
-299
-353
-383
-431
-427
-374
-248
-10
145
208
297
330
404
533
472
424
470
499
509
472
437
450
405
386
369
303
189
70
57
94
64
-41
-52
20
88
16
-101
-80
-48
74
186
166
106
109
270
333
366
354
267
269
295
221
85
-12
-123
-244
-221
-173
-234
-298
-317
-286
-309
-309
-402
-483
-495
-503
-449
-319
-272
-214
-50
93
186
110
-7
17
191
344
347
333
393
394
402
380
310
176
82
188
287
182
-71
-187
-138
-117
-187
-369
-450
-389
-358
-340
-341
-308
-268
-193
-171
-157
-231
-353
-301
-117
71
87
37
-13
65
95
-96
-328
-499
-417
-180
-2
-9
-140
-278
-333
-266
-259
-360
-437
-375
-138
68
104
-6
-120
-67
63
230
280
234
285
452
595
588
461
301
281
418
494
354
241
305
398
369
176
-34
-143
-164
-122
-4
106
113
94
13
-84
-157
-258
-418
-454
-257
21
88
-89
-209
-218
-149
-126
-167
-109
-21
123
241
208
54
-109
-216
-194
-138
-83
-49
-11
88
151
170
76
-130
-299
-307
-148
60
197
255
243
240
286
285
161
94
222
498
716
749
660
576
532
492
435
347
250
215
268
320
270
136
13
-108
-159
-153
-183
-315
-415
-358
-285
-236
-293
-426
-457
-400
-376
-361
-347
-340
-259
-146
-128
-203
-307
-418
-409
-341
-316
-321
-288
-137
-61
-104
-232
-287
-231
-264
-278
-229
-202
-208
-218
-155
-32
45
13
-40
114
308
307
245
223
320
477
560
520
491
501
435
388
381
355
310
297
268
182
119
50
-28
-59
-84
-69
-28
-61
-199
-294
-274
-319
-421
-486
-450
-367
-299
-306
-385
-318
-176
-178
-205
-216
-170
-80
-123
-160
-124
-60
-5
-63
-127
-147
-148
-69
-14
-45
-55
6
73
30
97
266
381
444
412
492
657
700
573
496
544
596
648
617
527
473
449
397
359
301
286
251
202
181
118
24
-84
-79
-28
-71
-183
-274
-289
-298
-348
-413
-399
-379
-393
-403
-421
-438
-441
-457
-493
-408
-326
-313
-276
-252
-214
-199
-208
-248
-245
-150
-104
-146
-201
-158
-77
-18
4
13
71
112
133
100
118
284
374
319
265
339
416
424
296
163
274
458
497
343
183
114
54
-67
-241
-352
-293
-134
-40
-31
-50
-115
-268
-403
-447
-392
-288
-265
-250
-177
-144
-203
-314
-350
-361
-322
-171
-111
-151
-223
-225
-175
-150
-130
-184
-108
105
244
231
86
-42
-37
22
44
-26
-15
121
240
328
294
264
268
277
305
322
383
428
430
421
424
436
413
322
240
302
431
459
333
187
154
142
90
-28
-173
-242
-142
7
8
-66
-155
-175
-151
-170
-179
-166
-101
-38
16
23
4
-40
-100
-76
-32
-27
-29
-63
-75
-37
-25
-51
-113
-154
-156
-112
-69
-67
-38
-24
-19
26
47
16
38
113
166
182
179
180
189
233
208
106
44
64
130
164
197
193
165
120
79
46
-5
-64
-135
-192
-166
-145
-172
-226
-288
-308
-309
-319
-341
-359
-352
-314
-301
-274
-349
-449
-435
-357
-300
-245
-161
-57
-4
-92
-244
-344
-337
-252
-168
-102
-62
-86
-128
-190
-231
-162
-29
74
140
255
314
307
265
178
130
166
272
360
409
392
363
363
305
229
178
185
204
210
223
160
84
26
-28
-42
-37
-17
-22
-13
-40
-117
-174
-183
-202
-225
-225
-178
-117
-113
-140
-157
-103
-38
-37
-64
-145
-185
-134
-87
-83
-86
-55
17
67
96
97
69
-5
-73
-55
-8
35
101
181
265
335
365
372
389
388
401
467
536
548
492
424
373
392
358
297
292
315
319
258
160
33
-53
-90
-102
-62
-47
-69
-76
-99
-142
-166
-195
-266
-282
-246
-189
-159
-192
-263
-328
-330
-281
-265
-288
-231
-172
-179
-205
-270
-335
-340
-299
-258
-275
-276
-209
-147
-95
-107
-173
-241
-238
-132
-14
50
93
162
240
272
287
276
267
287
336
424
452
415
323
225
175
125
64
20
22
108
178
160
58
-80
-142
-153
-161
-163
-132
-73
-37
-13
-33
-130
-242
-317
-303
-239
-180
-134
-102
-91
-124
-203
-326
-446
-472
-457
-388
-288
-227
-243
-235
-225
-243
-227
-224
-196
-134
-57
16
42
24
39
55
76
117
173
239
292
347
389
384
371
337
297
256
254
270
259
271
312
343
341
317
270
218
229
210
203
203
168
179
200
173
106
32
-14
-21
18
77
81
59
35
-27
-92
-142
-228
-291
-306
-258
-233
-247
-282
-296
-287
-267
-258
-252
-244
-216
-180
-160
-105
-87
-111
-102
-46
25
71
89
135
194
224
202
170
129
114
146
166
181
215
219
191
178
155
151
117
69
83
106
133
156
152
139
134
112
80
65
63
71
79
78
50
13
-12
-44
-95
-164
-216
-235
-205
-199
-224
-248
-253
-279
-320
-321
-303
-304
-312
-315
-324
-314
-271
-266
-264
-241
-226
-214
-174
-105
-69
-51
-29
0
25
64
126
129
122
134
119
139
112
88
104
121
166
182
173
189
228
269
280
293
290
244
214
206
186
152
137
137
162
173
135
90
86
106
109
103
76
15
-67
-127
-183
-212
-252
-253
-204
-169
-163
-177
-189
-219
-223
-214
-172
-113
-100
-117
-117
-139
-208
-255
-253
-221
-161
-94
-75
-42
-27
15
52
84
119
114
120
138
160
168
162
195
258
304
338
358
340
295
279
278
300
306
281
288
269
249
221
197
207
241
236
215
160
41
-22
-31
-30
-53
-73
-108
-173
-229
-235
-255
-302
-279
-254
-271
-305
-342
-396
-422
-405
-346
-321
-305
-279
-284
-271
-273
-278
-286
-271
-230
-171
-141
-121
-121
-126
-93
-89
-89
-84
-73
-61
-16
54
122
190
270
328
335
327
335
300
265
292
312
359
353
300
314
322
306
273
227
200
182
174
126
69
-5
-49
-85
-97
-100
-120
-113
-114
-99
-94
-124
-169
-207
-221
-218
-201
-215
-236
-241
-232
-179
-117
-85
-89
-91
-83
-70
-75
-88
-97
-76
-10
39
32
-5
-5
22
26
21
19
17
46
114
180
196
178
193
264
307
321
329
314
314
322
315
296
258
178
153
133
97
80
69
35
-26
-49
-68
-108
-153
-154
-143
-146
-157
-186
-220
-203
-171
-155
-160
-193
-231
-246
-224
-219
-205
-191
-167
-112
-85
-64
-30
-19
-31
2
30
22
15
21
-12
-52
-64
-78
-57
-29
-9
20
56
100
147
173
179
161
139
112
123
134
123
167
181
198
236
231
195
155
129
85
60
53
47
23
14
19
0
-48
-80
-78
-86
-119
-156
-183
-197
-191
-217
-246
-264
-281
-252
-201
-149
-106
-111
-114
-122
-132
-164
-201
-164
-117
-53
-14
-3
-39
-58
-55
-40
-39
-55
-56
-38
-10
12
22
-3
21
108
168
184
159
126
111
123
119
117
106
128
179
211
222
180
143
111
106
101
110
124
92
78
87
85
40
-25
-67
-73
-64
-70
-94
-105
-104
-95
-92
-87
-83
-107
-88
-56
-57
-72
-93
-76
-22
-5
-27
-28
-41
-14
5
23
59
95
93
82
104
85
34
0
2
39
104
147
168
169
113
65
62
44
29
28
42
71
81
75
93
118
148
188
227
207
158
120
85
65
57
63
95
114
103
50
-33
-111
-161
-165
-162
-192
-200
-191
-197
-195
-176
-169
-181
-169
-118
-74
-42
-55
-92
-128
-159
-143
-133
-136
-132
-118
-100
-90
-79
-98
-112
-108
-90
-77
-85
-116
-100
-82
-89
-67
-71
-48
-20
10
23
-2
-30
-64
-55
8
46
66
106
133
132
108
72
58
74
108
147
148
124
79
26
21
44
85
84
40
10
-35
-76
-100
-116
-107
-55
-9
50
84
85
86
75
61
70
81
85
117
100
104
124
122
110
108
95
55
28
-10
-36
-58
-69
-39
-20
-12
-13
-21
-29
-30
-16
-8
18
77
124
124
113
101
83
85
105
116
141
143
125
67
24
15
-8
-4
16
41
26
3
-67
-112
-110
-119
-123
-119
-100
-66
-45
-59
-61
-90
-116
-120
-109
-96
-70
-53
-37
-41
-41
-55
-68
-52
-85
-102
-89
-91
-99
-103
-98
-91
-77
-53
-22
16
26
24
26
6
4
2
11
41
65
56
43
74
85
70
56
56
33
23
43
30
23
47
56
62
61
62
68
46
13
9
6
6
14
-19
-32
-41
-70
-93
-98
-91
-74
-47
-36
-31
-38
-37
-47
-34
-9
-2
40
33
30
29
-5
-3
6
7
11
29
6
-28
-21
16
37
38
15
17
18
-7
-9
-20
-34
-17
-18
-24
-16
3
-6
-15
-10
-11
-5
-45
-55
-27
-6
-16
4
24
38
73
77
81
83
65
54
27
3
-9
-33
-21
26
56
69
58
50
59
78
85
86
68
43
70
77
91
88
56
59
67
73
81
54
2
-42
-45
-38
-27
-12
-7
-26
-43
-41
-48
-83
-97
-88
-84
-96
-80
-88
-120
-112
-99
-106
-99
-77
-72
-48
-22
-26
-37
-37
-47
-40
-1
21
39
52
58
72
68
44
40
53
38
14
7
25
15
3
48
102
144
163
148
109
69
17
5
-1
3
-1
-10
-29
-42
-65
-113
-122
-107
-104
-89
-68
-68
-66
-102
-121
-102
-82
-52
-39
-27
-28
-45
-55
-43
-28
-29
-31
-13
-18
-25
-15
-14
8
50
72
84
92
101
99
89
110
126
114
87
79
67
32
21
33
51
78
86
49
25
22
17
-12
-21
-36
-41
-31
-19
8
-9
-37
-36
-60
-66
-64
-59
-36
-40
-53
-73
-107
-126
-119
-92
-66
-45
-2
22
6
-3
-23
-57
-67
-55
-39
-36
-28
-50
-26
21
62
90
101
111
94
83
61
36
21
26
36
65
90
70
50
35
21
38
52
75
83
84
88
60
38
29
-10
-6
12
-15
-32
-32
-53
-43
-19
-16
-2
23
52
41
15
-13
-36
-26
-22
-11
10
-3
-16
-15
-30
-45
-42
-66
-71
-58
-29
-1
-1
1
5
23
45
61
53
78
98
96
97
99
57
22
23
36
29
2
-13
-7
8
7
-8
-18
-6
-17
-17
8
23
13
7
15
27
33
31
19
4
-21
-57
-76
-78
-77
-63
-42
-77
-111
-120
-136
-127
-101
-71
-61
-56
-68
-73
-71
-79
-100
-91
-66
-58
-50
-59
-69
-76
-95
-98
-68
-52
-56
-44
-50
-60
-56
-74
-62
-42
3
56
64
77
76
42
44
64
75
85
98
98
66
23
1
15
39
36
53
72
75
111
109
103
93
80
93
118
127
116
95
54
61
73
45
34
33
12
-5
-32
-54
-57
-67
-66
-57
-52
-48
-38
-25
-1
30
36
42
33
27
31
12
6
29
60
66
67
60
30
18
36
60
75
57
42
40
7
-23
-14
1
-2
-6
30
63
86
97
109
127
115
90
57
38
30
36
29
8
0
14
19
-1
6
7
-5
-18
-32
-46
-72
-121
-144
-140
-136
-121
-103
-81
-74
-97
-104
-111
-112
-83
-55
-53
-71
-105
-154
-157
-137
-90
-55
-38
-60
-94
-112
-121
-126
-139
-120
-109
-122
-119
-123
-138
-114
-97
-88
-65
-69
-52
-34
-25
-20
13
9
21
51
66
73
62
53
35
35
27
48
87
117
125
138
123
108
96
78
82
88
76
86
73
81
102
101
116
127
138
134
123
109
74
43
20
14
18
35
40
29
35
36
28
25
0
2
14
11
33
21
-9
-33
-34
-52
-56
-40
-17
13
22
37
49
15
1
-11
-15
-11
10
2
-11
25
28
34
46
49
42
20
48
73
92
109
69
73
79
60
52
51
69
67
37
34
39
25
24
6
-7
-9
-17
-14
-6
-2
14
18
-5
-16
-49
-60
-60
-63
-51
-41
-43
-41
-48
-81
-99
-98
-97
-103
-136
-148
-166
-200
-209
-189
-184
-160
-136
-152
-139
-129
-130
-118
-101
-82
-63
-51
-43
-70
-87
-103
-131
-115
-96
-95
-68
-36
-8
-6
-24
-49
-48
-42
-25
31
59
72
88
94
70
51
53
66
61
52
43
35
41
48
71
107
147
144
150
167
158
148
143
140
150
156
142
137
124
96
76
81
73
68
82
74
63
59
44
63
75
89
121
139
103
71
48
15
-8
-32
-28
-6
16
34
53
59
52
31
29
13
-9
-25
-39
-40
-24
-17
-18
-6
-14
-15
3
9
-9
-22
-27
-50
-53
-33
-19
-15
-29
-36
-38
-26
-45
-42
-22
-31
-34
-61
-92
-113
-123
-118
-79
-49
-54
-57
-64
-78
-92
-134
-158
-153
-140
-109
-73
-67
-80
-89
-95
-85
-96
-103
-108
-78
-36
2
26
25
26
28
42
37
45
36
11
-4
-9
-4
9
10
12
42
46
43
56
57
45
43
31
5
8
29
6
11
21
14
0
-6
-23
-54
-83
-96
-90
-50
-11
-11
-1
6
-2
1
-7
-13
-17
-24
0
11
8
-7
1
-14
-35
-31
-31
-4
29
31
43
62
79
114
135
184
204
169
133
95
70
70
84
89
111
126
118
100
68
65
52
49
74
80
81
77
54
55
50
32
37
46
29
20
-4
-24
-35
-72
-93
-93
-87
-71
-67
-71
-58
-90
-103
-80
-54
-41
-40
-23
-21
-32
-21
-2
5
6
-6
-21
-25
-24
-26
-26
-39
-35
-12
-1
17
31
25
10
9
13
26
35
31
19
-11
-28
-52
-35
-28
-33
-30
-34
-19
-13
0
4
19
14
-7
-7
0
1
2
8
12
-23
-47
-46
-64
-53
-45
-30
-24
-37
-60
-74
-77
-59
-50
-33
-22
-22
-13
-31
-26
-22
-25
-30
-36
-37
-29
-18
-22
-5
23
35
29
32
24
5
1
-16
-20
-17
-27
-34
-35
-63
-77
-85
-83
-43
-7
18
40
47
44
57
51
47
53
57
51
48
45
22
8
-3
2
25
31
47
56
61
54
32
11
7
3
-12
8
9
18
33
29
25
30
35
25
9
-30
-37
-16
5
24
33
25
32
44
73
70
52
24
-2
-24
-19
3
-2
13
25
37
37
44
41
31
34
43
52
31
41
46
45
57
94
125
113
111
99
70
57
74
64
50
54
62
56
40
33
1
-40
-39
-46
-56
-27
-28
-43
-54
-62
-54
-58
-42
-39
-72
-102
-124
-162
-155
-145
-134
-115
-112
-111
-116
-120
-120
-126
-117
-106
-102
-110
-106
-93
-98
-98
-84
-80
-77
-62
-71
-94
-101
-79
-47
-19
16
46
69
81
74
73
64
36
22
44
59
51
35
41
31
21
54
83
97
108
104
111
92
52
34
30
43
47
51
55
49
40
21
2
-11
-22
-19
-1
14
27
47
47
32
35
39
19
4
5
5
10
2
-1
16
30
26
26
21
1
6
33
34
59
86
79
86
78
75
66
47
28
43
55
53
62
40
38
19
-4
-4
-16
-4
-12
-22
-10
2
-24
-22
-21
-37
-54
-64
-53
-53
-48
-37
-34
-62
-70
-58
-29
-21
-26
-12
10
11
14
37
40
32
26
32
27
10
-8
-2
0
2
14
4
-19
-30
-32
-37
-25
13
2
-31
-50
-69
-92
-93
-94
-76
-48
-56
-56
-55
-55
-70
-71
-66
-72
-76
-90
-113
-117
-117
-102
-89
-89
-65
-61
-62
-74
-101
-121
-116
-99
-80
-53
-30
-10
19
37
35
41
33
28
27
10
2
-27
-66
-86
-92
-50
2
35
60
62
51
52
36
25
37
44
52
65
52
49
67
71
61
91
102
83
80
82
111
152
166
152
149
145
160
172
171
193
192
192
186
195
183
149
123
108
97
97
109
110
92
65
59
48
33
25
25
11
20
35
18
0
-12
-24
-53
-60
-60
-57
-46
-35
-22
-34
-53
-80
-100
-106
-97
-93
-83
-56
-48
-53
-72
-64
-52
-35
-18
-12
-30
-53
-56
-83
-83
-65
-56
-43
-24
-3
-8
-38
-87
-129
-145
-137
-101
-57
-34
-28
-31
-46
-52
-75
-91
-95
-110
-120
-129
-147
-134
-115
-100
-88
-78
-82
-100
-119
-135
-148
-155
-122
-81
-46
-32
-10
21
3
-18
-10
-18
-43
-56
-36
-5
17
66
88
86
109
115
100
101
67
50
52
48
58
85
104
122
115
99
92
62
56
73
67
58
70
64
71
76
59
52
40
48
72
62
45
19
-25
-42
-44
-32
-12
30
61
75
99
90
77
46
22
7
10
8
18
35
29
8
-6
10
43
71
93
93
52
9
-27
-43
-10
36
75
110
120
97
72
38
11
6
-12
-14
-21
-27
-21
-9
-5
-14
-7
-4
16
41
37
20
-1
-5
-21
-3
-3
-5
-38
-80
-106
-102
-83
-75
-37
-23
-28
-34
-42
-52
-50
-21
-2
11
23
7
-2
-14
-16
-39
-61
-69
-72
-55
-43
-59
-62
-38
-48
-33
-5
-3
-19
-56
-79
-70
-59
-43
-12
6
11
25
36
16
3
-6
-22
-29
-18
-6
-1
3
-10
-39
-52
-47
-22
20
48
41
32
20
-10
-36
-54
-62
-45
-7
20
22
6
-5
-32
-19
9
17
22
12
-5
-6
-30
-53
-52
-32
-3
32
44
37
24
0
-12
3
11
19
36
42
46
57
42
38
38
24
29
13
9
-2
2
19
12
2
-6
-2
-10
-14
-1
-2
-36
-29
14
30
44
69
70
64
33
-5
-10
-21
-13
12
29
31
27
20
15
5
25
24
26
47
62
64
62
62
45
26
12
-29
-63
-47
-51
-51
-34
-23
1
23
9
-2
-29
-20
-17
-13
15
38
17
-14
-11
-17
-36
-36
-23
-41
-83
-104
-123
-154
-132
-123
-114
-90
-66
-32
-11
2
-18
-26
-55
-74
-62
-50
-19
5
22
14
11
27
39
51
72
65
78
64
74
93
89
102
97
100
101
76
39
19
-19
-16
2
2
23
50
73
70
33
17
-2
-52
-63
-52
-44
-35
-25
5
23
43
34
5
17
26
38
42
32
20
10
5
21
45
31
44
63
74
72
50
38
9
-12
3
25
50
97
129
131
143
147
110
83
69
58
58
65
88
97
95
72
46
20
1
-17
-48
-63
-63
-54
-74
-78
-76
-85
-104
-106
-90
-82
-84
-85
-102
-127
-139
-162
-138
-103
-94
-85
-85
-67
-49
-43
-53
-79
-102
-94
-76
-77
-67
-70
-81
-97
-104
-119
-104
-88
-74
-49
-32
-18
-26
-37
-43
-43
-47
-57
-64
-71
-78
-82
-96
-81
-48
-27
19
59
63
44
11
-25
-51
-52
-31
-13
-19
-20
0
6
-2
10
27
39
35
45
74
77
79
104
121
136
146
145
151
147
141
126
114
98
107
122
128
133
121
115
119
99
92
90
73
73
67
81
85
84
69
52
36
14
24
37
31
25
19
12
-5
-14
-12
-24
-52
-65
-61
-60
-70
-55
-51
-51
-51
-61
-47
-25
-19
-21
-29
-32
-38
-40
-34
-25
-14
-7
-9
-6
-12
-14
-4
-5
14
17
15
12
10
12
16
16
10
-4
-23
-30
-20
-20
-21
-20
-29
-33
-38
-49
-35
-26
-29
-33
-38
-49
