SAMPLES:	13121
BITSPERSAMPLE:	16
CHANNELS:	1
SAMPLERATE:	16000
NORMALIZED:	FALSE
-19
-18
-24
-16
-17
-20
-15
-13
-12
-14
-7
-4
-16
-13
-11
-16
-7
-10
-6
-9
-9
-9
-11
-10
1
-8
-2
7
-14
5
7
-4
10
8
4
10
1
7
6
4
13
1
8
7
0
17
16
13
16
6
9
9
12
16
13
15
7
9
21
12
10
13
8
15
19
17
23
18
16
9
5
15
12
21
21
18
18
9
16
14
6
11
1
10
7
18
18
2
13
12
9
15
15
21
19
12
15
0
2
9
-1
2
10
11
13
22
16
12
10
6
12
-4
0
5
-8
4
-3
-7
-4
-17
-11
-13
-18
0
-10
-16
4
-14
-17
-9
-21
-12
-12
-13
-10
-28
-19
-15
-29
-15
-10
-17
-22
-17
-18
-16
-19
-26
-16
-22
-6
-8
-23
-6
-16
-22
-9
-8
-4
-5
-8
2
-7
-1
-9
-12
-6
-18
-9
-10
-10
-7
-13
-7
-1
-20
-9
-6
-12
4
10
-5
7
0
-19
-1
3
-4
4
5
3
3
5
7
5
2
7
5
1
8
-5
-13
4
-14
-1
15
-2
11
25
10
12
22
-13
15
5
-2
23
0
6
23
8
21
11
4
13
-22
-2
-3
-14
-3
-18
-6
8
-9
12
1
-4
23
3
-2
25
-5
13
20
0
19
17
14
16
9
27
25
0
41
18
24
33
13
35
20
20
26
5
19
20
11
26
5
18
17
-2
22
4
12
6
3
21
1
16
5
-2
21
-4
-6
19
-11
-2
-6
-17
-1
-23
-7
-13
-7
-20
-26
-15
-32
-33
-13
-45
-24
0
-40
-14
-7
-24
-16
-22
-37
-30
-38
-33
-34
-19
-22
-26
-14
-18
-22
-10
-19
-27
-13
-22
-25
-9
-20
-25
-16
0
-21
-4
9
-16
2
-1
-27
-14
-13
-12
-1
-1
16
12
6
27
-5
16
10
-18
19
-1
0
22
-1
17
34
-10
18
10
-3
22
-7
13
14
-4
33
2
14
29
2
13
27
-14
19
-13
7
21
-7
39
1
11
40
-9
21
19
-29
16
-16
-17
15
-15
25
14
3
45
-16
25
19
-8
19
8
-4
27
-11
34
16
2
31
-8
14
22
14
22
22
8
20
15
13
9
4
-4
-6
1
-4
-3
10
-1
11
-2
6
10
-21
16
-22
-16
15
-10
4
-2
-15
8
-7
-1
-1
-26
5
-21
5
14
-14
-5
-25
-22
-18
-31
-13
-3
-14
-8
-11
-12
-12
-11
1
7
-3
-10
-8
-27
-12
-5
-14
-7
-22
3
-36
-10
1
-19
14
-11
2
-16
-8
-5
-19
-3
-2
-25
14
-28
-8
4
-21
9
2
4
-5
-5
-11
-24
-19
4
-28
13
-17
-44
6
-35
5
-10
-10
-2
-20
2
31
-25
34
-11
-15
39
-20
44
23
-3
49
0
15
33
-14
33
-18
17
42
-9
52
-4
8
16
-18
38
6
8
32
9
13
36
-4
34
7
4
6
1
31
7
19
26
-8
14
21
2
21
12
-5
31
-6
-3
19
-23
1
17
-6
15
19
-14
5
21
0
22
9
-13
-13
-13
-9
-21
16
-9
-3
8
6
-10
8
-17
-15
-10
-8
9
-10
13
-16
2
-6
-2
0
-22
-10
-28
-13
-13
-9
-9
10
-25
-16
-14
-17
3
-27
1
-19
-26
-1
-20
-23
18
-16
-19
11
-45
28
-23
-16
3
-41
-5
-18
-1
-3
-17
-2
-22
-9
12
-42
-15
-14
-24
1
2
-7
-9
-20
-13
-29
-14
-9
-34
-3
11
-5
19
17
-5
25
-21
-8
48
-26
16
26
-20
29
19
-14
44
-20
9
15
-4
51
-8
8
34
-31
34
11
29
40
15
48
42
-4
24
2
-10
48
-6
57
-6
24
25
4
41
17
1
13
2
36
51
-3
38
2
-20
20
-17
20
1
8
29
-12
36
54
-24
21
7
-36
25
-26
0
-2
-13
-3
10
-5
19
-8
0
-43
-16
12
-35
20
7
-24
-8
3
-51
1
-33
-23
-31
-28
-8
1
-7
-24
-16
-31
-39
-28
-32
-58
5
-42
-30
25
-25
14
0
-40
-6
-14
-45
17
-34
-19
-1
-37
-8
0
19
-2
-5
12
-34
-36
37
-37
6
17
-29
24
20
4
33
8
1
21
-11
34
-7
9
1
3
26
-12
29
14
-13
35
-12
-18
36
-44
30
29
-5
27
-4
-3
-1
-15
25
-19
35
15
-46
72
-38
-18
44
-60
34
19
-48
42
-12
56
23
5
69
-60
24
-7
-58
40
-6
-28
43
-28
52
21
9
76
-40
42
1
-60
42
-17
-4
25
-20
23
41
15
4
16
-6
-39
-11
34
-22
33
27
-22
59
28
-36
24
-55
-55
19
-34
29
14
-17
-5
19
34
-18
-3
-15
-71
4
-19
-22
31
-20
22
-20
16
-5
-27
25
-18
-34
-8
1
-5
-6
6
-5
-39
23
2
23
10
-23
4
-55
4
-9
-38
-12
-35
-9
6
2
23
22
-6
-12
-31
27
-20
31
0
-17
10
-13
-28
46
-5
11
10
-41
41
-37
28
-21
8
-2
-23
18
-13
-13
50
-55
-28
72
-84
67
34
-51
36
-35
-3
27
-13
44
26
-64
58
-45
-24
11
-40
-9
1
6
-24
35
-37
2
-49
-20
8
-44
38
12
-14
22
-21
-20
3
-47
9
25
-2
58
37
-4
15
24
-5
-7
3
26
10
-24
52
-15
26
-7
-24
38
4
21
-4
10
9
23
11
38
28
18
40
28
20
18
-11
-38
20
-27
27
40
-29
-7
10
-38
10
8
-26
-9
-53
6
11
-5
9
8
-46
6
0
11
40
4
13
-12
22
10
25
11
-25
-3
-54
-7
-48
6
2
7
11
-9
9
-26
3
-38
-7
15
-15
31
42
-16
6
-16
-19
-15
-39
6
-37
13
30
-31
67
-42
-2
-20
-42
34
-61
-10
10
-49
-18
26
-46
-1
-14
-6
2
-5
18
-16
17
-30
53
37
-9
36
0
23
29
51
16
-9
6
-32
10
-30
19
-18
-5
12
5
32
40
35
-30
18
-35
13
-51
12
43
-69
31
3
-51
33
8
-36
38
-59
19
-47
3
-9
-12
52
-97
0
-14
-56
20
43
-42
9
-11
-35
-40
-1
-34
8
-21
36
-4
18
69
-35
33
-24
-15
-40
-12
33
3
3
43
7
10
14
14
-15
5
24
15
35
92
-27
70
3
-21
74
-51
46
27
-26
89
22
-3
130
-39
30
11
-10
42
-57
17
39
-36
58
-16
4
111
-44
28
12
-75
60
-82
1
51
-78
90
-49
41
49
-89
66
-62
-41
6
-70
5
-13
-85
68
-107
-39
-16
-100
27
-78
9
-18
-105
-13
-56
-51
74
-107
9
9
-104
63
-71
13
-41
-92
-4
-58
-14
38
-52
62
38
-24
91
-66
39
-60
-39
33
-63
69
58
-55
137
-53
-9
66
-91
75
-44
27
38
3
84
13
-2
54
-92
37
52
-40
166
0
33
33
-27
-2
4
0
-8
36
5
-10
50
37
-55
93
-39
-29
80
-39
55
23
3
89
-37
22
1
-76
68
-11
5
120
-1
54
28
-44
61
-54
-41
-18
-22
-12
8
10
20
21
21
6
6
-12
7
71
-69
30
-24
-78
3
-88
26
-41
1
56
-104
92
19
-78
50
-46
-23
27
-40
35
-16
-42
55
-108
53
46
-19
71
-29
71
-8
-43
0
-45
-62
-24
-123
10
1
-43
89
-75
46
-10
-49
27
2
10
-45
-14
-68
17
-69
30
10
-21
18
-32
27
-82
26
-54
57
-6
24
-5
-46
27
-64
-23
39
-59
-31
-9
-95
12
24
-96
70
-3
-38
38
-41
42
-56
12
-103
23
28
0
-71
47
-28
-32
59
-12
119
-30
3
-42
40
48
-28
94
-41
17
53
-22
31
36
-39
23
76
13
112
40
57
31
9
53
18
23
3
100
14
52
37
37
-9
58
43
-16
94
-34
6
72
14
-50
34
-34
46
-15
8
68
-60
31
-29
-52
44
-55
13
41
3
26
-32
28
-85
-2
-31
-27
-44
19
23
33
48
-27
-39
-93
-11
-73
26
-5
-40
-38
6
18
63
25
-4
27
-107
22
-44
-76
50
-131
65
-30
-25
85
-92
36
12
-77
-14
-52
12
18
-47
78
-81
-57
31
-46
-35
61
-105
23
38
-64
98
-46
12
-73
-85
-13
-65
47
-31
16
89
-103
12
43
-148
100
-87
-32
53
-137
14
-44
-63
14
-89
-49
29
-136
75
10
-11
70
-48
14
-26
4
40
-18
35
14
-5
109
-68
45
53
-69
104
-57
100
63
-7
77
-7
109
83
-8
158
-11
42
109
-53
142
60
10
120
-9
25
127
-98
128
34
7
153
-54
103
-17
39
-10
-73
-3
16
-62
12
6
-12
65
-112
125
-102
-30
45
-134
108
-76
0
-23
-105
-30
-2
61
-2
19
-69
-5
-86
14
-27
-40
44
-67
-12
8
17
-13
-68
-38
-11
-42
-60
58
-51
27
73
10
-3
16
12
-85
35
83
13
30
5
-15
7
-51
16
-66
-57
-14
-37
2
33
20
-38
-103
2
-67
-88
-2
6
-18
-42
14
-66
-63
-16
-88
-26
29
70
-76
63
-12
-17
48
-79
-4
-26
-108
55
-23
-18
55
-15
-13
-26
43
24
-58
54
-7
-39
154
-171
19
19
-113
71
-45
26
17
2
50
61
34
83
-135
76
-82
-27
151
-148
123
48
-43
124
122
-34
76
-83
45
-104
42
-8
-100
47
18
-53
175
16
-60
151
-108
59
117
91
145
93
21
89
-58
-6
-96
-19
189
-144
132
246
-107
151
-62
-118
69
-104
-132
196
-10
51
17
-46
20
-130
-15
-97
-8
78
-25
22
209
-63
39
-46
-23
9
-108
91
-69
-12
27
-61
-3
-18
-27
14
-50
11
42
28
-2
-125
4
-56
-101
29
41
2
57
-60
-1
-8
-34
2
-126
41
13
-38
52
81
-34
51
-45
-22
-90
-196
-17
-77
34
-26
-29
-4
-101
-69
-76
-149
-68
52
-46
4
44
54
8
90
-24
-74
41
-122
88
-62
-66
60
-59
32
91
24
-16
-43
55
67
-114
88
-50
32
58
-27
21
13
58
98
56
-11
101
-17
11
63
1
-21
-11
0
116
24
9
51
-47
-49
-2
-30
-106
12
-24
-68
45
64
-19
5
5
-40
2
-1
104
50
-19
17
-39
-28
42
3
-34
36
11
123
72
-42
35
10
3
8
24
-13
-38
7
8
-11
-82
-10
-49
-12
91
62
15
42
19
2
26
-47
95
4
73
114
101
113
69
73
1
-37
-62
-41
-55
35
7
-13
-16
-70
-70
-83
-54
10
-32
-66
-25
-104
-59
15
53
-3
0
78
-30
-38
45
-20
3
26
18
26
13
3
-7
-101
-51
-23
-55
-30
-50
36
-63
-71
-22
-109
-109
10
-49
13
34
-10
55
-34
-7
-16
15
28
27
96
56
2
91
17
-46
8
-78
2
32
17
32
7
-57
-60
-64
-72
-78
-53
-15
-64
69
46
-14
-3
-41
-41
-21
10
70
113
121
152
82
39
7
-66
-70
-73
22
47
62
81
33
-24
-65
-72
-96
-110
-42
-12
67
140
100
74
17
-44
-34
-82
-25
30
20
101
73
58
8
-13
-40
-39
-50
-12
-9
-16
-17
-15
-74
-65
-68
-69
-21
7
56
77
59
10
-13
-57
-41
-48
-25
-19
14
43
31
23
-40
-48
-62
-11
-2
-1
28
24
-5
-5
-20
-27
-2
-21
5
31
56
83
88
93
36
-11
26
26
81
100
92
114
117
125
122
83
61
50
78
126
144
126
146
133
143
104
49
57
44
28
110
57
22
45
-83
-111
-117
-163
-219
-189
-197
-223
-244
-296
-306
-258
-338
-285
-211
-202
-190
-220
-294
-332
-428
-466
-417
-378
-300
-237
-133
-128
-104
-122
-144
-194
-233
-166
-137
-76
78
237
448
773
1074
1288
1394
1353
1306
1189
959
863
695
658
769
837
896
751
447
107
-283
-595
-814
-925
-871
-714
-477
-432
-458
-572
-817
-887
-951
-865
-695
-523
-333
-278
-245
-314
-432
-488
-543
-580
-565
-651
-754
-925
-1185
-1250
-1321
-1370
-1298
-1136
-891
-813
-682
-697
-615
-427
-29
338
979
2152
2916
3780
4165
4468
4148
3670
3098
2510
1875
1487
1192
1249
1187
923
567
-109
-629
-1330
-1580
-1870
-1774
-1482
-1080
-847
-745
-950
-1121
-1401
-1313
-1111
-674
-169
187
393
367
151
-255
-640
-945
-1112
-1282
-1325
-1407
-1585
-2005
-2419
-2942
-3286
-3530
-3204
-2499
-1885
-1421
-886
-618
-474
-300
-45
535
1050
2384
4022
5617
6464
6523
5957
4883
3438
1900
592
-214
-491
-283
500
763
537
-296
-1040
-1843
-2490
-2670
-2362
-1636
-592
283
754
580
58
-563
-819
-851
-547
59
603
995
963
456
-255
-1066
-1717
-1988
-2051
-1878
-1764
-1636
-1690
-2009
-2623
-3073
-3384
-3479
-3402
-3054
-2057
-1158
-455
140
458
692
685
894
1287
1699
3030
4447
5800
6625
6330
5521
3909
2173
521
-1103
-1888
-2036
-1228
180
1001
1114
343
-556
-1529
-2299
-2579
-2330
-1338
-138
1119
1979
1910
1213
299
-241
-692
-837
-627
-231
178
363
167
-476
-1185
-1824
-2213
-2240
-2158
-2047
-1872
-1702
-1629
-1974
-2412
-2740
-2841
-2794
-2441
-2025
-1447
-365
533
1166
1140
1079
1197
1378
1486
1981
3342
4549
5426
5967
5977
4844
2854
744
-589
-1653
-2051
-2003
-780
742
1473
1399
627
-400
-1736
-2498
-2334
-1589
-502
551
1608
2235
1903
928
-269
-790
-1056
-872
-440
-180
34
40
-197
-738
-1704
-2548
-3088
-2886
-2550
-2162
-1961
-1920
-1742
-1819
-1854
-1975
-2300
-2213
-1876
-1198
-789
-784
-285
191
555
556
697
770
998
1309
2082
3747
4738
5188
5168
5181
4248
2499
456
-937
-1768
-2136
-1992
-607
588
1075
950
669
204
-1084
-1904
-2050
-1352
-457
498
1260
1665
1407
648
-126
-383
-838
-887
-579
-285
-148
-340
-786
-1222
-1857
-2337
-2513
-2180
-1767
-1345
-913
-717
-709
-954
-1182
-1466
-1674
-1612
-1301
-912
-524
-473
-421
-431
-589
-416
-132
244
438
578
1094
1272
1675
3113
4306
5066
5018
4788
4111
2861
1183
-682
-1740
-2380
-2446
-1047
664
1587
1426
933
391
-704
-1597
-2361
-2081
-1170
-107
914
1678
1576
549
-452
-906
-1257
-1192
-969
-415
166
407
109
-302
-732
-1365
-1758
-1571
-1277
-1067
-885
-542
-473
-668
-1095
-1510
-1580
-1615
-1478
-1249
-907
-729
-637
-390
-387
-313
-105
89
515
629
714
715
770
1163
2492
3554
4298
4433
4352
3754
2595
1124
-343
-1522
-2205
-2102
-956
517
1302
1442
1127
591
-447
-1473
-2349
-2370
-1816
-810
277
1123
1202
696
1
-406
-707
-872
-984
-739
-311
4
226
88
-275
-800
-1288
-1508
-1635
-1591
-1522
-1411
-1116
-859
-898
-1163
-1430
-1668
-1704
-1684
-1529
-1213
-959
-664
-353
-225
-80
-2
8
-84
52
220
299
767
1947
3160
4257
4745
4820
4369
3430
2225
644
-532
-1303
-1666
-986
209
1255
1671
1410
993
253
-664
-1684
-2174
-1994
-1341
-363
603
1192
1073
565
108
-279
-366
-644
-866
-744
-354
33
109
-59
-554
-1055
-1390
-1560
-1545
-1615
-1626
-1683
-1590
-1314
-1484
-1794
-2063
-2219
-2078
-1984
-1775
-1354
-875
-493
-189
161
335
341
252
374
627
921
1312
2265
3464
4584
5048
5043
4716
3911
2695
1340
164
-601
-996
-764
102
1026
1682
1604
1187
560
-265
-1100
-1729
-1816
-1412
-799
-168
345
667
442
-3
-622
-1029
-1300
-1527
-1576
-1385
-883
-532
-443
-518
-835
-1227
-1686
-2055
-2103
-2114
-2169
-2125
-1851
-1451
-1275
-1423
-1581
-1643
-1695
-1727
-1600
-1294
-806
-382
22
503
866
1070
1130
1137
1129
1209
1143
1574
2357
3214
3885
4065
4058
3759
3127
2245
1202
408
-55
-98
300
834
1444
1621
1515
1016
372
-325
-1046
-1529
-1668
-1433
-1152
-957
-735
-663
-818
-1183
-1593
-1894
-2017
-2018
-2006
-1687
-1195
-875
-624
-486
-418
-468
-714
-922
-1071
-1164
-1317
-1397
-1453
-1407
-1302
-1326
-1252
-1122
-1021
-915
-743
-474
-242
107
369
592
853
1010
1119
1177
1192
1199
1295
1363
1511
1882
2314
2790
3012
3106
3132
2850
2463
2015
1470
1119
809
626
664
793
922
884
756
501
180
-182
-605
-992
-1284
-1502
-1743
-1809
-1735
-1717
-1712
-1795
-1852
-1842
-1854
-1930
-1791
-1528
-1241
-872
-623
-393
-243
-241
-250
-306
-541
-726
-780
-793
-731
-595
-443
-262
-134
-49
-11
-63
-193
-318
-315
-207
-14
228
384
595
861
1039
1162
1205
1149
1155
1207
1267
1418
1632
1882
2088
2174
2113
1963
1722
1391
1037
669
340
14
-98
-4
148
226
206
50
-261
-579
-950
-1257
-1487
-1626
-1636
-1579
-1446
-1346
-1286
-1281
-1211
-1115
-1075
-987
-912
-855
-772
-563
-413
-369
-366
-354
-317
-286
-200
-182
-196
-179
-135
8
139
261
271
220
172
168
154
11
-55
-63
43
128
252
363
389
461
507
496
526
607
632
659
708
780
801
747
719
733
750
669
618
592
578
467
365
248
122
17
-107
-118
-124
-153
-203
-202
-209
-190
-245
-342
-365
-323
-323
-266
-228
-238
-226
-251
-194
-64
-25
37
86
124
145
130
144
142
146
211
264
276
226
83
-88
-270
-438
-585
-741
-794
-810
-746
-610
-636
-617
-514
-452
-343
-223
-167
-121
-22
2
19
84
60
-1
38
55
55
106
73
62
111
88
63
121
147
139
183
216
220
230
194
219
232
181
144
110
77
114
135
158
251
336
416
559
633
694
775
729
751
746
678
667
683
668
690
607
386
170
-157
-444
-656
-847
-933
-906
-850
-728
-593
-564
-514
-495
-485
-524
-534
-507
-503
-516
-460
-406
-410
-395
-426
-534
-630
-681
-755
-669
-526
-377
-199
-83
21
136
133
74
95
84
64
35
45
47
38
43
50
75
169
306
412
565
690
681
650
764
849
908
943
937
917
914
890
809
714
537
387
269
153
59
-53
-163
-221
-222
-277
-335
-384
-339
-229
-146
-33
-4
6
-22
-105
-193
-285
-291
-310
-259
-142
-123
-148
-253
-317
-374
-456
-507
-532
-498
-431
-401
-294
-158
-89
-42
17
7
-40
-11
43
134
209
237
212
188
100
-84
-108
-127
-125
-29
0
115
290
282
261
249
164
78
23
44
112
92
108
132
53
55
-35
-142
-180
-204
-234
-212
-199
-186
-118
-83
-54
-38
-52
-61
-105
-179
-183
-165
-158
-101
-16
30
10
-61
-90
-139
-202
-206
-209
-147
-54
-2
121
264
357
453
462
478
495
453
397
361
316
185
33
-107
-224
-382
-424
-377
-347
-227
-123
-45
63
148
227
282
347
381
367
302
197
38
-78
-159
-253
-291
-271
-232
-200
-166
-163
-165
-173
-188
-118
-65
-10
55
71
100
40
-88
-105
-70
-42
47
132
108
111
81
66
36
-34
-51
-43
20
98
195
244
296
364
360
375
358
319
278
219
156
55
-87
-222
-325
-337
-354
-365
-266
-211
-148
-11
43
37
166
238
296
386
345
276
235
101
-31
-121
-234
-284
-286
-215
-140
-146
-55
25
16
15
15
-8
-9
-8
-73
-107
-178
-213
-219
-179
-124
-69
-76
-53
-90
-163
-186
-194
-163
-98
-52
30
125
108
147
195
164
163
124
104
79
-3
-66
-196
-301
-381
-393
-390
-343
-319
-257
-150
-114
-28
79
128
190
269
251
242
197
124
113
25
-12
-4
-18
46
29
-37
-6
-63
-100
4
55
133
212
218
271
325
288
222
130
-7
-97
-191
-207
-146
-146
-99
-31
-60
-57
4
-9
13
66
107
149
182
164
143
120
61
65
116
138
72
57
35
-46
-58
-102
-92
-39
-23
33
64
114
162
165
178
202
144
64
-27
-109
-125
-138
-145
-83
-70
-51
-87
-164
-187
-256
-274
-227
-163
-10
127
205
334
418
419
345
260
109
-28
-201
-300
-280
-279
-284
-236
-237
-241
-252
-274
-249
-235
-159
-59
65
191
239
289
301
253
252
242
259
286
314
305
283
180
34
-57
-171
-188
-144
-86
-69
-4
23
9
-2
-63
-77
-118
-164
-136
-124
-106
-84
-106
-135
-205
-273
-303
-354
-387
-359
-335
-320
-248
-167
-83
13
106
195
206
246
226
126
29
-85
-182
-232
-287
-303
-281
-238
-185
-119
-18
90
174
247
289
357
432
502
597
629
663
671
634
542
453
374
275
153
18
-32
-90
-174
-160
-125
-65
6
72
128
111
100
38
-49
-63
-100
-154
-187
-234
-263
-314
-385
-445
-423
-346
-323
-238
-208
-183
-138
-148
-139
-116
-108
-59
19
63
116
101
11
-112
-229
-317
-411
-418
-352
-265
-204
-101
-5
91
202
300
382
444
487
511
539
538
501
434
371
343
291
195
116
17
-60
-145
-235
-253
-257
-247
-221
-193
-152
-128
-56
-23
8
94
123
119
145
152
84
25
4
-22
-30
-64
-67
-75
-142
-208
-271
-254
-266
-228
-134
-88
-24
18
18
14
0
-40
-119
-138
-156
-169
-142
-123
-127
-85
-56
-21
94
149
217
244
242
268
285
269
210
145
36
-56
-111
-183
-237
-254
-242
-243
-179
-125
-105
-51
-13
17
48
114
184
253
287
306
306
295
301
266
241
200
124
93
66
70
73
75
43
-15
-35
-71
-96
-105
-52
5
41
68
90
101
122
127
118
101
80
66
72
43
40
48
-27
-88
-109
-192
-177
-170
-205
-170
-141
-183
-154
-125
-196
-176
-177
-206
-191
-158
-156
-110
-79
-54
5
31
23
36
17
-44
-53
-79
-108
-99
-132
-141
-131
-138
-75
-24
-17
21
50
21
33
95
70
52
70
46
30
84
64
71
73
-11
-46
-58
-48
-48
18
61
77
105
125
137
148
149
61
-37
-80
-149
-211
-216
-209
-189
-143
-130
-102
-1
46
51
115
133
98
123
141
137
156
152
119
155
142
116
107
48
28
53
31
12
0
-18
-28
-89
-116
-92
-88
-28
80
144
157
167
141
175
199
166
147
118
53
54
75
30
-4
-45
-92
-84
-55
-46
-11
-48
-85
-97
-109
-106
-101
-142
-172
-119
-108
-96
-87
-147
-172
-168
-172
-146
-72
-11
41
111
134
135
145
130
94
87
33
-3
23
25
70
115
111
111
120
102
71
105
47
10
19
-19
-34
-27
1
25
71
142
169
176
201
168
135
113
79
-4
-23
-65
-146
-180
-228
-252
-209
-192
-187
-123
-102
-109
-74
-97
-102
-51
-44
-36
-12
3
-39
-75
-85
-150
-199
-226
-218
-214
-208
-189
-138
-86
-77
-66
-51
-57
-76
-108
-44
1
44
122
140
202
217
177
160
158
50
2
-19
-60
-66
-63
-79
-58
-17
9
78
64
58
83
89
92
84
50
9
10
-6
10
7
-11
-10
4
58
70
50
77
90
75
104
167
146
160
201
177
169
139
85
64
56
23
13
41
-6
-21
15
11
53
116
136
177
196
129
71
26
-2
33
40
52
165
168
132
143
81
13
-42
-109
-198
-195
-252
-256
-234
-277
-217
-212
-177
-113
-98
-95
-82
-74
-107
-133
-133
-159
-143
-170
-191
-197
-218
-205
-140
-94
-77
-46
-11
13
44
91
109
180
203
246
280
307
311
277
259
238
208
159
142
157
159
178
189
201
196
204
195
173
113
75
55
53
95
58
53
54
-2
-37
-89
-176
-256
-333
-382
-367
-347
-356
-295
-254
-303
-347
-364
-389
-410
-385
-361
-355
-308
-313
-294
-268
-301
-279
-270
-274
-250
-228
-236
-180
-107
-57
32
105
137
153
182
189
210
230
271
334
355
346
332
313
285
287
245
252
315
317
344
387
371
332
312
258
181
149
152
142
147
179
176
161
157
126
49
4
-63
-119
-143
-173
-188
-172
-205
-202
-181
-239
-227
-217
-221
-186
-185
-167
-106
-91
-79
-38
-46
-45
-64
-85
-69
-100
-74
-11
46
106
167
214
249
265
244
267
244
208
213
195
193
218
226
259
279
269
255
216
179
133
108
99
80
65
93
89
35
7
-34
-104
-126
-151
-160
-137
-122
-104
-138
-224
-266
-316
-376
-399
-452
-479
-468
-482
-453
-414
-368
-331
-305
-267
-255
-226
-210
-174
-136
-112
-57
-19
30
60
66
47
1
-15
57
71
85
198
196
160
177
179
189
206
200
185
196
211
256
300
329
356
372
363
306
267
235
194
130
80
41
-9
-58
-136
-159
-196
-229
-246
-253
-260
-280
-267
-256
-253
-296
-324
-306
-318
-333
-316
-315
-280
-249
-235
-200
-205
-204
-195
-199
-154
-88
-61
6
88
148
214
233
229
219
175
141
153
162
190
262
304
298
335
350
344
406
397
402
441
406
451
524
503
522
532
467
442
401
331
272
201
139
109
59
48
15
-55
-105
-137
-172
-195
-168
-164
-204
-211
-205
-233
-228
-210
-249
-275
-307
-359
-410
-442
-443
-442
-469
-456
-421
-422
-354
-316
-286
-245
-199
-175
-123
-92
-89
-67
-51
1
25
30
52
29
11
50
77
73
150
206
216
230
220
197
193
198
227
255
259
277
260
282
278
200
189
145
84
80
84
70
72
50
-9
8
-28
-77
-83
-108
-127
-133
-160
-138
-138
-178
-225
-241
-277
-292
-292
-295
-287
-312
-314
-296
-234
-225
-187
-157
-149
-101
-78
-82
-42
10
6
32
31
-10
10
30
14
-1
7
-15
15
81
122
137
150
186
229
250
261
270
219
207
221
231
211
194
162
113
98
104
92
89
118
95
119
140
119
102
105
68
12
5
4
-9
9
23
10
19
39
33
45
64
47
70
92
84
69
94
92
75
81
56
27
4
12
33
28
16
3
-47
-67
-70
-123
-132
-93
-117
-64
-43
-72
-14
43
24
53
64
31
54
65
-8
-38
-83
-137
-134
-129
-147
-158
-148
-179
-146
-108
-108
-90
-75
-107
-89
-66
-82
-73
-57
-74
-93
-94
-134
-131
-134
-109
-80
-24
-2
-11
9
2
-38
-55
-33
-28
-35
-18
-7
-32
-13
-15
-19
3
-25
-19
-4
-30
-18
-8
-18
2
28
37
59
52
75
74
46
56
75
70
74
78
63
67
24
9
-2
-39
-35
-79
-114
-85
-81
-48
5
43
48
28
16
-19
-32
-63
-81
-64
-56
-37
-34
-31
-18
-51
-78
-50
-80
-105
-99
-116
-96
-65
-71
-51
5
41
62
80
97
90
102
159
189
189
202
224
212
204
231
192
162
157
173
178
165
187
194
184
221
214
177
214
185
174
135
90
55
22
-3
13
36
8
-1
12
40
38
73
70
42
20
-22
-46
-79
-71
-104
-124
-109
-142
-139
-118
-140
-169
-188
-214
-196
-168
-146
-107
-96
-129
-138
-162
-200
-197
-178
-155
-116
-59
-13
23
44
46
31
56
25
34
37
8
50
60
9
27
44
7
-4
-16
-45
-70
-35
-21
5
24
12
31
11
-6
-20
-46
-37
-32
-65
-29
-22
-58
-55
-61
-79
-95
-96
-118
-99
-83
-117
-105
-74
-62
-36
-39
-45
-48
-73
-55
-17
-21
-54
-51
-100
-83
-28
-26
-5
16
16
29
9
18
30
25
24
16
11
14
20
26
4
-2
28
27
44
69
79
65
82
83
41
4
17
16
19
26
66
57
67
101
94
89
86
85
74
94
90
49
51
72
47
57
81
68
53
87
77
93
101
96
124
160
182
182
166
168
165
181
197
214
204
175
155
110
118
97
53
42
41
26
35
21
23
42
55
74
61
7
1
-33
-71
-44
-52
-71
-85
-81
-123
-137
-143
-122
-149
-163
-151
-164
-168
-148
-117
-87
-113
-167
-217
-255
-230
-211
-230
-220
-227
-256
-238
-221
-224
-202
-191
-184
-174
-197
-174
-162
-168
-147
-87
-54
-28
47
61
67
93
95
104
115
128
98
82
66
58
60
76
148
153
137
189
168
135
157
131
81
64
63
78
90
99
134
98
71
59
10
-6
39
34
-14
17
-47
-71
-51
-70
-89
-113
-122
-103
-53
-2
26
-10
-43
-57
-66
-110
-158
-156
-154
-186
-129
-104
-102
-71
-64
-74
-61
-50
-70
-72
-76
3
26
33
51
108
107
104
128
80
59
78
114
156
184
202
217
196
183
166
157
128
109
122
124
169
224
237
191
152
110
76
56
46
65
61
51
52
60
42
45
43
12
3
21
11
-19
10
37
35
6
-29
-75
-97
-109
-149
-163
-203
-206
-184
-176
-169
-146
-133
-115
-89
-72
-65
-95
-47
-30
-29
33
34
6
33
29
-21
9
16
24
64
55
62
71
52
61
49
40
54
72
46
90
102
60
41
-4
-24
-20
-43
-64
-29
-34
-45
4
-22
-56
-69
-48
-100
-145
-122
-103
-96
-94
-62
-96
-85
-59
-25
-5
-5
-21
-56
-93
-100
-86
-99
-132
-129
-116
-112
-104
-106
-81
-46
-34
-29
-9
-4
31
35
29
47
42
31
40
21
-10
6
21
35
41
83
78
75
90
80
73
69
83
13
-4
-8
-68
-91
-77
-41
-12
2
-5
3
-11
8
-4
-51
-48
-50
-25
-32
-55
-35
-30
-15
20
62
42
38
67
53
45
27
21
16
3
31
37
54
90
81
105
97
99
97
108
116
136
182
150
117
126
158
190
184
215
237
239
181
147
152
137
163
219
209
153
121
72
-3
-16
-38
-29
18
40
22
30
25
-50
-73
-90
-118
-126
-99
-77
-81
-125
-137
-156
-213
-224
-212
-219
-226
-197
-151
-94
-124
-157
-164
-207
-190
-147
-163
-133
-106
-112
-103
-60
-88
-102
-80
-59
-80
-58
-64
-14
40
44
13
46
8
116
875
1718
1686
96
-1528
-1804
-37
1676
1117
-1202
-2974
-2542
-156
2030
2067
-181
-2494
-2587
-419
1822
1940
-298
-2516
-2404
-499
1391
1908
787
-644
-961
-164
1143
1613
789
-670
-1185
-113
1332
1627
211
-1145
-812
312
1308
1470
289
-420
-493
-16
721
281
-291
-575
-401
706
1376
749
-487
-903
-130
465
-67
-1207
-1164
43
865
978
779
-16
-756
-685
149
710
265
-325
-84
742
1023
382
-497
-764
-344
428
626
214
-104
77
317
317
-13
-732
-1077
-738
177
1074
822
24
-462
45
728
301
-473
-625
-219
535
1044
913
474
-80
-395
-192
310
214
-492
-607
137
535
407
-106
-867
-986
-360
-41
-351
-637
-629
-36
411
73
-385
-801
-807
-65
299
14
-226
-116
120
361
201
-273
-508
-703
-512
260
542
172
-362
-624
-231
-30
-302
-725
-950
-464
304
515
200
-225
-312
-204
-155
19
13
-188
-139
215
482
232
-161
-347
-140
253
394
344
269
111
145
218
225
121
65
150
80
236
296
307
206
3
-67
-21
136
383
441
311
178
229
236
179
-3
-154
-214
-88
17
187
336
131
-32
-95
-78
32
72
-105
-170
-237
-197
133
176
-69
-276
-315
-73
235
219
144
19
15
43
-87
-86
-125
-154
-167
-91
132
407
540
236
-86
-162
-164
-237
-7
390
549
681
466
301
458
542
329
-23
94
526
794
914
873
521
146
-158
-135
127
189
120
-97
-81
221
276
-135
-763
-1106
-836
-380
-1
-75
-308
-445
-684
-670
-522
-516
-446
-337
-371
-359
-201
-352
-723
-1030
-855
-486
-337
-460
-515
-355
-247
-424
-732
-633
-433
-163
11
-22
1
-26
-285
-325
-65
75
-72
24
598
1022
1090
951
810
693
569
522
626
724
854
932
1037
1067
996
782
518
173
-20
227
463
422
246
45
-51
-62
-150
-272
-568
-702
-553
-222
-84
-311
-639
-888
-917
-839
-787
-734
-618
-511
-424
-343
-295
-435
-945
-1232
-946
-553
-345
-414
-482
-404
-423
-287
-291
-526
-488
-357
38
441
441
56
-262
-180
174
322
249
137
280
777
1231
1391
1183
1016
1005
1051
1251
1310
1109
953
1051
1295
1423
1235
837
682
750
805
752
660
381
175
185
262
140
-149
-503
-573
-323
-201
-360
-735
-896
-737
-530
-631
-889
-1072
-1042
-794
-548
-486
-647
-892
-840
-565
-468
-734
-1018
-987
-693
-482
-624
-724
-654
-572
-446
-432
-521
-520
-378
-263
-126
13
31
19
-62
-100
84
433
587
657
785
1054
1283
1262
1156
1163
1228
1324
1397
1361
1325
1118
907
912
1007
1080
924
627
445
387
284
-12
-329
-453
-359
-260
-280
-445
-638
-789
-940
-1034
-1047
-1093
-1038
-808
-713
-807
-934
-962
-940
-906
-947
-931
-807
-574
-421
-541
-787
-1029
-1031
-912
-871
-849
-719
-608
-483
-380
-341
-336
-538
-583
-383
-40
174
156
235
383
521
459
478
641
781
1000
1410
1772
2091
2149
2025
1823
1446
1152
967
943
1117
1295
1375
1521
1458
1173
733
172
-314
-447
-378
-225
-19
80
-43
-231
-509
-902
-1192
-1272
-1124
-861
-593
-412
-410
-518
-652
-850
-1018
-1074
-944
-657
-459
-424
-466
-588
-788
-986
-1061
-1115
-1128
-1060
-893
-697
-587
-601
-632
-587
-596
-530
-433
-336
-134
107
435
824
941
914
826
940
1303
1650
1917
2125
2290
2403
2396
2110
1714
1257
962
917
1084
1254
1321
1193
944
577
142
-207
-570
-927
-947
-718
-431
-231
-326
-686
-1113
-1354
-1479
-1371
-1130
-804
-649
-549
-574
-691
-825
-1033
-1238
-1293
-1182
-1019
-844
-891
-979
-1076
-1237
-1419
-1531
-1481
-1281
-1101
-994
-939
-943
-832
-742
-715
-602
-441
-205
184
478
635
654
613
857
1327
1871
2310
2583
2664
2778
2827
2541
2007
1361
884
912
1219
1535
1662
1487
1219
752
246
-331
-878
-1173
-1023
-615
-144
25
-163
-586
-987
-1234
-1390
-1467
-1419
-1100
-605
-154
17
-205
-660
-1073
-1195
-1083
-917
-825
-828
-764
-652
-609
-813
-1225
-1698
-1858
-1588
-1126
-791
-668
-667
-590
-445
-385
-418
-511
-368
-4
567
1087
1437
1540
1463
1566
1995
2465
2767
2898
2921
2890
2851
2669
2173
1506
951
718
931
1234
1392
1146
675
127
-344
-669
-905
-1110
-1129
-853
-491
-365
-630
-1084
-1490
-1646
-1619
-1316
-1038
-866
-643
-572
-641
-709
-855
-1003
-1012
-983
-934
-856
-980
-1258
-1426
-1577
-1670
-1636
-1675
-1688
-1568
-1419
-1201
-1072
-1016
-878
-695
-478
-274
-167
-3
296
564
853
1160
1562
2135
2718
3092
3169
3052
2698
2501
2285
1979
1413
973
847
1177
1557
1564
1131
565
46
-407
-767
-1217
-1276
-1129
-596
-183
-21
-365
-949
-1535
-1703
-1609
-1279
-879
-510
-156
25
-5
-319
-732
-1140
-1223
-1034
-744
-542
-555
-783
-1003
-1263
-1539
-1780
-1858
-1657
-1300
-917
-748
-752
-741
-742
-639
-576
-470
-194
301
837
1265
1465
1485
1754
2276
2993
3362
3399
3118
2856
2689
2440
1914
1291
883
842
1242
1503
1348
774
143
-369
-635
-822
-964
-969
-816
-522
-219
-230
-641
-1190
-1584
-1619
-1307
-918
-651
-505
-436
-443
-552
-799
-1117
-1298
-1242
-957
-723
-646
-864
-1185
-1471
-1606
-1741
-1893
-1926
-1636
-1159
-866
-810
-933
-987
-932
-670
-517
-364
-152
267
788
1205
1337
1376
1670
2336
3143
3552
3512
3023
2729
2426
1987
1237
639
373
775
1295
1555
1283
541
-207
-725
-948
-1162
-1192
-1045
-486
-8
250
-146
-851
-1551
-1746
-1552
-1045
-734
-551
-363
-235
-290
-586
-1058
-1499
-1413
-1022
-453
-251
-481
-995
-1339
-1615
-1656
-1763
-1898
-1813
-1389
-851
-517
-547
-877
-916
-652
-282
-134
-82
-107
233
730
1063
1069
1103
1594
2657
3730
4024
3692
2956
2401
1958
1550
770
222
236
933
1715
2048
1373
326
-660
-1162
-1203
-1221
-1096
-814
-162
508
838
357
-663
-1677
-1959
-1645
-924
-373
-30
46
53
-60
-473
-1085
-1543
-1541
-1123
-653
-499
-644
-1062
-1388
-1602
-1739
-1918
-1930
-1632
-1067
-555
-412
-565
-775
-805
-600
-349
-341
-279
-9
517
1108
1337
1174
1141
1666
2731
3734
4003
3555
2727
2223
1847
1413
694
11
-64
669
1608
2015
1390
145
-969
-1429
-1341
-1188
-1000
-786
-109
664
903
198
-950
-1917
-2055
-1514
-732
-237
-4
-3
-73
-323
-876
-1525
-1989
-1879
-1300
-680
-534
-780
-1334
-1641
-1782
-1848
-1954
-1937
-1664
-1089
-579
-482
-657
-805
-714
-490
-213
-55
3
144
548
970
1144
1046
1158
1884
3127
4094
4236
3654
2718
2079
1596
951
132
-295
-56
911
1864
2033
1055
-207
-1170
-1457
-1311
-1131
-893
-394
407
1034
935
-7
-1218
-1975
-1851
-1195
-451
-124
-43
-110
-155
-469
-1088
-1813
-2136
-1824
-1185
-674
-624
-971
-1430
-1604
-1654
-1617
-1619
-1505
-1130
-613
-245
-222
-483
-700
-541
-201
154
397
488
659
971
1201
1148
835
998
1841
3228
4252
4384
3745
2865
2121
1461
663
-207
-583
-123
1041
1965
2113
1037
-314
-1396
-1685
-1438
-1137
-828
-208
620
1259
1046
-90
-1478
-2288
-2178
-1398
-512
-163
-62
-227
-504
-958
-1618
-2260
-2348
-1842
-926
-321
-316
-890
-1591
-1918
-1960
-1876
-1852
-1617
-1078
-314
175
156
-296
-760
-823
-480
-22
333
442
563
847
1100
1069
701
521
1059
2414
3837
4425
4097
3203
2373
1610
810
-98
-633
-509
491
1611
2259
1709
328
-1026
-1697
-1621
-1325
-961
-526
258
1099
1317
496
-913
-2143
-2454
-1987
-1146
-478
-88
-87
-254
-696
-1365
-2112
-2525
-2389
-1662
-787
-347
-483
-1036
-1487
-1812
-1856
-1818
-1605
-1101
-400
156
345
39
-307
-502
-417
-174
115
329
556
797
1034
1033
765
433
733
1848
3459
4526
4579
3876
2973
2152
1281
362
-420
-563
133
1430
2321
2320
1091
-390
-1409
-1513
-1281
-856
-482
230
1091
1621
1055
-350
-1806
-2479
-2151
-1261
-338
109
175
-28
-456
-1176
-2013
-2721
-2656
-1831
-756
-121
-134
-722
-1331
-1617
-1752
-1846
-1794
-1489
-736
28
379
90
-453
-784
-776
-417
-65
212
376
444
556
633
552
256
42
727
2128
3772
4479
4186
3287
2439
1581
762
-292
-826
-684
246
1420
2052
1690
394
-881
-1631
-1475
-1199
-886
-518
410
1174
1448
493
-886
-2074
-2369
-1923
-1057
-306
57
-101
-582
-1122
-1652
-2065
-2272
-1940
-1201
-270
174
-25
-799
-1533
-1842
-1822
-1627
-1184
-589
-38
327
306
-7
-381
-533
-543
-307
75
480
595
458
248
159
131
158
175
644
1880
3400
4503
4405
3753
2757
1895
954
203
-422
-370
-39
833
1448
1632
769
-597
-1540
-1689
-1126
-442
104
611
1277
1325
759
-503
-1622
-2301
-2036
-1313
-265
365
254
-361
-989
-1510
-1952
-2205
-2063
-1270
-251
338
105
-583
-1320
-1629
-1690
-1429
-1025
-573
-133
236
284
55
-423
-876
-896
-493
-11
233
297
252
224
168
62
-161
-138
65
971
2321
3725
4312
4180
3610
2678
1661
569
-343
-741
-504
-19
850
1285
1222
173
-985
-1777
-1693
-1154
-367
355
1070
1445
1169
123
-1214
-2119
-2356
-1866
-976
27
537
300
-592
-1475
-2177
-2415
-2171
-1333
-283
498
608
108
-624
-1372
-1839
-1860
-1421
-805
-131
282
378
202
-226
-637
-772
-585
-221
5
55
82
-17
-197
-403
-387
-92
447
781
1266
2254
3379
4206
4023
3430
2572
1882
1088
536
-131
-363
-468
110
748
1012
302
-906
-1594
-1400
-714
-161
219
517
933
860
367
-733
-1639
-2254
-2018
-1109
7
374
-71
-969
-1556
-1738
-1742
-1727
-1447
-728
115
612
338
-347
-1212
-1716
-1656
-1135
-583
-196
-147
-120
-50
-103
-389
-706
-778
-459
-5
261
333
219
-54
-294
-372
-268
-91
216
600
1449
2701
3839
4425
4220
3587
2634
1498
388
-315
-645
-493
-248
530
1021
893
-158
-1264
-1726
-1369
-667
129
815
1392
1394
790
-312
-1545
-2341
-2537
-1784
-525
445
504
-181
-1090
-1670
-2029
-2009
-1612
-649
358
992
889
124
-879
-1764
-2027
-1606
-829
-148
194
286
192
-177
-739
-1285
-1245
-783
-146
273
378
291
-15
-376
-593
-623
-422
-140
451
1047
1837
2840
3666
4187
4046
3414
2530
1410
280
-486
-898
-708
-377
274
606
609
-101
-1004
-1465
-1320
-670
261
946
1365
1196
474
-518
-1512
-2079
-2195
-1611
-729
43
260
-169
-865
-1423
-1681
-1411
-918
-134
509
760
558
-35
-745
-1386
-1672
-1443
-786
-149
165
133
-133
-512
-825
-1031
-894
-561
-190
178
297
224
-36
-375
-608
-626
-383
-24
401
884
1120
1867
2818
3829
4103
3686
2780
1740
494
-250
-812
-800
-687
-314
374
614
236
-882
-1569
-1514
-856
3
848
1110
1092
340
-453
-1286
-1791
-2077
-1746
-826
282
738
311
-613
-1310
-1643
-1391
-867
-145
692
1072
1001
320
-556
-1405
-1853
-1573
-849
-185
166
25
-182
-456
-753
-1043
-1004
-393
82
394
468
249
-289
-711
-881
-650
-227
227
441
822
1071
928
1491
2511
3519
4050
3835
3001
2054
887
-50
-790
-1030
-984
-441
420
798
435
-565
-1411
-1442
-840
-15
467
538
495
189
-203
-855
-1398
-1723
-1463
-640
256
674
342
-475
-1120
-1332
-1054
-605
-86
265
352
221
-238
-861
-1417
-1610
-1302
-781
-213
10
-109
-329
-627
-810
-853
-675
-323
-53
145
103
-131
-439
-583
-418
-155
157
249
368
470
616
751
867
1714
2888
3815
4080
3451
2375
1056
-116
-596
-715
-548
-615
-296
193
263
-269
-1277
-1663
-1371
-718
228
767
888
541
-106
-591
-1053
-1192
-1177
-758
107
738
690
-136
-1043
-1562
-1490
-822
-108
521
590
229
-216
-706
-1108
-1449
-1395
-920
-310
113
84
-344
-714
-873
-679
-413
-149
-160
-207
-125
-147
-246
-361
-263
-12
256
467
349
201
134
284
506
1117
2367
3409
4041
3895
3077
1985
628
-453
-901
-930
-603
-551
-131
-36
-407
-1201
-1811
-1585
-1009
-105
805
1154
1175
626
-87
-725
-1251
-1310
-1175
-456
188
362
-10
-753
-1256
-1462
-1191
-615
-112
392
512
439
92
-571
-1194
-1565
-1290
-881
-468
-148
-185
-237
-395
-509
-592
-686
-430
-126
319
588
550
319
-22
-120
-1
201
321
334
415
475
599
748
867
1770
2845
3736
3845
3151
1987
791
-129
-477
-697
-715
-933
-669
-229
9
-267
-917
-1057
-634
122
891
1061
892
338
-283
-644
-1010
-1125
-1278
-933
-286
297
280
-357
-1000
-1271
-1025
-481
-100
232
217
-24
-434
-956
-1354
-1646
-1551
-1058
-430
-27
-156
-493
-784
-855
-728
-573
-222
133
361
362
189
-233
-693
-789
-571
-156
338
495
511
526
414
357
315
990
2176
3300
3825
3341
2374
1037
-178
-695
-934
-799
-752
-445
218
417
160
-686
-1175
-791
-191
654
1099
1077
700
-11
-532
-1022
-1217
-1225
-822
79
719
772
134
-690
-1196
-1307
-946
-579
-207
-3
-97
-203
-596
-1068
-1440
-1387
-791
-135
354
321
-4
-381
-749
-937
-896
-553
-227
63
411
412
127
-245
-523
-469
-112
273
403
391
384
385
417
414
489
808
1680
2787
3459
3320
2480
1449
502
-100
-399
-522
-375
-127
382
823
731
-25
-727
-807
-471
-17
379
567
647
499
197
-226
-717
-1053
-1073
-594
4
276
14
-415
-770
-925
-826
-722
-553
-360
-206
-137
-303
-618
-1066
-1340
-1230
-1021
-780
-624
-623
-675
-645
-473
-352
-247
-252
-288
-264
-363
-537
-713
-751
-527
-79
344
425
233
-83
-155
-48
266
606
978
1895
2766
3289
3037
2068
1035
118
-166
53
318
433
201
266
325
177
-181
-738
-601
-132
424
867
777
420
-242
-705
-857
-898
-834
-740
-277
193
309
-64
-666
-969
-1017
-582
-101
183
266
-27
-412
-809
-1132
-1347
-1375
-1022
-625
-409
-363
-586
-863
-944
-749
-517
-215
-36
-48
15
-29
-137
-257
-288
-231
-19
309
406
372
301
262
302
375
564
734
1361
2257
2803
2978
2514
1877
1136
626
572
560
500
330
415
630
638
398
-215
-473
-559
-557
-279
-207
-113
-195
-352
-307
-425
-536
-671
-560
-171
182
258
-53
-241
-451
-548
-496
-612
-654
-780
-814
-727
-726
-827
-1142
-1345
-1333
-1231
-1049
-906
-711
-465
-257
-156
-176
-299
-460
-443
-208
40
179
162
52
-140
-254
-296
-255
-118
134
464
638
655
603
537
923
1688
2424
2883
2677
2285
1670
1101
798
653
580
451
456
506
372
-130
-915
-1296
-1192
-771
-132
322
514
290
-101
-489
-732
-835
-730
-314
152
426
332
-215
-772
-1064
-1036
-788
-479
-283
-422
-695
-1066
-1343
-1504
-1527
-1258
-861
-496
-326
-365
-472
-560
-508
-432
-261
-48
27
4
-99
-212
-296
-352
-297
-107
244
558
658
667
488
266
216
403
672
940
1456
2186
2718
2802
2361
1792
1218
842
820
902
841
413
58
31
-61
-171
-489
-615
-461
-244
132
303
232
-176
-651
-830
-879
-763
-605
-419
-254
-289
-510
-857
-1085
-1157
-1047
-739
-549
-517
-609
-730
-844
-981
-967
-903
-731
-396
-168
-160
-320
-626
-910
-878
-635
-387
-98
14
15
-27
-150
-192
-78
122
379
686
996
1176
1088
906
709
613
595
750
960
1082
1425
1748
1941
1949
1670
1421
1126
877
893
898
885
662
444
412
305
127
-128
-289
-329
-270
-156
-196
-398
-700
-993
-1079
-1137
-1187
-1224
-1150
-1058
-897
-845
-855
-941
-1038
-895
-676
-468
-408
-456
-458
-449
-476
-607
-766
-880
-967
-878
-825
-802
-884
-943
-878
-775
-677
-523
-356
-146
168
538
779
876
850
764
806
903
906
814
680
485
397
480
549
633
751
985
1449
1798
1858
1601
1170
739
651
838
1014
1033
857
654
569
472
239
-92
-364
-530
-490
-340
-342
-573
-975
-1268
-1411
-1361
-1159
-968
-704
-591
-559
-523
-606
-634
-567
-342
-116
21
33
-94
-212
-404
-492
-470
-535
-553
-505
-510
-614
-789
-913
-862
-629
-303
44
284
370
426
484
539
593
575
570
632
627
565
491
444
468
478
559
612
652
672
661
756
918
1136
1222
1210
1004
784
593
473
589
690
733
671
568
408
186
-49
-292
-434
-476
-403
-333
-363
-540
-779
-970
-1045
-1020
-901
-726
-579
-529
-537
-597
-739
-779
-716
-596
-385
-218
-147
-202
-400
-572
-663
-690
-648
-553
-497
-450
-466
-504
-491
-525
-488
-379
-233
-143
-104
-140
-180
-205
-175
-63
46
181
302
381
495
595
628
650
624
574
616
652
625
611
660
702
734
715
593
488
399
451
628
743
719
637
505
473
499
474
401
338
267
197
146
-10
-217
-388
-483
-493
-419
-390
-426
-446
-506
-525
-503
-456
-389
-282
-177
-126
-160
-299
-372
-408
-423
-321
-223
-180
-179
-246
-354
-400
-427
-443
-375
-286
-188
-172
-240
-379
-491
-435
-281
-82
168
333
392
373
305
261
219
209
284
407
427
419
405
299
188
132
130
259
449
616
700
695
637
528
521
630
711
746
699
581
428
289
151
40
-22
-44
7
-4
-32
-61
-182
-250
-221
-155
-72
-22
-55
-143
-211
-276
-312
-407
-517
-542
-597
-636
-608
-637
-666
-679
-704
-700
-668
-688
-672
-620
-597
-511
-429
-402
-354
-249
-195
-151
-135
-180
-189
-144
-76
-41
3
-4
-6
54
93
154
131
104
115
124
176
267
318
351
435
499
559
641
699
677
655
630
629
643
606
546
479
406
329
301
262
184
140
113
126
168
159
164
208
240
277
278
193
95
6
-99
-182
-241
-285
-299
-357
-403
-443
-506
-541
-574
-504
-400
-351
-337
-285
-274
-297
-359
-395
-433
-472
-419
-359
-309
-255
-210
-216
-225
-195
-158
-66
51
136
223
252
166
85
57
-22
-64
-8
30
39
76
68
80
152
223
288
431
533
609
650
623
586
522
434
382
371
401
380
384
336
216
132
93
98
198
263
236
218
115
-20
-74
-146
-231
-238
-259
-250
-226
-224
-275
-260
-247
-177
-90
-63
-66
-104
-139
-208
-313
-398
-416
-456
-425
-378
-363
-310
-311
-325
-224
-109
-68
26
112
135
176
168
65
-10
-67
-106
-109
-86
-85
-111
-96
-69
-16
73
142
179
254
304
341
288
235
189
126
162
175
202
203
198
90
-22
-96
-154
-120
-25
-3
24
-44
-180
-260
-376
-371
-304
-251
-210
-188
-278
-321
-365
-343
-224
-94
5
69
42
-12
-64
-131
-64
-13
-6
75
83
25
19
-38
-52
15
99
237
332
372
396
336
289
254
224
247
286
253
222
176
80
30
23
67
150
227
234
222
206
207
192
240
241
207
215
179
79
10
-60
-122
-90
-77
-107
-104
-138
-158
-118
-99
-69
-47
-52
-76
-117
-185
-218
-242
-243
-214
-225
-258
-295
-308
-286
-255
-203
-115
-57
-16
27
37
32
36
45
50
65
27
-36
-88
-106
-51
18
23
44
27
46
94
110
159
209
210
222
225
187
213
127
83
112
142
154
194
183
140
137
133
146
149
160
151
109
68
43
-37
-110
-115
-96
-97
-130
-169
-175
-196
-170
-117
-151
-119
-91
-119
-100
-137
-232
-307
-333
-383
-382
-418
-421
-417
-415
-363
-339
-298
-263
-215
-168
-119
-92
-52
-27
24
51
24
-10
-78
-73
-51
-83
-68
-6
38
98
178
256
277
302
325
328
363
394
438
437
439
411
364
328
275
265
266
262
336
397
403
393
333
215
135
71
54
77
100
98
51
-43
-123
-172
-227
-169
-94
-28
7
-26
-109
-161
-236
-272
-236
-229
-200
-207
-247
-303
-376
-380
-360
-352
-294
-211
-195
-165
-156
-178
-126
-116
-115
-86
-70
-61
-84
-80
-50
-38
-20
11
31
87
165
220
315
402
379
399
420
343
319
287
204
181
199
198
168
167
155
169
230
265
344
366
345
311
247
167
158
118
70
79
6
-74
-100
-155
-216
-210
-211
-253
-259
-259
-327
-324
-369
-455
-409
-388
-393
-340
-333
-354
-332
-329
-295
-296
-311
-306
-337
-328
-252
-180
-169
-153
-165
-206
-210
-230
-249
-226
-176
-118
-88
-74
-61
-3
99
175
306
369
369
377
319
274
271
234
201
256
285
267
207
165
125
121
180
273
390
463
432
429
365
263
233
210
238
275
294
289
226
128
30
-61
-139
-167
-201
-209
-179
-243
-268
-274
-303
-281
-248
-150
-60
-31
-35
-43
-75
-99
-89
-114
-118
-151
-155
-110
-132
-147
-140
-180
-179
-166
-188
-139
-91
-62
-8
15
37
76
83
136
212
231
234
263
258
254
206
159
141
132
116
80
32
-30
-50
-29
39
108
196
254
308
355
326
314
287
253
291
266
215
154
79
-18
-81
-125
-190
-237
-282
-343
-367
-399
-455
-452
-409
-383
-263
-160
-102
-59
-88
-75
-111
-166
-183
-166
-182
-188
-226
-278
-330
-338
-319
-260
-166
-121
-74
-48
-54
-81
-90
-42
40
127
209
293
299
281
282
261
233
232
237
231
208
168
98
33
33
18
23
60
72
86
155
182
187
193
187
189
204
201
180
127
58
-19
-30
-30
-115
-156
-194
-256
-302
-315
-379
-374
-333
-313
-246
-157
-117
-114
-73
-47
6
33
79
97
96
80
24
-11
-52
-69
-73
-36
-33
-46
-4
19
45
83
122
145
223
291
327
358
393
369
351
349
331
340
323
298
280
249
191
127
84
27
10
-21
-34
16
15
-15
-13
-41
-54
-33
-27
2
21
-6
-82
-141
-220
-276
-247
-241
-228
-219
-295
-388
-462
-509
-496
-466
-347
-282
-255
-204
-212
-250
-257
-244
-182
-97
-92
-91
-79
-117
-137
-104
-61
-15
80
131
119
145
147
148
152
186
248
294
300
295
313
295
280
283
306
349
385
365
345
304
249
198
136
125
114
92
65
48
19
-16
-48
-17
-21
-34
-62
-57
-75
-112
-113
-167
-176
-155
-164
-199
-201
-270
-325
-352
-379
-358
-354
-337
-315
-273
-276
-275
-281
-270
-277
-257
-203
-171
-170
-151
-137
-165
-117
-96
-36
49
113
153
208
228
207
211
228
257
321
364
349
370
351
300
297
309
306
337
377
404
421
431
400
379
358
324
286
259
241
223
200
156
126
84
23
25
39
-8
-12
8
-38
-76
-84
-129
-143
-169
-187
-180
-198
-203
-180
-202
-235
-245
-267
-268
-269
-269
-279
-290
-303
-305
-325
-361
-378
-355
-330
-280
-211
-137
-84
-78
-66
-44
-28
-6
41
77
73
85
112
84
82
103
75
97
133
115
152
200
203
177
157
170
144
138
192
154
127
146
115
68
66
54
60
62
29
41
2
-54
-97
-128
-169
-131
-99
-110
-80
-110
-128
-144
-151
-125
-107
-117
-103
-131
-157
-195
-232
-265
-299
-281
-273
-277
-246
-211
-192
-196
-177
-120
-73
-32
17
59
88
92
87
97
134
154
178
195
181
189
185
186
179
193
211
162
152
181
186
201
214
226
230
226
240
254
246
210
200
200
188
173
177
138
93
75
55
60
88
52
41
53
10
-15
-11
-33
15
43
27
53
21
-13
12
-19
-49
-37
-98
-145
-165
-196
-211
-223
-242
-191
-238
-235
-172
-182
-173
-119
-81
-26
8
-14
2
-5
-15
-24
-19
17
11
11
10
-16
-40
-22
-30
25
51
23
45
42
47
57
43
35
24
12
24
42
61
101
105
75
86
57
31
36
1
-28
-39
-53
-88
-96
-104
-140
-116
-108
-88
-43
-18
-24
-35
-47
-74
-84
-91
-132
-146
-162
-188
-196
-178
-184
-196
-220
-207
-200
-147
-75
-54
-15
6
50
54
81
90
87
79
66
62
71
46
24
53
65
93
126
147
160
177
147
81
102
121
100
157
189
144
133
111
49
79
86
55
57
-12
-47
-65
-96
-86
-56
-55
-42
-7
11
41
43
38
38
16
6
27
57
63
85
99
64
24
-29
-66
-93
-72
-76
-93
-71
-76
-51
-44
-38
-26
5
32
70
65
60
62
47
36
24
30
56
40
41
53
-9
-56
-70
-80
-51
-25
-28
10
42
51
36
19
47
54
43
84
73
16
4
-19
-29
7
16
33
42
27
52
16
1
19
3
7
22
11
15
32
10
24
20
35
44
30
34
35
34
43
26
24
50
39
-10
-50
-91
-107
-122
-127
-118
-115
-120
-132
-117
-89
-87
-80
-69
-87
-80
-46
-54
-54
-57
-78
-101
-121
-119
-126
-93
-97
-108
-101
-96
-76
-60
6
34
27
34
8
-15
-33
-29
-39
-46
-30
-40
-51
-30
-29
-25
-8
-6
18
55
71
73
96
99
108
104
88
82
62
42
61
64
75
113
125
117
108
100
95
115
139
126
138
115
74
67
50
0
11
36
13
45
52
44
60
25
-27
26
-6
-24
39
-24
-34
-46
-94
-81
-67
-83
-37
-24
-55
-40
-43
-91
-86
-88
-103
-56
-40
-59
-52
-48
-54
-64
-52
-39
-49
-36
-28
-65
-32
-29
-59
-7
-8
14
50
44
72
121
125
144
171
157
132
136
132
125
123
129
112
116
140
126
131
113
83
65
63
33
25
8
-25
6
-27
-36
-46
-87
-66
-80
-102
-63
-50
-77
-81
-108
-169
-163
-160
-148
-98
-105
-123
-130
-165
-173
-141
-142
-131
-100
-105
-112
-122
-111
-94
-92
-69
-66
-69
-66
-46
-44
-28
-15
-61
-69
-37
-32
-7
32
28
23
33
56
73
91
105
145
185
188
208
172
120
117
87
68
93
82
79
75
46
23
3
2
45
54
62
43
0
-1
-15
12
22
2
26
20
-2
19
-3
-49
-28
-34
-39
-3
-32
-30
-18
-66
-35
3
12
47
74
86
77
37
9
-7
20
56
48
40
54
31
16
31
-6
1
26
8
16
30
8
-20
-32
-22
-13
7
44
46
37
29
8
-29
-20
10
9
22
17
-1
4
15
-12
-26
-58
-51
-49
-51
-42
-39
-50
-77
-76
-73
-71
-37
-18
-12
-2
-41
-45
-33
-65
-79
-51
-84
-53
0
15
20
31
-1
-3
11
2
11
17
19
-2
-27
-27
-6
10
37
33
19
-6
-31
-43
-44
-47
-39
-29
-17
23
29
28
13
-11
-2
17
28
19
25
4
-20
-17
-37
-40
-27
-29
-26
-2
-10
-18
-9
-39
-53
-3
10
4
40
38
-2
-4
-32
-7
17
-7
-16
-20
-21
-11
1
17
44
22
34
55
31
51
45
45
91
85
68
64
43
35
64
66
95
104
80
64
48
20
23
24
14
45
54
54
36
12
-2
-11
20
28
43
31
14
6
3
-14
-28
-29
-34
-42
-8
-11
-53
-47
-46
-85
-88
-81
-93
-60
-47
-47
-54
-48
-74
-65
-62
-56
-48
-68
-66
-61
-48
-15
3
-9
7
-23
-46
-34
-46
-61
-64
-54
-33
1
0
-6
14
7
27
51
89
108
97
94
95
49
21
43
19
18
31
7
-2
22
15
-22
15
0
14
61
51
41
13
-22
-29
-25
-18
-35
-37
-35
-29
-30
-32
-34
-11
10
7
39
18
-9
-41
-42
-67
-88
-70
-81
-54
-34
-39
-26
-20
-34
-3
8
-19
-29
-44
-48
-59
-37
-17
21
39
16
43
21
17
43
72
109
150
153
152
160
134
146
161
156
159
145
86
74
69
67
90
102
109
147
134
112
120
102
95
76
71
61
38
20
-11
-39
-75
-56
-58
-93
-85
-91
-103
-83
-108
-95
-71
-110
-111
-114
-147
-161
-159
-174
-165
-169
-156
-136
-160
-179
-156
-156
-145
-135
-118
-109
-99
-116
-146
-134
-134
-107
-105
-89
-56
-54
-46
1
36
8
22
37
22
47
70
35
33
36
32
70
102
107
123
128
127
112
89
101
82
50
66
68
52
59
64
60
60
26
4
13
-8
15
28
23
26
26
24
20
0
-12
-27
-36
-39
-35
-17
-14
-10
-21
-9
10
5
31
21
32
31
26
30
32
37
22
27
26
5
2
38
35
85
104
84
102
107
85
96
61
45
83
62
77
110
103
86
101
79
79
92
99
89
68
43
25
16
22
30
19
28
25
3
-5
-18
-27
-22
-6
-23
-46
-60
-54
-72
-81
-78
-102
-88
-93
-97
-102
-101
-117
-126
-87
-76
-81
-91
-113
-119
-117
-132
-113
-86
-88
-95
-104
-103
-79
-80
-80
-70
-88
-95
-102
-79
-65
-68
-71
-65
-63
-47
-42
-34
-12
-21
8
2
-9
25
37
21
56
75
37
73
71
58
77
44
53
63
59
77
81
66
65
59
79
77
48
60
54
45
55
46
40
66
58
52
72
55
46
62
37
0
-10
-49
-59
-61
-56
-43
-49
-50
-51
-45
-32
-1
-5
4
10
19
4
-2
-19
-53
-44
-32
-13
12
3
-9
-13
-16
-3
32
39
23
44
80
67
67
83
77
86
93
87
86
81
79
105
98
86
94
81
56
90
83
45
35
18
-1
-7
20
23
21
29
48
51
32
35
14
22
0
-34
-30
-56
-65
-76
-102
-107
-102
-111
-105
-86
-85
-95
-67
-58
-72
-51
-47
-36
-47
-31
-42
-60
-61
-55
-89
-102
-95
-105
-95
-69
-89
-84
-83
-128
-111
-93
-64
-45
-24
-45
-65
-62
-66
-52
-8
19
25
19
5
5
5
-15
-23
-2
26
34
51
34
37
37
37
30
44
62
51
96
96
107
109
91
69
75
87
71
73
91
90
72
41
24
10
24
36
39
47
2
-25
-8
-35
-26
2
-9
-7
6
7
-6
3
-28
-57
-50
-67
-49
-59
-79
-70
-98
-87
-90
-93
-46
-1
18
42
46
50
78
90
76
74
106
176
132
34
0
-18
-93
-101
-44
-12
33
87
106
89
162
159
109
81
46
56
48
40
82
102
93
88
84
59
45
26
19
46
38
-2
-16
-26
-58
-55
-89
-120
-103
-97
-91
-45
-37
-55
-44
-62
-76
-75
-97
-116
-108
-93
-100
-91
-93
-81
-55
-52
-39
-33
-22
-19
7
-5
-13
-11
-6
-1
1
35
21
24
43
30
7
26
-7
-21
-1
-33
-41
-37
-51
-43
-20
-17
-5
-9
-3
8
31
34
10
-8
-23
-29
-33
-21
-37
-47
-28
-12
1
20
2
7
8
11
8
0
13
9
9
38
38
50
44
32
29
18
9
11
28
16
38
34
22
11
-20
-25
-15
-17
-32
-17
-21
-18
-17
-34
-15
16
8
24
62
41
19
26
-1
-12
5
10
-6
-3
-3
-22
-33
-3
35
35
38
31
31
19
43
49
39
31
40
22
10
47
34
13
39
29
9
27
12
11
6
-3
6
9
-8
4
-14
-17
-13
-26
-18
10
-5
-12
-6
-37
-27
-3
-1
-5
-7
-29
-12
1
10
34
44
43
52
46
33
16
5
19
21
14
43
62
68
88
94
84
70
77
79
72
54
64
50
26
12
13
29
12
0
2
-6
-15
-40
-65
-72
-73
-90
-97
-73
-60
-63
-53
-65
-101
-137
-127
-140
-162
-136
-122
-138
-122
-104
-109
-101
-94
-113
-108
-98
-90
-58
-90
-109
-111
-108
-85
-79
-62
-47
-37
-17
12
28
-12
-11
-5
-7
15
13
26
31
43
51
27
43
51
77
99
106
109
99
82
82
63
47
73
74
88
114
109
107
90
74
71
76
118
115
91
94
69
26
14
18
10
7
-4
-17
-11
-36
-20
6
-26
-20
1
-11
-7
8
-1
-9
-20
-40
-41
-45
-55
-38
-71
-72
-44
-36
-41
-21
20
12
1
46
49
61
76
58
71
89
36
46
97
84
94
106
99
92
113
112
134
100
70
58
35
56
54
50
39
28
40
69
75
60
85
51
22
14
-14
-32
-28
-78
-102
-123
-128
-119
-126
-115
-101
-100
-124
-122
-82
-94
-104
-118
-142
-141
-157
-183
-167
-177
-159
-145
-135
-135
-119
-110
-137
-110
-77
-51
-26
-24
-28
10
22
29
29
17
9
6
-7
1
11
7
21
23
28
44
63
70
87
110
131
150
132
119
96
73
59
60
45
37
65
55
26
40
19
0
12
36
35
42
53
43
42
38
30
0
-14
-25
-47
-56
-89
-94
-59
-50
-34
-8
-15
-39
-9
-5
9
52
45
-10
-37
-57
-71
-75
-75
-44
-47
-23
-9
-46
-32
-2
3
50
73
66
66
58
46
51
25
6
33
6
7
29
28
48
82
65
83
73
52
87
78
59
45
18
29
41
42
48
55
58
58
69
50
33
28
9
1
2
-5
-12
-8
2
33
7
-21
-1
-42
-28
-2
-19
-47
-22
-34
-15
31
68
58
637
1286
875
-386
-1465
-1432
-889
-573
-580
-319
111
324
252
324
211
-394
-965
-826
-46
473
507
221
119
125
45
-83
12
236
575
859
679
254
37
-281
-352
-137
297
518
239
18
-246
-312
-521
-689
-573
-309
-145
28
91
60
-137
-96
120
83
49
-33
98
189
76
-105
31
558
695
377
359
218
-217
-457
-593
-404
-326
-294
-206
106
300
9
-473
-521
-446
-238
178
446
415
257
165
32
3
69
151
206
546
728
583
442
232
-118
-234
-122
-40
-31
78
175
226
173
-169
-363
-255
-317
-363
-29
269
111
-186
-69
80
-97
-166
-89
30
119
22
-48
175
170
-26
-85
-49
-28
-85
-140
-212
-91
-6
-227
-351
-92
59
-111
-415
-359
-41
-90
-274
-63
305
283
-74
-81
105
-12
-246
-305
57
371
320
122
121
100
-108
-280
-192
-34
57
132
182
305
330
-11
-265
-276
-222
-50
244
448
425
357
252
27
-189
-387
-318
37
163
350
574
421
53
-298
-387
-317
-315
-222
135
399
337
191
111
-119
-398
-499
-352
-25
139
127
118
179
117
-118
-185
-160
-138
-66
44
185
213
91
-82
-117
-103
-193
-250
-174
13
95
89
51
6
64
23
-150
-117
32
73
107
171
162
148
46
-35
15
-3
-23
-3
96
211
242
122
-6
18
47
-17
4
190
199
57
-11
10
36
-27
-134
-41
147
119
-19
-31
18
-35
-118
-57
48
8
-85
-71
-14
-26
-94
-106
-11
-11
-22
25
29
-58
-127
-108
-48
-79
-158
-134
-81
-130
-141
-136
-122
-116
-92
-23
-21
-65
-117
-126
-137
-95
-73
-48
30
99
105
148
101
3
18
36
56
116
161
98
59
56
39
70
78
39
-11
10
73
70
15
7
23
47
70
42
11
43
12
-35
59
116
138
148
117
62
-19
-13
29
54
37
12
9
-63
-152
-134
-57
-49
-67
-15
58
2
-89
-108
-59
-56
-82
-55
-2
1
-64
-142
-149
-149
-153
-96
-33
-5
-11
6
19
-12
-52
-38
-67
-81
5
32
-18
5
54
72
103
57
-2
-14
-16
-35
-37
18
29
51
144
140
27
-53
-104
-129
-116
-26
76
139
149
102
99
81
47
46
126
185
161
122
56
57
82
17
-58
-52
-10
14
81
49
-83
-88
-30
0
31
116
193
200
198
113
-25
-145
-229
-218
-92
41
96
119
115
43
-22
-91
-186
-237
-150
8
127
195
202
144
17
-93
-233
-254
-113
49
138
157
115
-5
-116
-180
-185
-202
-190
-89
25
14
-27
-46
-99
-122
-97
-2
65
17
23
110
195
190
118
18
-104
-184
-178
-111
-84
-18
42
17
-14
-25
-74
-65
-35
-9
60
104
114
171
170
129
47
-66
-77
-53
-2
51
86
70
76
104
91
-27
-111
-80
-82
-58
-29
6
6
-52
-114
-69
-54
-116
-146
-104
-44
-44
-60
-21
37
10
-28
-87
-124
-98
-34
32
63
6
-65
-50
-2
14
-12
-38
-55
-22
33
40
28
27
6
-2
73
109
115
90
57
62
48
64
59
29
57
55
74
113
48
17
92
105
110
59
-21
13
-13
-101
-116
-97
-17
85
156
210
190
59
-45
-79
-81
-103
-156
-107
23
83
101
44
-81
-175
-146
-3
116
142
93
80
76
78
45
-39
-119
-143
-86
10
84
103
86
88
108
38
22
49
7
12
46
19
24
36
66
103
31
-65
-116
-114
-71
-19
49
81
45
-20
-33
-59
-131
-158
-128
-44
52
118
106
46
-40
-110
-116
-88
-44
-26
12
-13
-59
-46
-89
-108
-83
-52
10
30
-1
-35
-69
-117
-137
-121
-67
19
85
113
71
-1
-74
-86
-19
40
60
87
78
53
28
-30
-82
-123
-133
-87
-15
49
84
68
9
-35
-53
-57
-25
-50
-3
39
-1
17
-25
-122
-134
-114
-91
12
84
83
72
22
-49
-102
-137
-130
-85
25
111
120
91
47
-74
-201
-168
-118
-39
87
137
160
171
109
43
-17
-39
-19
26
65
119
152
94
54
7
-23
-41
-47
-23
45
91
100
112
131
139
94
25
10
23
40
64
94
132
129
118
133
105
19
-41
-22
24
86
148
121
22
-37
-72
-69
-13
32
32
77
145
99
34
-17
-80
-91
-34
15
33
24
-31
-52
-74
-112
-112
-80
-59
-6
40
33
-10
-59
-92
-107
-66
-46
-2
28
24
52
40
-36
-103
-116
-115
-66
-32
-14
-17
-73
-90
-81
-80
-39
5
10
19
20
3
4
-36
-99
-80
-48
-72
-9
66
84
97
54
8
-15
-46
-48
-11
-3
-19
3
11
-6
-27
-56
-104
-124
-103
-56
11
9
20
53
30
1
4
-41
-53
-37
-61
-28
-7
-35
-61
-68
-82
-99
-98
-77
-38
19
32
-5
-44
-42
-33
-61
-74
-69
-82
-65
-23
-21
-8
-10
-44
-40
-18
-7
55
102
134
176
193
128
33
-8
-60
-51
-10
20
58
127
160
158
146
83
-3
-8
63
94
159
206
191
189
176
130
92
98
92
115
177
172
171
170
115
33
11
5
-28
-18
8
3
2
16
9
2
-29
-74
-65
-32
-17
25
38
5
-12
-38
-67
-95
-104
-98
-96
-74
-73
-59
-34
-32
-61
-110
-151
-163
-137
-124
-103
-80
-63
-55
-52
-44
-30
-30
-44
-35
-3
31
32
2
10
3
-37
-53
-53
-33
26
76
112
113
66
38
3
-36
-60
-81
-73
-18
34
48
27
-7
-35
-42
-18
-19
-9
10
27
21
17
6
-44
-76
-83
-96
-64
-17
-2
19
20
-36
-75
-78
-98
-93
-62
-59
-54
-30
-27
-21
-19
-5
-13
-57
-53
-21
13
49
57
44
51
13
-30
-10
-5
-18
22
49
60
55
22
0
-9
-7
-3
32
72
103
141
130
83
35
-36
-65
-42
-7
23
62
98
126
111
72
52
33
23
38
67
98
110
96
86
76
51
39
41
43
50
51
41
34
6
-11
-47
-59
-37
-27
9
13
2
33
32
9
15
-10
-32
-25
-40
-46
-46
-65
-73
-44
-52
-49
-38
-51
-25
-18
-8
-2
-37
-50
-20
-34
-53
-25
-4
-11
2
-8
-43
-27
-19
-10
27
36
22
26
-2
-39
-40
-46
-33
5
21
40
50
48
38
28
14
22
31
28
22
-10
-25
-26
-47
-59
-54
-55
-51
-11
-7
-12
-16
-56
-54
-57
-62
-37
-16
-15
-13
-19
-16
-5
-27
-36
-12
-24
-15
-8
-24
-19
-7
-16
-34
-34
2
31
39
64
64
27
3
-26
-33
-2
12
11
33
39
29
13
-9
-17
-18
-4
-6
11
22
8
-3
-10
-11
5
8
12
28
30
34
22
4
-1
-2
-18
-27
-36
-40
-32
-11
17
43
74
69
54
35
5
12
11
-5
8
37
50
62
68
51
38
44
33
53
70
48
48
34
12
11
12
-10
19
8
4
39
32
21
25
11
15
6
-26
-13
-24
-54
-48
-49
-60
-56
-32
-17
-26
-6
20
15
4
-5
-26
-35
-32
-47
-49
-46
-44
-26
-16
-7
-9
-29
-30
-25
-37
-37
-37
-36
-40
-35
-12
-25
-36
-20
-24
-16
14
8
-2
-2
-19
-6
13
-2
-4
-16
-25
14
23
14
23
15
23
39
30
28
25
15
7
-2
7
5
0
27
30
20
38
28
15
37
27
27
47
37
34
31
-2
-2
13
14
23
28
7
-11
-31
-44
-30
-7
3
4
8
-12
-23
-45
-41
-41
-47
-30
-10
-16
-14
-12
-16
-17
-31
-43
-42
-27
-19
-5
-4
-9
-23
-17
-15
-9
12
11
18
40
31
27
31
21
6
16
23
35
43
39
45
46
31
29
26
18
26
20
20
19
16
10
13
20
27
22
-2
-5
-4
3
9
19
21
15
6
2
6
-8
-17
-21
-18
-25
-22
-17
-31
-34
-41
-56
-59
-57
-49
-33
-36
-37
-21
-30
-31
-13
-21
-26
-33
-31
-35
-21
-7
-7
-3
-12
-12
-2
6
-2
-8
-14
-2
-5
-10
1
4
4
15
5
-7
6
-3
19
38
18
4
9
-9
-5
7
7
16
30
29
33
41
39
22
12
13
-5
-9
-6
-10
16
30
24
37
39
33
42
33
14
4
-7
0
11
15
7
8
-1
-8
1
1
8
16
21
33
25
7
8
0
-9
6
3
0
11
6
-4
-4
-3
5
10
-2
-10
0
6
-1
2
9
7
-6
-6
-1
-6
-1
-1
-7
7
6
-1
9
4
-4
4
-1
4
8
-1
-10
-10
-10
-22
-24
-13
-17
-18
-14
-29
-29
-19
-25
-24
-9
-9
-6
0
2
-4
-7
-21
-25
-25
-28
-20
-7
-10
-11
0
0
2
9
2
-3
-6
-22
-21
-6
-9
-6
-5
-9
-1
4
15
17
14
0
-7
-8
-13
-14
0
6
1
1
-5
-13
-17
-18
-12
-12
-6
-1
-4
3
3
6
-2
-5
1
2
0
-4
-4
-18
-19
-19
-13
-13
1
11
5
10
9
9
10
6
4
4
3
-10
-9
3
2
10
8
11
10
13
18
22
17
3
7
7
2
4
4
4
11
20
21
24
19
8
9
3
7
12
9
7
14
9
0
12
2
6
8
10
7
8
9
5
7
-10
-12
-9
5
5
8
8
7
6
14
14
7
13
2
-6
5
0
15
35
18
13
13
7
5
11
9
17
23
12
13
11
1
7
4
-3
11
10
8
17
8
8
9
-2
-3
4
9
4
-13
-18
-17
-21
-19
-9
-8
-11
-8
-14
-18
-12
-12
-13
-7
-14
-25
-21
-25
-22
-15
-14
-11
-3
-7
-9
0
-11
