SAMPLES:	8096
BITSPERSAMPLE:	16
CHANNELS:	1
SAMPLERATE:	16000
NORMALIZED:	FALSE
-16
-16
-16
-15
-14
-15
-14
-12
-12
-12
-11
-11
-11
-12
-11
-12
-13
-13
-15
-14
-15
-16
-18
-19
-20
-19
-16
-10
-10
-11
-11
-12
-13
-13
-12
-13
-12
-11
-9
-8
-6
-6
-4
-2
-1
2
2
2
-1
-1
-3
-3
-1
0
1
2
4
5
5
4
3
3
4
3
3
5
7
8
11
14
16
14
15
14
11
10
8
7
4
5
10
12
12
11
8
10
11
10
12
13
13
12
10
9
11
14
15
14
16
16
15
14
14
9
8
11
11
13
11
9
10
12
10
10
7
-1
-1
-1
2
4
3
4
0
-2
-4
-3
-3
-2
-2
-3
-4
-7
-11
-9
-7
-8
-6
-8
-11
-11
-11
-10
-8
-7
-10
-12
-7
-6
-4
-2
-7
-9
-6
-6
-7
-7
-9
-8
-9
-10
-9
-5
-4
-8
-10
-11
-13
-10
-8
-9
-10
-9
-12
-12
-12
-12
-12
-11
-7
-6
-8
-8
-13
-13
-16
-15
-10
-6
-6
-6
-7
-10
-13
-16
-13
-7
-3
0
-1
-2
-4
-3
3
7
5
8
8
7
9
12
11
11
16
20
22
23
24
22
18
17
14
21
22
23
21
15
15
15
15
13
12
13
13
12
14
12
3
6
8
8
13
14
6
2
2
1
5
3
3
3
4
0
-3
-4
-5
-2
7
7
1
-1
-3
-5
-2
2
4
6
2
4
3
3
1
-3
-4
-1
4
5
5
8
4
-3
0
1
0
2
2
0
-4
0
2
-1
3
-1
-5
-7
-5
-6
-1
-3
-6
-7
-6
-4
-2
-4
-10
-7
-14
-16
-5
-5
-8
-9
-13
-15
-9
-8
-10
-8
-9
-14
-12
-18
-19
-21
-25
-21
-16
-10
-5
-5
-12
-11
-11
-14
-13
-12
-14
-14
-12
-13
-10
-12
-13
-11
-7
-9
-8
-8
-14
-18
-17
-14
-13
-5
2
9
7
3
-3
-9
-8
-2
4
9
7
3
5
6
5
11
14
13
15
14
14
12
11
9
13
17
23
26
29
25
26
21
73
105
-19
-54
-60
-117
-41
9
40
27
82
0
-67
3
-51
13
81
0
2
27
-13
176
74
-43
-14
-74
-69
-8
37
37
112
165
-80
-57
-77
-155
95
-36
31
104
-34
-34
-36
-19
-36
53
117
34
85
1
-57
-41
2
30
65
25
38
14
-30
-16
4
18
12
58
-44
-22
-36
-33
32
-1
29
8
-3
-75
10
-34
-33
87
-46
-3
10
-50
-64
38
-14
-30
47
-71
-28
12
-111
-22
23
8
38
-18
-53
-79
-4
-47
-18
62
-18
61
-10
15
-8
-91
51
-87
48
40
-44
-12
-55
45
-61
-30
52
-19
-15
-33
-76
110
-40
-26
113
-52
-20
-114
22
2
31
100
-121
112
-31
-102
96
-9
61
37
0
64
5
-46
-62
38
41
18
103
43
-2
-6
-48
-84
-22
79
108
12
-66
24
-76
-110
72
74
144
-28
35
-40
-75
-32
-52
109
219
100
0
-96
-158
17
39
-43
-27
104
50
-119
-92
-157
7
178
-19
62
26
-119
-112
35
-70
30
70
-53
76
131
-105
-75
-27
19
194
15
-96
83
-5
-75
46
-62
0
140
-37
-65
38
-14
-43
5
-43
76
87
-108
88
-57
-82
-35
54
-32
95
136
-95
26
-142
-21
7
-48
129
0
39
-32
-52
-133
-33
141
-70
64
57
-58
-190
10
21
0
145
-78
68
54
-219
-137
-29
87
137
65
-115
-71
60
-141
-45
43
107
56
63
-38
-136
-152
-131
-33
95
291
-78
-45
6
-91
-81
29
9
163
147
-126
-231
-74
-9
90
241
139
77
-32
-284
-285
206
243
70
64
210
-62
-67
-140
-409
217
269
99
251
-57
-230
-48
-20
-161
254
323
182
10
-81
-177
-194
-51
88
216
451
244
-322
-395
-129
129
99
128
168
193
-5
-443
-449
17
273
190
181
156
109
-277
-474
-94
304
313
-202
178
264
-31
-232
-248
14
261
-25
-100
-26
-29
-57
-102
-53
134
266
-287
-361
146
124
-98
-208
35
385
-58
-419
-144
334
60
-177
83
81
41
-249
-162
58
68
-174
22
-42
-177
168
-172
-327
-6
155
181
-247
-345
-88
242
-124
-109
454
72
-28
-166
-243
1
151
-34
298
453
-252
-543
-276
-70
89
219
161
-5
-10
-1
-275
-383
114
328
67
-36
43
19
2
-117
7
38
212
2
29
92
-50
209
30
-79
-298
-52
92
-121
17
122
18
-99
-18
-177
-91
359
301
128
110
134
-405
-295
84
409
401
-135
18
320
104
-557
-333
410
681
12
-475
71
427
-141
-554
-14
622
322
-234
-471
103
399
-163
-84
378
309
46
-264
-200
-72
173
126
70
228
73
-86
-275
-406
133
462
-240
-90
480
369
-215
-652
-424
636
355
-515
-101
585
159
-588
-432
-40
448
558
-159
-355
145
125
-182
-594
-156
681
640
-340
-964
133
682
-291
-432
133
537
505
-264
-665
-244
119
154
-184
-212
342
210
-298
-751
-213
164
113
-188
-64
311
47
-235
-340
-364
57
258
28
-95
124
-159
-340
-22
-133
-53
24
146
-3
97
-237
-540
312
220
-151
-206
2
184
175
-41
-323
332
239
-168
-146
-106
48
334
266
-102
-46
-44
231
6
-468
38
196
392
5
-417
-4
555
184
-590
116
367
20
148
-93
-146
144
350
53
-117
112
131
217
-143
-156
-37
279
54
-451
115
239
118
-22
226
40
39
260
-353
-199
332
139
-116
214
-199
-283
537
-156
-676
401
826
-213
-662
52
280
46
-235
-204
598
323
-408
-487
-92
185
37
-109
-161
182
445
-238
-833
-54
656
311
-189
-146
220
68
-451
-468
59
287
46
-179
-75
258
49
-563
-325
242
271
40
-393
-324
279
139
-335
-484
16
354
256
-351
-116
320
-187
-545
-513
101
717
349
-606
-143
286
191
-233
-808
-331
744
588
-239
-489
-93
267
333
-210
-333
248
540
247
-355
-242
-46
-132
191
533
32
-107
-89
14
448
122
-165
305
159
-564
60
730
170
-357
-275
196
304
93
-354
-209
559
775
-111
-606
-132
119
453
143
-516
24
330
-171
8
146
-351
-111
747
-10
-329
96
-124
103
152
-301
-90
475
220
-499
-335
141
445
-99
-336
496
647
-180
-528
-602
-230
861
222
-134
-127
34
61
-424
-499
-161
374
434
261
169
-524
-250
-116
-149
97
-55
751
541
-452
-399
80
-274
-191
61
33
595
698
-634
-979
-242
118
94
101
73
691
575
-842
-972
-115
290
243
590
70
-271
31
76
-709
-358
797
335
91
-237
-376
-228
-128
-124
-59
361
365
-44
-389
-513
110
517
56
-467
-112
415
23
-571
-231
558
431
-433
-456
118
304
-538
-582
380
507
145
-462
-679
-91
654
250
-726
-573
535
659
-761
-860
712
1146
-223
-806
-44
629
634
-510
-974
554
1064
112
-1072
-632
1057
985
-619
-1482
115
1290
436
-1041
-992
470
887
-453
-1104
-125
1249
1002
-439
-975
33
842
10
-889
-472
985
1642
0
-1721
-694
952
771
-615
-849
470
1346
468
-1617
-1346
1389
1768
240
-1024
-412
1237
948
-745
-1305
514
1844
809
-1031
-1058
576
1057
130
-499
-168
565
1183
190
-981
-505
311
845
570
-539
-637
528
591
-723
-869
64
1102
981
-604
-1572
-196
855
-196
-980
-279
721
924
-135
-1475
-1046
572
1099
-227
-812
-14
773
135
-856
-748
-563
291
572
-138
-93
-70
407
-270
-1385
-739
1178
1706
-307
-1351
-700
252
-15
-997
-604
988
1143
75
-770
-978
-118
569
187
-229
252
606
-15
-1219
-1098
-26
530
271
381
109
-536
-636
-720
-332
-207
708
1210
418
-974
-673
163
-55
-142
-144
672
771
355
-90
-491
117
402
51
-275
695
757
-394
-741
93
560
219
-111
-316
433
539
58
105
342
457
214
-162
-279
39
320
228
290
655
155
-439
-284
-3
155
-219
218
835
711
-506
-1039
-623
-53
130
-29
351
316
139
-697
-1009
-330
506
672
281
222
321
-45
-650
-643
46
510
539
343
165
102
-620
-1181
-380
345
338
505
368
48
-320
-1104
-823
457
835
584
336
-25
133
116
-901
-740
661
991
260
-98
-56
-128
-516
-630
-226
106
221
9
-239
-561
-625
-135
53
48
-145
-443
-429
-13
129
-483
-406
306
484
-151
-675
-488
101
441
191
248
387
578
-78
-673
-186
397
417
205
144
-46
75
-78
-344
-293
-156
536
893
438
-23
304
457
267
46
-124
203
934
845
156
7
177
586
462
103
81
268
574
427
-33
-312
49
-10
-508
-202
37
-53
-2
-367
-556
-18
-150
-510
-234
-172
-287
-211
-414
-750
-682
-357
102
29
-320
-550
-515
-472
-829
-782
-556
-213
19
-214
-552
-810
-733
-357
-81
26
-174
-172
112
-96
-458
-522
-378
58
515
363
299
490
415
258
261
506
736
673
498
581
1306
1501
1041
875
784
918
1124
1020
865
1100
1220
944
559
387
277
27
101
491
758
458
8
-600
-1093
-1219
-1298
-1196
-907
-342
-206
-621
-1380
-1767
-1759
-1559
-1027
-539
-270
-747
-1421
-1750
-1717
-1413
-861
-242
29
73
-227
-948
-1255
-878
-526
-160
13
317
585
87
-784
-986
146
1584
2416
2323
1902
1650
1253
1119
1269
1644
2268
2701
2458
1775
1352
967
737
809
1401
1936
1683
802
82
-166
-269
-402
-802
-941
-749
-561
-785
-1558
-2304
-2141
-1397
-1238
-1315
-990
-775
-976
-1285
-1572
-1635
-1477
-1220
-849
-815
-1111
-1347
-1833
-2106
-1683
-1129
-821
-428
-381
-616
-705
-803
-853
-632
-60
439
494
388
731
1389
2066
2387
2410
2254
2047
1885
1981
2448
2938
3071
2873
2504
1978
1404
1073
1228
1665
1809
1629
1198
399
-367
-973
-1160
-836
-278
-256
-754
-1302
-1552
-1796
-2045
-1935
-1399
-863
-641
-656
-985
-1224
-1325
-1245
-1214
-1312
-1403
-1484
-1420
-1418
-1574
-1699
-1603
-1813
-1930
-1541
-1041
-804
-742
-871
-904
-672
-597
-611
-44
1125
2196
2594
2062
1542
1409
1318
1459
1849
2703
3573
3793
3057
1841
874
694
1265
1869
2257
2201
1553
420
-657
-1360
-1487
-1249
-715
-289
-431
-1017
-1878
-2665
-2783
-1904
-810
11
153
-412
-1081
-1511
-1577
-1410
-1057
-500
-166
-496
-1229
-1863
-2012
-1792
-1292
-848
-919
-1232
-1635
-1775
-1664
-1376
-1021
-551
-161
-181
-355
-18
835
2025
3067
3321
2693
1712
1451
1763
2435
3370
4030
4126
3432
2214
1033
600
1083
1896
2425
2201
1419
326
-970
-2017
-2182
-1507
-602
-258
-555
-1311
-2180
-2816
-2850
-2210
-1091
163
533
-178
-1086
-1576
-1609
-1305
-741
-166
-34
-435
-1136
-1929
-2275
-2043
-1402
-815
-849
-1496
-2235
-2602
-2500
-1954
-1348
-963
-542
-297
-96
570
1623
2497
2864
2641
2187
2105
2193
2569
3256
3917
4327
3619
2172
1306
1143
1534
2229
2597
2202
1284
176
-1004
-1787
-2041
-1666
-835
-362
-820
-1781
-2683
-3175
-2874
-1889
-523
483
655
78
-810
-1364
-1375
-846
-5
575
525
-310
-1356
-2162
-2439
-2104
-1367
-606
-656
-1544
-2548
-2940
-2545
-1948
-1493
-899
-497
-284
87
864
1968
2664
2646
2123
1951
2343
2904
3406
4026
4539
4320
3175
1902
1284
1367
1947
2490
2512
1801
590
-760
-1805
-2123
-1777
-1241
-906
-1078
-1822
-2790
-3491
-3328
-2463
-1337
-249
235
-13
-632
-1280
-1465
-1040
-203
467
565
-51
-1008
-1780
-2292
-2335
-1873
-1321
-1265
-1859
-2681
-3029
-2795
-2120
-1493
-1201
-1272
-971
45
1348
2299
2519
2363
1947
1916
2293
3128
4040
4646
4795
4113
2967
2065
1791
2034
2540
2725
2248
1202
102
-953
-1658
-1974
-1739
-1200
-939
-1442
-2490
-3348
-3445
-2767
-1807
-886
-265
50
-46
-474
-862
-829
-333
236
402
213
-199
-836
-1505
-1943
-1753
-1196
-1068
-1610
-2514
-3038
-2800
-2340
-2062
-1784
-1463
-972
-80
1283
2281
2401
1966
1480
1721
2523
3555
4377
4810
4813
4151
3005
2171
2243
2920
3286
2829
1916
806
-221
-1088
-1609
-1650
-1382
-1075
-1256
-2034
-3032
-3763
-3773
-2895
-1715
-841
-597
-639
-760
-843
-622
-241
63
174
61
-93
-381
-840
-1294
-1465
-1382
-1231
-1356
-1933
-2639
-3047
-2793
-2235
-1881
-1885
-2016
-1627
-355
1377
2657
2798
2293
1679
1574
2028
3190
4636
5521
5426
4174
2681
1878
2094
2855
3485
3385
2400
829
-711
-1652
-1942
-1627
-1052
-722
-1071
-2130
-3457
-4229
-3996
-2877
-1293
-188
-117
-645
-1138
-1079
-458
150
539
635
534
83
-654
-1288
-1505
-1272
-981
-948
-1421
-2423
-3355
-3540
-2966
-2158
-1707
-1793
-2103
-1702
-391
1242
2292
2401
1985
1725
1883
2491
3343
4236
5011
4926
3980
2758
2005
2059
2664
2978
2598
1548
143
-1116
-1942
-2196
-1900
-1557
-1557
-2034
-2833
-3644
-3993
-3624
-2571
-1236
-467
-424
-727
-722
-210
470
819
966
924
631
249
-148
-445
-674
-689
-632
-802
-1395
-2354
-3060
-2949
-2261
-1612
-1476
-1747
-1626
-383
1353
2446
2484
1966
1626
1926
2667
3567
4520
5203
5065
4053
2759
2051
2446
3218
3445
2652
1238
-325
-1572
-2278
-2377
-2022
-1672
-1860
-2644
-3531
-4265
-4533
-4018
-2726
-1400
-747
-816
-1274
-1451
-826
371
1347
1630
1331
678
101
-194
-405
-433
-293
-80
-256
-1133
-2414
-3312
-3235
-2275
-1255
-1097
-1623
-1570
-381
1317
2256
2009
1553
1690
2381
3185
3920
4608
5115
4989
4030
2845
2550
3001
3456
3274
2433
1179
-340
-1751
-2458
-2413
-2097
-2071
-2626
-3530
-4326
-4694
-4748
-4269
-3143
-1807
-971
-1101
-1646
-1667
-795
459
1266
1305
1001
665
359
29
-249
-231
-89
-121
-420
-1164
-2163
-2897
-2864
-2016
-1193
-1266
-1972
-1816
-317
1571
2306
1962
1559
1611
2333
3212
4175
5142
5591
5210
4092
3113
3069
3554
3901
3643
2771
1445
-233
-1560
-2125
-1934
-1645
-1903
-2718
-3678
-4339
-4744
-4813
-4136
-2872
-1871
-1460
-1744
-2179
-1867
-657
721
1431
1315
757
304
48
-66
82
290
333
149
-542
-1668
-2811
-3154
-2622
-1725
-1108
-1446
-1757
-1042
383
1440
1580
1500
1694
2229
2924
3645
4483
5059
4925
4112
3480
3604
4149
4345
3935
3056
1792
306
-889
-1518
-1690
-1612
-1966
-2747
-3622
-4332
-4820
-5000
-4544
-3587
-2660
-2260
-2406
-2563
-2271
-1325
-84
867
1161
954
612
438
396
330
297
206
114
-73
-717
-1644
-2370
-2559
-2161
-1540
-1630
-2010
-1382
89
1359
1512
1092
918
1450
2428
3482
4574
5320
5182
4191
3093
2971
3955
4814
4832
3920
2517
920
-518
-1286
-1300
-1018
-1248
-2155
-3385
-4312
-4764
-4960
-4878
-4188
-3233
-2611
-2556
-2928
-3011
-2213
-815
427
885
598
225
212
477
720
875
797
471
148
-354
-1093
-1789
-1946
-1550
-1133
-1258
-1780
-1525
-241
1210
1626
1239
936
1212
1950
2854
4015
5053
5299
4550
3373
2986
3751
4678
5000
4410
3152
1637
191
-622
-711
-353
-637
-1861
-3256
-4222
-4579
-4672
-4551
-4169
-3608
-3314
-3343
-3382
-3061
-2379
-1306
-339
162
263
116
-15
145
550
808
745
313
-57
-324
-760
-1317
-1605
-1452
-1114
-1154
-1750
-1563
-247
1236
1621
892
370
716
1732
2767
3684
4615
4991
4505
3321
2635
3427
4713
5369
4888
3515
1959
444
-405
-397
32
97
-1035
-2724
-4117
-4648
-4518
-4268
-3927
-3677
-3737
-3875
-4019
-3781
-3055
-2057
-1134
-767
-818
-967
-929
-431
251
626
516
-12
-352
-408
-625
-1084
-1419
-1315
-1104
-1151
-1610
-1467
-65
1505
1824
1020
436
646
1474
2445
3551
4529
4805
4168
3137
2823
3711
4897
5377
4942
3914
2581
1134
243
163
513
551
-331
-1734
-3027
-3899
-4219
-3948
-3391
-3121
-3315
-3815
-3950
-3471
-2624
-1795
-1286
-1156
-1261
-1308
-1058
-517
-53
2
-313
-626
-619
-348
-467
-973
-1483
-1483
-1176
-1106
-1561
-1271
199
1648
1886
955
277
442
1473
2618
3775
4630
4620
3696
2635
2573
3783
5092
5426
4694
3486
2352
1265
689
780
894
548
-570
-1900
-2827
-3321
-3518
-3557
-3221
-2949
-3137
-3679
-3939
-3471
-2530
-1645
-1232
-1441
-1745
-1786
-1370
-641
8
-10
-729
-1346
-1431
-1025
-779
-1016
-1456
-1624
-1606
-1634
-1750
-1064
534
1789
1540
391
-64
435
1602
2679
3607
4265
4085
3135
2298
2589
4020
5244
5127
3943
2649
1729
1229
1239
1344
990
95
-1119
-2030
-2327
-2447
-2877
-3404
-3483
-3258
-3121
-3217
-3310
-2985
-2200
-1519
-1265
-1553
-1763
-1483
-804
-102
42
-530
-1276
-1613
-1193
-408
-301
-996
-1741
-1887
-1464
-1169
-1074
-253
1046
1801
1237
468
506
1247
2253
2990
3700
4104
3711
2890
2403
3031
4348
5103
4754
3549
2433
1674
1268
1280
1322
870
-263
-1612
-2343
-2423
-2429
-2669
-3216
-3498
-3360
-3069
-2988
-3016
-2758
-2167
-1458
-1223
-1520
-1668
-1433
-867
-279
-78
-352
-942
-1281
-1020
-518
-538
-1162
-1812
-1909
-1505
-1239
-1148
-346
807
1376
859
210
556
1570
2477
2884
3352
3821
3669
2948
2534
3117
4373
4917
4368
3222
2195
1575
1264
1349
1265
589
-566
-1782
-2451
-2592
-2721
-3117
-3663
-3797
-3544
-3253
-3117
-3118
-3040
-2612
-1969
-1475
-1408
-1461
-1312
-933
-549
-591
-940
-1249
-1213
-739
-294
-572
-1386
-1925
-1860
-1197
-837
-670
156
1097
1389
725
455
922
1925
2769
3246
3768
4088
3724
2981
2789
3678
4906
5152
4397
3316
2534
1963
1727
1645
1344
528
-617
-1598
-1951
-1933
-2189
-2857
-3574
-3783
-3674
-3372
-2998
-2818
-2838
-2719
-2320
-1844
-1565
-1387
-1188
-890
-565
-572
-1023
-1323
-1163
-627
-452
-968
-1717
-2075
-1702
-1004
-763
-489
403
1120
1072
440
514
1296
2266
2677
2886
3441
3748
3527
3007
3071
4029
4928
4801
3913
2909
2321
1960
1846
1851
1387
296
-994
-1716
-1819
-1837
-2310
-3144
-3741
-3817
-3597
-3262
-3027
-2982
-3042
-2880
-2377
-1895
-1706
-1644
-1422
-1043
-810
-927
-1304
-1508
-1154
-552
-457
-1104
-1817
-2013
-1613
-971
-662
-106
736
1198
932
297
537
1438
2512
2894
3070
3510
3657
3295
2849
3186
4272
5005
4676
3696
2731
2294
2111
2123
1953
1281
162
-1025
-1542
-1465
-1499
-2162
-3125
-3756
-3749
-3393
-2953
-2633
-2689
-2945
-3003
-2667
-2062
-1596
-1402
-1304
-1147
-1132
-1419
-1684
-1598
-1042
-521
-760
-1555
-2198
-2175
-1696
-1125
-925
-282
658
1091
762
275
709
1570
2354
2679
3149
3687
3763
3269
2865
3244
4332
4954
4561
3515
2660
2287
2098
2038
1822
1168
107
-843
-1161
-1085
-1360
-2231
-3314
-3716
-3392
-2931
-2618
-2718
-2997
-3000
-2669
-2083
-1654
-1578
-1576
-1427
-1143
-1110
-1331
-1625
-1575
-965
-489
-802
-1678
-2294
-2185
-1593
-1132
-1041
-435
511
1022
751
391
864
1800
2431
2664
3111
3666
3745
3357
3009
3486
4602
5064
4591
3642
2909
2614
2470
2462
2221
1230
-41
-958
-1034
-738
-975
-1941
-3075
-3566
-3364
-2810
-2341
-2385
-2852
-3158
-2848
-1995
-1510
-1591
-1765
-1626
-1257
-1108
-1331
-1666
-1630
-1194
-934
-1257
-1931
-2295
-2142
-1637
-1339
-1328
-713
114
547
254
115
641
1365
1859
2154
2837
3579
3603
3058
2753
3381
4540
4883
4305
3470
2831
2456
2242
2303
2139
1303
114
-811
-876
-685
-1098
-1978
-2930
-3249
-3119
-2680
-2309
-2466
-2870
-3104
-2717
-1994
-1604
-1648
-1803
-1638
-1293
-1218
-1415
-1621
-1500
-1039
-893
-1344
-2037
-2301
-2027
-1472
-1279
-1231
-473
294
472
-28
34
790
1617
1869
2053
2824
3506
3407
2810
2726
3596
4610
4758
4290
3655
3123
2530
2255
2365
2257
1439
279
-381
-234
-236
-964
-1989
-2622
-2612
-2413
-2157
-2090
-2346
-2815
-2974
-2372
-1543
-1277
-1561
-1762
-1569
-1217
-1155
-1397
-1575
-1355
-1066
-1218
-1737
-2221
-2131
-1680
-1342
-1546
-1534
-601
226
442
26
243
809
1257
1468
1832
2819
3358
3159
2600
2666
3540
4335
4307
3819
3321
2895
2443
2317
2432
2125
1201
157
-313
-184
-288
-990
-1971
-2650
-2640
-2367
-2048
-2117
-2511
-2834
-2716
-1992
-1443
-1394
-1678
-1774
-1521
-1306
-1275
-1482
-1697
-1566
-1256
-1230
-1687
-2140
-2112
-1704
-1370
-1574
-1450
-527
159
146
-135
179
811
1279
1365
1790
2783
3407
3162
2542
2543
3387
4185
4165
3650
3121
2712
2357
2314
2431
2051
1081
195
-81
141
72
-780
-1942
-2606
-2407
-1867
-1549
-1843
-2569
-2873
-2515
-1746
-1236
-1338
-1626
-1617
-1292
-1008
-1022
-1261
-1504
-1394
-1108
-1168
-1577
-1918
-1833
-1465
-1271
-1437
-1022
-143
269
-30
-162
448
1165
1405
1295
1784
2767
3201
2874
2449
2747
3587
3981
3747
3313
2941
2504
2115
2133
2195
1673
674
-53
-69
149
-253
-1249
-2272
-2644
-2315
-1762
-1465
-1793
-2522
-2908
-2524
-1732
-1273
-1348
-1618
-1594
-1296
-1087
-1054
-1092
-1178
-1105
-1010
-1238
-1670
-1848
-1595
-1170
-1133
-1415
-812
184
560
19
-214
471
1374
1700
1526
1924
2711
2931
2524
2333
2926
3745
3935
3455
2944
2688
2303
1993
2046
2101
1441
272
-398
-202
105
-384
-1500
-2471
-2775
-2456
-1906
-1665
-2119
-2890
-3242
-2687
-1840
-1427
-1673
-1960
-1784
-1438
-1225
-1275
-1372
-1454
-1332
-1173
-1255
-1559
-1682
-1532
-1199
-1137
-1248
-588
316
799
351
-22
473
1244
1775
1878
2357
2962
3028
2657
2462
3031
3858
4069
3630
3070
2760
2500
2282
2285
2153
1513
540
-107
-18
74
-406
-1284
-2150
-2367
-2115
-1689
-1553
-2029
-2699
-2877
-2226
-1443
-1233
-1567
-1832
-1637
-1264
-1133
-1168
-1289
-1323
-1211
-1131
-1246
-1531
-1652
-1480
-1110
-1017
-1262
-784
194
766
450
52
448
1176
1648
1722
2280
2860
2898
2450
2256
2915
3786
3963
3513
3037
2734
2391
2069
2082
2018
1408
477
-78
17
145
-386
-1343
-2123
-2356
-2134
-1809
-1646
-2033
-2772
-3083
-2576
-1760
-1492
-1840
-2190
-2022
-1552
-1292
-1367
-1557
-1654
-1557
-1454
-1521
-1822
-2026
-1818
-1326
-1135
-1543
-1225
-329
442
519
288
413
804
1281
1554
2340
3080
3045
2490
2246
2778
3680
3947
3553
3143
2938
2688
2370
2271
2142
1613
822
333
369
272
-295
-1221
-1921
-2052
-1827
-1539
-1434
-1746
-2443
-2845
-2465
-1635
-1256
-1507
-1886
-1822
-1509
-1267
-1257
-1397
-1481
-1414
-1331
-1428
-1662
-1907
-1835
-1386
-1101
-1477
-1380
-592
184
447
211
274
592
1005
1383
2110
2963
3050
2642
2469
2978
3789
4048
3744
3343
3070
2853
2544
2481
2370
1826
1189
723
716
623
-25
-950
-1660
-1851
-1696
-1546
-1552
-1904
-2400
-2679
-2379
-1685
-1316
-1450
-1722
-1771
-1613
-1400
-1368
-1484
-1566
-1579
-1444
-1431
-1682
-2091
-2124
-1659
-1243
-1521
-1931
-1374
-325
379
109
-119
29
467
1010
1651
2498
2748
2380
2120
2541
3431
4012
3870
3370
3044
2883
2610
2470
2372
2019
1447
793
570
583
221
-592
-1359
-1620
-1608
-1528
-1520
-1704
-2061
-2405
-2356
-1916
-1528
-1485
-1720
-1838
-1674
-1405
-1299
-1392
-1527
-1612
-1436
-1295
-1515
-1919
-2174
-1875
-1422
-1271
-1769
-1619
-632
306
450
-58
-304
24
782
1472
2265
2612
2436
2085
2213
2904
3780
4087
3715
3179
2874
2823
2747
2569
2218
1752
1239
861
733
425
-191
-911
-1326
-1365
-1412
-1493
-1749
-2014
-2103
-2039
-1848
-1704
-1735
-1811
-1712
-1469
-1347
-1271
-1340
-1494
-1621
-1577
-1362
-1296
-1557
-1830
-1799
-1541
-1263
-1494
-1843
-1303
-200
459
256
-296
-276
502
1349
1720
2019
2178
2122
2168
2511
3176
3791
3827
3417
3096
3062
2989
2784
2511
2207
1801
1234
718
478
319
-103
-677
-1188
-1451
-1520
-1558
-1711
-1754
-1865
-1950
-1883
-1826
-1719
-1607
-1443
-1296
-1206
-1286
-1536
-1707
-1672
-1425
-1215
-1468
-1943
-2108
-1792
-1376
-1304
-1670
-1938
-1155
-3
474
-93
-625
-299
593
1371
1631
1895
1945
1918
2090
2513
3185
3544
3298
2941
2843
2847
2633
2338
2221
2089
1591
809
283
224
174
-216
-872
-1427
-1614
-1668
-1700
-1732
-1870
-2029
-1981
-1802
-1692
-1684
-1652
-1585
-1462
-1390
-1299
-1303
-1456
-1471
-1315
-1279
-1477
-1722
-1770
-1526
-1170
-1105
-1314
-1582
-867
178
563
194
-171
258
950
1488
1609
1885
2213
2269
2283
2572
3056
3504
3523
3307
3100
2880
2546
2311
2304
2167
1623
899
414
483
579
105
-720
-1405
-1635
-1518
-1298
-1402
-1819
-2206
-2262
-1935
-1514
-1375
-1404
-1471
-1402
-1360
-1285
-1259
-1332
-1425
-1512
-1449
-1352
-1395
-1441
-1469
-1411
-1176
-1029
-1213
-1121
-324
358
455
62
108
605
1229
1484
1708
2104
2331
2327
2339
2652
3140
3361
3095
2747
2611
2544
2362
2239
2065
1662
1045
527
341
425
253
-434
-1381
-1829
-1648
-1239
-1178
-1688
-2349
-2545
-2157
-1605
-1380
-1556
-1858
-2009
-1822
-1474
-1206
-1364
-1736
-1906
-1713
-1423
-1390
-1629
-1849
-1733
-1382
-1118
-1113
-1358
-951
-59
542
343
-99
45
706
1408
1686
1751
1870
1946
2067
2395
2798
3163
3057
2863
2701
2695
2651
2385
2122
1836
1471
1038
668
594
521
39
-844
-1488
-1348
-907
-827
-1386
-1994
-2123
-1806
-1351
-1140
-1232
-1534
-1764
-1561
-1143
-873
-1125
-1563
-1692
-1460
-1110
-1142
-1400
-1632
-1600
-1256
-856
-724
-909
-1259
-704
320
942
589
4
163
918
1625
1645
1685
1922
2098
2221
2461
2738
3024
2982
2890
2781
2734
2465
2033
1751
1552
1314
904
485
254
37
-465
-1055
-1341
-1273
-1184
-1328
-1699
-2042
-2109
-1857
-1466
-1353
-1650
-1922
-1856
-1458
-1241
-1343
-1559
-1675
-1598
-1429
-1298
-1313
-1365
-1481
-1427
-1195
-895
-833
-909
-1037
-571
342
822
521
103
362
997
1460
1456
1664
2096
2445
2449
2491
2531
2752
2933
2965
2883
2682
2323
1931
1827
1830
1603
956
308
-7
-27
-118
-435
-914
-1347
-1504
-1445
-1401
-1611
-1876
-1932
-1796
-1657
-1767
-1920
-1861
-1627
-1502
-1488
-1529
-1603
-1609
-1506
-1311
-1236
-1350
-1512
-1384
-1161
-971
-911
-901
-839
-804
-236
426
779
460
235
403
946
1418
1604
1865
2158
2268
2220
2290
2501
2790
2822
2609
2350
2246
2105
1997
1908
1548
964
505
302
376
290
-131
-863
-1397
-1484
-1125
-905
-1184
-1796
-2110
-1804
-1357
-1262
-1564
-1796
-1690
-1349
-1196
-1238
-1338
-1316
-1270
-1126
-958
-950
-1005
-1067
-988
-806
-730
-798
-800
-633
-531
-60
448
653
437
349
629
1087
1412
1505
1684
1896
1970
1983
2142
2383
2642
2599
2449
2159
2030
1927
1742
1490
1140
696
305
117
112
-46
-511
-1076
-1399
-1263
-1004
-1054
-1466
-1906
-2060
-1782
-1492
-1496
-1743
-1932
-1870
-1537
-1222
-1062
-1117
-1279
-1339
-1098
-793
-703
-814
-903
-905
-792
-613
-414
-392
-450
-519
-236
409
832
769
457
586
1045
1593
1691
1702
1776
1857
1921
2115
2428
2552
2387
2101
2043
2210
2179
1861
1431
1074
810
577
341
133
-98
-467
-850
-1056
-1082
-1109
-1211
-1469
-1803
-1922
-1725
-1568
-1589
-1771
-1858
-1698
-1396
-1175
-1226
-1286
-1233
-1099
-895
-740
-776
-873
-980
-953
-820
-671
-563
-503
-425
-425
-440
-58
521
883
769
671
886
1181
1391
1459
1648
1955
2006
1930
1874
2037
2222
2242
2240
2071
1939
1708
1463
1370
1164
765
340
18
-95
-167
-362
-776
-1164
-1387
-1375
-1262
-1394
-1618
-1848
-1927
-1743
-1547
-1493
-1565
-1502
-1298
-1069
-912
-946
-1055
-1112
-991
-745
-696
-808
-951
-916
-728
-508
-369
-406
-538
-504
-335
168
672
725
458
259
654
1214
1605
1528
1340
1409
1572
1816
1882
1787
1682
1631
1709
1815
1802
1594
1281
1066
878
644
373
144
-56
-312
-584
-813
-971
-1015
-994
-959
-1080
-1264
-1320
-1269
-1142
-1094
-1147
-1187
-1090
-811
-596
-603
-789
-893
-782
-624
-548
-653
-750
-768
-698
-627
-557
-601
-534
-343
-165
-67
-131
83
463
820
797
636
647
867
1169
1304
1378
1334
1231
1255
1402
1499
1556
1444
1306
1263
1281
1177
980
828
699
558
318
22
-166
-179
-247
-356
-514
-691
-755
-697
-590
-612
-703
-811
-838
-777
-784
-895
-924
-882
-814
-831
-844
-821
-793
-805
-861
-954
-1007
-984
-893
-823
-806
-784
-720
-572
-448
-437
-589
-391
46
328
276
147
263
477
655
729
966
1143
1137
1050
1061
1190
1418
1466
1451
1367
1340
1203
1112
1200
1157
972
683
578
615
619
487
269
165
131
134
87
-68
-307
-532
-551
-440
-588
-964
-1269
-1274
-1062
-943
-973
-1187
-1324
-1274
-1131
-1067
-1196
-1337
-1263
-1092
-965
-1026
-1143
-1121
-848
-542
-413
-500
-681
-352
137
407
286
128
179
463
789
889
854
747
774
985
1240
1294
1221
1073
1115
1334
1545
1546
1348
1183
1165
1186
1126
977
816
678
522
390
227
84
-21
-108
-324
-621
-792
-819
-763
-844
-1080
-1289
-1382
-1188
-969
-913
-1002
-1144
-1139
-916
-705
-683
-763
-875
-878
-737
-587
-528
-532
-541
-364
-159
-11
-97
-34
207
350
383
252
350
458
569
593
631
682
732
844
979
1073
1112
1020
1039
1173
1289
1363
1264
1187
1094
992
873
755
681
540
310
154
-4
-138
-255
-352
-468
-623
-767
-809
-803
-835
-983
-1134
-1145
-953
-816
-775
-787
-847
-809
-668
-543
-580
-702
-783
-668
-483
-435
-586
-759
-769
-577
-354
-382
-544
-706
-492
-63
126
-97
-452
-380
-49
301
357
265
267
377
661
1000
1192
1209
1177
1266
1513
1752
1747
1513
1334
1333
1449
1447
1285
1102
892
726
631
531
326
168
102
85
-40
-234
-403
-424
-409
-524
-646
-726
-756
-843
-883
-894
-931
-977
-1018
-1032
-1096
-1136
-1116
-1128
-1153
-1236
-1347
-1391
-1326
-1147
-1002
-1003
-1170
-1249
-1105
-657
-356
-364
-506
-407
-13
346
539
523
632
811
1069
1315
1527
1608
1651
1661
1872
2107
2203
2091
1929
1891
1823
1717
1545
1412
1289
1059
802
586
410
248
48
-221
-494
-682
-814
-871
-914
-1033
-1289
-1465
-1492
-1402
-1330
-1295
-1305
-1391
-1431
-1417
-1396
-1443
-1536
-1570
-1484
-1375
-1365
-1339
-1344
-1238
-1020
-766
-622
-650
-664
-504
-221
78
151
158
224
452
704
870
1045
1202
1358
1329
1379
1531
1710
1838
1890
1844
1805
1779
1779
1776
1718
1588
1388
1201
1064
1027
915
678
381
163
65
8
-82
-309
-595
-781
-880
-902
-978
-1051
-1169
-1245
-1199
-1044
-966
-1040
-1150
-1178
-1128
-967
-835
-859
-972
-1066
-1029
-904
-841
-915
-987
-962
-774
-643
-632
-710
-693
-546
-331
-38
175
133
8
73
425
756
864
831
855
1049
1231
1422
1447
1509
1565
1647
1770
1804
1739
1596
1475
1450
1448
1383
1268
1148
997
817
697
516
297
61
-120
-153
-215
-428
-675
-809
-792
-841
-959
-1071
-1050
-1057
-1184
-1298
-1378
-1460
-1500
-1507
-1517
-1542
-1559
-1603
-1653
-1648
-1622
-1549
-1451
-1312
-1178
-1075
-994
-896
-696
-464
-273
-136
97
384
561
601
621
817
1104
1310
1406
1519
1652
1795
1932
1973
2004
2057
2050
2002
1950
1905
1818
1634
1429
1308
1216
1142
981
725
395
188
59
-64
-273
-501
-726
-876
-956
-1077
-1208
-1341
-1406
-1530
-1558
-1554
-1555
-1645
-1744
-1685
-1543
-1499
-1567
-1648
-1628
-1486
-1306
-1171
-1124
-1077
-961
-736
-451
-169
-35
-37
42
227
432
578
666
678
802
999
1136
1206
1191
1212
1298
1391
1398
1401
1364
1313
1300
1323
1288
1242
1211
1230
1248
1204
1124
996
885
755
644
523
343
164
39
-51
-178
-356
-537
-668
-783
-881
-969
-1129
-1217
-1250
-1246
-1224
-1269
-1336
-1313
-1213
-1193
-1204
-1193
-1182
-1100
-1015
-1000
-973
-876
-734
-647
-622
-606
-557
-433
-239
-58
-2
-46
-76
17
191
277
221
193
291
540
739
802
775
740
823
990
1102
1099
1071
1128
1202
1228
1249
1265
1289
1278
1229
1186
1157
1122
977
870
758
649
503
291
162
37
-129
-366
-573
-578
-575
-718
-932
-1071
-1054
-993
-989
-1046
-1069
-1093
-1085
-967
-875
-902
-973
-985
-883
-768
-742
-778
-759
-648
-512
-471
-450
-396
-267
-98
50
172
276
311
314
392
485
616
684
697
703
783
869
892
924
941
970
958
949
946
905
851
816
779
686
594
635
695
647
482
312
232
246
181
49
-105
-173
-208
-241
-294
-434
-626
-746
-690
-599
-584
-738
-925
-995
-921
-806
-763
-774
-761
-734
-646
-600
-634
-655
-659
-623
-523
-448
-420
-366
-273
-164
-134
-139
-99
-28
75
165
169
67
-11
-21
40
81
30
6
-7
27
44
129
198
212
222
245
321
380
443
501
554
531
487
470
494
547
646
655
609
577
580
667
721
671
532
391
291
300
312
167
-46
-193
-251
-270
-337
-443
-504
-582
-649
-660
-607
-573
-601
-588
-592
-622
-641
-633
-545
-430
-386
-420
-452
-413
-326
-293
-299
-285
-217
-162
-75
-11
53
39
23
86
168
213
200
218
272
359
400
401
452
534
634
664
693
729
728
739
778
789
787
767
773
791
802
761
706
677
650
602
495
419
339
189
49
-56
-87
-150
-270
-336
-362
-404
-483
-468
-450
-462
-571
-648
-661
-635
-580
-602
-608
-583
-576
-560
-508
-452
-411
-428
-457
-442
-357
-313
-374
-462
-471
-463
-427
-386
-392
-443
-448
-377
-290
-247
-277
-320
-326
-249
-162
-125
-156
-160
-99
-20
117
225
296
334
396
465
585
702
723
756
857
934
963
965
943
984
953
888
821
752
674
627
595
525
411
294
233
168
50
-92
-198
-285
-304
-308
-357
-440
-501
-536
-551
-538
-563
-645
-729
-760
-737
-719
-740
-788
-759
-730
-707
-662
-603
-587
-610
-621
-535
-391
-296
-296
-312
-285
-238
-167
-91
-43
38
163
309
465
570
548
528
588
647
704
757
782
788
748
709
763
806
794
691
606
559
547
521
474
458
387
278
211
236
266
215
99
-18
-42
-20
-38
-108
-188
-259
-287
-275
-242
-217
-243
-319
-323
-250
-190
-178
-229
-254
-260
-262
-223
-220
-252
-327
-385
-383
-331
-293
-309
-421
-545
-541
-484
-469
-522
-541
-552
-517
-452
-425
-460
-559
-594
-513
-420
-373
-363
-329
-252
-171
-92
-45
29
103
168
272
384
408
396
441
576
729
876
930
948
975
970
960
953
908
862
873
868
790
675
622
593
582
530
372
172
72
112
107
9
-124
-297
-411
-391
-390
-470
-610
-751
-854
-860
-831
-853
-927
-1001
-1001
-951
-916
-912
-935
-961
-919
-831
-737
-685
-680
-603
-482
-346
-224
-188
-142
-52
60
211
381
520
602
659
706
759
855
988
1126
1168
1198
1228
1282
1319
1282
1197
1131
1112
1096
1055
977
860
752
668
574
504
437
347
209
109
41
-26
-143
-267
-368
-458
-526
-568
-619
-652
-723
-877
-958
-919
-817
-770
-812
-902
-949
-914
-846
-800
-796
-825
-811
-753
-673
-588
-567
-571
-542
-494
-416
-362
-320
-275
-234
-157
-86
-45
-21
0
83
149
159
198
221
291
378
469
571
623
615
577
569
593
637
673
677
659
620
585
523
448
431
450
477
460
362
274
229
192
150
122
75
15
-5
-75
-171
-285
-357
-332
-338
-412
-491
-553
-636
-668
-688
-680
-667
-688
-739
-742
-705
-636
-637
-698
-716
-643
-509
-422
-368
-347
-324
-273
-191
-95
32
118
166
171
174
211
286
391
488
555
624
703
753
773
738
729
752
797
817
807
780
732
681
672
675
657
622
528
464
463
417
357
305
220
153
75
19
45
63
-10
-114
-240
-308
-336
-308
-285
-312
-392
-472
-478
-418
-360
-392
-477
-508
-447
-371
-321
-321
-337
-306
-209
-107
-40
-42
-38
-9
77
152
129
115
132
174
187
194
180
163
170
198
198
150
106
52
13
-34
-105
-191
-262
-299
-285
-263
-284
-355
-380
-313
-207
-156
-184
-243
-258
-183
-113
-69
-94
-134
-100
-52
-30
-33
-45
-26
-4
44
116
150
151
152
180
211
247
281
305
316
282
254
253
262
293
331
334
268
225
257
261
171
65
0
-39
-37
9
-3
-77
-172
-244
-266
-277
-281
-341
-449
-538
-589
-615
-629
-640
-641
-625
-613
-589
-561
-572
-528
-497
-477
-449
-413
-377
-361
-331
-259
-135
-57
-2
46
85
151
247
319
404
472
534
577
589
600
643
685
706
728
766
775
758
747
756
770
765
733
683
652
622
584
518
443
329
245
206
239
266
201
85
-21
-71
-96
-117
-167
-235
-287
-308
-351
-423
-485
-520
-508
-506
-508
-532
-554
-544
-507
-527
-562
-584
-568
-505
-476
-480
-505
-512
-472
-397
-355
-341
-327
-279
-200
-95
-43
-25
-1
18
95
180
226
209
183
192
229
280
334
359
370
402
420
451
452
414
365
355
360
352
336
340
361
351
333
299
266
241
235
226
181
135
100
76
84
65
45
-16
-59
-57
-82
-122
-180
-278
-344
-341
-320
-312
-343
-372
-398
-427
-419
-401
-418
-446
-470
-489
-491
-468
-426
-425
-420
-389
-334
-259
-190
-147
-149
-138
-105
-32
30
83
97
115
170
248
347
404
397
398
443
484
526
577
593
607
630
656
705
731
721
651
570
526
498
504
471
444
405
353
309
270
237
212
152
72
-6
-117
-212
-247
-293
-352
-426
-460
-455
-483
-510
-534
-580
-645
-638
-600
-564
-570
-592
-622
-629
-592
-562
-559
-539
-517
-474
-418
-376
-318
-256
-244
-243
-165
-57
44
108
107
90
114
134
178
230
254
266
259
291
350
358
326
278
258
290
322
327
291
232
185
129
103
120
150
141
100
65
59
41
18
31
36
43
39
11
-6
-21
-28
2
16
1
14
51
72
40
-47
-86
-62
-9
40
49
34
-22
-58
-45
-54
-72
-100
-127
-151
-146
-119
-104
-101
-114
-93
-45
-6
12
15
-19
-46
-47
-38
-10
1
1
-1
-6
-2
12
26
52
87
110
125
137
111
85
101
123
130
134
181
219
226
236
251
247
231
234
256
263
263
244
206
149
121
101
64
29
-29
-63
-90
-95
-131
-192
-242
-287
-307
-303
-330
-371
-403
-421
-406
-359
-274
-221
-213
-211
-210
-193
-158
-103
-37
-10
16
26
54
101
148
178
185
194
223
252
293
334
347
370
368
375
390
391
367
319
276
230
194
155
100
47
13
-24
-63
-107
-163
-229
-298
-328
-326
-333
-368
-401
-423
-448
-484
-509
-521
-527
-519
-453
-411
-380
-328
-333
-317
-247
-184
-142
-76
-34
-31
-8
8
25
67
115
184
243
299
336
356
403
451
475
506
525
528
477
412
377
355
337
323
326
318
273
189
100
43
-11
-65
-124
-160
-156
-175
-173
-181
-220
-253
-244
-218
-192
-196
-230
-272
-288
-261
-234
-193
-148
-80
-54
-31
9
35
44
45
49
67
101
115
138
148
119
112
113
136
172
178
174
171
168
157
131
78
33
-24
-30
-1
-4
-27
-98
-178
-207
-190
-161
-138
-137
-168
-189
-177
-177
-171
-179
-186
-161
-134
-82
-49
-29
-14
12
17
26
51
75
105
84
57
54
68
77
111
149
174
194
215
243
268
256
222
211
229
232
209
181
158
141
131
102
72
43
-15
-31
-52
-68
-76
-100
-100
-93
-97
-109
-118
-134
-112
-94
-97
-76
-59
-53
-28
-23
-47
-64
-78
-82
-74
-80
-91
-95
-121
-126
-140
-136
-125
-110
-103
-82
-79
-110
-141
-156
-146
-141
-148
-144
-142
-138
-131
-158
-182
-183
-170
-139
-86
-65
-60
-103
-126
-75
-5
48
61
63
92
160
256
350
360
357
373
423
496
510
493
462
456
492
545
577
574
508
435
391
350
322
296
257
177
121
88
25
-69
-179
-271
-348
-393
-392
-399
-417
-472
-555
-619
-649
-674
-705
-714
-759
-806
-825
-807
-750
-678
-636
-599
-526
-457
-412
-373
-323
-267
-176
-62
50
159
205
200
267
386
493
599
672
688
698
707
738
794
831
854
848
811
796
802
778
729
676
635
592
535
468
392
273
177
97
16
-46
-107
-169
-286
-377
-439
-471
-514
-575
-628
-692
-731
-719
-707
-746
-763
-802
-831
-782
-700
-643
-628
-633
-591
-533
-426
-315
-236
-198
-197
-163
-104
-66
-20
7
35
100
192
261
305
346
366
413
449
471
489
509
548
584
561
537
535
513
475
456
430
381
354
350
368
320
270
231
193
203
196
181
121
53
4
-13
-26
-61
-79
-83
-85
-90
-107
-138
-171
-211
-242
-229
-215
-208
-219
-219
-227
-224
-228
-224
-231
-230
-213
-211
-217
-217
-207
-212
-226
-228
-195
-164
-138
-116
-108
-112
-95
-73
-32
-3
36
63
75
104
130
169
178
190
209
244
276
286
303
304
282
249
241
261
268
239
215
212
187
156
153
147
131
105
69
49
44
49
59
42
-6
-56
-82
-94
-112
-155
-217
-247
-237
-229
-247
-264
-310
-331
-321
-332
-348
-339
-329
-332
-346
-333
-300
-273
-255
-216
-182
-170
-170
-188
-174
-164
-149
-98
-38
24
85
117
135
130
142
177
184
206
236
243
248
253
248
245
256
258
230
207
182
150
135
126
109
91
93
109
103
96
78
51
30
18
-8
-41
-61
-80
-76
-55
-76
-112
-134
-155
-141
-115
-83
-53
-73
-104
-120
-106
-91
-83
-40
-20
-35
-45
-29
-24
-20
-25
-29
-10
22
52
70
91
100
99
88
103
124
135
137
117
111
124
146
158
157
148
144
135
124
126
92
30
-10
-11
-7
-12
5
10
-30
-63
-45
-9
30
42
10
-42
-72
-101
-86
-78
-80
-74
-69
-29
25
37
10
-18
-54
-54
-35
-16
-18
-40
-44
-34
-18
21
44
43
16
10
36
39
28
-11
-31
-25
-33
-44
-50
-58
-58
-62
-52
-12
5
1
-7
-20
-58
-67
-64
-67
-83
-96
-115
-140
-121
-101
-88
-85
-76
-52
-25
7
12
10
-1
-27
-44
-43
-11
36
40
25
1
-6
22
33
37
61
95
110
117
129
116
76
60
83
106
128
139
123
97
67
41
4
-8
-23
-59
-81
-80
-81
-75
-65
-79
-92
-84
-75
-55
-65
-82
-98
-119
-122
-98
-58
-33
-15
1
2
4
36
46
38
42
63
82
106
91
65
66
70
97
120
116
105
66
56
62
84
97
98
90
68
60
18
-36
-56
-52
-47
-28
-21
-47
-104
-133
-152
-150
-127
-143
-178
-193
-198
-194
-178
-167
-149
-143
-129
-107
-104
-101
-83
-72
-59
-19
17
41
47
37
50
72
95
116
141
156
159
175
189
200
211
216
227
237
195
172
166
137
127
128
148
145
125
109
70
14
-31
-66
-65
-78
-101
-111
-132
-150
-173
-179
-153
-143
-139
-124
-114
-126
-141
-136
-124
-149
-158
-131
-104
-81
-54
-26
-2
35
68
87
102
123
134
144
141
150
180
184
165
166
170
157
162
174
180
176
156
115
76
42
17
-1
-34
-23
-34
-78
-119
-148
-154
-157
-148
-136
-130
-134
-122
-86
-54
-14
24
21
-17
-64
-89
-95
-104
-76
-39
-6
-1
-13
-8
13
39
39
34
25
4
-14
-5
3
-9
-21
-6
17
43
59
57
49
37
31
13
-8
4
15
11
1
-22
-64
-70
-68
-52
-44
-44
-34
-23
0
19
36
40
30
23
5
8
21
38
41
33
44
51
56
51
42
23
2
-4
-14
-12
5
7
2
26
38
33
17
-6
-5
2
-18
-28
-28
-60
-75
-67
-49
-43
-42
-36
-29
-50
-65
-76
-98
-113
-126
-126
-117
-102
-77
-51
-55
-63
-73
-78
-76
-55
-21
2
8
6
19
21
35
56
74
60
71
74
49
44
26
3
-16
-21
-25
-39
-49
-55
-59
-56
-36
-9
18
-2
-31
-46
-53
-48
-56
-69
-89
-83
-54
-36
-34
-38
-54
-62
-23
17
60
77
93
107
130
157
175
182
180
173
165
186
189
194
202
194
193
204
230
231
213
168
130
127
134
118
111
102
62
38
15
1
-16
-48
-55
-60
-51
-48
-72
-92
-112
-136
-162
-177
-188
-209
-194
-182
-159
-132
-116
-111
-117
-101
-69
-64
-54
-45
-52
-62
-65
-21
23
55
83
116
120
112
129
136
137
120
105
96
88
104
105
95
98
117
120
108
85
46
4
-28
-27
-23
-37
-54
-91
-129
-150
-177
-180
-160
-151
-142
-134
-148
-166
-188
-187
-188
-171
-151
-122
-118
-119
-110
-95
-60
-47
-18
13
30
42
52
46
50
82
82
93
106
92
77
67
55
45
43
40
58
74
79
72
62
39
20
-9
-39
-62
-66
-55
-60
-58
-76
-91
-101
-85
-35
-4
-13
-51
-82
-92
-92
-75
-31
16
37
39
40
37
13
-20
-13
9
59
87
88
78
68
80
76
93
127
120
93
102
102
107
114
107
99
95
107
107
114
94
66
49
28
30
21
-9
-48
-70
-68
-52
-14
-4
-11
-29
-62
-72
-83
-87
-74
-85
-95
-90
-99
-99
-97
-75
-61
-57
-52
-18
-1
0
-8
-26
-29
-23
-16
-9
4
-2
-10
-1
14
6
-1
-15
-29
-6
20
40
51
46
30
18
22
48
62
61
55
41
42
50
48
54
63
49
48
50
57
57
57
51
54
58
68
58
31
22
-15
-44
-63
-54
-28
-20
-18
-18
-46
-95
-102
-85
-66
-53
-48
-49
-40
-46
-62
-62
-51
-26
-1
4
-9
-30
-42
-51
-47
-38
-17
-3
7
46
62
67
61
53
36
19
11
-3
4
41
75
97
110
114
91
74
61
60
66
52
40
37
32
41
40
30
26
33
24
12
-9
-21
-11
-11
-10
-26
-29
-46
-70
-72
-79
-85
-93
-102
-88
-65
-82
-98
-84
-80
-69
-53
-45
-47
-55
-52
-62
-60
-74
-100
-102
-105
-85
-82
-86
-88
-67
-48
-42
-16
-23
-45
-45
-37
-11
28
62
74
76
81
72
55
66
65
46
27
37
53
71
88
117
105
95
98
82
88
83
73
39
28
35
39
42
35
40
33
18
-4
-37
