SAMPLES:	8159
BITSPERSAMPLE:	16
CHANNELS:	1
SAMPLERATE:	16000
NORMALIZED:	FALSE
0
0
0
0
0
-1
-1
0
1
0
-1
-1
-1
-3
-3
-3
-4
-4
-5
-5
-5
-4
-3
-4
-5
-4
-3
-2
-2
-3
-4
-4
-4
-6
-6
-6
-7
-6
-5
-5
-5
-4
-4
-4
-5
-5
-5
-5
-4
-4
-3
-2
-3
-2
-3
-1
-1
-2
-1
0
0
0
0
0
0
1
2
2
3
2
1
2
1
3
4
4
4
3
3
3
4
4
3
3
1
2
2
4
5
4
5
5
5
3
3
5
4
5
6
4
3
2
2
3
3
3
2
2
2
2
3
1
2
2
2
1
1
1
1
0
1
2
1
-1
-1
-2
-2
-1
-1
0
0
0
-1
1
0
-1
0
-1
0
-2
0
0
2
2
2
3
2
2
2
2
1
2
2
1
2
2
1
1
3
3
2
2
3
2
1
2
2
2
2
0
1
1
1
1
1
-1
-1
-1
-2
-2
-2
-2
-2
-2
-3
-3
-2
-3
-3
-2
-3
-3
-2
-2
-3
-2
-2
-1
-2
-3
-2
-4
-3
-3
-4
-4
-2
-4
-3
-3
-3
-3
-2
-2
-2
-1
-2
-1
-1
0
0
-1
-1
0
-2
-2
-2
-2
-4
-3
-2
0
-1
-1
-1
-1
0
-2
-1
-1
0
0
-1
0
-1
-2
-1
-2
0
0
0
-2
-2
-1
0
0
0
1
0
1
1
0
1
1
1
2
2
2
3
2
2
2
1
1
1
1
0
1
1
2
2
2
1
2
1
2
2
2
2
2
1
3
3
2
3
2
2
3
2
3
3
3
3
3
3
2
3
3
3
3
3
1
2
3
4
4
6
6
4
1
1
2
4
5
5
4
2
1
1
2
2
4
3
1
0
-2
-1
0
1
1
1
0
0
-1
0
0
-1
-1
-2
-4
-4
-3
-4
-5
-5
-5
-4
-5
-5
-6
-7
-6
-7
-6
-6
-6
-6
-5
-6
-6
-5
-5
-4
-4
-6
-6
-6
-6
-5
-6
-6
-6
-7
-8
-7
-6
-6
-4
-4
-2
-1
-2
-2
-2
-1
-1
-2
-2
-2
-2
-3
-1
-2
-3
-3
-2
0
0
-1
0
-2
2
2
4
4
4
5
5
7
6
9
8
8
7
5
4
4
6
7
9
8
6
4
4
5
5
6
6
2
5
4
6
9
5
5
3
0
3
5
6
9
8
6
3
2
1
0
4
7
5
3
3
0
0
4
6
7
6
2
0
-1
1
4
6
3
1
1
-2
-1
1
5
6
1
5
1
2
-2
-7
-1
-3
-3
-6
-5
-7
-9
-3
1
1
-2
-9
-11
-11
-13
-9
-3
-1
-2
-6
-9
-11
-11
-9
-6
-7
-6
-5
-3
-3
-6
-4
-3
-1
-2
-1
-3
-7
-6
-4
2
4
3
0
0
0
-10
-8
-10
-6
-2
-1
2
-5
-8
-9
-4
1
0
-1
-7
-8
-10
-6
-4
0
4
-2
-2
-6
-5
-1
-2
6
4
3
-2
-2
2
0
4
6
4
11
6
7
11
6
10
9
14
12
10
12
11
9
7
10
10
7
8
10
7
10
8
10
6
5
4
2
3
0
-2
-6
-1
1
4
3
0
-1
-4
8
7
4
5
5
-1
-15
-16
-10
-5
0
0
-5
-17
-26
-16
-3
1
9
7
-2
-20
-29
-12
5
11
18
9
-2
-12
-3
34
49
72
68
63
54
25
28
18
19
9
-10
-25
-56
-60
-50
-28
-5
1
0
-8
-18
-17
-7
5
15
7
-3
-17
-31
-29
-30
-20
-19
-25
-36
-46
-47
-45
-36
-25
-21
-2
39
57
44
-11
-36
-30
-19
16
20
-6
-69
-112
-83
-36
13
22
8
-5
-32
-33
-11
23
55
48
41
23
-3
-4
3
34
33
13
-21
-59
-73
-76
-54
-13
-12
102
344
477
422
123
-48
-56
-25
180
232
115
-226
-562
-430
-164
117
207
128
63
-138
-255
-160
55
292
328
243
83
-137
-251
-179
39
208
129
-86
-287
-379
-346
-224
-63
35
4
-97
-156
-143
-29
187
319
326
127
-78
-133
-135
5
56
45
-21
-150
-90
-97
-24
-11
-6
60
16
13
-36
-27
77
147
244
230
164
101
47
55
53
40
-1
-77
-131
-172
-148
-130
-107
-104
-109
-82
-110
-58
2
76
103
53
113
404
714
783
470
30
-195
-302
-103
162
174
-151
-716
-803
-511
-73
255
318
283
70
-175
-193
29
331
491
443
243
-58
-347
-390
-192
77
116
-95
-358
-536
-516
-349
-71
126
159
8
-143
-170
-56
230
441
416
87
-280
-438
-397
-207
-78
-124
-365
-622
-555
-245
84
221
193
156
81
6
54
230
420
397
215
53
-57
-208
-252
-150
-59
-99
-217
165
850
1446
1418
816
293
34
197
622
925
620
-384
-1304
-1392
-729
61
494
434
74
-501
-844
-632
31
723
986
830
349
-197
-478
-290
265
639
510
-108
-781
-1232
-1231
-833
-317
13
-105
-441
-715
-734
-442
65
493
502
139
-283
-464
-340
-104
93
82
-190
-496
-640
-496
-259
-115
-51
-131
-269
-370
-275
17
342
548
528
511
418
466
679
1072
1726
2128
2087
1311
228
-448
-515
-1
523
497
-271
-1359
-1876
-1306
-84
928
1229
809
141
-407
-446
61
773
1148
989
413
-336
-852
-894
-463
66
171
-284
-1044
-1526
-1482
-891
-158
194
28
-482
-797
-727
-378
8
211
57
-374
-786
-891
-704
-505
-453
-584
-715
-891
-902
-651
-272
10
82
-35
-97
-97
8
259
489
594
559
508
490
465
749
1482
2586
3193
2525
1099
-299
-644
-84
905
1500
737
-907
-2231
-2065
-537
899
1561
1295
531
-344
-971
-668
320
1227
1453
858
-98
-1010
-1335
-713
478
1310
1002
-175
-1220
-1630
-1123
-338
213
-67
-941
-1616
-1881
-1376
-595
-60
65
-424
-770
-823
-407
118
336
281
-318
-959
-1292
-1192
-713
-398
-347
-613
-902
-938
-544
123
643
849
810
922
1091
1266
1939
3209
4318
4086
2652
855
-330
-655
-59
844
831
-674
-2610
-3251
-2115
-289
1115
1654
1459
541
-443
-656
68
1206
1745
1556
723
-476
-1512
-1729
-940
173
489
-224
-1366
-2108
-1931
-1053
-125
120
-391
-1170
-1601
-1357
-713
-29
101
-263
-708
-975
-797
-528
-222
-94
-350
-849
-1332
-1374
-975
-441
-193
-242
-423
-613
-655
-193
522
1224
1551
1487
1179
991
1736
3329
4667
4259
2098
-219
-1435
-1053
412
1570
1090
-1073
-3149
-3323
-1431
835
2146
2012
899
-533
-1344
-965
324
1480
1642
883
-286
-1298
-1729
-1243
-171
670
635
-328
-1381
-1820
-1269
-458
53
3
-470
-1170
-1778
-1441
-693
-151
-96
-289
-417
-646
-658
-289
275
330
-168
-830
-1118
-915
-341
143
268
-153
-750
-805
-370
368
942
1432
1725
1756
1495
1551
2322
3677
4297
3470
1702
-178
-1015
-695
416
1161
241
-1595
-2922
-2475
-786
708
1495
1357
623
-280
-809
-517
335
978
1020
358
-760
-1735
-2027
-1396
-278
411
237
-598
-1386
-1556
-929
-148
212
-265
-1092
-1641
-1815
-1437
-941
-554
-686
-1146
-1179
-783
-137
301
322
193
-213
-677
-874
-565
15
223
-8
-500
-755
-985
-692
-84
1033
1750
1690
1226
945
2034
3724
4960
4550
2675
452
-939
-654
688
1515
554
-1634
-3194
-2897
-1272
404
1408
1395
702
-360
-932
-545
383
1222
1415
852
-169
-1371
-1927
-1430
-232
575
327
-680
-1564
-1686
-1082
-311
10
-378
-1119
-1730
-1665
-1188
-714
-451
-761
-985
-1099
-896
-471
-147
83
-53
-397
-776
-867
-552
-156
1
-119
-309
-563
-791
-582
-176
712
1205
1607
1582
1208
1799
3150
4673
4733
3119
1361
-64
-333
392
1057
703
-1111
-2839
-2683
-1226
374
1063
941
650
36
-301
23
698
1320
1247
734
83
-738
-1299
-1230
-507
105
-142
-869
-1358
-1269
-830
-485
-439
-706
-1133
-1528
-1417
-1048
-758
-768
-981
-892
-796
-538
-344
-174
38
-114
-425
-802
-1019
-893
-643
-402
-248
-391
-696
-965
-817
-308
467
1022
1379
1383
1434
1860
2987
4346
4666
3470
1477
49
-189
564
1327
1054
-527
-2362
-2973
-1935
-256
893
937
444
-224
-642
-493
140
959
1294
1043
414
-452
-1105
-1057
-344
386
307
-524
-1340
-1674
-1205
-592
-188
-592
-1391
-1886
-1839
-1188
-652
-431
-675
-1057
-1010
-605
-7
280
115
-156
-493
-754
-764
-519
-123
-2
-258
-562
-848
-1005
-861
-320
573
996
1057
876
919
1805
3205
4732
4887
3484
1476
13
-51
691
1373
1044
-728
-2601
-3137
-2018
-115
939
901
168
-707
-1040
-691
320
1363
1583
1106
214
-657
-1052
-983
-268
406
269
-621
-1553
-1812
-1397
-955
-800
-988
-1406
-1685
-1641
-1160
-651
-593
-821
-812
-468
14
277
290
253
31
-253
-446
-549
-439
-460
-471
-514
-581
-565
-706
-522
-147
453
853
851
816
1098
2390
4204
5297
4725
2800
924
113
642
1794
1980
342
-2312
-3933
-3245
-1224
549
1142
563
-421
-1206
-1092
-77
1140
1781
1647
964
79
-874
-1194
-656
263
507
-183
-1388
-1998
-1866
-1239
-794
-905
-1186
-1677
-1758
-1363
-890
-507
-565
-634
-399
-277
-161
-231
-159
-78
-253
-511
-856
-910
-704
-438
-223
-213
-271
-328
-286
-17
465
804
860
793
880
1629
2965
4228
4450
3210
1522
477
587
1615
2430
1809
-358
-2749
-3426
-2003
39
1217
942
-160
-1220
-1602
-980
219
1242
1475
1079
477
-229
-817
-822
-196
602
614
-442
-1664
-1920
-1457
-878
-602
-1049
-1751
-2356
-2182
-1543
-991
-810
-1161
-1216
-764
-213
194
286
318
205
-152
-416
-689
-721
-461
-280
-246
-612
-926
-1104
-631
113
885
1118
1146
1028
1173
2386
4014
4938
4096
2238
859
248
646
1680
2107
1117
-1347
-3071
-2651
-861
763
1115
540
-376
-1407
-1605
-811
276
844
678
435
100
-431
-688
-356
619
1196
727
-137
-887
-1095
-1047
-971
-923
-1420
-2064
-2534
-2419
-2000
-1780
-1362
-915
-477
-192
-76
236
566
791
758
461
-86
-527
-792
-616
-537
-610
-966
-1268
-1238
-971
-79
716
1212
977
1026
2384
4140
5224
4505
2794
1268
280
733
1872
2291
909
-1926
-3490
-2848
-1005
560
915
494
-503
-1444
-1280
-228
930
1300
909
487
-9
-566
-793
-306
705
1083
606
-251
-917
-1174
-1070
-706
-394
-699
-1447
-2078
-2269
-2056
-1805
-1339
-893
-674
-732
-693
-343
162
425
421
349
105
-12
-184
-223
-309
-515
-618
-908
-998
-809
-202
458
735
722
1170
2443
3948
4439
3568
2234
1273
1058
1667
2274
1828
-102
-2268
-2841
-1775
-361
288
9
-593
-1246
-1476
-891
79
860
742
272
-76
-313
-426
-213
379
821
485
-150
-568
-759
-730
-842
-782
-819
-1181
-1662
-1963
-1783
-1633
-1628
-1476
-1299
-1018
-883
-563
-117
105
-20
-311
-359
13
362
589
416
30
-456
-626
-309
130
448
331
151
-8
206
1511
3368
4478
3847
2115
962
675
1460
2642
2943
1605
-1088
-2749
-2176
-433
920
831
52
-1013
-2017
-2006
-1006
292
841
381
-244
-831
-1127
-861
63
1191
1428
601
-388
-705
-327
74
179
-12
-625
-1489
-2049
-2061
-1793
-1633
-1651
-1475
-1278
-1239
-1227
-890
-178
372
550
405
231
149
318
707
1000
718
-4
-475
-451
74
338
261
-9
-156
896
2641
3978
3791
2354
1272
930
1507
2596
2952
1918
-331
-2038
-2016
-807
306
443
-35
-816
-1680
-1977
-1423
-365
342
329
-77
-551
-977
-1121
-553
471
1035
747
-24
-659
-858
-693
-213
35
-201
-869
-1688
-2154
-2080
-1713
-1228
-1007
-1162
-1444
-1586
-1346
-877
-378
-64
-55
-192
-223
8
395
554
514
386
276
218
159
211
264
115
226
1370
3060
3890
3084
1538
690
890
1928
3212
3320
1617
-1147
-2535
-1540
414
1451
882
-439
-1702
-2315
-1822
-512
509
558
-145
-748
-964
-973
-661
89
839
951
191
-529
-623
-287
134
283
110
-600
-1502
-1843
-1596
-1181
-1164
-1405
-1528
-1540
-1535
-1333
-908
-499
-339
-429
-509
-545
-284
211
785
958
463
-102
-113
381
813
943
881
390
164
1267
3103
4034
3003
1351
703
902
1758
2625
2762
1376
-1012
-2140
-1094
728
1517
872
-205
-1207
-1913
-1735
-597
497
613
-204
-973
-1363
-1512
-1195
-294
670
796
-28
-805
-931
-557
43
437
526
3
-861
-1434
-1459
-1147
-1015
-986
-1096
-1477
-1810
-1770
-1271
-671
-389
-368
-581
-706
-540
74
820
1040
721
159
50
459
1060
1239
997
359
151
1204
2975
3898
3089
1254
79
128
1377
2892
3087
1375
-1279
-2539
-1539
344
1447
1087
-184
-1601
-2530
-2177
-1025
9
283
30
-510
-1184
-1762
-1685
-825
311
692
136
-709
-1253
-1101
-396
420
705
121
-815
-1255
-1140
-864
-735
-689
-849
-1223
-1568
-1546
-1126
-613
-398
-497
-729
-974
-743
92
1111
1402
879
212
122
773
1603
1992
1861
1113
384
889
2444
3517
3007
1520
408
183
664
1803
2468
1818
-14
-1388
-999
260
1081
1016
431
-305
-1258
-1735
-1420
-687
-368
-431
-591
-836
-1236
-1678
-1387
-513
170
223
-180
-570
-794
-649
-112
278
215
-346
-798
-1008
-1115
-1073
-1009
-858
-906
-1226
-1385
-1220
-979
-832
-753
-682
-785
-753
-375
309
768
691
413
360
762
1371
1776
1680
1165
710
1327
2682
3660
3059
1530
356
217
981
2168
2556
1531
-476
-1652
-936
671
1552
1304
348
-566
-1310
-1423
-864
-331
-325
-846
-1239
-1389
-1546
-1468
-971
-281
-74
-448
-898
-986
-607
-104
271
140
-453
-1164
-1442
-1153
-834
-836
-1241
-1630
-1797
-1745
-1385
-1025
-817
-881
-1028
-1112
-1234
-1020
-407
333
784
576
190
61
392
1203
2015
2308
1726
760
628
1897
3452
3840
2788
1232
237
159
1204
2619
2789
1248
-913
-1636
-578
952
1765
1493
456
-722
-1494
-1257
-476
60
-52
-537
-1018
-1440
-1656
-1491
-713
29
159
-315
-901
-1089
-855
-242
294
306
-256
-1019
-1478
-1469
-1231
-910
-763
-882
-1273
-1610
-1521
-1086
-610
-450
-640
-1110
-1375
-1096
-382
308
499
250
-52
66
664
1460
2003
2033
1561
1246
1836
3050
3750
3161
1892
941
645
929
1783
2073
1252
-359
-1226
-593
606
1290
1162
554
-135
-792
-969
-640
-185
-217
-565
-921
-1256
-1612
-1717
-1287
-504
-117
-357
-894
-931
-538
-29
231
96
-306
-862
-1137
-1012
-901
-1031
-1422
-1626
-1522
-1472
-1445
-1314
-1049
-788
-827
-1065
-1313
-1198
-731
-87
333
271
-143
-231
226
1163
1800
1803
1382
1183
1912
3299
3972
3260
1728
649
452
1185
2348
2538
1112
-978
-1991
-1010
723
1756
1464
378
-603
-1133
-845
-91
429
157
-547
-1075
-1312
-1510
-1465
-1009
-309
-54
-443
-1162
-1259
-711
102
560
326
-295
-959
-1156
-811
-459
-605
-1270
-1850
-1873
-1527
-1173
-992
-980
-994
-979
-1010
-1005
-801
-463
-115
106
186
14
-2
384
1121
1774
1882
1434
1001
1383
2614
3706
3553
2330
1106
669
1102
2070
2579
1930
218
-1134
-1017
183
1220
1291
536
-281
-805
-827
-499
-42
35
-430
-970
-1275
-1420
-1436
-1269
-777
-313
-353
-781
-935
-538
40
314
199
-93
-541
-831
-848
-745
-859
-1217
-1551
-1609
-1424
-1335
-1332
-1303
-1163
-1031
-1024
-1029
-963
-783
-454
-185
-109
-144
-134
189
835
1463
1644
1505
1223
1280
2201
3384
3832
2938
1438
695
776
1538
2245
2174
1045
-564
-1219
-540
737
1360
901
10
-615
-718
-640
-345
-46
-139
-531
-1088
-1487
-1669
-1532
-1181
-709
-420
-675
-1018
-981
-402
233
392
102
-407
-770
-805
-686
-618
-784
-1196
-1594
-1780
-1669
-1416
-1224
-1103
-1160
-1324
-1376
-1325
-920
-364
-7
-38
-278
-313
-18
480
1011
1429
1604
1582
1407
1524
2263
3172
3568
2942
1896
1260
1085
1493
2063
2205
1514
143
-764
-566
536
1404
1258
497
-223
-540
-567
-320
48
146
-314
-1063
-1561
-1711
-1474
-1169
-861
-590
-666
-907
-850
-390
210
363
129
-172
-388
-506
-642
-774
-866
-1111
-1350
-1465
-1502
-1492
-1625
-1639
-1525
-1383
-1351
-1387
-1169
-717
-257
-19
0
18
194
465
875
1379
1753
1756
1462
1337
1890
2836
3429
2989
1865
1122
927
1320
1909
2095
1522
258
-678
-542
467
1286
1162
382
-304
-642
-792
-725
-390
-143
-369
-942
-1458
-1710
-1673
-1450
-1105
-666
-469
-651
-898
-754
-241
201
323
135
-123
-394
-611
-695
-777
-841
-991
-1194
-1447
-1650
-1735
-1711
-1569
-1403
-1298
-1345
-1346
-1138
-642
-131
112
172
137
317
717
1193
1591
1662
1474
1153
1332
2137
3063
3216
2235
1102
533
789
1653
2352
2248
1066
-371
-992
-359
982
1721
1398
309
-746
-1219
-1034
-480
-16
-16
-563
-1268
-1842
-2034
-1677
-1019
-375
-24
-122
-562
-873
-533
260
974
1075
520
-185
-544
-551
-336
-215
-369
-715
-1253
-1556
-1633
-1499
-1292
-1096
-1026
-1159
-1357
-1376
-984
-323
209
341
155
61
317
797
1368
1672
1618
1291
1101
1589
2493
3124
2787
1677
796
656
1329
2163
2405
1658
314
-685
-610
387
1448
1597
650
-561
-1193
-1078
-585
-214
-288
-744
-1368
-1964
-2237
-2073
-1492
-799
-320
-326
-742
-1114
-946
-190
727
1142
739
-155
-848
-903
-495
-21
-16
-530
-1306
-1861
-1917
-1655
-1384
-1201
-1152
-1290
-1531
-1612
-1379
-821
-183
226
297
148
-18
108
593
1236
1570
1446
1137
933
1344
2255
3043
2987
2026
1017
641
1226
2180
2575
1920
526
-518
-492
369
1250
1343
633
-308
-813
-787
-563
-466
-623
-883
-1158
-1483
-1909
-2062
-1684
-997
-367
-275
-633
-998
-867
-180
627
1030
766
73
-438
-416
-8
261
77
-410
-975
-1327
-1397
-1276
-1140
-1070
-1087
-1138
-1242
-1267
-1082
-662
-88
314
333
146
-12
94
471
994
1348
1353
1190
973
1047
1596
2392
2856
2573
1710
882
726
1342
2150
2431
1788
637
-245
-303
466
1236
1341
648
-318
-979
-1156
-984
-788
-704
-813
-1115
-1584
-1913
-1922
-1580
-969
-462
-301
-494
-769
-806
-470
101
602
658
310
-119
-435
-469
-240
-130
-268
-678
-1118
-1379
-1416
-1221
-1008
-921
-999
-1147
-1157
-976
-677
-302
-39
20
-76
-221
-223
22
451
909
1111
1041
800
737
1156
1920
2466
2356
1645
937
823
1397
2133
2363
1719
567
-108
22
729
1349
1340
707
-184
-856
-1046
-833
-464
-287
-399
-786
-1352
-1809
-1837
-1379
-666
-145
-83
-400
-760
-851
-512
66
564
706
366
-120
-549
-712
-553
-283
-106
-202
-557
-998
-1259
-1150
-746
-307
-157
-373
-724
-944
-828
-495
-231
-199
-251
-378
-460
-304
13
341
533
581
581
524
554
863
1395
1901
1993
1589
1036
758
894
1342
1756
1721
1165
519
222
387
783
971
766
303
-199
-558
-712
-706
-596
-612
-735
-910
-1134
-1281
-1270
-1017
-572
-233
-217
-436
-688
-711
-453
-22
249
212
-140
-565
-736
-565
-202
54
-25
-289
-519
-526
-376
-175
-119
-147
-258
-415
-586
-668
-637
-596
-457
-297
-223
-296
-440
-421
-160
204
496
604
573
469
514
799
1234
1530
1422
1003
559
535
981
1564
1811
1457
819
335
324
741
1220
1281
886
289
-228
-395
-380
-244
-109
-122
-321
-687
-954
-984
-824
-526
-268
-214
-387
-643
-769
-761
-611
-389
-182
-126
-309
-576
-703
-541
-126
248
355
145
-191
-409
-417
-244
-72
-75
-241
-457
-627
-632
-551
-483
-478
-539
-583
-570
-573
-543
-468
-351
-163
5
68
78
43
20
185
572
975
1099
884
482
255
398
873
1320
1343
977
488
257
394
751
1021
995
752
399
170
132
181
212
204
201
40
-249
-480
-629
-565
-389
-269
-258
-355
-548
-701
-709
-559
-303
-60
93
37
-112
-263
-293
-186
-13
69
59
-54
-221
-318
-312
-190
-111
-145
-270
-453
-599
-636
-644
-579
-444
-333
-291
-370
-489
-572
-497
-230
88
323
380
187
-24
-28
232
646
1024
1105
845
467
232
331
639
965
1062
860
571
384
445
687
828
852
792
623
461
306
178
82
43
122
164
69
-148
-361
-463
-354
-195
-96
-71
-136
-226
-324
-344
-342
-296
-264
-285
-344
-383
-447
-555
-604
-587
-534
-471
-501
-593
-666
-734
-746
-702
-607
-590
-659
-740
-772
-697
-559
-463
-397
-388
-373
-359
-343
-254
-79
119
247
263
202
153
248
429
580
590
490
429
503
709
819
769
603
461
489
645
823
870
700
481
400
466
602
729
777
680
560
429
360
395
525
631
603
450
210
-26
-111
-48
112
235
168
-113
-440
-603
-555
-381
-299
-352
-532
-722
-842
-873
-848
-874
-865
-849
-836
-810
-830
-829
-769
-652
-536
-469
-437
-399
-375
-308
-237
-218
-190
-124
-68
-16
20
51
89
148
247
387
514
511
410
343
362
478
667
774
689
484
309
308
439
593
656
611
529
450
461
526
606
691
729
681
576
477
434
464
568
621
551
390
204
68
60
110
107
17
-146
-330
-446
-492
-439
-409
-489
-643
-750
-777
-739
-679
-696
-707
-763
-773
-777
-761
-699
-618
-530
-487
-495
-526
-598
-643
-573
-459
-352
-311
-327
-317
-282
-214
-137
-78
-44
-18
-51
-89
-85
-85
-33
50
154
213
153
96
110
217
349
440
547
615
593
483
451
509
630
737
746
682
508
381
341
421
528
540
448
307
247
246
262
300
304
256
225
198
163
133
31
-55
-68
-74
-66
-61
-66
-111
-186
-225
-190
-100
-44
-79
-146
-170
-169
-128
-110
-137
-157
-152
-92
-111
-196
-254
-284
-221
-178
-212
-315
-432
-461
-386
-247
-168
-184
-309
-385
-363
-332
-306
-277
-223
-174
-189
-248
-240
-211
-70
68
66
28
-19
-18
36
92
116
101
85
100
136
188
219
194
217
247
282
310
302
305
293
227
193
244
326
382
400
363
338
336
351
386
438
436
409
372
352
340
304
333
346
314
228
183
188
207
213
142
53
-28
-62
-67
-92
-169
-280
-364
-394
-421
-432
-475
-567
-620
-657
-686
-678
-676
-697
-682
-664
-683
-726
-745
-739
-707
-669
-656
-633
-607
-620
-586
-502
-408
-337
-300
-246
-163
-52
38
123
192
234
243
264
300
319
383
503
571
554
511
480
497
542
602
612
582
566
571
590
635
686
675
649
674
744
757
722
699
681
689
738
756
736
632
527
476
464
445
391
293
187
98
16
-20
-103
-134
-189
-269
-386
-500
-567
-571
-548
-619
-745
-877
-929
-956
-909
-900
-946
-984
-1010
-921
-809
-748
-741
-696
-641
-579
-548
-526
-484
-430
-365
-305
-244
-221
-210
-178
-131
-56
16
48
87
118
127
163
214
247
256
279
331
399
470
490
488
504
574
650
728
745
734
723
720
737
760
788
833
810
767
692
644
633
616
644
666
588
407
248
135
163
170
98
-6
-164
-337
-455
-483
-469
-503
-592
-698
-754
-759
-760
-735
-718
-718
-695
-701
-692
-696
-659
-560
-516
-529
-555
-577
-554
-508
-479
-466
-460
-443
-433
-359
-288
-277
-273
-257
-204
-150
-114
-56
-59
-47
10
56
157
249
289
345
387
406
416
465
541
651
719
715
695
658
688
730
796
829
798
694
603
647
703
726
679
533
412
369
355
358
311
175
88
86
57
43
31
-45
-80
-103
-107
-138
-179
-210
-193
-148
-150
-187
-280
-359
-388
-376
-371
-380
-419
-492
-554
-570
-557
-544
-516
-521
-538
-583
-617
-603
-571
-494
-442
-384
-363
-353
-354
-334
-252
-203
-147
-139
-163
-159
-118
-79
-54
-19
-3
50
127
151
141
145
185
245
334
373
393
385
320
328
370
390
352
311
286
303
329
327
321
343
335
341
366
358
383
375
399
439
416
362
315
286
275
281
274
261
192
101
11
-24
-12
-18
-48
-91
-136
-194
-232
-253
-249
-218
-193
-211
-249
-298
-313
-273
-265
-278
-287
-320
-329
-342
-351
-320
-315
-303
-284
-271
-291
-309
-310
-266
-195
-162
-141
-139
-159
-147
-129
-119
-118
-122
-164
-171
-126
-107
-100
-66
-29
2
48
68
84
106
134
171
269
349
398
413
413
392
386
405
423
406
348
341
294
294
292
264
234
222
217
208
196
166
136
140
189
191
171
135
85
86
92
87
82
34
-14
-60
-85
-84
-120
-129
-115
-135
-193
-250
-269
-216
-151
-131
-188
-292
-337
-316
-297
-297
-335
-422
-469
-484
-465
-433
-382
-374
-353
-320
-321
-282
-252
-192
-114
-56
-30
-23
-32
-12
19
38
76
80
83
74
71
100
94
81
77
73
115
130
150
174
172
161
173
180
181
197
194
188
199
259
266
252
274
288
254
228
222
199
208
221
235
230
205
170
175
184
203
222
182
137
101
87
96
128
80
37
-1
-68
-82
-78
-122
-146
-158
-182
-177
-186
-149
-138
-125
-115
-132
-114
-98
-59
-85
-122
-153
-187
-192
-198
-197
-221
-241
-257
-259
-228
-201
-214
-181
-155
-131
-90
-67
-59
-55
-62
-61
-38
-34
-3
33
75
94
100
75
31
33
49
56
106
98
56
66
87
159
223
234
237
234
216
236
248
260
244
221
206
168
142
101
117
151
107
60
22
-12
43
100
128
148
89
32
48
63
68
77
51
-7
-63
-63
-60
-60
-82
-127
-159
-176
-201
-225
-257
-266
-244
-237
-226
-238
-257
-293
-283
-239
-223
-252
-303
-326
-322
-270
-275
-314
-357
-381
-366
-330
-263
-249
-251
-247
-218
-190
-154
-89
-78
-55
-9
68
88
81
96
89
116
176
199
229
260
252
268
282
284
325
362
381
405
413
410
418
448
476
478
460
432
387
377
392
401
382
308
234
196
190
187
166
104
43
-6
16
50
39
-7
-34
-62
-81
-76
-92
-121
-145
-160
-192
-227
-297
-361
-353
-333
-335
-343
-386
-402
-413
-383
-321
-285
-283
-299
-256
-191
-172
-166
-193
-206
-206
-201
-171
-126
-103
-96
-84
-69
-50
-22
39
99
137
157
164
170
197
228
278
308
304
300
297
280
303
347
345
341
301
248
226
202
196
203
204
194
178
168
159
152
170
149
141
118
60
40
16
-29
-52
-107
-154
-173
-183
-202
-210
-210
-257
-319
-343
-340
-320
-287
-282
-320
-330
-309
-280
-258
-253
-273
-317
-361
-331
-281
-249
-221
-233
-236
-210
-166
-127
-116
-104
-75
-15
26
29
64
51
50
96
146
178
190
194
196
233
255
239
210
198
212
211
200
212
212
211
208
222
259
288
293
274
258
245
252
268
262
231
167
107
69
65
70
34
-15
-71
-101
-112
-91
-52
-66
-94
-113
-104
-98
-105
-113
-115
-138
-133
-120
-119
-89
-98
-89
-88
-79
-69
-50
4
29
44
46
42
22
15
43
59
62
41
20
21
33
44
59
68
51
33
-12
-18
-2
-8
-9
-2
-22
-45
-42
-51
-50
-35
-34
-34
-48
-55
-78
-94
-76
-89
-103
-121
-133
-127
-154
-169
-181
-207
-185
-174
-144
-120
-133
-132
-149
-127
-64
-28
-14
-54
-70
-49
-29
37
48
271
605
559
150
-139
-87
-11
-21
198
436
213
-317
-520
-217
209
395
383
319
167
-125
-314
-66
346
406
245
257
279
60
-139
15
189
149
137
227
154
-60
-209
-255
-238
-175
-128
-128
-153
-248
-375
-427
-345
-200
-106
-22
61
-26
-194
-225
-203
-161
-58
93
126
18
-107
-210
-226
-157
-50
33
93
77
-28
-120
-111
-70
-39
18
98
98
0
-29
-7
39
131
238
321
324
300
259
223
239
283
362
452
486
408
279
186
167
202
252
299
293
191
130
110
120
155
170
170
163
123
54
13
-40
-67
-85
-57
-22
-47
-93
-162
-226
-262
-248
-225
-231
-264
-330
-373
-416
-423
-413
-381
-367
-379
-402
-441
-445
-415
-365
-332
-318
-313
-319
-306
-280
-286
-269
-235
-227
-196
-156
-108
-87
-76
-45
32
58
68
80
88
124
138
145
169
186
178
222
263
289
296
294
301
330
397
462
487
499
472
439
428
448
439
391
356
304
259
249
248
208
180
141
150
129
106
66
10
-22
-52
-30
-5
7
-12
-55
-117
-180
-213
-211
-204
-186
-200
-247
-336
-342
-307
-294
-289
-291
-303
-306
-304
-315
-303
-259
-235
-233
-196
-193
-196
-201
-177
-151
-117
-78
-29
9
6
-4
5
28
55
86
124
163
172
159
205
267
321
391
412
374
331
281
258
301
315
323
321
286
243
227
197
167
188
178
144
105
74
54
28
16
1
4
-24
-59
-80
-91
-104
-141
-172
-190
-213
-215
-217
-234
-267
-279
-292
-284
-276
-270
-251
-261
-273
-290
-293
-276
-261
-259
-258
-246
-250
-235
-249
-242
-206
-179
-162
-166
-181
-173
-151
-114
-39
5
2
20
41
76
121
138
147
153
155
160
175
174
183
182
166
155
142
152
158
173
189
182
186
206
229
215
214
200
173
155
175
181
199
224
193
175
161
170
157
162
175
157
127
90
86
90
111
132
134
105
72
26
-12
-32
-44
-22
-10
-62
-85
-102
-140
-125
-111
-99
-103
-116
-129
-139
-134
-148
-148
-121
-92
-93
-119
-156
-191
-206
-217
-212
-225
-211
-229
-253
-269
-285
-288
-273
-239
-220
-182
-156
-142
-114
-87
-61
-22
-11
-3
20
31
42
53
80
99
116
142
169
176
161
161
147
162
203
230
242
240
231
225
229
235
236
237
222
194
173
159
159
178
161
160
136
101
95
97
93
109
137
146
126
115
90
50
7
-10
8
-1
-9
-49
-48
-69
-105
-112
-137
-155
-175
-199
-239
-254
-262
-257
-249
-244
-249
-264
-277
-306
-299
-312
-312
-281
-292
-278
-258
-251
-219
-177
-165
-162
-164
-146
-125
-120
-86
-95
-81
-67
-48
5
38
86
112
84
96
103
121
173
184
206
222
226
230
254
270
287
309
318
319
339
355
370
379
375
353
313
301
279
276
270
243
214
205
157
131
121
95
87
66
25
-18
-55
-107
-142
-171
-189
-246
-294
-315
-338
-333
-331
-351
-352
-354
-351
-331
-323
-310
-317
-362
-373
-348
-330
-296
-251
-238
-251
-228
-212
-163
-94
-78
-63
-44
-42
-32
5
48
98
153
178
220
240
291
317
317
347
344
368
389
386
385
369
346
343
344
379
388
396
402
373
342
322
308
295
263
227
210
148
115
83
62
46
20
-17
-39
-82
-147
-163
-146
-142
-182
-211
-236
-263
-297
-303
-323
-326
-332
-334
-329
-319
-306
-311
-324
-349
-331
-343
-322
-325
-366
-367
-360
-376
-359
-309
-285
-252
-260
-234
-200
-175
-100
-57
-32
-20
-21
4
40
59
62
73
77
78
89
115
149
162
170
170
192
194
172
175
166
175
199
198
212
232
195
184
174
177
200
208
231
215
202
206
196
195
207
205
205
193
176
161
130
120
121
117
103
101
74
46
39
18
4
-21
-17
-22
-34
-48
-77
-90
-93
-78
-88
-100
-100
-107
-129
-139
-141
-147
-128
-134
-127
-121
-128
-109
-95
-96
-110
-113
-122
-142
-147
-128
-103
-68
-38
-45
-54
-68
-65
-44
-15
-7
9
1
-7
-19
-14
9
32
50
62
94
104
110
115
149
159
170
180
172
174
163
170
167
171
156
136
125
109
102
90
74
44
9
1
4
7
-7
-33
-52
-65
-52
-36
-34
-51
-35
-48
-77
-94
-98
-85
-90
-113
-128
-142
-166
-179
-160
-132
-126
-111
-113
-139
-138
-114
-107
-101
-98
-105
-113
-107
-120
-126
-110
-134
-150
-117
-106
-100
-81
-96
-81
-63
-46
-20
-5
-2
3
23
27
39
61
80
103
122
116
120
105
87
91
100
120
112
106
109
119
126
136
145
165
192
200
218
220
197
172
159
163
158
157
135
112
97
84
92
106
92
84
84
53
21
10
1
-10
-29
-29
-33
-56
-72
-86
-116
-136
-143
-166
-178
-169
-186
-189
-179
-185
-200
-207
-203
-191
-184
-185
-164
-147
-145
-132
-111
-92
-80
-63
-41
-29
-13
-28
-34
-24
-18
-16
-9
4
5
-14
-15
-12
7
31
45
77
74
76
87
83
88
93
101
119
135
131
126
106
101
129
137
147
145
135
135
141
152
174
193
171
157
157
147
127
106
95
98
110
98
76
75
35
7
-5
-19
-47
-41
-62
-69
-53
-65
-61
-66
-78
-96
-89
-84
-81
-93
-106
-134
-143
-148
-169
-169
-161
-200
-234
-238
-223
-211
-193
-178
-179
-177
-172
-157
-140
-116
-124
-124
-118
-105
-98
-104
-93
-99
-105
-97
-60
-17
-14
-2
15
21
40
52
83
117
136
136
144
128
122
146
168
199
218
215
224
224
211
218
228
240
221
194
188
157
154
170
175
172
170
153
130
140
146
148
139
122
109
84
60
36
3
-13
-43
-89
-119
-136
-148
-150
-155
-143
-149
-165
-153
-158
-176
-169
-158
-145
-144
-168
-172
-177
-190
-205
-206
-195
-197
-173
-143
-122
-109
-98
-70
-60
-48
-23
0
7
11
33
46
41
58
93
102
92
96
87
73
82
89
88
96
87
87
96
92
93
100
94
102
105
84
99
85
73
79
61
58
71
61
55
64
74
57
50
50
35
17
-3
-11
-23
-36
-36
-40
-42
-58
-93
-105
-107
-118
-135
-126
-139
-158
-181
-199
-182
-163
-170
-152
-148
-147
-162
-176
-171
-187
-192
-163
-137
-138
-121
-102
-77
-61
-56
-32
-25
-20
-10
2
8
17
45
51
47
63
78
72
83
110
112
125
141
140
147
152
173
202
209
229
236
235
230
228
254
264
277
268
268
257
245
237
225
219
217
213
189
177
155
145
133
143
139
108
74
26
-4
-18
-25
-32
-40
-51
-72
-69
-81
-107
-106
-126
-142
-140
-169
-193
-215
-233
-241
-243
-244
-252
-257
-253
-258
-261
-271
-281
-288
-272
-276
-254
-232
-229
-198
-195
-199
-166
-138
-119
-93
-94
-98
-90
-69
-48
-27
-3
7
26
38
39
56
79
84
88
91
77
96
125
135
146
161
164
142
159
170
175
187
170
180
171
176
185
172
157
158
147
131
120
100
73
45
25
13
12
11
-10
-17
-19
-39
-34
-54
-66
-60
-71
-70
-86
-94
-97
-111
-119
-120
-114
-111
-98
-89
-86
-100
-104
-93
-76
-66
-73
-80
-87
-79
-66
-59
-44
-29
-27
-27
-4
11
18
19
31
56
45
47
69
68
78
100
111
120
131
145
156
136
146
149
156
172
192
217
213
204
206
194
188
172
152
157
137
123
117
109
89
96
88
74
77
54
35
24
19
9
4
-13
-38
-44
-58
-81
-102
-120
-149
-172
-195
-203
-216
-247
-238
-232
-237
-227
-227
-244
-257
-267
-257
-243
-235
-227
-221
-214
-207
-207
-213
-193
-172
-159
-132
-116
-106
-92
-101
-108
-81
-70
-80
-50
-33
-14
-11
-3
31
41
70
98
104
92
105
93
87
119
131
138
170
163
153
152
148
159
158
167
170
169
169
179
168
171
180
175
191
170
159
162
149
140
118
105
113
110
106
102
109
98
69
60
43
33
13
3
-9
-15
-35
-44
-43
-61
-68
-80
-77
-105
-109
-102
-100
-102
-112
-98
-125
-129
-109
-99
-101
-97
-105
-122
-139
-125
-127
-130
-98
-108
-108
-101
-103
-96
-86
-66
-29
-6
8
33
24
26
29
32
48
52
69
80
91
112
119
129
148
137
156
165
140
133
126
130
145
146
145
143
149
141
138
158
138
114
103
61
44
36
5
10
1
-30
-27
-55
-94
-105
-116
-131
-116
-113
-134
-137
-155
-155
-162
-176
-177
-190
-198
-219
-237
-246
-243
-230
-223
-205
-192
-181
-166
-137
-122
-103
-89
-95
-65
-55
-44
-39
-41
-43
-47
-41
-29
-10
18
37
63
88
91
95
96
94
106
111
122
122
137
133
130
151
156
156
144
122
122
131
117
125
119
108
111
95
80
84
79
63
64
59
53
52
74
82
73
76
62
50
51
33
26
22
-7
-31
-36
-20
-18
-16
-15
-10
-11
-25
-20
-24
-22
-20
-32
-25
-38
-41
-38
-30
-20
-19
-2
-7
-16
-12
-14
-29
-18
-9
-2
12
-6
-6
-14
-5
-9
-11
-3
-16
-8
-10
-15
-7
7
-1
-13
-19
-24
-35
-28
-32
-27
-10
15
8
7
27
18
8
25
44
38
33
28
25
16
30
19
-3
-5
-17
-20
-15
-24
-29
-16
-4
4
7
16
25
31
23
21
15
4
13
2
-9
-21
-55
-77
-71
-64
-71
-66
-68
-78
-83
-68
-77
-76
-61
-66
-69
-74
-68
-74
-92
-95
-82
-86
-87
-82
-109
-131
-143
-159
-154
-144
-136
-146
-127
-109
-112
-94
-75
-70
-64
-67
-48
-41
-48
-24
-12
1
21
24
46
47
35
31
47
81
81
111
123
129
136
140
155
178
203
208
204
202
200
196
207
213
216
212
201
185
171
156
148
146
137
141
107
96
94
70
54
65
51
33
33
26
30
28
30
29
17
13
-17
-48
-44
-63
-58
-64
-89
-72
-73
-93
-82
-70
-77
-66
-47
-35
-39
-50
-46
-64
-86
-87
-78
-64
-52
-49
-42
-47
-51
-35
-32
-18
-17
-17
-14
-7
-9
-1
-11
-8
-2
-15
-11
-18
-7
9
9
7
9
20
-5
-20
-24
-24
-16
-27
-31
-29
-32
-25
-4
1
3
12
4
-6
-21
-21
-25
-42
-37
-47
-49
-44
-49
-32
-46
-64
-69
-65
-47
-27
-36
-50
-52
-64
-66
-54
-57
-61
-62
-75
-92
-99
-87
-103
-91
-69
-64
-52
-52
-38
-24
-31
-48
-44
-44
-37
-17
-13
-13
1
1
-6
12
16
16
27
28
42
53
49
61
73
62
70
64
71
71
73
95
90
103
120
120
101
116
134
130
124
131
126
108
109
123
121
118
108
97
94
77
71
78
66
56
58
44
42
54
43
34
32
17
25
19
8
11
0
-8
-12
-29
-43
-58
-61
-45
-37
-48
-43
-42
-47
-50
-62
-48
-58
-72
-63
-69
-58
-58
-67
-67
-72
-75
-75
-74
-68
-64
-60
-52
-54
-43
-27
-30
-26
-33
-39
-38
-31
-27
-21
-21
-22
-24
-13
-1
8
6
14
0
-3
-12
-23
-12
-6
7
10
19
39
41
39
53
52
46
57
49
47
42
43
60
50
55
55
42
32
16
6
5
-4
6
2
0
2
-13
-17
-30
-37
-37
-29
-31
-34
-48
-52
-61
-79
-84
-89
-84
-91
-90
-84
-98
-112
-111
-117
-106
-110
-112
-89
-105
-94
-68
-58
-49
-32
-33
-38
-26
-30
-9
9
17
31
28
29
36
26
49
56
66
77
77
92
94
101
120
127
118
119
107
108
115
102
109
110
95
105
104
98
103
92
84
78
66
56
67
72
69
67
60
55
57
50
49
56
39
20
24
21
13
10
1
-1
-14
-15
-7
-30
-24
-22
-36
-38
-33
-34
-32
-49
-54
-42
-45
-53
-53
-51
-68
-68
-66
-72
-80
-89
-91
-85
-86
-74
-70
-82
-63
-66
-55
-42
-45
-28
-30
-29
-20
-15
-19
-19
-26
-27
-26
-29
-20
-17
-13
3
0
17
34
32
34
35
35
30
35
35
37
40
34
17
32
26
19
24
22
9
-13
-30
-40
-52
-54
-45
-43
-36
-45
-40
-41
-50
-53
-43
-51
-52
-52
-57
-62
-69
-79
-86
-63
-58
-49
-37
-36
-20
-1
4
21
17
25
35
28
41
35
36
38
42
47
45
43
48
67
79
102
118
121
119
115
116
113
122
120
105
92
82
79
75
74
73
60
54
48
42
46
44
42
41
46
40
19
10
12
3
-1
-9
-23
-17
-18
-10
3
7
8
-1
0
-21
-26
-39
-43
-49
-60
-63
-62
-67
-66
-48
-45
-40
-33
-38
-31
-32
-31
-29
-31
-34
-47
-53
-67
-78
-78
-62
-52
-58
-49
-43
-42
-38
-24
-16
-22
-22
-42
-37
-30
-38
-40
-37
-45
-48
-49
-49
-44
-58
-61
-56
-48
-44
-36
-26
-18
-7
-11
-21
-15
-8
-2
16
13
15
18
17
31
33
36
48
37
31
47
39
43
43
32
41
40
45
59
53
43
30
37
41
46
63
66
56
45
42
42
58
57
53
48
32
34
30
16
23
20
6
15
14
11
7
-1
12
12
2
1
-5
-9
-9
-12
-20
-34
-38
-38
-62
-65
-57
-69
-58
-46
-43
-27
-27
-28
-17
-20
-6
3
-4
-7
-20
-24
-29
-32
-17
-27
-37
-29
-22
-7
8
6
17
29
25
41
42
49
53
32
41
45
40
46
36
22
24
12
14
22
30
37
33
39
28
26
23
14
12
13
6
3
1
0
-2
-3
6
4
-1
-3
-17
-28
-29
-41
-31
-25
-34
-32
-39
-45
-47
-45
-43
-34
-35
-24
-30
-39
-32
-41
-40
-22
-25
-22
-20
-11
1
6
8
13
13
8
5
7
-3
-6
10
0
12
33
40
37
38
23
15
13
13
16
21
26
19
14
19
18
21
19
18
24
31
30
33
34
31
29
28
33
24
16
10
11
6
3
-6
-15
-15
-22
-31
-27
-35
-48
-50
-43
-50
-44
-51
-67
-53
-69
-73
-71
-69
-63
-50
-45
-45
-37
-35
-33
-28
-25
-17
-18
-20
-16
-26
-27
-16
-9
-8
-3
7
18
31
40
57
62
61
55
60
60
61
63
61
71
75
71
68
63
65
73
67
68
73
57
62
66
60
59
53
48
45
40
36
25
13
3
-8
-7
-3
-9
-3
6
-9
-5
-6
-16
-25
-28
-34
-45
-35
-41
-50
-42
-40
-40
-35
-24
-21
-20
-24
-32
-42
-41
-47
-50
-50
-58
-70
-66
-63
-60
-50
-52
-50
-42
-31
-21
-13
-13
-15
-21
-27
-30
-33
-34
-33
-41
-36
-26
-24
-18
-10
-3
5
7
13
16
15
11
4
-8
-9
-9
-10
-6
-4
3
-1
-7
5
7
3
-1
2
-4
-6
-2
8
14
22
33
31
37
48
46
40
52
50
47
44
45
41
36
33
31
34
32
34
43
42
41
44
43
47
52
57
58
57
57
53
48
42
33
37
27
22
20
5
2
-4
-10
-5
-6
-7
0
-6
-12
-18
-24
-20
-33
-32
-31
-34
-41
-41
-27
-33
-43
-32
-36
-44
-37
-43
-34
-37
-49
-55
-63
-61
-56
-39
-27
-21
-13
-7
-15
-3
1
1
7
7
7
10
9
13
13
16
20
18
28
28
20
26
28
27
31
32
41
42
34
28
15
7
1
-9
-12
-13
-19
-22
-20
-8
-3
-9
-6
-10
-18
-17
-27
-42
-46
-54
-70
-72
-71
-68
-65
-55
-47
-38
-35
-29
-22
-19
-19
-16
-16
-17
-15
-18
-11
-12
-5
-2
9
14
14
30
42
44
47
50
52
58
59
54
60
63
50
46
40
30
31
27
32
41
38
41
41
45
50
44
37
37
31
18
13
14
5
-3
-5
-8
-9
-12
-4
-3
-7
4
4
2
-1
-12
-22
-33
-36
-30
-35
-40
-34
-35
-28
-23
-20
-7
-4
-9
-8
-6
-6
1
3
-1
-6
-9
-14
-21
-21
-15
-17
-24
-21
-13
-11
-4
1
10
13
7
5
-4
-4
-12
-21
-25
-28
-27
-21
-17
-5
10
15
13
12
21
21
12
14
6
-1
-4
-10
-10
-10
-12
-5
-1
-2
11
13
17
26
28
24
28
25
22
17
17
12
8
13
9
14
15
21
22
19
23
27
28
34
40
35
34
35
26
19
11
3
-1
-4
-11
-19
-19
-22
-14
-14
-7
5
4
-5
-4
-10
-24
-29
-42
-54
-57
-64
-62
-51
-38
-29
-28
-24
-22
-24
-26
-30
-33
-32
-41
-42
-51
-56
-45
-41
-34
-24
-18
-20
-14
-11
-8
1
1
3
12
12
12
17
16
12
12
13
7
10
5
14
21
26
31
31
32
37
31
27
29
19
16
10
7
7
2
4
6
5
14
20
20
22
31
32
29
31
21
18
8
6
3
-3
-2
-3
-5
2
10
11
16
11
14
7
5
3
-5
-10
-10
-13
-10
-11
-11
-5
0
-1
5
9
6
11
13
13
17
14
1
-3
-2
-4
0
4
0
-4
-4
-3
2
12
11
15
19
23
24
22
15
12
11
0
5
4
2
9
8
7
13
12
19
25
22
16
4
-8
-14
-22
-27
-29
-29
-31
-31
-28
-24
-17
-7
0
3
1
-12
-22
-35
-41
-44
-41
-36
-36
-32
-33
-33
-26
-25
-20
-14
-12
-10
-9
-7
-13
-7
-4
-5
-3
-5
-8
-5
-9
-8
-2
4
14
14
18
18
16
17
22
22
24
14
8
4
1
2
2
9
8
9
12
16
16
19
27
30
24
19
13
1
-9
-10
-10
-11
-11
-12
-9
-7
-1
5
13
21
26
27
22
17
13
7
4
-1
-9
-7
-8
-9
-11
-6
-1
-1
9
18
20
22
22
16
7
-1
2
-4
-6
