SAMPLES:	9283
BITSPERSAMPLE:	16
CHANNELS:	1
SAMPLERATE:	16000
NORMALIZED:	FALSE
-6
-7
-7
-5
-3
-3
0
-1
0
-2
-3
-5
-8
-7
-4
-2
-3
-2
-2
-1
-1
1
-1
-1
0
1
3
5
4
5
5
5
3
2
3
4
4
3
3
5
4
6
6
8
9
8
9
10
9
9
8
5
2
0
-3
-1
2
5
7
7
8
5
3
1
-1
-3
-4
-4
-3
-6
-7
-7
-7
-7
-6
-2
-1
1
5
5
3
4
6
7
7
6
6
6
5
4
2
4
5
7
10
8
7
4
3
3
0
-1
-4
-6
-10
-11
-14
-15
-15
-17
-17
-18
-19
-20
-19
-17
-17
-19
-20
-22
-21
-20
-25
-29
-32
-29
-32
-34
-34
-32
-32
-31
-28
-27
-27
-26
-22
-19
-18
-15
-15
-14
-11
-11
-8
-5
-1
4
12
18
21
26
29
32
32
34
42
46
52
55
59
67
73
77
84
88
91
94
96
94
90
88
88
89
88
83
76
68
58
47
35
24
15
3
-8
-18
-34
-48
-56
-64
-74
-83
-93
-99
-107
-114
-119
-124
-126
-126
-127
-131
-137
-141
-145
-145
-142
-142
-141
-138
-133
-129
-121
-113
-103
-93
-78
-63
-49
-35
-21
-7
9
23
42
66
94
122
146
167
187
206
226
246
262
283
304
321
335
341
342
343
344
340
327
306
283
254
222
188
145
102
66
25
-12
-52
-91
-127
-160
-188
-216
-242
-266
-284
-301
-316
-335
-355
-368
-378
-389
-401
-410
-419
-425
-422
-419
-414
-405
-389
-376
-365
-359
-349
-332
-315
-295
-266
-233
-200
-165
-129
-94
-59
-15
31
76
121
156
186
220
255
281
323
370
416
465
506
542
568
602
629
656
680
700
710
719
729
726
716
710
692
661
618
564
498
427
360
291
215
137
63
-7
-69
-136
-209
-276
-339
-399
-450
-493
-532
-563
-584
-609
-636
-656
-671
-681
-685
-677
-686
-694
-708
-715
-717
-716
-699
-688
-673
-656
-637
-622
-596
-565
-522
-469
-418
-366
-315
-259
-198
-131
-65
-2
66
124
188
239
292
346
402
467
552
628
708
783
846
906
950
999
1029
1064
1098
1116
1104
1097
1079
1050
1028
1003
966
909
857
782
689
587
464
336
220
117
12
-93
-187
-292
-379
-462
-534
-591
-643
-687
-731
-769
-803
-830
-860
-875
-899
-926
-961
-988
-995
-1008
-1012
-1032
-1047
-1035
-1019
-1014
-994
-969
-936
-891
-857
-811
-758
-692
-612
-526
-448
-375
-294
-201
-105
-5
81
173
262
349
421
471
530
632
761
858
956
1031
1092
1150
1223
1282
1318
1352
1385
1432
1468
1471
1450
1435
1429
1425
1385
1313
1219
1100
964
813
645
498
366
250
132
0
-152
-315
-456
-566
-696
-772
-834
-894
-943
-999
-1077
-1140
-1166
-1198
-1218
-1249
-1254
-1268
-1272
-1269
-1274
-1281
-1259
-1230
-1215
-1216
-1232
-1240
-1228
-1176
-1097
-1032
-959
-882
-814
-728
-640
-541
-416
-250
-116
-5
116
211
310
404
492
563
636
781
922
1085
1215
1314
1414
1487
1569
1615
1664
1716
1777
1821
1808
1766
1746
1725
1738
1730
1674
1583
1449
1299
1132
932
706
507
346
197
44
-113
-285
-441
-556
-678
-806
-909
-991
-1053
-1112
-1188
-1270
-1321
-1354
-1375
-1372
-1393
-1412
-1423
-1437
-1451
-1462
-1459
-1438
-1404
-1365
-1344
-1339
-1336
-1290
-1237
-1183
-1114
-1033
-927
-815
-720
-634
-536
-404
-255
-110
29
148
248
323
410
518
599
731
906
1070
1211
1280
1374
1448
1522
1602
1661
1713
1733
1755
1750
1701
1659
1663
1659
1650
1615
1524
1387
1222
1043
871
695
539
397
257
95
-71
-263
-422
-537
-631
-711
-758
-779
-809
-861
-938
-1028
-1118
-1156
-1177
-1180
-1171
-1203
-1228
-1262
-1297
-1316
-1337
-1313
-1266
-1241
-1244
-1264
-1281
-1271
-1241
-1189
-1121
-1037
-953
-855
-746
-652
-548
-413
-246
-90
50
167
265
336
407
518
599
729
899
1035
1193
1313
1406
1476
1558
1634
1639
1675
1729
1755
1782
1767
1732
1697
1674
1662
1633
1563
1464
1327
1159
979
783
587
409
266
116
-33
-224
-407
-565
-712
-834
-932
-991
-1060
-1125
-1182
-1244
-1315
-1354
-1372
-1380
-1390
-1411
-1415
-1420
-1423
-1430
-1437
-1426
-1403
-1364
-1340
-1321
-1318
-1280
-1205
-1141
-1045
-938
-838
-737
-610
-499
-410
-311
-180
-61
60
171
262
363
462
553
632
741
865
1022
1164
1282
1403
1467
1557
1627
1708
1774
1836
1872
1870
1825
1767
1737
1710
1688
1633
1573
1452
1308
1137
944
722
513
333
163
-10
-193
-368
-526
-674
-801
-913
-1001
-1078
-1136
-1176
-1212
-1259
-1304
-1333
-1358
-1375
-1380
-1372
-1372
-1364
-1359
-1376
-1403
-1396
-1378
-1340
-1299
-1258
-1214
-1186
-1144
-1085
-1004
-910
-796
-673
-544
-438
-332
-217
-104
35
172
295
387
481
563
633
727
889
1036
1179
1321
1441
1516
1546
1623
1655
1714
1796
1861
1856
1824
1764
1708
1663
1636
1583
1523
1441
1329
1185
995
812
622
455
299
124
-79
-279
-475
-650
-794
-935
-1031
-1078
-1125
-1164
-1196
-1239
-1304
-1337
-1340
-1343
-1336
-1318
-1286
-1259
-1245
-1254
-1278
-1282
-1267
-1232
-1206
-1186
-1158
-1141
-1123
-1076
-1020
-960
-879
-794
-695
-599
-494
-392
-267
-148
-27
113
223
314
380
452
515
629
772
944
1064
1191
1301
1394
1476
1514
1569
1586
1623
1649
1656
1642
1604
1573
1557
1531
1470
1402
1318
1194
1041
868
679
508
365
244
93
-84
-250
-418
-556
-692
-814
-884
-944
-966
-964
-972
-1001
-1025
-1040
-1054
-1069
-1085
-1076
-1093
-1113
-1149
-1180
-1214
-1234
-1213
-1192
-1181
-1153
-1097
-1061
-1040
-1012
-988
-936
-854
-735
-621
-524
-422
-309
-214
-113
-25
38
103
167
238
345
518
659
837
999
1152
1256
1363
1483
1520
1582
1658
1722
1737
1726
1736
1726
1718
1732
1679
1631
1572
1482
1351
1166
967
758
559
384
243
91
-94
-259
-433
-594
-757
-902
-971
-1025
-1079
-1122
-1153
-1211
-1246
-1257
-1278
-1281
-1275
-1232
-1204
-1204
-1216
-1241
-1266
-1277
-1269
-1252
-1214
-1179
-1143
-1113
-1098
-1074
-1040
-975
-896
-760
-615
-474
-332
-190
-70
37
129
211
301
398
498
647
783
909
1051
1163
1269
1351
1468
1522
1566
1641
1675
1699
1700
1674
1633
1600
1579
1518
1449
1357
1239
1125
964
774
600
436
296
139
-2
-163
-332
-480
-607
-733
-852
-928
-995
-1025
-1044
-1078
-1126
-1151
-1182
-1203
-1209
-1214
-1167
-1115
-1065
-1031
-1023
-1020
-1031
-1029
-1018
-997
-974
-949
-927
-898
-882
-846
-793
-713
-621
-532
-428
-317
-192
-85
14
78
120
194
274
380
546
674
822
942
1043
1137
1200
1317
1398
1499
1608
1719
1785
1804
1773
1719
1671
1642
1594
1534
1430
1317
1193
1013
820
595
387
213
95
-32
-189
-342
-502
-665
-791
-900
-983
-1018
-1006
-990
-989
-1032
-1086
-1118
-1118
-1093
-1066
-1031
-998
-966
-969
-1002
-1073
-1125
-1134
-1106
-1095
-1074
-1066
-1058
-1051
-1043
-1005
-987
-932
-795
-662
-540
-410
-278
-178
-131
-63
22
95
178
346
539
684
878
987
1034
1108
1159
1275
1347
1455
1596
1706
1765
1741
1715
1632
1539
1498
1483
1457
1398
1303
1136
900
648
406
210
54
-53
-155
-259
-421
-611
-802
-943
-1002
-1053
-1036
-998
-981
-1014
-1031
-1116
-1177
-1169
-1170
-1111
-1032
-952
-916
-934
-985
-1032
-1063
-1066
-1045
-969
-873
-829
-816
-829
-866
-879
-861
-791
-633
-466
-319
-173
-35
42
93
155
220
318
447
718
970
1168
1316
1439
1498
1493
1586
1658
1738
1880
2031
2138
2139
2057
1942
1830
1717
1590
1482
1426
1299
1131
920
612
293
16
-177
-295
-457
-543
-667
-832
-969
-1129
-1230
-1307
-1345
-1302
-1231
-1199
-1189
-1178
-1186
-1265
-1367
-1424
-1385
-1314
-1221
-1153
-1129
-1160
-1192
-1213
-1200
-1160
-1128
-1033
-902
-823
-823
-815
-812
-782
-671
-526
-358
-178
-6
126
186
227
250
315
462
706
958
1148
1321
1449
1486
1447
1450
1472
1533
1692
1881
2020
2071
1998
1878
1741
1603
1515
1444
1378
1281
1146
935
665
307
-17
-254
-425
-566
-681
-772
-898
-1050
-1188
-1325
-1415
-1412
-1367
-1232
-1137
-1129
-1147
-1178
-1207
-1210
-1216
-1196
-1150
-1118
-1072
-1022
-1041
-1077
-1074
-1087
-1091
-1080
-984
-917
-868
-794
-720
-716
-726
-673
-562
-430
-231
2
201
297
337
466
547
618
903
1249
1529
1785
1945
2037
1913
1768
1770
1729
1811
1991
2157
2248
2202
2064
1884
1745
1471
1322
1301
1119
979
825
592
278
-125
-389
-507
-719
-804
-705
-735
-818
-909
-1086
-1215
-1329
-1389
-1195
-1036
-1051
-541
-326
-724
-907
-1117
-1358
-1566
-1783
-1529
-1330
-1664
-1892
-2065
-2373
-2388
-2117
-1713
-1405
-1323
-1052
-977
-1260
-1204
-956
-809
-418
-61
369
718
642
606
593
270
646
1489
2227
2925
3249
3381
3410
2579
2088
2057
1867
2071
2392
2456
2312
1740
1075
839
246
90
566
856
994
989
591
217
-572
-1141
-1039
-1139
-1165
-717
-697
-976
-1431
-1924
-2011
-2154
-2153
-1549
-1164
-1146
-1069
-1294
-1593
-1939
-2122
-1813
-1386
-1206
-828
-645
-850
-1103
-1345
-1391
-1202
-914
-349
153
196
129
7
-268
-486
-477
-108
399
771
1061
1269
1091
816
608
417
391
1077
2297
3233
3618
3722
3557
2889
1761
1212
1421
1582
1684
1852
1595
675
-345
-1033
-1202
-1120
-633
508
1225
962
618
2
-835
-1520
-1658
-1127
-600
-497
-418
-700
-1619
-2380
-2542
-2222
-1604
-897
-125
331
-108
-801
-1298
-1772
-1955
-1569
-820
-125
1
-159
-364
-898
-1409
-1378
-901
-339
139
447
421
-100
-772
-1099
-1175
-1067
-522
240
799
977
892
742
412
-54
-57
151
947
2290
3206
3625
3548
3063
2352
1229
449
735
1076
1300
1264
939
277
-653
-1433
-1400
-938
-259
941
1782
1679
1100
222
-665
-1277
-1665
-1212
-559
-450
-520
-967
-1868
-2495
-2717
-2192
-1282
-541
104
478
108
-673
-1360
-1768
-1787
-1491
-938
-248
-60
-265
-587
-1057
-1367
-1356
-918
-251
230
348
294
9
-432
-885
-974
-776
-403
235
809
1038
1311
1386
1114
493
163
214
825
2120
3312
4076
4198
3829
2871
1397
344
435
739
1234
1516
1489
800
-186
-1021
-1382
-1176
-325
1065
2068
2092
1585
707
-389
-1290
-1752
-1617
-1153
-879
-789
-1257
-2023
-2612
-2776
-2411
-1703
-837
-16
436
309
-394
-1241
-1849
-2202
-2119
-1610
-884
-394
-253
-534
-924
-1420
-1595
-1248
-850
-357
156
225
-22
-438
-1018
-1312
-1200
-704
77
798
1288
1496
1159
705
194
9
-40
669
2449
3969
4388
4081
3587
2586
1071
9
374
969
1280
1319
1068
160
-807
-1284
-1025
-508
179
1507
2419
2084
1180
303
-535
-1230
-1613
-1251
-782
-865
-1156
-1416
-1963
-2671
-2761
-1966
-909
-297
102
471
162
-877
-1787
-2253
-2392
-2245
-1590
-693
-385
-594
-788
-932
-1299
-1463
-1028
-282
174
291
203
-146
-666
-1047
-1024
-655
-192
475
1023
1367
1476
1333
1071
626
322
139
398
1898
3420
4171
4553
4256
3558
2059
551
370
789
1180
1569
1584
929
-276
-1188
-1424
-1101
-361
1193
2602
2715
2116
1062
-211
-1159
-1898
-1849
-1273
-1021
-993
-1447
-2196
-2984
-3293
-2780
-1876
-913
-85
398
206
-721
-1766
-2478
-2724
-2515
-1934
-1060
-506
-445
-727
-1096
-1379
-1490
-1173
-545
17
304
204
-183
-734
-1265
-1464
-1311
-792
3
762
1340
1639
1832
1594
1157
787
603
454
1285
3021
4098
4443
4459
4226
2869
713
-491
-115
370
842
1383
1643
1103
-8
-817
-1128
-823
359
2097
2995
2776
1929
702
-716
-2158
-2846
-2365
-1448
-898
-887
-1295
-1954
-2766
-3016
-2507
-1594
-574
341
777
143
-1214
-2439
-3127
-3407
-3207
-2196
-867
-54
30
-428
-916
-1363
-1694
-1492
-904
-251
180
194
-186
-768
-1322
-1491
-1128
-454
404
1242
1768
2021
1962
1404
630
247
130
630
2248
4004
4992
5024
4644
3534
1777
70
-131
575
1084
1335
1509
1219
403
-331
-839
-429
560
1958
3002
2997
2131
1120
-214
-1509
-2345
-2498
-1989
-1453
-1351
-1613
-1968
-2461
-2696
-2291
-1585
-690
26
364
116
-946
-2303
-3099
-3307
-3168
-2589
-1579
-642
-206
-385
-783
-1047
-1272
-1235
-978
-619
-339
-394
-625
-937
-1222
-1300
-994
-303
397
974
1438
1742
1886
1531
1050
652
512
466
1061
2731
4216
4760
4648
4143
2894
1099
-62
172
667
1082
1529
1757
944
-260
-998
-1002
-342
663
2025
3082
2925
1826
425
-1060
-2179
-2653
-2322
-1633
-1241
-1338
-1587
-2073
-2716
-2766
-2044
-900
-31
331
314
-331
-1661
-2912
-3515
-3468
-2898
-1888
-752
-107
-175
-612
-951
-1306
-1489
-1257
-632
-84
-65
-379
-717
-1111
-1389
-1270
-673
50
692
1183
1463
1547
1532
1456
1288
962
675
359
1034
2689
4058
4764
4897
4342
2888
847
-425
-301
401
1294
1861
1880
1135
162
-728
-952
-221
1052
2500
3409
3186
1842
4
-1587
-2433
-2782
-2392
-1296
-523
-596
-1093
-1831
-2554
-2608
-1996
-1054
-207
330
482
-243
-1714
-3110
-3695
-3500
-2744
-1598
-471
280
292
-373
-1175
-1775
-1983
-1656
-886
-209
-23
-247
-723
-1223
-1668
-1631
-922
89
865
1333
1561
1445
1221
836
557
360
400
418
1602
3365
4396
4523
4436
3868
2252
416
-337
394
905
1122
1205
1141
286
-501
-934
-494
553
1817
3002
3421
2678
1242
-245
-1573
-2380
-2687
-2189
-1356
-954
-1147
-1413
-1872
-2382
-2144
-1304
-290
331
468
243
-690
-2167
-3228
-3402
-2976
-2203
-1246
-312
173
-17
-598
-1035
-1301
-1284
-937
-470
-285
-529
-902
-1136
-1303
-1334
-989
-298
402
714
955
1143
1282
1301
1036
629
291
190
124
1209
3010
4264
4601
4393
3575
2034
196
-481
305
1052
1358
1506
1335
451
-681
-1313
-707
613
1897
3077
3508
2852
1329
-423
-1748
-2401
-2448
-1779
-917
-576
-903
-1482
-2241
-2727
-2461
-1523
-275
577
709
139
-1036
-2435
-3506
-3701
-3065
-1999
-707
208
447
62
-622
-1223
-1601
-1648
-1177
-366
113
41
-375
-836
-1243
-1382
-1150
-478
363
1099
1449
1354
1243
1172
834
551
358
454
485
1357
3238
4413
4455
4052
3394
2085
461
-336
359
1119
1362
1199
777
-106
-801
-1070
-608
534
1906
3117
3430
2497
872
-615
-1617
-2234
-2465
-2081
-1333
-1070
-1520
-2177
-2713
-2876
-2277
-1187
-121
526
631
165
-918
-2272
-3117
-3071
-2564
-1723
-746
32
316
-27
-548
-997
-1264
-1145
-639
-71
112
-233
-774
-1053
-1184
-1158
-824
-101
716
1101
1064
1051
1171
1232
1090
741
583
435
348
1553
3107
4075
4223
4000
3233
1728
-30
-409
215
760
955
1033
813
110
-470
-794
-307
616
1947
2962
3039
2104
754
-639
-1777
-2472
-2637
-2117
-1348
-1016
-1242
-1744
-2336
-2597
-2156
-1258
-294
389
617
264
-823
-2199
-3045
-3062
-2599
-1758
-625
349
693
285
-440
-1172
-1646
-1602
-1081
-353
107
36
-365
-781
-1143
-1276
-973
-297
513
1079
1225
1140
1171
1034
745
470
392
572
651
1817
3300
4333
4234
3700
2751
1527
193
-127
554
1199
1293
864
416
-351
-866
-1064
-85
1250
2534
3192
2916
1629
-17
-1455
-2306
-2564
-2246
-1493
-937
-993
-1516
-2146
-2625
-2561
-1752
-511
522
891
670
-134
-1452
-2774
-3339
-2945
-2128
-1182
-280
242
133
-482
-1089
-1303
-1123
-688
-133
273
224
-302
-1040
-1475
-1475
-1133
-498
329
1022
1171
955
855
843
738
535
609
882
824
1658
3242
4277
4341
3790
2876
1485
-77
-598
100
953
1330
1173
723
-40
-726
-923
-218
1172
2379
3168
3109
1991
180
-1449
-2395
-2686
-2511
-1932
-1243
-1164
-1654
-2148
-2536
-2496
-1753
-648
406
914
623
-223
-1343
-2378
-2902
-2796
-2131
-1245
-497
-10
184
-111
-655
-1006
-1048
-782
-336
145
376
149
-462
-1027
-1225
-1104
-676
-33
618
1007
1076
875
729
656
538
358
384
434
1503
3327
4283
4293
3710
2933
1749
239
-524
260
1187
1456
913
191
-336
-640
-794
-303
933
2207
2995
2811
1854
468
-888
-1662
-1905
-1984
-1849
-1529
-1473
-1766
-2181
-2459
-2346
-1484
-441
304
667
502
-161
-1131
-2072
-2659
-2694
-2234
-1372
-582
-70
50
-230
-746
-1154
-1246
-924
-341
121
242
-114
-708
-1151
-1284
-1182
-792
-179
406
724
758
635
731
789
560
328
393
520
1660
3335
4393
4382
3770
2902
1312
-403
-1001
148
1211
1484
1150
699
-27
-778
-1027
-141
1341
2583
3293
2949
1735
-35
-1579
-2306
-2228
-1961
-1505
-875
-924
-1649
-2388
-2699
-2457
-1534
-378
551
908
616
-276
-1583
-2742
-3183
-2762
-1952
-979
-153
292
265
-281
-809
-987
-881
-602
-199
10
-108
-450
-891
-1157
-1217
-980
-394
230
532
661
765
868
771
668
526
694
835
1719
3445
4324
4238
3574
2794
1708
411
-329
472
1436
1863
1497
735
-179
-736
-967
-482
831
2119
3023
2980
1767
253
-937
-1513
-1479
-1312
-1108
-881
-1195
-2165
-3080
-3381
-2858
-1827
-650
175
392
-9
-801
-1695
-2440
-2681
-2310
-1638
-1116
-839
-819
-966
-1174
-1287
-1121
-704
-257
70
112
-277
-752
-995
-1020
-909
-681
-246
248
376
413
637
1014
1091
900
578
663
799
1596
3258
4491
4954
4345
3212
1665
337
-426
53
824
1441
1399
763
-78
-639
-702
-49
1383
2653
3226
2895
1854
424
-859
-1550
-1558
-1233
-985
-1014
-1521
-2365
-3066
-3316
-2873
-1724
-438
315
388
-121
-1076
-2013
-2491
-2473
-2027
-1521
-1190
-1073
-1156
-1279
-1273
-1100
-755
-354
-155
-235
-559
-989
-1322
-1354
-1032
-597
-210
40
170
151
109
519
1018
1219
1041
656
310
1007
2738
4062
4610
4579
4217
2698
528
-870
-288
942
1461
1378
1181
612
-273
-905
-444
1040
2373
3220
3206
2174
589
-777
-1294
-1181
-844
-471
-137
-570
-1797
-3031
-3579
-3123
-1861
-570
312
518
19
-917
-1982
-2529
-2559
-2038
-1364
-886
-824
-1055
-1355
-1526
-1415
-1064
-642
-288
-100
-352
-793
-1282
-1460
-1303
-922
-558
-235
77
311
321
496
875
1014
700
325
308
1168
3099
4196
4284
3810
3143
1984
400
-178
1077
2249
2044
1212
352
-289
-749
-658
332
1709
2678
3136
2655
1213
5
-591
-534
-221
-77
9
-85
-889
-2150
-3091
-3241
-2581
-1594
-672
-150
-303
-951
-1534
-1793
-1864
-1765
-1507
-1324
-1520
-1822
-1927
-1756
-1479
-1140
-686
-454
-442
-542
-703
-1002
-1279
-1217
-953
-861
-887
-744
-539
-377
87
817
1358
1180
740
442
568
1933
3468
4638
4917
4052
2595
917
-335
-210
928
2013
2533
1847
524
-553
-842
-284
958
2315
3428
3579
2278
436
-1059
-1560
-838
85
645
720
118
-1119
-2473
-3250
-3008
-1863
-479
242
34
-866
-1859
-2446
-2499
-2011
-1409
-1034
-1053
-1447
-1952
-2204
-1975
-1418
-761
-472
-511
-644
-870
-1216
-1510
-1536
-1226
-886
-729
-623
-546
-407
-30
590
1083
1092
878
598
830
2367
3740
4296
4186
3632
2517
1081
139
550
1634
2051
1747
1023
195
-204
-36
631
1521
2393
2874
2639
1497
263
-410
-496
-234
-64
2
-145
-654
-1549
-2219
-2318
-1998
-1323
-537
-152
-513
-1274
-1772
-1834
-1728
-1600
-1336
-1261
-1577
-2022
-2242
-2208
-1952
-1507
-976
-733
-946
-1243
-1381
-1368
-1221
-1103
-962
-814
-828
-1028
-1123
-745
11
881
1128
953
800
681
1371
2728
3717
4160
3919
3177
2180
1059
787
1746
2375
2118
1151
122
-411
-403
155
1373
2543
3029
2675
1650
631
80
-13
375
910
848
187
-741
-1646
-2226
-2173
-1644
-936
-420
-212
-473
-1142
-1640
-1610
-1200
-802
-664
-821
-1269
-2011
-2631
-2655
-2240
-1751
-1334
-1015
-998
-1282
-1546
-1477
-1221
-1084
-1134
-1173
-1132
-1297
-1511
-1189
-241
524
690
403
137
19
988
2637
3850
4103
3482
2614
1357
389
491
1814
2848
2674
1567
282
-566
-628
128
1448
2679
3097
2643
1685
784
309
303
712
1146
952
153
-663
-1233
-1544
-1400
-977
-506
-252
-441
-879
-1353
-1478
-1081
-584
-239
-297
-708
-1261
-1651
-1756
-1593
-1319
-1259
-1390
-1609
-1862
-1999
-1886
-1512
-1180
-1152
-1450
-1730
-1820
-1831
-1759
-1254
-356
352
486
143
-167
28
1411
2803
3591
3403
2858
1881
729
49
610
1924
2533
1989
920
5
-401
70
1026
2234
2800
2633
1835
875
183
152
648
1228
1442
901
-35
-746
-1076
-1031
-683
-317
53
229
-113
-826
-1342
-1289
-908
-492
-228
-331
-703
-1115
-1358
-1267
-1016
-814
-774
-888
-1187
-1586
-1851
-1825
-1591
-1487
-1503
-1561
-1676
-1830
-1765
-1373
-802
-139
23
-134
-132
-73
1130
2505
3470
3447
2786
1889
935
334
451
1262
1574
1297
455
-296
-589
-103
955
2089
2636
2579
2023
1168
386
235
575
942
929
413
-351
-1062
-1337
-1175
-605
-133
-49
-151
-407
-676
-977
-1042
-640
-270
-242
-490
-1006
-1459
-1400
-1181
-924
-712
-825
-824
-758
-957
-924
-691
-798
-1072
-1430
-1837
-1992
-1807
-1464
-984
-706
-714
-792
-566
-387
-91
1462
3021
3484
2838
2209
1695
1217
790
1114
1844
1587
600
-262
-696
-591
76
994
1915
2146
1742
1456
1335
1135
1164
1250
1138
639
-184
-733
-851
-887
-795
-578
-490
-595
-602
-459
-446
-484
-444
-283
-263
-457
-709
-942
-1040
-975
-808
-647
-722
-1025
-1283
-1318
-1161
-967
-663
-364
-399
-753
-1187
-1531
-1559
-1177
-720
-541
-651
-894
-859
-666
530
2092
2888
2789
2154
1817
1479
1153
1251
1793
1801
848
-223
-855
-779
-171
649
1276
1317
965
718
637
711
1012
1304
1399
1106
317
-588
-1064
-1093
-888
-569
-435
-631
-824
-886
-840
-851
-819
-619
-407
-428
-645
-893
-987
-802
-562
-454
-528
-708
-881
-1027
-1037
-924
-843
-771
-770
-827
-909
-936
-741
-394
-50
62
11
-236
-373
-363
882
2298
2606
2186
1879
1899
1677
1476
1746
2338
1907
926
3
-338
-307
269
886
1138
875
571
614
669
602
691
925
859
443
-127
-547
-712
-827
-802
-764
-876
-1098
-1153
-989
-955
-1108
-1054
-777
-705
-830
-936
-1030
-1207
-1218
-966
-701
-633
-795
-1019
-1153
-1194
-1097
-878
-611
-555
-700
-833
-961
-997
-715
-192
221
138
177
371
694
1733
2560
2677
2167
1864
1622
1525
1449
1825
2109
1538
575
-72
-204
99
693
956
902
524
153
111
311
514
602
594
397
66
-300
-574
-482
-492
-779
-1103
-1389
-1420
-1129
-800
-721
-939
-1116
-1121
-910
-717
-592
-549
-626
-691
-876
-1023
-928
-732
-669
-687
-729
-771
-732
-710
-647
-576
-622
-589
-435
-222
-80
-98
-89
176
663
1911
2935
2950
2320
2096
2273
2271
2047
2079
2141
1526
440
-171
-149
187
710
933
773
382
247
423
630
715
698
443
-37
-499
-856
-894
-663
-504
-587
-832
-1207
-1490
-1385
-1150
-1144
-1422
-1515
-1388
-1216
-1089
-1029
-985
-939
-840
-660
-567
-635
-753
-812
-859
-937
-984
-874
-746
-741
-748
-698
-642
-417
-238
-123
-190
-133
55
738
2060
2642
2578
2254
2346
2363
2301
2259
2541
2504
1721
745
344
263
517
875
924
549
151
24
149
306
527
768
647
156
-373
-718
-820
-664
-629
-871
-1135
-1453
-1649
-1554
-1395
-1347
-1447
-1459
-1407
-1325
-1261
-1170
-1158
-1330
-1316
-1186
-1108
-986
-960
-888
-803
-749
-653
-517
-596
-817
-924
-818
-466
-40
127
103
-50
-79
61
1157
2238
2510
2150
2008
2435
2686
2686
2701
2970
2463
1769
1340
1194
1149
1094
1088
864
519
432
699
827
534
330
313
279
124
-24
-154
-303
-448
-710
-899
-1144
-1401
-1435
-1418
-1516
-1884
-2001
-1838
-1644
-1655
-1642
-1708
-1811
-1645
-1249
-933
-938
-1116
-1163
-1079
-939
-838
-780
-746
-680
-600
-554
-394
-99
95
177
15
-6
117
1083
2081
2325
2038
1779
2172
2486
2549
2313
2491
2382
1830
1441
1499
1621
1626
1395
1142
886
769
919
1048
799
412
163
36
8
-145
-422
-620
-613
-732
-856
-983
-1330
-1535
-1597
-1565
-1744
-1854
-1797
-1730
-1808
-2052
-2161
-2241
-2205
-2043
-1767
-1620
-1741
-1834
-1692
-1391
-1181
-1011
-799
-707
-731
-733
-539
-260
-198
-206
-178
-105
244
1501
2366
2176
1679
1920
2541
2880
2722
2667
2840
2385
1856
1592
1659
1779
1979
1906
1567
1209
1190
1454
1559
1270
1013
825
663
484
329
38
-260
-453
-576
-778
-1145
-1375
-1240
-1042
-1222
-1586
-1683
-1632
-1643
-1803
-1886
-2056
-2213
-2155
-1913
-1844
-1996
-2177
-2155
-2014
-1810
-1574
-1440
-1447
-1413
-1269
-1088
-662
-236
29
-21
50
219
1032
2070
2235
1767
1567
2165
2637
2670
2509
2729
2622
2157
1933
2005
2037
2051
1932
1576
1181
1172
1461
1581
1314
980
877
850
750
627
430
148
43
-14
-231
-571
-884
-1044
-1116
-1293
-1641
-1860
-1864
-1826
-1800
-1862
-1878
-1995
-2104
-2008
-1919
-2058
-2332
-2463
-2438
-2297
-2187
-2115
-1997
-1940
-1787
-1654
-1249
-834
-479
-341
-318
-207
216
1459
2205
2002
1541
1838
2482
2812
2720
2734
2689
2341
1835
1833
1876
1945
2009
1939
1620
1319
1348
1433
1378
1087
968
904
797
574
378
118
-16
70
106
-6
-338
-715
-832
-818
-945
-1261
-1386
-1444
-1588
-1856
-2059
-2218
-2340
-2242
-1931
-1885
-2096
-2313
-2314
-2135
-1918
-1750
-1706
-1718
-1815
-1823
-1573
-1190
-750
-526
-431
-404
-41
1196
1893
1883
1693
2078
2673
2782
2496
2364
2635
2359
2117
2051
2088
2058
2084
1925
1610
1418
1526
1754
1587
1063
804
720
610
506
388
157
8
-24
-83
-167
-338
-444
-439
-446
-673
-1022
-1148
-1204
-1246
-1399
-1522
-1648
-1891
-1930
-1894
-1963
-2174
-2233
-2236
-2203
-2050
-1914
-1855
-1879
-1832
-1647
-1249
-807
-512
-477
-532
-582
44
1240
1679
1411
1284
1718
2284
2517
2440
2574
2531
2113
1893
1867
1805
1836
1763
1565
1327
1218
1249
1360
1133
866
749
732
507
302
123
-165
-372
-361
-411
-646
-941
-962
-880
-917
-1125
-1313
-1260
-1124
-1049
-1111
-1310
-1587
-1870
-1919
-1867
-1957
-2144
-2271
-2294
-2195
-2043
-2019
-1948
-1808
-1725
-1604
-1252
-817
-531
-483
-437
-342
475
1426
1742
1648
1767
2201
2530
2485
2358
2499
2491
2265
2042
1922
1860
2105
2110
1744
1438
1428
1559
1622
1402
1166
1054
994
803
532
161
-11
138
139
-101
-405
-683
-704
-600
-705
-1079
-1387
-1348
-1207
-1215
-1371
-1470
-1603
-1685
-1527
-1409
-1493
-1553
-1596
-1677
-1884
-2012
-2032
-1908
-1769
-1813
-1827
-1576
-1062
-703
-505
-493
-130
1008
1714
1739
1555
1935
2343
2534
2312
2382
2562
2372
2185
2062
1898
1767
1816
1634
1258
1019
1041
1145
1084
729
524
455
405
228
-79
-387
-454
-417
-511
-586
-772
-1021
-1069
-1076
-1091
-1279
-1478
-1542
-1568
-1644
-1679
-1766
-2008
-2018
-1749
-1570
-1547
-1592
-1613
-1670
-1769
-1822
-1704
-1428
-1329
-1403
-1342
-1103
-794
-589
-349
-197
402
1301
1627
1733
1923
2532
2864
2954
2763
2898
3004
2812
2664
2479
2183
2112
2121
1723
1345
1223
1237
1196
959
694
575
366
198
61
-220
-504
-439
-414
-583
-871
-1170
-1318
-1297
-1266
-1284
-1400
-1470
-1523
-1613
-1739
-1686
-1737
-1857
-1835
-1852
-1938
-1958
-1869
-1832
-1808
-1790
-1745
-1622
-1482
-1384
-1213
-1016
-763
-632
-488
-253
16
872
1575
1770
1714
2136
2898
3236
3024
2747
2896
3061
3018
2785
2478
2237
2225
2177
1869
1521
1511
1484
1255
849
549
510
452
274
-43
-389
-579
-573
-617
-744
-921
-1065
-1120
-1195
-1375
-1574
-1701
-1683
-1767
-1936
-2005
-1979
-1963
-1985
-1915
-1954
-2075
-2086
-1999
-1953
-2032
-2035
-1988
-1817
-1690
-1611
-1417
-1148
-716
-444
-225
-89
461
1351
1729
1540
1551
2221
2859
2925
2733
2755
2831
2791
2812
2753
2492
2382
2467
2326
1784
1466
1524
1407
1007
629
516
467
454
330
-64
-533
-706
-580
-540
-614
-803
-1010
-1126
-1238
-1473
-1702
-1713
-1608
-1709
-1877
-1983
-2107
-2261
-2306
-2206
-2278
-2343
-2213
-2052
-2054
-2110
-2115
-2004
-1750
-1565
-1379
-1075
-734
-526
-446
-263
158
1041
1676
1750
1694
2143
2950
3381
3217
2945
3032
3140
3100
3016
2906
2819
2807
2624
2200
1849
1722
1778
1654
1273
836
585
442
252
-68
-445
-616
-594
-557
-607
-792
-1030
-1114
-1181
-1345
-1571
-1665
-1629
-1639
-1843
-2117
-2266
-2300
-2300
-2369
-2454
-2543
-2509
-2367
-2283
-2281
-2293
-2281
-2140
-2001
-1907
-1682
-1437
-1017
-746
-585
-446
74
1000
1615
1721
1754
2191
2788
3076
3116
3145
3232
3327
3199
3169
3000
2892
2883
2767
2386
2053
1941
1883
1640
1302
908
776
662
436
33
-415
-669
-727
-748
-775
-881
-1103
-1286
-1370
-1439
-1645
-1734
-1753
-1757
-1886
-2004
-2138
-2230
-2346
-2411
-2465
-2440
-2399
-2347
-2388
-2433
-2451
-2354
-2190
-2175
-2129
-1877
-1451
-1031
-729
-484
-324
217
1047
1445
1612
1813
2327
2855
3093
3233
3271
3299
3233
3272
3334
3208
3188
3052
2741
2417
2167
2167
2061
1796
1417
1040
832
704
584
168
-277
-463
-573
-619
-737
-997
-1315
-1560
-1617
-1683
-1771
-1805
-1887
-2026
-2122
-2037
-1962
-2102
-2282
-2455
-2548
-2465
-2300
-2268
-2392
-2516
-2518
-2383
-2198
-2106
-1960
-1714
-1348
-1014
-789
-536
-170
512
1171
1400
1566
1989
2502
2854
2944
3056
3220
3307
3280
3284
3262
3143
3157
3114
2870
2609
2383
2283
2056
1710
1383
1128
951
790
539
141
-231
-419
-547
-691
-851
-1055
-1237
-1430
-1513
-1623
-1756
-1794
-1894
-2072
-2190
-2157
-2121
-2235
-2360
-2530
-2732
-2723
-2548
-2445
-2511
-2582
-2612
-2518
-2415
-2277
-2078
-1886
-1586
-1252
-989
-769
-438
260
911
1264
1524
1848
2268
2637
2932
3141
3229
3258
3196
3208
3250
3272
3268
3127
2877
2575
2358
2293
2164
1886
1546
1234
1009
831
685
436
78
-227
-380
-438
-586
-842
-1113
-1329
-1489
-1647
-1724
-1773
-1870
-1970
-2044
-2085
-2157
-2264
-2283
-2257
-2297
-2366
-2422
-2445
-2437
-2424
-2378
-2336
-2256
-2182
-1985
-1735
-1451
-1156
-941
-700
-473
-17
598
1040
1345
1675
1908
2118
2376
2710
2974
3054
3018
3006
3052
3061
3157
3207
3075
2792
2535
2372
2199
1984
1798
1587
1372
1168
929
635
340
73
-62
-158
-351
-584
-824
-1020
-1248
-1416
-1516
-1643
-1808
-1909
-1946
-1977
-2052
-2152
-2167
-2133
-2122
-2134
-2151
-2174
-2176
-2126
-2044
-1977
-1980
-1944
-1831
-1703
-1535
-1350
-1170
-1023
-892
-687
-411
9
371
650
856
1047
1275
1488
1760
1939
2027
2154
2297
2443
2530
2557
2531
2480
2529
2618
2636
2533
2350
2154
1940
1750
1577
1316
1014
815
721
572
340
65
-243
-513
-707
-860
-1003
-1167
-1347
-1499
-1629
-1770
-1875
-1959
-2039
-2040
-2047
-2117
-2183
-2191
-2213
-2205
-2146
-2075
-2019
-1984
-1911
-1866
-1813
-1716
-1530
-1371
-1344
-1237
-1010
-803
-468
-117
186
483
784
1064
1308
1531
1696
1882
2073
2211
2402
2564
2622
2683
2752
2849
2901
2989
2976
2841
2740
2611
2429
2225
1960
1671
1426
1242
1055
792
489
140
-183
-474
-740
-1005
-1248
-1428
-1565
-1723
-1904
-2058
-2144
-2199
-2255
-2328
-2392
-2449
-2469
-2445
-2441
-2423
-2373
-2275
-2245
-2174
-2080
-1980
-1805
-1625
-1497
-1342
-1118
-889
-641
-428
-165
158
439
728
997
1227
1494
1778
1970
2078
2222
2377
2458
2562
2657
2702
2715
2759
2780
2745
2712
2602
2504
2383
2194
1973
1744
1509
1246
996
775
517
201
-80
-348
-647
-942
-1197
-1422
-1657
-1853
-1967
-2070
-2232
-2340
-2363
-2376
-2405
-2451
-2454
-2487
-2466
-2418
-2340
-2311
-2298
-2190
-2033
-1833
-1724
-1628
-1455
-1278
-1082
-875
-683
-476
-284
-64
197
484
775
1042
1227
1368
1490
1662
1818
1901
2001
2114
2236
2331
2402
2476
2543
2570
2584
2579
2471
2344
2255
2093
1880
1686
1469
1237
1058
893
682
389
91
-192
-415
-619
-822
-1026
-1232
-1405
-1547
-1737
-1898
-2002
-2081
-2120
-2138
-2093
-2077
-2082
-2083
-2063
-2005
-1905
-1740
-1593
-1522
-1456
-1383
-1282
-1163
-1005
-843
-657
-482
-293
-135
-10
129
281
513
698
907
1109
1221
1269
1393
1509
1545
1580
1676
1800
1931
2065
2154
2150
2100
2136
2170
2128
2028
1911
1780
1636
1477
1333
1098
846
616
445
273
79
-131
-410
-666
-877
-1094
-1331
-1508
-1577
-1682
-1813
-1920
-1988
-1977
-1995
-1956
-1927
-1948
-1878
-1719
-1602
-1588
-1527
-1440
-1303
-1172
-1055
-965
-954
-889
-778
-675
-592
-464
-321
-232
-151
-35
102
282
452
647
803
863
889
942
1079
1179
1274
1359
1444
1607
1741
1838
1907
1982
2075
2093
2071
1999
1939
1842
1658
1445
1228
994
829
714
611
389
116
-143
-387
-541
-709
-908
-1066
-1130
-1191
-1297
-1473
-1612
-1694
-1717
-1666
-1599
-1576
-1538
-1466
-1417
-1433
-1401
-1360
-1270
-1017
-959
-939
-929
-867
-859
-688
-661
-601
-485
-410
-342
-292
-155
-72
49
197
303
406
540
620
715
834
952
1030
1187
1338
1452
1561
1579
1632
1769
1875
1932
1961
1924
1866
1779
1714
1572
1354
1128
951
824
675
497
295
51
-179
-355
-508
-661
-777
-890
-1009
-1137
-1293
-1369
-1418
-1385
-1374
-1378
-1359
-1329
-1253
-1148
-1053
-1068
-1095
-1068
-1006
-953
-937
-887
-846
-807
-724
-665
-637
-594
-514
-446
-450
-451
-381
-272
-123
-10
109
222
295
377
508
637
691
747
942
1109
1240
1386
1447
1517
1618
1758
1857
1879
1811
1722
1629
1506
1378
1249
1108
968
826
642
428
215
0
-218
-397
-543
-655
-773
-864
-946
-994
-1066
-1117
-1162
-1185
-1141
-1134
-1127
-1121
-1090
-1090
-1085
-1069
-1012
-940
-858
-818
-863
-902
-929
-949
-967
-945
-910
-862
-804
-794
-793
-829
-753
-658
-531
-356
-240
-92
49
197
341
455
593
714
890
1081
1253
1395
1462
1577
1698
1822
1947
1990
2001
1979
1940
1873
1708
1557
1372
1206
1110
1010
882
732
534
322
140
-9
-118
-209
-308
-440
-518
-565
-647
-686
-710
-789
-840
-881
-906
-941
-988
-1045
-1081
-1116
-1097
-1060
-1074
-1167
-1201
-1251
-1290
-1301
-1326
-1329
-1319
-1283
-1241
-1151
-1119
-1087
-996
-842
-696
-503
-340
-160
-20
122
247
422
641
832
1029
1191
1344
1411
1451
1541
1669
1832
1965
2058
2047
2005
1950
1883
1811
1699
1503
1355
1237
1113
983
787
546
331
181
51
-64
-195
-324
-483
-615
-702
-797
-882
-929
-1009
-1083
-1132
-1204
-1297
-1379
-1456
-1533
-1564
-1601
-1600
-1577
-1587
-1609
-1629
-1629
-1594
-1560
-1509
-1455
-1386
-1331
-1295
-1240
-1154
-1016
-845
-658
-474
-283
-74
139
332
496
678
855
1042
1271
1516
1674
1805
1918
2049
2212
2340
2479
2572
2604
2587
2510
2425
2304
2202
2069
1898
1743
1590
1390
1166
918
668
425
201
-14
-191
-372
-582
-727
-860
-995
-1149
-1279
-1375
-1467
-1523
-1600
-1694
-1770
-1824
-1846
-1836
-1831
-1828
-1859
-1905
-1882
-1862
-1893
-1848
-1772
-1720
-1620
-1490
-1403
-1313
-1203
-1082
-988
-863
-710
-555
-362
-129
103
340
589
784
1008
1278
1505
1685
1920
2115
2269
2420
2552
2674
2740
2804
2876
2922
2896
2828
2715
2518
2313
2077
1824
1582
1331
1059
752
441
154
-117
-396
-661
-892
-1087
-1261
-1378
-1508
-1598
-1725
-1832
-1878
-1926
-1969
-2046
-2104
-2108
-2090
-2053
-2036
-2026
-1962
-1900
-1863
-1853
-1818
-1830
-1820
-1769
-1711
-1654
-1543
-1394
-1227
-1082
-929
-782
-660
-497
-298
-58
166
426
712
992
1210
1450
1697
1932
2152
2344
2511
2662
2794
2881
2965
3003
2990
3012
2982
2891
2726
2528
2321
2067
1838
1584
1285
1005
747
516
227
-29
-285
-542
-748
-964
-1141
-1303
-1438
-1534
-1604
-1660
-1725
-1772
-1782
-1763
-1763
-1816
-1855
-1892
-1923
-1928
-1920
-1896
-1861
-1835
-1818
-1801
-1778
-1726
-1650
-1555
-1469
-1388
-1238
-1057
-890
-712
-494
-315
-114
114
340
534
728
1000
1272
1512
1732
1917
2071
2224
2383
2514
2597
2625
2631
2652
2611
2554
2492
2368
2231
2112
1981
1774
1562
1358
1095
864
613
349
135
-78
-322
-558
-770
-972
-1132
-1266
-1397
-1490
-1572
-1626
-1645
-1701
-1746
-1768
-1788
-1838
-1855
-1840
-1803
-1769
-1735
-1726
-1734
-1739
-1729
-1634
-1506
-1424
-1376
-1312
-1218
-1131
-1029
-909
-745
-516
-268
-33
157
310
484
689
834
931
1036
1174
1305
1453
1562
1643
1701
1762
1837
1898
1890
1849
1831
1795
1748
1653
1577
1503
1465
1451
1409
1298
1112
948
806
631
466
281
105
-24
-158
-321
-491
-645
-781
-867
-980
-1090
-1191
-1231
-1257
-1280
-1313
-1361
-1428
-1424
-1377
-1332
-1283
-1248
-1224
-1206
-1153
-1125
-1097
-1004
-881
-757
-648
-574
-496
-445
-392
-330
-261
-167
-27
156
285
335
386
437
486
539
605
645
668
694
750
819
850
878
945
1045
1111
1162
1208
1209
1223
1229
1256
1254
1211
1163
1117
1076
1041
985
889
773
688
584
465
325
172
37
-117
-259
-382
-493
-647
-759
-822
-846
-851
-889
-927
-1002
-1054
-1033
-1029
-1022
-1007
-972
-974
-983
-942
-914
-900
-861
-783
-713
-663
-643
-676
-713
-720
-692
-652
-644
-648
-637
-623
-556
-462
-385
-327
-293
-249
-188
-143
-92
-6
74
153
268
402
511
613
672
767
876
960
1052
1145
1176
1187
1206
1207
1193
1193
1228
1255
1263
1243
1208
1118
1047
972
894
786
688
583
497
390
279
178
72
4
-87
-195
-274
-336
-373
-415
-483
-518
-555
-589
-629
-678
-768
-830
-875
-901
-937
-970
-1004
-1022
-997
-988
-1020
-1062
-1088
-1105
-1096
-1086
-1085
-1062
-1025
-982
-878
-755
-661
-586
-522
-425
-345
-273
-151
-39
74
173
283
420
550
709
842
966
1066
1164
1267
1325
1350
1408
1441
1480
1508
1564
1583
1595
1624
1611
1573
1493
1392
1306
1238
1142
1025
864
714
545
402
260
96
-71
-205
-330
-425
-509
-610
-714
-823
-917
-1016
-1114
-1193
-1229
-1283
-1349
-1424
-1489
-1522
-1567
-1594
-1622
-1650
-1631
-1597
-1586
-1585
-1587
-1577
-1539
-1489
-1429
-1318
-1178
-1060
-918
-810
-691
-591
-468
-304
-127
27
207
397
552
711
832
968
1129
1321
1516
1685
1820
1967
2057
2108
2146
2175
2214
2228
2234
2221
2147
2068
1992
1898
1750
1593
1431
1289
1166
1004
795
556
356
181
21
-144
-336
-531
-669
-786
-895
-1024
-1169
-1293
-1387
-1460
-1538
-1595
-1649
-1718
-1775
-1843
-1896
-1941
-1944
-1912
-1884
-1876
-1883
-1864
-1823
-1794
-1723
-1630
-1494
-1350
-1197
-1046
-923
-771
-594
-413
-240
-77
95
313
484
647
815
972
1149
1318
1461
1592
1683
1807
1947
2054
2160
2197
2205
2209
2202
2148
2053
1961
1884
1854
1804
1698
1578
1418
1254
1140
1036
899
715
546
371
179
3
-183
-379
-520
-634
-748
-869
-970
-1070
-1177
-1294
-1387
-1496
-1589
-1669
-1741
-1779
-1821
-1847
-1881
-1902
-1932
-1894
-1817
-1721
-1613
-1528
-1455
-1358
-1269
-1176
-1066
-947
-796
-623
-442
-260
-106
19
150
277
386
491
615
759
894
1017
1117
1185
1247
1318
1358
1377
1368
1370
1369
1356
1338
1278
1237
1220
1234
1251
1205
1142
1071
975
876
789
693
639
583
509
412
297
209
140
68
3
-92
-205
-314
-424
-510
-620
-714
-780
-828
-854
-908
-990
-1069
-1128
-1122
-1099
-1064
-1040
-1022
-1015
-979
-942
-905
-861
-797
-740
-691
-629
-567
-492
-429
-404
-359
-310
-276
-241
-199
-140
-100
-21
92
168
230
294
330
336
382
423
441
456
481
540
568
621
620
601
632
659
658
665
694
707
719
737
751
748
742
730
713
692
662
642
609
591
550
490
434
408
406
344
285
242
186
120
62
12
-71
-121
-140
-209
-262
-338
-419
-474
-490
-494
-494
-509
-550
-600
-641
-652
-689
-712
-727
-728
-706
-713
-763
-762
-777
-772
-719
-688
-691
-696
-682
-666
-634
-611
-559
-482
-427
-391
-357
-340
-326
-281
-230
-128
-47
54
170
241
297
339
425
491
559
614
645
687
737
754
787
833
854
876
895
911
888
883
867
829
793
773
740
684
651
620
622
599
557
517
417
328
276
244
217
135
52
-37
-104
-140
-194
-251
-296
-325
-365
-414
-486
-587
-674
-725
-783
-840
-901
-969
-990
-980
-955
-956
-925
-955
-851
-457
-314
-728
-1028
-770
-680
-831
-783
-423
-198
-480
-908
-875
-561
-361
-101
365
573
500
474
440
362
418
681
939
1084
1188
1158
967
833
787
750
831
985
1027
994
976
839
597
489
537
552
501
557
596
407
166
122
154
86
-10
54
138
-13
-158
-189
-230
-379
-560
-562
-557
-675
-736
-704
-707
-792
-802
-688
-651
-610
-574
-656
-772
-764
-664
-615
-568
-476
-371
-349
-386
-378
-307
-181
-19
99
185
253
232
184
210
345
512
590
596
604
550
432
425
501
549
570
601
573
461
354
297
266
232
264
295
238
137
-12
-146
-211
-191
-105
-59
-60
-121
-170
-196
-219
-201
-150
-82
-18
1
-26
-132
-238
-214
-157
-94
12
119
122
48
-60
-146
-164
-106
-33
62
122
128
83
53
-21
-102
-54
108
195
130
49
-29
-55
3
156
251
262
273
275
272
188
65
-26
-75
-48
-7
-43
-155
-254
-329
-331
-317
-322
-383
-522
-632
-701
-745
-760
-720
-719
-730
-799
-826
-793
-771
-645
-437
-294
-251
-266
-314
-369
-362
-241
-40
126
187
202
178
177
203
293
533
729
769
749
769
783
715
682
781
947
1032
1059
1066
1054
977
888
880
947
1009
1064
1110
1113
1030
896
794
712
700
780
852
809
688
523
278
46
-115
-208
-192
-185
-280
-479
-714
-902
-1057
-1158
-1158
-1124
-1125
-1231
-1387
-1531
-1641
-1641
-1570
-1453
-1364
-1365
-1384
-1428
-1479
-1466
-1362
-1230
-1039
-842
-784
-798
-793
-760
-632
-431
-212
-62
20
79
133
191
310
469
666
815
932
1028
1030
1057
1142
1285
1404
1514
1601
1617
1609
1576
1505
1462
1536
1577
1510
1401
1311
1249
1174
1058
1009
995
945
839
668
472
290
181
98
-8
-110
-205
-391
-599
-789
-912
-938
-926
-936
-1039
-1182
-1337
-1484
-1595
-1621
-1595
-1565
-1553
-1590
-1682
-1781
-1799
-1704
-1589
-1435
-1228
-1097
-1040
-989
-965
-927
-871
-758
-552
-387
-270
-105
39
133
246
401
611
871
1048
1143
1244
1267
1250
1213
1224
1330
1433
1500
1544
1575
1544
1492
1479
1462
1514
1604
1615
1537
1359
1155
1001
919
930
1006
1014
897
690
446
244
87
-8
26
49
-88
-355
-629
-841
-954
-982
-931
-899
-897
-950
-1130
-1302
-1421
-1446
-1364
-1300
-1299
-1311
-1353
-1487
-1603
-1579
-1415
-1167
-953
-840
-846
-891
-926
-906
-818
-653
-451
-266
-207
-223
-167
-110
-17
152
321
442
527
575
583
552
568
649
737
773
813
846
844
816
786
837
869
908
991
1044
1044
976
881
831
751
687
681
630
579
552
491
439
394
374
371
302
199
124
34
-29
-64
-105
-160
-248
-340
-393
-437
-459
-440
-439
-419
-455
-569
-647
-681
-689
-655
-591
-515
-466
-454
-477
-512
-489
-433
-388
-337
-278
-238
-239
-264
-298
-290
-199
-108
-50
-13
23
18
-36
-28
33
82
122
159
176
186
195
181
137
143
156
146
163
202
269
320
268
231
236
256
253
238
293
261
188
143
152
129
86
110
136
128
103
49
-9
-52
-78
-35
38
44
19
-7
-71
-157
-204
-202
-144
-75
-76
-83
-53
-25
-33
-41
14
56
61
103
153
157
109
79
84
65
71
157
210
189
154
168
153
59
13
15
-18
-64
-61
-46
-75
-117
-123
-132
-173
-191
-163
-147
-189
-230
-222
-242
-276
-327
-271
-198
-202
-199
-168
-170
-251
-296
-287
-268
-266
-232
-170
-193
-245
-257
-248
-258
-210
-133
-92
-46
-13
-28
-72
-88
-67
19
124
217
261
237
196
151
140
177
242
332
412
458
456
431
433
429
397
370
399
420
396
385
398
401
353
309
316
330
347
371
327
233
182
124
51
-2
-11
16
21
21
13
16
-3
-61
-116
-144
-167
-168
-174
-193
-218
-284
-359
-425
-462
-459
-444
-418
-381
-374
-396
-405
-399
-381
-365
-362
-322
-265
-230
-226
-259
-293
-303
-297
-279
-234
-160
-82
-53
-78
-105
-78
-2
56
128
204
235
211
180
183
179
187
230
297
364
373
331
320
308
264
218
224
296
350
371
360
319
245
169
114
165
232
273
308
284
178
51
-10
-20
36
84
131
143
109
15
-124
-186
-185
-119
-40
-3
-20
-58
-130
-214
-301
-315
-241
-129
-110
-170
-251
-355
-449
-515
-507
-418
-315
-257
-251
-298
-299
-310
-318
-282
-232
-140
-80
-116
-194
-263
-269
-252
-218
-129
-13
48
51
30
-19
-22
32
91
167
257
285
226
160
139
150
173
235
264
262
260
253
260
293
363
426
467
464
425
381
356
312
301
331
356
372
370
368
333
284
254
224
234
220
205
202
181
146
93
58
24
4
3
4
-14
-34
-65
-126
-226
-298
-295
-298
-327
-322
-285
-262
-319
-406
-453
-451
-420
-335
-243
-242
-271
-328
-425
-522
-561
-517
-430
-340
-261
-212
-188
-199
-208
-209
-210
-177
-127
-65
-44
-76
-97
-126
-171
-129
-23
74
158
203
192
163
156
146
147
176
191
221
210
190
194
186
195
229
264
272
309
326
273
241
251
244
219
233
234
208
202
173
166
166
122
95
98
127
148
143
113
69
77
103
80
42
25
6
-24
-66
-78
-66
-61
-73
-88
-120
-160
-169
-165
-183
-185
-171
-164
-175
-236
-263
-239
-234
-219
-174
-159
-175
-175
-197
-247
-281
-254
-221
-196
-174
-150
-117
-146
-148
-95
-23
29
96
155
186
198
151
100
69
68
86
141
161
162
200
200
169
160
182
201
222
208
200
177
126
107
119
148
181
229
254
249
248
212
185
179
158
149
150
129
92
54
26
24
25
32
56
58
53
15
-66
-97
-109
-124
-111
-58
-40
-76
-119
-169
-236
-274
-254
-231
-196
-195
-203
-231
-243
-259
-259
-232
-207
-189
-186
-183
-179
-171
-200
-210
-217
-206
-200
-208
-214
-191
-159
-168
-162
-158
-158
-176
-162
-122
-67
-16
7
39
49
46
48
64
100
136
154
148
147
127
112
136
175
204
236
279
270
246
255
227
164
139
149
180
206
219
236
215
179
186
200
219
223
223
223
210
191
157
118
79
67
62
67
97
93
87
97
98
78
51
4
-29
-55
-101
-118
-121
-134
-158
-174
-209
-223
-205
-157
-108
-101
-111
-133
-180
-206
-192
-166
-149
-129
-121
-142
-172
-191
-171
-155
-147
-102
-80
-89
-102
-108
-87
-57
-24
-6
9
-8
-26
-28
-13
-5
18
54
86
111
122
137
175
190
194
198
202
166
112
114
136
157
184
228
216
153
78
36
-17
-53
-64
-43
-36
-69
-89
-97
-119
-181
-199
-163
-141
-147
-155
-139
-153
-160
-133
-148
-188
-208
-205
-170
-117
-85
-47
-23
-35
-84
-119
-139
-151
-95
-9
43
49
33
52
32
20
50
78
98
111
118
107
102
82
97
134
177
199
232
251
214
174
134
116
105
120
134
124
129
139
128
116
65
16
-22
-57
-71
-68
-20
-19
-42
-47
-61
-71
-67
-33
4
58
78
66
36
-19
-63
-76
-64
-42
19
66
76
73
53
1
-39
-66
-55
-15
29
46
47
11
-28
-25
-20
6
34
62
72
73
50
7
-9
-10
7
11
34
58
77
59
21
-21
-69
-94
-107
-100
-83
-84
-90
-82
-92
-107
-117
-115
-97
-89
-83
-106
-148
-137
-143
-162
-164
-152
-131
-153
-171
-183
-153
-130
-147
-164
-155
-131
-143
-169
-163
-153
-178
-168
-156
-150
-123
-97
-68
-40
-27
-7
21
43
57
76
109
143
169
200
205
199
214
229
256
277
312
327
307
298
310
319
314
330
325
319
331
338
356
355
340
314
290
269
234
208
200
166
152
151
97
54
37
-1
-40
-61
-76
-108
-132
-140
-189
-240
-274
-289
-286
-277
-268
-263
-260
-289
-316
-342
-367
-385
-368
-315
-283
-288
-295
-286
-282
-251
-194
-151
-137
-143
-151
-163
-177
-173
-148
-103
-63
-48
-44
-43
-32
-4
64
127
213
260
253
235
195
179
170
178
192
223
288
310
292
267
220
193
170
169
190
219
240
215
181
148
122
138
159
189
215
231
196
134
85
39
2
-39
-46
-37
-14
-31
-80
-133
-189
-223
-243
-232
-221
-211
-209
-239
-228
-231
-278
-297
-300
-286
-273
-235
-199
-175
-177
-195
-205
-217
-204
-184
-153
-94
-28
8
31
-1
-39
-27
-41
-24
13
59
118
152
148
145
137
103
80
61
65
88
130
146
150
164
173
165
167
170
175
186
169
150
168
163
135
106
86
77
84
104
145
147
134
140
97
51
23
10
18
20
27
19
2
-17
-40
-38
-30
-29
-37
-21
-18
-67
-96
-114
-128
-130
-130
-135
-122
-129
-152
-164
-166
-171
-194
-178
-148
-156
-149
-138
-162
-166
-161
-150
-149
-135
-124
-109
-107
-119
-135
-118
-110
-92
-60
-38
-28
-14
-16
-20
-20
2
47
91
133
159
177
158
134
117
127
167
196
206
212
213
214
216
227
251
270
260
257
258
253
242
228
216
217
239
223
196
171
147
135
139
163
172
173
160
119
89
50
3
-5
-7
-36
-61
-81
-85
-104
-126
-124
-139
-165
-177
-210
-231
-249
-290
-300
-307
-319
-331
-318
-321
-324
-319
-287
-287
-300
-312
-321
-336
-335
-304
-274
-247
-227
-187
-184
-175
-149
-110
-79
-50
-13
4
11
17
41
71
94
111
145
144
146
156
173
201
228
289
330
354
380
382
366
363
352
331
311
307
290
269
257
247
226
209
215
190
141
81
39
1
-22
-11
-5
-24
-26
-49
-91
-124
-156
-154
-135
-140
-156
-153
-182
-204
-241
-264
-253
-247
-219
-195
-176
-168
-164
-173
-195
-192
-190
-197
-176
-152
-126
-104
-93
-96
-104
-96
-92
-64
-51
-43
-11
1
4
10
0
20
71
96
122
140
164
165
129
123
114
92
98
115
139
171
192
200
200
181
155
142
129
123
119
124
160
169
149
119
112
113
102
88
94
106
105
82
74
64
41
23
5
6
-7
-8
-14
-35
-47
-62
-70
-70
-64
-49
-38
-59
-56
-64
-85
-83
-91
-100
-105
-109
-113
-116
-134
-134
-126
-122
-109
-119
-142
-144
-155
-162
-167
-164
-138
-125
-101
-72
-52
-22
5
19
17
-3
-12
-45
-41
-33
-23
0
26
51
38
25
13
0
-15
-31
-8
4
2
12
19
20
21
23
48
60
48
66
99
123
144
129
77
73
95
92
123
156
164
148
143
121
110
102
62
55
54
63
65
54
28
18
13
-5
-16
-5
-2
-5
-6
-8
-36
-93
-119
-135
-152
-137
-130
-123
-115
-108
-122
-133
-118
-123
-124
-120
-121
-136
-136
-124
-130
-99
-87
-112
-101
-84
-78
-73
-70
-66
-39
-24
11
50
74
83
86
101
136
135
133
151
143
142
174
187
193
207
216
221
199
175
160
157
147
160
165
161
139
108
91
73
59
55
65
73
53
32
4
-11
-22
-49
-62
-49
-45
-60
-54
-61
-88
-101
-110
-142
-144
-148
-166
-184
-188
-170
-165
-145
-112
-94
-105
-96
-108
-110
-111
-130
-117
-103
-94
-89
-98
-102
-100
-77
-67
-44
-27
-20
-20
-14
4
0
9
19
11
0
-7
-10
-22
-44
-38
-33
-25
2
38
48
51
82
111
113
118
108
99
102
92
87
67
65
60
59
60
70
84
83
63
29
0
-10
4
21
60
72
58
37
2
-18
-19
-3
4
15
27
26
24
2
-5
-15
-29
-8
21
21
24
23
14
-2
-1
29
26
39
46
28
16
-4
-22
-21
-12
14
49
81
83
63
47
40
33
22
25
52
49
35
53
50
52
63
54
59
56
41
59
54
47
50
36
24
-2
-5
-11
-12
-7
-26
-47
-50
-44
-41
-28
-19
-20
-33
-59
-78
-88
-100
-91
-56
-47
-60
-76
-97
-128
-137
-115
-89
-73
-47
-51
-90
-105
-115
-124
-123
-99
-70
-52
-57
-48
-44
-54
-53
-38
-48
-66
-78
-97
-91
-70
-68
-68
-45
-13
-13
-8
8
22
24
7
4
6
-7
-7
28
37
38
44
52
53
44
40
5
-10
-17
-26
-24
-21
-14
10
25
26
36
25
-5
-14
-21
-22
-2
17
42
34
26
33
42
62
92
96
95
94
81
79
56
54
67
85
111
135
134
126
139
134
110
91
75
59
42
22
32
33
40
64
99
147
160
163
147
118
90
54
61
89
99
102
105
86
44
18
-20
-34
-44
-48
-54
-46
-52
-67
-64
-64
-40
-36
-30
-59
-83
-108
-138
-154
-144
-139
-139
-102
-95
-101
-98
-100
-105
-92
-78
-72
-60
-81
-101
-102
-111
-89
-57
-51
-48
-33
-39
-82
-93
-65
-71
-56
-38
-22
-16
4
25
37
37
33
32
26
21
18
-6
-29
-48
-49
-40
-29
-11
-14
-32
-64
-89
-109
-109
-101
-83
-76
-55
