SAMPLES:	7617
BITSPERSAMPLE:	16
CHANNELS:	1
SAMPLERATE:	16000
NORMALIZED:	FALSE
-6
-5
-4
-5
-5
-8
-9
-10
-10
-7
-6
-4
-2
-1
-3
-5
-8
-6
-6
-4
-3
-2
-2
-3
-1
0
3
5
5
5
6
4
4
4
4
5
7
8
9
10
8
6
4
0
-3
-3
-3
-1
3
3
3
1
0
0
1
3
1
-3
-5
-6
-5
-3
-1
-1
0
-1
-2
-2
-1
-2
0
2
3
3
3
4
4
4
5
6
7
8
9
8
6
6
4
2
2
4
6
9
11
11
14
14
15
15
15
13
10
5
2
2
1
3
6
7
9
7
6
4
2
1
2
2
3
2
-2
-4
-4
-4
-1
0
0
-1
-2
-3
-4
-3
-2
-3
-1
-1
0
3
0
-1
-2
-4
-3
1
3
4
1
-2
-6
-9
-7
-4
-4
-4
-6
-5
-8
-9
-8
-8
-9
-9
-8
-6
-3
-1
-2
-4
-6
-11
-16
-19
-20
-19
-15
-11
-9
-8
-9
-7
-7
-9
-11
-12
-14
-14
-14
-11
-9
-9
-5
-4
-2
1
2
1
-2
-1
-1
-1
1
4
5
4
2
0
1
2
4
5
7
6
2
2
2
1
5
7
11
16
15
16
16
13
11
9
6
6
7
8
10
11
12
9
7
6
4
4
6
7
9
8
9
9
7
8
5
4
3
3
5
5
5
4
3
2
0
-1
5
8
11
14
12
6
4
4
-1
-1
1
-1
-3
-4
-4
-7
-7
-3
-1
-2
-4
-5
-8
-10
-10
-12
-13
-12
-10
-3
0
0
-6
-8
-9
-10
-11
-13
-14
-14
-14
-13
-14
-11
-9
-7
-4
-5
-3
-4
-5
-6
-5
-2
-1
1
3
0
-4
-4
-7
-4
-3
-3
-1
0
-1
-4
-6
-6
-6
-3
3
2
-1
-1
-2
-2
3
6
8
10
12
10
8
9
9
7
8
9
8
8
8
7
6
7
7
6
9
6
3
2
2
2
4
6
8
12
9
8
8
9
11
11
7
2
-1
-1
4
9
7
7
1
-1
2
-2
-1
-2
-2
-5
-4
-4
-3
-4
-4
-1
-4
-9
-13
-13
-13
-10
-8
-9
-8
-7
-5
-2
2
4
1
0
0
1
-5
-7
-6
-10
-10
-6
-2
-1
2
5
4
8
8
6
7
5
3
2
-1
-1
-2
-1
-2
-2
1
0
1
6
6
8
9
5
3
-5
-9
-9
-8
-5
3
4
21
114
85
-62
-64
-5
-79
-128
-22
36
-11
42
58
-49
-35
10
-38
-46
18
28
-6
11
14
-22
-3
31
6
-1
23
12
-21
3
25
-23
-25
44
11
-23
18
21
-2
12
4
-27
-28
-13
-40
-27
20
9
12
17
-8
-13
-9
-9
-21
-9
16
-5
-23
3
15
-13
-5
53
74
-10
-71
-51
-43
-46
-39
18
46
34
44
27
-19
-22
0
11
14
48
54
20
37
23
11
41
49
25
18
37
12
-40
57
39
-10
53
19
7
6
41
36
-6
44
21
-15
-3
-47
-21
29
-18
19
44
-17
-45
-17
-39
-38
8
-35
13
-4
-43
-32
-28
-2
-51
10
-9
-78
-2
-24
-59
-8
8
21
-23
-9
-23
-69
-29
0
25
11
10
-21
-21
11
-24
-61
70
27
-52
4
-8
-34
-59
20
25
-5
22
9
-9
-20
-6
49
-27
-11
61
-7
-81
-5
-6
-20
20
13
9
15
-57
-66
22
-21
-14
44
5
-25
-8
-32
-57
14
-17
-13
65
-33
-94
94
-6
-99
24
100
71
-43
-38
9
90
-20
-125
83
154
-88
-51
101
30
15
12
32
-6
29
28
6
-17
18
41
33
84
26
23
55
-44
-31
69
8
-32
-6
142
29
-107
31
122
60
-20
-41
130
115
-83
-91
83
163
-1
-38
25
133
72
-119
-39
141
20
-180
-83
119
113
-70
-58
71
106
-39
-123
-17
57
28
-78
-126
18
113
-156
-174
118
57
-164
-58
101
-29
-128
-36
8
-110
27
-65
-60
-82
-7
16
-121
-81
11
-34
-86
-61
-22
66
-3
-94
15
80
-146
-195
59
195
4
-160
-48
67
93
-134
-158
217
146
-139
-27
70
-33
-132
58
117
-38
170
43
-88
-2
-7
-129
-75
100
89
-45
-11
104
-66
-114
-78
68
107
-21
-20
108
21
-63
-63
-95
92
170
86
-86
-218
40
-16
-143
2
147
202
43
-10
36
-93
-54
-24
63
192
107
-11
14
122
-21
-186
50
218
96
-19
39
85
32
7
69
-24
12
93
57
-44
-67
100
95
18
-73
-74
198
-106
-237
197
234
-88
-219
27
121
-84
-110
-94
70
302
-49
-150
34
-22
-39
-9
-73
-74
63
159
32
-84
-9
11
-39
-23
-81
-55
49
126
17
-142
-96
350
-18
-382
-10
376
189
-422
-140
96
117
83
-312
-49
372
56
-268
-131
245
49
-143
82
-174
-173
-56
-79
-84
-13
209
202
-150
-187
-56
32
-216
-196
79
222
68
-145
-215
-108
82
12
-66
-43
50
215
-123
-389
-26
4
-150
-164
37
114
186
-10
-284
20
380
-264
-302
195
268
32
-171
168
28
29
-130
-184
71
112
166
-14
-135
116
-94
-68
116
88
111
123
207
36
-64
92
-107
-213
226
232
189
12
-143
2
102
164
133
39
60
79
-255
-49
-156
-9
117
-3
365
258
-47
-38
-171
-137
-282
-35
510
348
-35
93
22
-9
-96
-166
-181
9
394
118
-443
-28
526
-150
-474
37
370
-96
-132
92
133
-23
-40
-319
62
453
-135
-233
176
-16
-336
-85
-49
-152
25
218
-58
96
-272
-669
-68
310
48
-66
197
236
36
-40
-143
-533
-67
342
-11
-220
11
192
-73
-112
-148
-202
181
49
-417
7
816
140
-584
-231
-38
-73
-67
-101
-129
551
931
113
-761
-341
215
-111
-211
21
533
692
10
-382
-415
-233
-179
67
352
421
218
-20
-266
-442
-135
-314
72
446
40
-53
382
305
-418
-410
21
227
327
58
-351
-243
285
242
-122
-181
59
197
159
-158
-294
46
-109
1
99
-73
242
279
-157
-478
-12
226
218
-68
-72
75
282
204
-456
-279
377
222
-194
-278
14
195
19
-75
239
601
25
-431
-291
-77
-102
-315
-1
487
473
57
-399
-407
-187
-151
-9
102
374
616
228
-236
-285
-275
-132
-75
-146
294
666
427
-389
-149
46
-538
-227
257
-99
450
228
-13
204
-54
-36
-155
-191
-63
-87
240
219
-124
412
134
-176
-72
-34
137
81
-162
285
299
-282
-324
-401
367
268
-341
-147
220
458
-156
-635
-403
249
202
209
-64
-29
116
-21
-188
-415
153
-98
-179
148
136
-8
-103
-258
-313
-85
351
9
-574
-164
243
427
-186
-402
-187
-39
293
357
-534
-369
248
358
57
-516
-192
95
219
-160
-191
374
262
-352
-339
181
429
182
-575
-279
545
143
-595
-401
267
574
195
-69
-21
51
6
-457
-298
135
326
399
-158
-279
562
201
-570
-658
-16
663
317
41
503
207
-779
-750
-78
399
-241
-185
829
857
-33
-612
-771
67
653
74
-462
18
859
191
-532
-77
388
83
295
-65
-106
155
132
19
30
635
611
25
-747
-764
-9
389
474
527
338
196
267
-398
-1065
-992
407
1532
577
-133
286
-85
-854
-999
-573
577
895
475
-249
-27
204
-463
-1015
-732
406
1173
190
-503
-102
182
-414
-814
-110
-44
77
219
7
190
120
-490
-590
-231
579
-80
-937
-319
643
961
-12
-864
-324
-21
-88
-27
141
217
438
8
-368
-97
-178
-46
-476
21
1130
676
-589
-1261
-390
698
424
-220
-487
134
1056
54
-903
-398
89
580
268
-71
552
721
-641
-885
-238
790
835
-88
-267
251
972
30
-893
-629
38
642
748
103
-113
-108
-74
259
360
-195
-816
-293
754
848
60
-581
-472
515
-210
-689
341
213
-486
4
912
893
-212
-1450
-1038
361
1295
-83
-840
88
823
407
-805
-511
-370
-139
194
415
567
142
-260
-799
-432
368
169
-615
-260
527
1014
62
-996
-620
538
299
-399
-307
-245
-82
232
324
131
73
658
705
224
320
-240
-734
-353
182
399
727
603
-341
-784
-109
160
-250
-471
150
721
521
138
-418
-710
-499
-179
311
226
115
-6
-546
-226
8
-320
120
103
176
240
-555
-618
-480
-239
109
598
692
-250
-846
-679
-752
-332
152
182
207
536
417
-596
-1229
-835
-55
260
470
779
519
122
-535
-630
-262
-43
209
147
118
827
1120
-202
-1263
-781
562
762
276
152
786
1047
296
-712
-1068
-313
-273
-207
280
717
988
-45
-729
-530
-130
64
-250
-237
541
956
795
-140
-986
-140
625
624
453
435
643
381
-124
-3
-82
-194
239
332
231
508
472
-31
-328
-42
580
447
159
-30
32
491
496
-24
-520
-97
413
130
-359
-234
-266
-402
-435
-398
-175
-312
-32
-268
-544
-417
-315
-650
-1126
-808
347
636
26
-365
-572
-160
-35
-793
-967
372
1042
645
48
-17
-458
-754
-99
133
-129
385
550
241
62
-318
-168
143
376
596
652
924
718
62
-49
323
701
718
414
186
200
158
175
-177
-257
143
397
72
-368
-499
-505
-676
-860
-572
-421
-868
-927
-501
-668
-1073
-1145
-765
-513
-891
-955
-409
-348
-826
-1078
-875
-605
-462
-239
-297
-441
103
267
-498
-734
-117
655
556
217
184
419
671
508
220
745
1683
1615
1139
911
1312
1412
1051
992
1538
2029
1738
1238
1085
1344
1406
1229
1293
1538
1542
1356
1017
791
677
478
29
-205
12
-302
-1075
-1279
-1000
-1329
-1773
-1701
-1427
-1390
-1694
-1814
-1466
-1274
-1893
-2204
-1901
-1757
-1614
-1465
-1347
-1045
-708
-876
-1045
-709
-518
-567
-177
188
92
146
143
-93
-155
-112
-7
145
350
515
1080
1447
1735
2003
1806
1549
1595
1901
1824
1791
1804
2026
2370
2268
1743
1503
1495
1433
1476
1180
822
736
366
-295
-498
-336
-613
-1187
-1564
-1756
-1806
-1835
-2078
-2198
-1942
-1586
-1549
-1768
-1911
-1693
-1495
-1249
-1215
-1159
-1147
-1262
-1343
-1414
-1526
-1434
-1123
-692
-112
-22
-142
-268
-420
-413
-682
-933
-674
12
528
333
575
1294
1861
1761
1323
1430
2016
2413
2490
2223
2145
2389
2494
2318
1960
1780
1544
1355
1372
1260
932
609
286
-169
-261
-217
-492
-834
-1021
-1258
-1728
-1975
-1829
-1923
-2105
-1818
-1380
-1101
-1250
-1380
-1113
-631
-480
-852
-1175
-1228
-1197
-1248
-1358
-1314
-983
-544
-221
-389
-690
-642
-539
-522
-399
-189
-61
-148
-362
62
1226
2346
2714
2438
2381
2526
2223
1589
1523
2307
3218
3536
3332
2642
1792
1104
654
881
1336
1656
1546
805
-43
-756
-1489
-1785
-1582
-1026
-491
-698
-1491
-2093
-2433
-2702
-2594
-2069
-1410
-936
-701
-764
-1022
-1476
-1759
-1595
-1351
-1198
-1124
-1113
-1159
-1233
-1295
-1429
-1410
-1205
-1135
-826
-556
-614
-862
-882
-740
-360
617
1720
2616
3076
2989
2394
1639
1285
1513
2037
2872
3516
3763
3317
2353
1395
582
521
1144
1543
1688
1448
557
-543
-1645
-2203
-2352
-2188
-1816
-1424
-1338
-1818
-2506
-2990
-3039
-2572
-1914
-1336
-803
-537
-456
-645
-1032
-1406
-1544
-1373
-1086
-837
-701
-836
-1091
-1116
-971
-897
-1093
-1160
-963
-490
-397
-701
-804
-101
1447
2829
3355
3286
3066
2638
2250
2370
2884
3543
4085
4273
4106
3580
2648
1559
1169
1750
2401
2270
1589
547
-605
-1565
-2184
-2357
-2166
-1786
-1533
-1725
-2262
-2865
-3355
-3523
-3091
-2171
-1318
-895
-715
-578
-618
-827
-1094
-1160
-994
-765
-746
-876
-1104
-1398
-1321
-976
-982
-1257
-1187
-817
-871
-1236
-1405
-1228
-271
1387
2928
3549
3373
2786
2288
2269
2676
2840
3160
4102
4903
4783
3451
1909
1071
1145
1542
1739
1672
1477
697
-719
-2236
-3225
-3484
-3137
-2456
-2022
-1895
-2189
-2976
-3748
-4069
-3592
-2525
-1473
-724
-424
-222
-347
-902
-1408
-1537
-967
-392
-315
-584
-1024
-1331
-1510
-1631
-1691
-1424
-1076
-1074
-1389
-1657
-1624
-759
733
2362
3355
3304
2741
2195
2073
2291
2832
3673
4630
5147
5022
3804
2315
1373
1287
1985
2446
2282
1538
289
-1233
-2641
-3321
-3351
-2979
-2308
-1911
-1938
-2539
-3474
-4174
-4214
-3463
-2272
-1303
-581
-77
28
-163
-438
-591
-575
-174
219
340
108
-409
-988
-1401
-1450
-1331
-1140
-923
-979
-1243
-1394
-1404
-572
948
2576
3431
3259
2753
2456
2595
2857
3197
4189
5231
5638
4901
3324
2181
1672
1837
2276
2497
2307
1578
184
-1425
-2840
-3581
-3639
-3195
-2471
-2260
-2659
-3243
-3787
-4152
-3975
-3268
-2302
-1363
-682
-331
-235
-401
-653
-682
-469
-176
25
5
-72
-339
-879
-1384
-1574
-1594
-1550
-1472
-1638
-1868
-2051
-1567
-82
1685
2709
2646
2193
1972
2202
2515
2754
3510
4777
5580
5285
3784
2282
1485
1519
2133
2607
2570
1749
235
-1499
-2827
-3509
-3817
-3738
-3135
-2528
-2498
-3302
-4264
-4722
-4348
-3432
-2539
-1724
-994
-431
-102
-73
-112
-121
62
478
788
825
626
211
-307
-673
-764
-823
-1101
-1166
-1204
-1382
-1791
-1854
-746
1061
2754
3157
2772
2284
2157
2399
2632
3259
4514
5626
5775
4726
3203
2158
1655
2109
2781
3102
2512
943
-948
-2545
-3461
-3829
-3895
-3401
-2711
-2635
-3313
-4432
-5033
-4842
-3968
-2766
-1786
-1140
-710
-570
-545
-403
-21
204
436
922
1146
929
470
38
-327
-482
-497
-751
-1080
-1307
-1428
-1726
-1785
-663
954
2298
2578
2214
1999
2132
2575
2884
3404
4552
5445
5459
4512
3076
2262
1982
2452
3050
2995
2227
650
-1102
-2452
-3353
-3888
-4017
-3471
-2974
-3148
-3810
-4725
-5254
-5044
-4163
-3144
-2382
-1842
-1412
-1083
-827
-638
-360
-58
486
1103
1160
805
329
51
-148
-261
-253
-416
-727
-1076
-1331
-1579
-1532
-367
1301
2673
2963
2366
1925
1925
2431
2898
3543
4833
5720
5755
4780
3233
2201
1845
2499
3348
3439
2693
994
-853
-2424
-3367
-3558
-3664
-3357
-2941
-3066
-3780
-4855
-5507
-5562
-4832
-3630
-2712
-2064
-1759
-1588
-1377
-1230
-957
-567
154
917
1045
814
449
168
-78
-260
-286
-380
-449
-649
-988
-1396
-1177
218
1747
2718
2863
2431
2050
2125
2529
3008
3830
5089
5868
5740
4700
3445
2679
2351
2891
3592
3524
2496
734
-986
-2102
-2677
-3011
-3308
-3137
-2993
-3377
-4174
-5072
-5388
-5232
-4675
-3817
-2990
-2387
-2102
-1879
-1574
-1406
-1095
-845
-317
427
732
601
212
69
23
-121
-194
-219
-255
-515
-1006
-1327
-497
1081
2244
2589
2516
2529
2482
2599
2770
3226
4240
5272
5615
5298
4269
3141
2471
2557
3299
3697
3177
1936
306
-1156
-2140
-2794
-3204
-3252
-2904
-3003
-3659
-4513
-5183
-5407
-5184
-4548
-3836
-3192
-2640
-2147
-1733
-1518
-1537
-1483
-1157
-543
-46
139
190
149
8
-178
-266
-280
-301
-396
-485
-587
-246
762
1626
2004
2130
2532
2944
2869
2833
3005
3722
4679
4996
4984
4603
4027
3390
2840
2947
3133
2891
2258
1196
189
-782
-1889
-2848
-3458
-3343
-3323
-3781
-4239
-4670
-4902
-4966
-4823
-4354
-3913
-3315
-2714
-2180
-1581
-1484
-1732
-1734
-1229
-608
-313
-131
-45
51
97
-156
-338
-474
-426
-370
-588
-659
288
1692
2706
2816
2538
2603
2784
3190
3453
3941
4845
5402
5265
4749
4042
3653
3304
3440
3768
3646
3053
1662
436
-243
-914
-1627
-2288
-2524
-2552
-3222
-4005
-4649
-4805
-4725
-4666
-4349
-3983
-3619
-3337
-3030
-2299
-1712
-1629
-1670
-1542
-1207
-1031
-963
-953
-749
-454
-586
-846
-984
-890
-807
-937
-1110
-893
396
1721
2502
2468
2005
1998
2418
3139
3730
4232
4986
5318
5177
4672
3882
3562
3413
3818
4261
3905
2787
1273
197
-323
-676
-1151
-1893
-2248
-2452
-3278
-3991
-4433
-4446
-4265
-4088
-3846
-3621
-3369
-3078
-2742
-2129
-1734
-1704
-1664
-1538
-1193
-1166
-1314
-1253
-976
-760
-894
-1179
-1382
-1288
-1207
-1423
-1862
-1291
480
1890
2365
1902
1734
2015
2495
3194
3647
4192
4882
4963
4955
4436
3809
3525
3256
3884
4213
3780
2524
950
138
-289
-774
-1275
-1879
-2030
-2491
-3199
-3683
-4071
-4036
-4076
-3796
-3401
-3220
-3167
-3009
-2489
-1791
-1455
-1353
-1312
-1021
-813
-905
-915
-960
-754
-566
-689
-1005
-1231
-1311
-1457
-1721
-1653
-447
1214
2060
1854
1414
1772
2304
2673
2982
3603
4598
4960
4696
4390
4046
3840
3503
3425
3915
3917
3135
1886
953
399
-208
-938
-1537
-1874
-2073
-2598
-3258
-3711
-3978
-4149
-4118
-3697
-3249
-3004
-2979
-2591
-2077
-1788
-1718
-1489
-898
-477
-615
-916
-988
-836
-669
-773
-902
-1080
-1072
-1154
-1381
-1895
-1968
-301
1463
2143
1656
1031
1298
1828
2707
3162
3336
4152
4435
4362
4149
3642
3524
3290
3656
4116
3556
2517
1183
525
268
-208
-794
-1623
-1921
-2078
-2700
-3147
-3622
-3949
-4106
-3886
-3305
-3103
-3024
-3001
-2527
-1819
-1604
-1609
-1417
-912
-524
-686
-839
-831
-649
-525
-559
-637
-822
-866
-1071
-1450
-1897
-1533
6
1408
1898
1516
1224
1641
2178
2699
3082
3547
4274
4406
4314
4059
3677
3687
3593
3796
3997
3420
2414
1318
777
477
-213
-917
-1559
-1833
-2095
-2730
-3201
-3515
-3705
-3902
-3873
-3501
-3275
-3177
-2908
-2386
-1837
-1774
-1836
-1645
-1146
-823
-901
-923
-833
-570
-610
-856
-931
-869
-679
-800
-1114
-1671
-1245
334
1586
2078
1572
1198
1598
2403
3153
3241
3349
4062
4298
4500
4149
3683
3589
3422
3951
3994
3144
2100
1152
843
534
-171
-866
-1608
-1639
-1895
-2525
-3060
-3618
-3806
-3865
-3659
-3459
-3521
-3383
-3066
-2500
-2036
-2095
-1990
-1737
-1254
-943
-1079
-1108
-977
-611
-524
-749
-955
-1127
-976
-981
-1296
-1611
-928
618
1670
1629
924
872
1547
2487
3154
3262
3476
3953
4207
4386
4154
3885
3648
3575
4126
4194
3277
1865
908
788
633
20
-777
-1342
-1350
-1769
-2549
-3226
-3559
-3698
-3822
-3656
-3432
-3391
-3367
-3130
-2653
-2254
-2218
-2118
-1695
-1122
-1051
-1348
-1457
-1156
-683
-619
-889
-1178
-1108
-879
-1021
-1266
-1761
-1386
205
1514
1836
1108
868
1442
2316
3223
3309
3358
3910
4170
4520
4289
3847
3696
3442
4024
4217
3627
2652
1591
1188
753
277
-238
-933
-1088
-1520
-2243
-2768
-3310
-3518
-3689
-3477
-3215
-3201
-3135
-3090
-2692
-2351
-2305
-2108
-1731
-1184
-1071
-1347
-1380
-1207
-811
-726
-846
-957
-1172
-991
-1057
-1189
-1503
-1478
-70
1227
1740
1252
655
1168
1922
2786
3063
3054
3721
3914
4213
4201
3796
3761
3408
3703
4084
3665
2933
2083
1620
1035
250
-185
-670
-816
-1332
-2096
-2471
-2911
-3268
-3749
-3794
-3301
-2974
-2897
-3052
-2879
-2520
-2560
-2305
-1970
-1591
-1464
-1756
-1680
-1339
-930
-850
-1133
-1306
-1380
-1351
-1320
-1293
-1299
-1736
-954
586
1482
1250
477
806
1739
2685
2982
2755
3224
3658
3877
4156
3935
3812
3488
3563
4153
4077
3328
2224
1879
1617
966
421
-193
-439
-609
-1473
-2248
-2663
-2866
-3267
-3646
-3419
-3234
-3039
-3021
-2925
-2509
-2336
-2318
-2004
-1555
-1297
-1533
-1765
-1500
-947
-666
-865
-1203
-1579
-1719
-1481
-1058
-856
-1334
-1644
-421
1035
1472
831
365
1149
2285
3122
3072
2821
3291
3744
4154
4218
3792
3673
3541
3996
4483
4026
3075
2253
1993
1648
1210
741
84
-490
-1175
-1898
-2230
-2451
-2784
-3458
-3531
-3141
-2824
-2827
-3128
-2920
-2655
-2574
-2390
-2115
-1738
-1718
-1938
-1676
-1182
-886
-1043
-1383
-1723
-2016
-1843
-1458
-1189
-1271
-1886
-1360
249
1367
1215
397
714
1677
2514
2797
2577
3009
3583
3826
4091
3896
3745
3588
3687
4369
4420
3703
2611
1982
1871
1675
1275
508
-228
-677
-1292
-1918
-2337
-2550
-2875
-3214
-3170
-3137
-3060
-3038
-2798
-2524
-2502
-2499
-2340
-1938
-1696
-1927
-2101
-1811
-1196
-946
-1259
-1723
-2124
-2051
-1710
-1411
-1394
-1705
-2036
-1138
295
1009
643
55
501
1482
2429
2694
2591
2851
3313
3728
3890
3618
3532
3593
3930
4465
4200
3259
2270
2079
2084
1804
1163
261
-274
-627
-1141
-1785
-2317
-2531
-2724
-2819
-2743
-2768
-2768
-2762
-2455
-2107
-2033
-2020
-1905
-1522
-1263
-1342
-1488
-1238
-816
-843
-1135
-1410
-1581
-1485
-1314
-1283
-1397
-1709
-1904
-742
756
1165
533
-24
692
1851
2574
2702
2499
2990
3410
3539
3665
3489
3638
3810
3981
4188
3542
2708
2151
2165
2267
1706
811
-81
-523
-720
-1294
-2055
-2698
-3042
-3154
-3064
-2823
-2878
-2886
-2826
-2541
-2285
-2217
-2086
-1825
-1420
-1281
-1500
-1444
-1188
-982
-998
-1201
-1268
-1414
-1511
-1465
-1437
-1450
-1497
-1586
-670
789
1296
884
230
672
1638
2336
2811
2698
2825
3098
3146
3592
3657
3766
3741
3547
3715
3325
2838
2413
2141
2003
1264
457
-235
-677
-748
-1316
-2156
-2962
-3307
-3078
-2892
-2730
-3026
-3182
-3008
-2728
-2295
-2029
-1894
-1691
-1499
-1308
-1454
-1499
-1385
-1222
-941
-974
-931
-1107
-1311
-1286
-1190
-1093
-1047
-1188
-641
616
1387
1127
531
944
1832
2558
2996
2851
2869
3296
3462
3707
3814
3786
3654
3553
3808
3674
3167
2526
2089
1910
1340
645
-80
-558
-736
-1191
-2061
-2877
-3217
-3043
-2885
-2617
-2810
-3098
-3172
-2956
-2353
-1973
-1858
-1820
-1769
-1566
-1587
-1657
-1501
-1350
-1104
-1163
-1120
-1105
-1278
-1277
-1215
-1062
-911
-1027
-864
245
1341
1440
899
819
1438
2267
2800
2813
2644
2936
3269
3521
3813
3782
3657
3471
3465
3517
3121
2587
2171
1805
1255
615
13
-507
-905
-1270
-1964
-2596
-2954
-2923
-2744
-2672
-2989
-3513
-3569
-3076
-2325
-1944
-2006
-2191
-2138
-1829
-1589
-1645
-1519
-1405
-1217
-1065
-937
-933
-1089
-1146
-1102
-814
-549
-533
-739
-145
1210
1884
1588
1114
1351
2059
2819
3291
3184
3095
3259
3426
3908
4056
3898
3537
3229
3315
3184
2854
2199
1631
1259
699
187
-331
-748
-1213
-1966
-2504
-2791
-2801
-2835
-3085
-3213
-3461
-3256
-2923
-2636
-2301
-2340
-2550
-2644
-2261
-1867
-1920
-1884
-1762
-1616
-1445
-1341
-1104
-1127
-1073
-1054
-1008
-701
-494
-342
-467
210
1190
1562
1406
1154
1551
2334
3093
3350
3015
3006
3312
3597
3942
3837
3679
3349
3201
3314
3174
2719
2018
1485
1017
626
168
-442
-880
-1270
-1659
-2055
-2421
-2594
-2713
-2758
-2847
-2940
-2788
-2763
-2434
-2166
-2116
-2228
-2210
-1879
-1688
-1533
-1403
-1373
-1257
-1110
-866
-731
-869
-817
-894
-651
-272
45
127
27
846
1597
1800
1425
1222
1806
2529
3078
2968
2634
2914
3291
3729
3790
3379
3036
2718
3026
3258
2913
2051
1079
742
606
417
-59
-676
-1170
-1678
-1983
-2249
-2526
-2850
-3254
-3311
-3211
-3089
-3141
-3170
-2799
-2500
-2370
-2502
-2400
-2117
-1979
-1817
-1675
-1601
-1498
-1226
-945
-901
-915
-841
-759
-398
-152
-23
-211
-139
954
1847
1974
1368
1160
1775
2610
3200
2961
2676
2951
3271
3709
3718
3294
2969
2795
3078
3164
2743
1827
1070
889
729
509
-41
-654
-1003
-1324
-1656
-2122
-2464
-2682
-2836
-2861
-2971
-3022
-2935
-2782
-2488
-2482
-2636
-2594
-2129
-1585
-1367
-1431
-1548
-1417
-1069
-736
-613
-638
-613
-456
-330
-172
-21
145
26
252
1191
1806
1791
1215
1155
1831
2703
3094
2850
2728
3124
3408
3491
3247
3032
2917
2868
2997
2878
2400
1598
1085
1014
880
482
-134
-625
-886
-1125
-1587
-2144
-2537
-2782
-2904
-2924
-2890
-2828
-2873
-2953
-2794
-2656
-2561
-2480
-2093
-1731
-1501
-1447
-1432
-1358
-1104
-794
-490
-329
-328
-309
-319
-145
43
160
103
29
597
1441
1777
1477
1136
1481
2058
2514
2622
2512
2620
2726
2792
2924
2845
2701
2435
2363
2414
2185
1739
1211
926
627
149
-109
-333
-676
-1104
-1603
-2143
-2579
-2724
-2759
-2752
-2754
-2856
-3005
-2950
-2726
-2425
-2252
-2125
-1941
-1671
-1518
-1402
-1322
-1178
-918
-613
-339
-285
-313
-333
-233
-82
17
-11
72
115
415
1282
1874
1730
1187
1264
1975
2665
2889
2595
2347
2544
2775
3115
3185
2944
2566
2337
2383
2380
2068
1490
964
620
294
149
4
-420
-982
-1506
-1788
-2008
-2123
-2340
-2569
-2631
-2740
-2902
-2908
-2666
-2217
-1985
-2043
-2114
-1833
-1444
-1053
-843
-827
-852
-735
-541
-308
-222
-312
-328
-172
-124
-74
-99
-34
5
420
1056
1258
1060
825
1295
2110
2471
2260
1820
1819
2345
2725
2799
2408
2131
2070
2253
2461
2239
1589
887
609
641
543
249
-236
-735
-1137
-1401
-1583
-1915
-2248
-2512
-2675
-2630
-2523
-2330
-2261
-2214
-2155
-1990
-1764
-1471
-1030
-829
-782
-784
-783
-662
-382
-191
-164
-313
-355
-292
-261
-273
-184
-44
111
62
327
950
1371
1303
937
1027
1395
1720
1879
1858
1932
2133
2278
2377
2253
2144
1994
1980
2085
1939
1563
1075
769
602
354
107
-231
-718
-1131
-1371
-1442
-1678
-2015
-2341
-2437
-2199
-1997
-2013
-2067
-1983
-1686
-1390
-1173
-1085
-948
-857
-772
-623
-533
-506
-386
-317
-384
-435
-394
-239
-45
55
52
9
39
206
389
887
1274
1261
776
564
999
1630
1944
1765
1422
1497
1819
2130
2149
1891
1666
1528
1577
1682
1633
1253
709
303
92
51
-38
-415
-973
-1419
-1641
-1717
-1773
-1901
-2079
-2130
-1940
-1742
-1635
-1676
-1670
-1486
-1225
-1031
-854
-735
-679
-699
-612
-465
-393
-310
-305
-247
-186
-157
-179
-207
-182
-65
0
163
115
338
832
1044
891
707
990
1396
1620
1566
1345
1314
1603
1892
2037
1867
1558
1408
1484
1641
1551
1047
456
265
326
256
31
-310
-674
-967
-1135
-1304
-1466
-1614
-1710
-1596
-1419
-1342
-1376
-1413
-1352
-1167
-1071
-1051
-1008
-855
-716
-683
-710
-653
-613
-535
-405
-332
-284
-231
-129
-81
-62
-91
-50
64
194
131
315
796
1016
920
721
884
1144
1356
1429
1231
1160
1308
1516
1659
1534
1390
1169
1127
1292
1337
1152
728
335
131
70
43
-168
-424
-672
-718
-660
-700
-824
-1148
-1290
-1178
-987
-929
-1138
-1339
-1280
-1051
-864
-821
-749
-795
-788
-709
-578
-449
-475
-566
-611
-484
-302
-180
-148
-116
-16
62
106
114
45
-26
417
824
855
540
392
592
940
1167
1021
749
775
1009
1176
1156
925
702
688
995
1116
953
484
123
109
316
448
263
-170
-462
-451
-247
-220
-480
-953
-1154
-1046
-846
-763
-899
-1130
-1158
-926
-668
-692
-797
-886
-888
-681
-496
-403
-439
-439
-346
-257
-190
-111
-160
-179
-148
-121
-110
21
162
76
-116
192
602
716
456
354
429
582
668
637
626
860
923
1017
1082
969
864
910
1133
1300
1260
971
768
774
816
695
532
278
58
-124
-55
-140
-378
-638
-711
-656
-689
-774
-928
-1090
-1023
-923
-905
-1004
-1022
-864
-710
-545
-470
-556
-653
-636
-555
-441
-452
-535
-574
-447
-341
-272
-317
-363
-380
-323
-366
-20
258
143
-132
-251
45
431
594
433
176
341
774
1077
1104
763
671
827
1231
1481
1478
1138
858
924
1098
1036
903
642
420
283
260
192
-19
-251
-414
-437
-438
-480
-627
-791
-801
-700
-669
-734
-761
-700
-625
-568
-559
-529
-525
-512
-529
-588
-593
-414
-308
-347
-516
-626
-578
-394
-268
-379
-623
-659
-207
131
81
-262
-340
26
485
682
546
287
388
755
1192
1269
1044
839
842
1105
1352
1376
1073
887
946
994
925
671
354
220
201
208
63
-161
-371
-414
-372
-429
-553
-848
-1003
-872
-731
-746
-951
-944
-783
-596
-538
-599
-596
-563
-482
-490
-662
-822
-844
-748
-627
-593
-672
-792
-772
-662
-527
-586
-546
-126
211
231
25
-1
168
402
612
573
461
678
922
1157
1116
963
926
1082
1397
1579
1510
1275
1173
1247
1293
1217
978
713
617
597
552
311
8
-252
-328
-267
-288
-417
-607
-792
-829
-809
-738
-728
-705
-752
-861
-822
-720
-669
-685
-753
-863
-933
-854
-715
-619
-729
-885
-894
-672
-407
-330
-509
-736
-785
-364
161
261
-64
-340
-179
167
489
487
270
260
562
951
1134
1076
1021
1081
1389
1674
1749
1482
1260
1279
1421
1439
1270
914
708
678
714
597
293
-66
-284
-269
-254
-373
-597
-884
-999
-924
-831
-872
-980
-1053
-1158
-1161
-1012
-829
-873
-1006
-1118
-1128
-1032
-855
-834
-929
-1005
-988
-860
-708
-719
-843
-968
-879
-733
-338
-33
-91
-338
-425
-73
234
420
376
319
568
971
1263
1355
1281
1299
1487
1885
2103
2038
1785
1699
1810
1819
1724
1408
1090
970
912
867
632
314
14
-169
-201
-252
-354
-573
-870
-1029
-989
-935
-969
-992
-987
-949
-844
-826
-874
-998
-1045
-1059
-1054
-1047
-1015
-1008
-992
-923
-892
-952
-899
-875
-878
-869
-842
-815
-796
-492
-279
-177
-221
-83
240
571
782
807
851
1051
1213
1368
1373
1405
1589
1884
2092
2042
1878
1697
1692
1745
1623
1350
977
752
719
729
587
155
-251
-409
-341
-301
-489
-742
-1067
-1226
-1146
-1091
-1142
-1275
-1275
-1161
-1004
-904
-962
-1092
-1199
-1217
-1194
-1261
-1319
-1342
-1286
-1225
-1192
-1180
-1163
-1076
-1019
-962
-868
-755
-618
-468
-23
258
373
383
554
868
1132
1240
1228
1263
1516
1759
1889
1858
1770
1857
2019
2230
2220
2020
1749
1643
1623
1562
1349
1024
766
608
512
404
170
-86
-337
-432
-471
-624
-888
-1123
-1241
-1254
-1309
-1393
-1491
-1446
-1323
-1199
-1227
-1411
-1566
-1584
-1487
-1484
-1623
-1753
-1644
-1373
-1159
-1109
-1136
-1128
-1018
-746
-474
-331
-315
-302
-200
109
535
710
643
622
944
1363
1582
1491
1282
1198
1427
1715
1900
1818
1701
1678
1807
2008
2019
1738
1414
1294
1310
1268
1100
773
415
286
255
193
29
-264
-594
-779
-801
-846
-1042
-1291
-1487
-1477
-1313
-1214
-1256
-1359
-1416
-1396
-1386
-1372
-1417
-1500
-1507
-1470
-1356
-1207
-1090
-1004
-846
-677
-533
-403
-263
-206
-142
-114
46
236
420
512
673
854
921
947
969
1118
1218
1277
1210
1190
1317
1466
1456
1377
1342
1452
1547
1620
1524
1306
1053
882
811
735
583
324
109
-11
-67
-210
-471
-734
-925
-1061
-1137
-1177
-1246
-1371
-1462
-1419
-1338
-1306
-1373
-1410
-1339
-1260
-1203
-1214
-1193
-1132
-1003
-887
-832
-806
-749
-641
-410
-188
-88
-2
113
246
305
332
313
320
400
510
675
886
1031
1007
939
995
1176
1265
1257
1209
1194
1257
1373
1378
1283
1163
1119
1132
1181
1156
930
675
474
331
270
226
87
-147
-337
-357
-387
-530
-752
-961
-1071
-1063
-995
-1038
-1195
-1319
-1299
-1231
-1192
-1164
-1166
-1120
-1008
-877
-782
-767
-756
-648
-479
-334
-245
-218
-216
-159
-4
150
244
247
160
154
246
390
483
496
525
559
679
899
965
848
730
821
954
982
915
786
745
807
851
830
705
640
630
723
797
690
452
258
217
191
102
-48
-265
-380
-404
-454
-569
-764
-914
-980
-962
-970
-1065
-1213
-1281
-1259
-1139
-1051
-990
-925
-805
-725
-655
-584
-571
-594
-528
-410
-357
-361
-321
-206
-86
20
51
38
25
98
210
322
409
429
415
340
400
464
539
656
665
607
552
600
630
633
621
633
781
999
1020
939
841
824
851
905
846
724
615
548
544
536
432
250
32
-35
-25
-72
-232
-417
-571
-658
-618
-541
-563
-643
-685
-688
-630
-612
-623
-622
-585
-555
-533
-556
-587
-581
-525
-489
-458
-466
-466
-410
-366
-334
-316
-290
-251
-221
-164
-116
-55
-41
-7
-28
-64
-8
114
315
402
356
309
399
516
572
585
566
574
744
902
978
867
736
700
749
832
781
633
507
453
441
354
250
112
-28
-101
-135
-173
-282
-439
-538
-542
-547
-587
-637
-716
-756
-716
-690
-688
-754
-791
-784
-720
-602
-532
-585
-637
-684
-657
-569
-439
-358
-357
-365
-336
-271
-199
-141
-112
-86
-45
2
49
132
154
218
324
496
655
701
692
646
672
730
786
812
768
827
946
1036
981
857
813
787
766
740
693
580
498
456
400
308
202
92
40
-34
-135
-301
-465
-584
-638
-719
-843
-923
-920
-892
-866
-878
-921
-921
-885
-787
-727
-714
-712
-673
-571
-445
-374
-370
-354
-272
-151
-81
-42
-47
-70
-8
129
266
281
245
279
373
481
583
588
532
508
627
687
657
615
570
619
672
744
760
670
646
701
726
679
615
510
464
514
502
407
257
121
54
24
-6
-71
-204
-313
-409
-501
-632
-767
-882
-925
-889
-850
-813
-816
-850
-871
-809
-717
-647
-593
-548
-487
-391
-326
-316
-249
-195
-154
-95
-61
-27
26
75
102
113
118
130
151
204
241
232
253
260
253
252
205
172
160
218
263
255
225
245
266
310
362
390
410
416
447
459
443
436
455
419
382
346
279
162
63
-28
-74
-69
-56
-77
-147
-245
-363
-423
-467
-488
-482
-503
-475
-411
-385
-371
-336
-311
-313
-237
-164
-138
-107
-49
14
62
59
45
68
76
95
86
13
-16
-4
45
82
69
55
42
9
-47
-116
-187
-240
-263
-228
-191
-147
-97
-117
-81
20
180
274
282
243
226
284
335
375
389
396
415
441
530
553
494
384
284
263
272
287
286
242
148
55
-1
-44
-21
-26
-32
22
34
14
-29
-62
-72
-53
-21
18
47
6
-36
-65
-117
-160
-219
-269
-315
-323
-301
-323
-371
-410
-465
-503
-516
-499
-558
-647
-706
-711
-681
-624
-554
-527
-514
-465
-369
-251
-169
-108
-78
-30
91
227
319
407
483
517
588
671
662
633
654
688
745
724
629
586
582
585
585
566
493
441
428
417
368
300
254
189
142
136
120
46
-25
-63
-111
-149
-155
-199
-273
-322
-348
-356
-397
-460
-527
-557
-550
-564
-620
-699
-754
-790
-796
-797
-778
-741
-702
-659
-599
-544
-474
-422
-363
-289
-244
-220
-164
-68
87
233
285
372
465
567
664
735
784
791
828
913
998
1064
1061
1033
971
916
848
810
767
726
678
616
523
429
370
292
215
143
94
32
-59
-165
-295
-449
-564
-602
-605
-606
-654
-733
-791
-843
-835
-828
-820
-806
-807
-819
-810
-832
-830
-798
-749
-705
-707
-693
-621
-516
-439
-385
-372
-331
-235
-157
-63
33
100
159
276
449
598
698
742
792
916
1032
1061
1063
1085
1138
1153
1140
1126
1102
1020
945
909
879
788
684
626
565
464
305
106
-66
-158
-206
-267
-378
-505
-620
-661
-657
-693
-801
-868
-879
-896
-897
-908
-971
-1009
-954
-853
-791
-763
-761
-726
-662
-622
-588
-579
-540
-465
-402
-369
-312
-230
-165
-68
27
70
75
130
192
253
332
395
418
499
602
702
761
792
829
877
932
992
999
926
853
815
796
781
736
704
675
615
573
466
360
257
172
107
19
-90
-213
-292
-338
-390
-446
-533
-580
-613
-656
-653
-638
-620
-597
-567
-527
-534
-539
-522
-505
-459
-438
-439
-470
-503
-504
-476
-389
-340
-301
-271
-245
-234
-220
-157
-87
-40
-15
13
45
102
168
184
202
246
319
388
448
498
517
560
617
653
656
648
636
631
644
644
574
527
495
472
439
387
337
290
252
207
141
94
26
-36
-67
-80
-80
-115
-187
-249
-253
-247
-253
-257
-278
-288
-279
-260
-247
-236
-267
-337
-349
-350
-351
-372
-402
-449
-457
-439
-404
-357
-368
-390
-423
-453
-483
-476
-455
-426
-338
-252
-185
-148
-134
-125
-84
-42
42
133
180
194
221
269
325
389
444
429
406
426
472
515
500
438
371
365
365
363
310
286
292
283
268
229
185
135
101
103
117
108
65
27
30
73
109
70
-10
-103
-187
-214
-206
-200
-209
-234
-243
-264
-298
-356
-411
-452
-464
-436
-414
-408
-409
-442
-455
-423
-392
-333
-282
-272
-245
-182
-118
-49
-25
4
16
48
162
251
280
296
318
323
337
370
401
440
473
471
445
419
421
428
466
479
439
404
378
362
342
301
237
210
217
197
178
149
144
103
63
81
114
116
88
76
26
-97
-176
-233
-259
-248
-246
-289
-326
-334
-352
-392
-432
-445
-445
-417
-376
-340
-354
-381
-388
-377
-317
-257
-232
-205
-168
-132
-127
-143
-147
-153
-183
-160
-124
-79
-14
62
112
145
161
178
176
150
130
100
97
101
125
160
175
163
142
135
115
127
160
164
181
202
202
196
197
180
147
156
176
156
144
132
129
76
29
17
20
34
51
37
3
-3
-48
-85
-103
-140
-180
-183
-150
-133
-150
-151
-143
-148
-126
-107
-92
-97
-126
-123
-116
-108
-122
-153
-149
-179
-196
-185
-172
-164
-146
-112
-88
-77
-65
-44
-47
-49
-43
-42
-31
-13
-2
-27
-55
-86
-72
-2
44
77
90
100
94
110
112
120
155
172
205
250
300
331
337
337
359
370
342
315
313
322
315
276
240
195
155
143
162
191
217
223
230
225
222
201
160
136
91
46
-20
-67
-126
-187
-202
-218
-242
-269
-284
-304
-350
-374
-389
-390
-371
-350
-334
-332
-368
-424
-437
-420
-409
-390
-374
-388
-398
-370
-322
-252
-180
-117
-54
-3
46
78
63
58
72
89
142
224
285
296
328
380
409
419
420
417
395
390
415
415
406
417
416
408
430
413
366
339
261
180
130
98
75
40
3
-35
-45
-92
-138
-192
-244
-345
-419
-463
-501
-525
-554
-555
-558
-540
-546
-558
-561
-579
-577
-562
-518
-474
-449
-410
-386
-354
-309
-312
-285
-202
-167
-129
-51
22
95
125
190
249
286
375
462
539
588
607
630
641
652
655
651
686
692
689
689
665
629
586
540
482
447
420
387
355
295
255
208
146
107
66
21
-32
-87
-158
-239
-305
-372
-417
-445
-458
-466
-512
-574
-608
-602
-596
-583
-533
-514
-507
-503
-485
-459
-426
-407
-379
-336
-320
-312
-277
-246
-233
-203
-131
-70
-5
95
173
215
239
284
310
348
386
428
481
498
518
553
548
533
506
489
462
403
338
343
354
351
343
289
216
166
145
117
77
26
-24
-70
-72
-85
-120
-157
-175
-175
-181
-206
-261
-319
-366
-391
-386
-385
-396
-387
-381
-375
-355
-358
-355
-338
-300
-267
-242
-233
-254
-250
-234
-210
-179
-135
-76
-12
16
20
4
-13
11
65
114
146
172
198
211
234
252
235
220
212
208
206
214
219
205
181
172
147
110
82
76
78
72
68
67
72
91
72
55
24
-17
-46
-37
-31
-37
-62
-65
-57
-53
-33
-18
-4
10
24
50
50
2
-5
-10
-22
-4
4
27
56
84
115
91
68
62
41
37
41
32
42
71
98
89
74
46
30
8
17
19
0
11
31
53
67
57
14
-40
-85
-96
-105
-112
-128
-144
-133
-148
-165
-167
-167
-156
-124
-83
-67
-60
-48
-44
-30
-17
-18
22
50
62
58
48
56
41
41
48
57
56
60
70
84
89
81
72
80
117
122
118
120
103
104
98
74
65
55
43
29
-5
-28
-47
-75
-68
-51
-63
-83
-110
-142
-191
-224
-240
-248
-270
-278
-296
-335
-353
-370
-392
-381
-378
-367
-300
-233
-199
-171
-152
-117
-96
-86
-74
-70
-45
1
49
78
103
106
147
195
250
287
296
320
322
329
339
358
382
420
440
437
426
430
451
445
430
391
360
346
343
358
342
319
295
261
214
161
83
-3
-66
-111
-123
-125
-150
-174
-213
-249
-292
-360
-403
-422
-412
-399
-389
-393
-398
-396
-409
-417
-408
-387
-376
-348
-295
-280
-280
-269
-232
-186
-109
-36
-10
26
34
41
49
57
77
105
144
176
189
192
209
239
280
315
347
376
392
413
426
434
409
362
356
350
327
292
243
197
148
107
75
66
52
8
-29
-79
-144
-210
-252
-269
-252
-254
-256
-248
-272
-315
-366
-373
-373
-356
-340
-327
-317
-326
-332
-348
-346
-333
-315
-264
-214
-171
-157
-160
-166
-150
-113
-50
-11
16
39
41
66
98
141
185
237
279
318
359
378
367
344
334
350
361
369
377
352
323
338
357
364
370
372
346
298
244
194
144
105
101
84
78
56
5
-35
-100
-160
-160
-169
-160
-136
-127
-159
-191
-221
-253
-261
-270
-284
-268
-256
-249
-249
-273
-309
-353
-353
-353
-322
-274
-242
-221
-220
-191
-156
-130
-91
-74
-58
-30
-26
-11
17
51
85
130
172
186
209
233
227
208
215
236
282
321
320
312
295
265
253
250
220
235
230
227
214
171
130
96
69
35
9
-7
-19
-56
-83
-125
-148
-157
-165
-172
-182
-191
-216
-227
-249
-279
-290
-290
-280
-252
-239
-242
-246
-240
-203
-175
-167
-159
-152
-161
-169
-168
-143
-124
-100
-53
-20
11
29
72
90
83
113
136
155
159
178
220
244
266
290
299
275
253
254
263
281
290
288
293
293
290
285
240
160
95
43
27
42
63
72
57
43
34
-5
-60
-89
-121
-128
-122
-147
-202
-219
-224
-235
-217
-192
-192
-192
-194
-204
-192
-198
-212
-226
-220
-202
-182
-162
-127
-95
-73
-74
-77
-79
-84
-71
-39
-8
5
4
11
31
70
116
140
177
204
223
236
230
225
232
236
252
269
278
292
291
289
281
265
224
187
174
155
128
106
89
62
24
-13
-36
-80
-103
-144
-194
-210
-246
-259
-254
-259
-280
-298
-303
-306
-285
-294
-302
-299
-301
-289
-259
-244
-251
-243
-248
-249
-242
-229
-211
-190
-163
-118
-90
-88
-50
12
24
33
77
124
166
204
235
247
271
288
324
361
390
407
400
401
384
366
346
360
363
357
346
317
274
242
250
229
212
192
153
108
53
-13
-66
-114
-157
-185
-201
-204
-217
-236
-237
-229
-227
-231
-234
-235
-236
-232
-241
-270
-293
-298
-292
-298
-295
-287
-272
-242
-193
-151
-115
-89
-76
-48
-27
-18
13
59
67
71
109
111
119
142
172
206
221
251
256
214
201
187
164
155
147
132
125
136
154
152
149
137
110
100
90
79
53
33
-22
-60
-70
-92
-100
-97
-103
-116
-123
-136
-129
-126
-126
-97
-91
-90
-96
-99
-98
-91
-107
-119
-93
-83
-84
-76
-66
-81
-79
-68
-64
-54
-44
-35
-19
-14
-27
-14
17
45
82
103
111
120
84
46
21
-3
-22
-11
6
8
9
9
-9
-17
13
33
47
57
64
61
45
40
44
47
56
88
106
105
70
49
29
-4
-1
28
51
65
54
34
11
-14
-6
16
39
38
38
25
10
8
2
7
-8
-19
-17
-2
11
-12
-34
-15
-11
-24
-13
4
16
9
-3
-30
-32
-39
-39
-6
0
-30
-56
-77
-107
-117
-111
-93
-70
-29
-20
-15
-13
-11
-6
-15
-20
-23
1
11
13
34
44
50
68
70
52
31
3
-11
-17
-23
-22
-8
21
30
42
67
75
56
50
24
-17
-43
-44
-18
-2
25
23
31
37
48
60
79
72
51
43
3
-13
-54
-81
-69
-74
-80
-79
-68
-58
-42
0
24
41
45
22
12
-9
-30
-49
-62
-82
-101
-109
-114
-122
-120
-103
-70
-45
-13
-2
2
5
6
-9
-4
19
3
6
-2
-9
14
18
11
27
35
64
91
107
133
143
135
130
115
89
70
65
53
57
68
77
76
72
83
87
