SAMPLES:	8425
BITSPERSAMPLE:	16
CHANNELS:	1
SAMPLERATE:	16000
NORMALIZED:	FALSE
-2
-2
-2
-3
-3
-2
-1
-2
-2
-1
0
1
0
2
2
2
3
3
3
5
4
4
3
4
5
5
6
6
5
5
4
4
7
5
4
6
5
5
6
6
6
5
7
6
7
4
5
5
2
2
2
1
2
3
2
3
3
3
3
2
1
0
0
0
0
-1
1
0
-1
-2
-2
-2
-3
-2
-1
-2
-1
-1
-2
0
-2
0
0
-1
0
1
0
1
1
0
-1
-3
-2
-2
0
1
1
1
1
0
0
1
1
0
-1
-1
0
-2
-2
-1
-3
-2
-3
-2
-3
-4
-3
-2
-2
-2
-1
-3
-3
-4
-4
-5
-5
-5
-4
-4
-3
-3
-3
-3
-2
-3
-3
-3
-3
-3
-3
-3
-3
-4
-3
-4
-2
-2
-1
-1
-1
-2
-2
-1
-1
0
0
0
1
1
2
2
1
1
3
3
2
3
3
4
5
4
4
3
2
1
2
1
1
1
0
1
0
0
0
0
1
1
1
1
1
0
0
0
1
0
0
0
-1
1
0
2
3
3
2
2
-1
-1
-1
-1
1
0
3
3
3
3
4
2
3
2
2
1
2
3
2
2
3
3
3
3
2
3
1
1
3
3
3
3
2
1
1
3
4
5
4
1
2
0
-2
0
-1
-1
-1
-1
-1
0
-1
0
0
-2
-2
-1
-1
-2
2
0
-2
-1
0
0
1
1
-1
-2
-3
-3
-4
-3
-4
-4
-3
-3
-4
-4
-4
-4
-2
-3
-1
0
-1
-3
-5
-5
-5
-4
-4
-3
-4
-5
-6
-7
-8
-5
-5
-3
-2
-2
-1
-1
-1
1
-1
-1
-2
-3
0
-1
1
1
0
1
1
0
1
2
1
2
2
2
2
0
1
0
0
1
1
1
0
2
3
0
1
0
-2
-4
-6
-4
-4
-3
0
1
-1
1
2
2
2
3
5
4
3
3
0
1
-1
3
6
4
4
3
3
4
4
4
5
8
8
10
10
10
7
6
6
5
8
10
7
6
2
2
3
4
8
7
4
2
2
2
1
0
-2
-4
-3
-1
1
2
3
3
6
3
4
0
-4
-4
-7
-8
-7
-6
-4
-6
-8
-10
-12
-13
-10
-8
-8
-9
-12
-13
-10
-8
-6
-5
-8
-8
-10
-9
-5
-6
-5
-4
-6
-7
-6
-6
-4
-2
1
4
1
0
0
1
2
6
6
5
1
-4
-7
-6
-8
-6
-1
1
3
2
1
2
8
9
12
12
12
10
9
12
5
4
-3
-1
3
7
7
4
-3
-7
-2
2
10
15
13
5
2
4
8
13
13
6
6
7
16
22
16
11
6
0
-8
-15
-24
-30
-26
-20
-12
-12
-16
-17
-14
-11
-7
-2
0
3
6
3
1
-4
-9
-9
-6
-7
-11
-20
-24
-25
-22
-11
-4
-1
-1
-3
2
7
11
15
13
11
7
1
1
-2
-5
-4
-8
-7
-1
0
5
2
-7
-10
-14
1
17
66
120
162
160
121
79
73
131
174
174
68
-75
-202
-246
-218
-158
-118
-112
-118
-111
-76
-23
54
128
190
216
198
143
69
14
-13
-34
-61
-100
-147
-183
-211
-213
-188
-151
-96
-36
4
26
32
45
62
82
95
72
30
-16
-62
-84
-96
-102
-89
-76
-76
-67
-51
-30
13
49
70
84
81
71
58
31
-11
-37
-43
-27
11
99
182
238
256
236
244
296
366
379
301
102
-115
-295
-384
-381
-341
-302
-270
-230
-178
-87
26
155
276
363
399
360
272
170
81
7
-66
-158
-263
-371
-445
-483
-475
-409
-310
-193
-82
8
83
142
200
255
303
302
241
148
32
-67
-154
-201
-259
-116
-67
-89
-217
-259
-140
134
357
336
209
-37
-77
-30
88
98
45
-96
-174
-171
-156
-135
-97
-37
21
72
67
10
-21
23
75
136
110
69
53
79
108
139
169
192
275
325
350
339
327
324
298
263
183
72
-35
-109
-178
-240
-303
-337
-270
-175
-85
-14
21
79
155
222
258
246
201
141
58
-43
-167
-306
-405
-453
-468
-483
-514
-519
-476
-385
-264
-137
-33
43
97
127
119
111
52
-13
-84
-131
-166
-220
-247
-257
-233
-179
-103
-57
-17
9
77
130
142
137
105
130
174
200
256
476
728
1013
1072
883
633
522
635
826
770
244
-519
-1214
-1474
-1265
-856
-538
-395
-352
-275
-47
304
661
979
1209
1227
1029
657
237
-77
-271
-431
-609
-873
-1161
-1314
-1309
-1091
-832
-512
-254
-20
193
362
511
631
639
469
177
-169
-441
-597
-701
-770
-839
-866
-787
-645
-401
-159
78
329
536
670
642
549
381
193
30
-39
-225
-203
-164
-41
695
1447
2128
2035
1608
1023
1316
1864
2317
1778
137
-1677
-2848
-2821
-2166
-1311
-1054
-1123
-1155
-748
-52
849
1689
2324
2601
2528
1942
1145
372
-162
-402
-774
-1282
-1973
-2403
-2610
-2447
-1983
-1301
-530
121
573
662
735
886
1236
1417
1206
437
-658
-1534
-1877
-1777
-1598
-1648
-1792
-1800
-1602
-1129
-570
87
575
944
1170
1036
655
260
-3
-94
-146
-271
-280
-465
-384
470
2123
3339
3551
2590
1565
1687
2900
3842
3156
852
-2116
-3757
-3759
-2617
-1584
-1379
-1790
-1912
-1329
-285
827
1840
2516
2987
3100
2595
1636
583
-132
-583
-892
-1459
-2141
-2743
-2954
-2812
-2331
-1747
-1018
-38
771
1145
992
803
804
1162
1364
1036
-22
-1331
-2151
-2279
-1901
-1570
-1485
-1530
-1502
-1259
-806
-193
439
987
1359
1393
928
445
130
87
228
384
255
-34
166
1273
2809
3474
2958
1688
1160
2026
3432
3807
2200
-675
-3105
-3909
-3116
-1818
-1142
-1463
-1895
-1718
-882
267
1380
2274
2850
3119
2896
2060
1004
176
-317
-563
-991
-1623
-2331
-2767
-2752
-2332
-1685
-1011
-460
-58
193
343
663
918
950
745
242
-419
-1021
-1447
-1589
-1615
-1642
-1722
-1681
-1535
-1295
-956
-596
-134
293
603
671
478
219
140
112
254
343
343
249
672
2006
3319
3799
2981
1889
1430
2369
3401
3469
1647
-1264
-3427
-4057
-3165
-1860
-1211
-1386
-1704
-1419
-499
620
1762
2588
3133
3181
2786
1825
700
-107
-461
-663
-1062
-1741
-2451
-2843
-2810
-2357
-1493
-748
-268
-115
-98
139
609
1063
982
542
-309
-1039
-1449
-1484
-1420
-1405
-1583
-1810
-1697
-1333
-818
-388
-105
119
332
428
476
317
255
245
439
462
365
312
370
1583
2976
4054
3526
2483
1478
1976
3144
3640
2818
155
-2403
-3907
-3676
-2641
-1696
-1452
-1527
-1472
-740
203
1355
2334
3026
3219
2926
2068
1040
230
-370
-665
-1125
-1775
-2485
-2847
-2844
-2559
-1925
-1202
-659
-257
-48
225
611
1014
1143
865
281
-440
-986
-1381
-1522
-1662
-1823
-1945
-1901
-1653
-1337
-1010
-616
-191
221
494
615
580
563
644
743
740
655
505
438
1528
2867
3945
3362
2082
868
1455
2868
3825
3045
345
-2456
-3990
-3535
-2251
-1071
-1043
-1440
-1613
-1046
-25
1145
2167
2904
3205
2990
2055
1013
151
-306
-481
-845
-1580
-2350
-2774
-2683
-2235
-1758
-1245
-757
-222
104
259
364
518
647
579
304
-331
-1026
-1577
-1816
-1795
-1730
-1733
-1678
-1594
-1426
-1229
-886
-449
-51
184
299
245
338
512
693
897
908
775
1362
2773
4010
4121
2940
1378
1119
2240
3496
3389
1215
-1858
-4079
-4283
-3094
-1535
-954
-1177
-1503
-1067
-82
1136
2261
2999
3545
3662
3110
1930
698
-77
-491
-787
-1353
-2092
-2750
-2971
-2732
-2099
-1411
-768
-160
327
626
782
821
690
476
140
-426
-1119
-1681
-1930
-1955
-2029
-2146
-2165
-1978
-1654
-1235
-873
-569
-320
-153
-15
3
45
180
567
743
731
569
1501
3096
4421
4310
2636
1174
1118
2738
3946
3573
761
-2534
-4670
-4628
-2987
-1548
-940
-1351
-1573
-1098
-27
1410
2581
3330
3685
3510
2789
1666
712
167
-50
-473
-1320
-2299
-2929
-2962
-2457
-1822
-1248
-834
-314
161
736
1163
1314
1188
756
295
-451
-1075
-1594
-1847
-1851
-1820
-1799
-1863
-1829
-1661
-1395
-916
-361
111
179
-39
-347
-279
127
414
675
521
757
1856
3561
4461
4031
2542
1349
1785
3047
3867
2780
68
-2902
-4609
-4510
-3425
-2253
-1665
-1710
-1424
-848
149
1319
2567
3448
3817
3573
2516
1333
374
-181
-606
-1129
-1851
-2516
-2844
-2840
-2538
-1838
-1010
-224
391
653
784
1118
1562
1692
1381
517
-568
-1501
-1950
-2048
-2128
-2262
-2382
-2235
-1806
-1352
-954
-679
-388
50
504
715
520
293
68
23
121
299
872
2296
3866
4487
3691
2046
1219
2047
3717
4514
3191
50
-3207
-4905
-4649
-3160
-1816
-1479
-1777
-1895
-1305
-127
1361
2755
3739
4085
3510
2266
850
-98
-388
-536
-964
-1830
-2828
-3471
-3459
-2849
-1974
-964
-295
345
687
992
1157
1287
1435
1401
1101
94
-1054
-2047
-2513
-2425
-2061
-1858
-1870
-1918
-1733
-1298
-697
-181
192
426
559
551
557
541
475
352
377
910
2300
3769
4226
3510
2166
1572
2328
3674
4065
2717
-44
-2722
-4073
-3820
-2826
-1884
-1677
-1861
-1822
-1240
-151
1137
2358
3181
3483
3080
2105
993
211
-150
-423
-1028
-1879
-2675
-3188
-3152
-2652
-1966
-1224
-589
-74
476
898
1214
1395
1274
1049
619
29
-751
-1448
-1932
-2222
-2245
-2236
-2113
-1939
-1771
-1442
-1000
-612
-340
-55
86
358
427
661
669
625
870
1925
3564
4477
4035
2463
1511
1848
3548
4425
3610
835
-2024
-3655
-3530
-2464
-1638
-1622
-2009
-1992
-1425
-242
892
2019
2781
3343
3308
2601
1411
459
-29
-187
-628
-1414
-2308
-2929
-2973
-2636
-2198
-1780
-1325
-590
276
892
1228
1182
1118
1130
1063
587
-285
-1273
-1917
-2053
-1964
-1928
-2051
-2208
-2261
-1902
-1327
-753
-410
-246
-182
-74
-179
-108
40
169
763
1758
3328
4174
4043
2621
1579
1780
3154
4514
4038
1764
-1592
-3724
-4129
-2928
-1605
-1132
-1359
-1804
-1683
-826
498
1931
2905
3407
3400
2722
1672
551
66
-168
-387
-1084
-2056
-2771
-2946
-2565
-2001
-1480
-1191
-812
-382
323
1039
1552
1592
1281
790
269
-219
-605
-909
-1288
-1721
-2107
-2142
-2034
-1783
-1548
-1310
-1104
-853
-526
-282
-207
-272
-245
-80
326
711
1593
3033
4294
4436
3304
1969
1709
2812
4040
3813
1629
-1635
-4055
-4521
-3360
-1945
-1390
-1562
-1866
-1473
-475
883
2131
3054
3576
3627
3104
1968
680
-303
-757
-1059
-1537
-2326
-2998
-3219
-2924
-2429
-1714
-1038
-280
303
722
1116
1346
1515
1405
1100
517
-277
-1005
-1465
-1683
-1740
-1881
-1992
-1896
-1562
-1199
-850
-610
-357
-92
14
81
56
-79
-257
-260
150
1369
3085
4202
4061
2777
1783
1899
3318
4346
3859
1262
-1899
-4137
-4311
-3123
-2039
-1609
-2022
-2172
-1732
-539
931
2293
3226
3783
3707
3153
2175
1325
644
99
-575
-1537
-2612
-3372
-3436
-3053
-2501
-1983
-1514
-959
-295
372
1080
1625
1895
1753
1311
633
-114
-723
-1211
-1492
-1641
-1821
-1954
-1955
-1776
-1535
-1182
-731
-285
132
179
117
101
69
-6
-47
551
1887
3465
4128
3478
2141
1395
2053
3462
4250
3025
241
-2701
-4259
-3866
-2655
-1719
-1721
-2182
-2248
-1556
-191
1223
2414
3265
3659
3526
2786
1833
1050
613
259
-364
-1316
-2525
-3349
-3533
-3097
-2496
-1987
-1600
-1180
-629
-60
548
1071
1573
1805
1580
836
-74
-925
-1462
-1590
-1630
-1660
-1786
-1946
-1948
-1728
-1324
-848
-237
213
538
546
349
-13
-193
214
1393
3130
4018
3762
2398
1559
1924
3451
4498
3842
1390
-1644
-3578
-3823
-2874
-1950
-1687
-2056
-2282
-1908
-834
528
1959
3021
3731
3816
3292
2442
1658
1182
813
260
-700
-1917
-2855
-3261
-3187
-2806
-2394
-1900
-1366
-805
-318
62
500
1023
1560
1778
1404
481
-472
-1100
-1392
-1525
-1725
-1880
-2017
-1976
-1838
-1632
-1297
-908
-327
240
653
750
552
376
667
1763
3225
4003
3567
2383
1526
1993
3266
4136
3279
819
-2157
-3940
-3945
-2831
-1844
-1810
-2355
-2742
-2197
-969
564
1934
2819
3298
3322
3004
2398
1697
1190
788
366
-450
-1529
-2573
-3135
-3078
-2812
-2493
-2116
-1661
-1048
-408
47
358
594
967
1392
1527
1145
307
-571
-1087
-1220
-1276
-1462
-1747
-1907
-1823
-1608
-1191
-886
-549
-310
259
649
758
548
534
1510
3153
4421
4065
2629
1258
1528
3167
4468
3832
1002
-2408
-4379
-4182
-2613
-1611
-1694
-2683
-3192
-2520
-1035
648
1786
2645
3119
3373
3189
2535
1852
1328
1081
719
-58
-1178
-2257
-2750
-2732
-2366
-2124
-2120
-2082
-1795
-1142
-276
420
787
934
910
861
843
618
247
-205
-634
-1004
-1407
-1718
-1861
-1818
-1591
-1389
-1142
-924
-546
-71
302
598
842
1455
2803
4292
4645
3778
2278
1775
2586
4090
4341
2669
-550
-3432
-4620
-4025
-2785
-2237
-2547
-3212
-3098
-2253
-891
518
1678
2616
3253
3414
3139
2429
1831
1296
851
147
-826
-1707
-2325
-2500
-2465
-2518
-2580
-2456
-2144
-1537
-764
-148
261
387
506
555
637
668
625
505
58
-491
-1047
-1363
-1393
-1298
-1200
-1198
-1266
-1347
-1097
-635
-19
330
676
1014
2084
3417
4349
4223
3367
2951
3287
4330
4552
3623
1049
-1492
-3102
-3257
-2829
-2625
-3047
-3624
-3620
-2907
-1751
-386
736
1680
2468
2922
3081
2759
2412
2033
1750
1097
81
-1044
-1961
-2396
-2449
-2366
-2338
-2369
-2521
-2492
-2036
-1335
-504
-37
181
155
65
71
223
405
468
190
-312
-952
-1303
-1335
-1129
-932
-917
-1205
-1329
-1240
-918
-432
-86
522
1446
2914
3662
3654
2745
2459
3070
4557
5470
4746
2447
-469
-2190
-2589
-1820
-1490
-1983
-3120
-3897
-3764
-2802
-1508
-148
948
1797
2162
2189
2079
2123
2444
2576
2238
1238
-81
-1165
-1591
-1636
-1670
-1928
-2426
-2792
-2782
-2343
-1685
-1180
-961
-911
-809
-445
-15
373
571
589
532
292
-32
-406
-736
-908
-974
-933
-962
-1114
-1249
-1267
-954
-616
-121
697
2124
3409
3882
3218
2393
2423
3484
4953
5292
3983
1186
-1320
-2467
-2089
-1277
-1191
-1982
-2968
-3333
-2954
-2009
-889
36
912
1573
1990
1886
1565
1465
1778
2246
2067
1174
-82
-994
-1311
-1240
-1239
-1611
-2166
-2543
-2571
-2196
-1808
-1548
-1382
-1116
-808
-662
-653
-522
-91
588
995
889
289
-458
-789
-773
-563
-580
-890
-1351
-1594
-1456
-1238
-721
68
1511
2753
3360
2930
2303
2318
3343
4718
5044
3858
1276
-934
-1971
-1567
-951
-1011
-1882
-2931
-3260
-2738
-1694
-673
36
673
1075
1377
1460
1403
1426
1551
1649
1333
727
-95
-693
-810
-717
-619
-927
-1449
-1997
-2177
-1879
-1434
-1125
-1143
-1355
-1554
-1480
-1241
-720
-217
181
355
279
128
81
146
267
251
-82
-614
-936
-1121
-1064
-1012
-739
19
1331
2447
2551
1849
1174
1816
3574
5252
5340
3529
793
-1157
-1407
-451
299
-125
-1652
-3045
-3489
-2768
-1632
-600
31
422
790
982
1104
1257
1444
1683
1771
1374
658
-124
-518
-483
-341
-532
-951
-1585
-1924
-1784
-1438
-1191
-1249
-1427
-1582
-1500
-1313
-1140
-933
-698
-369
11
180
150
72
44
216
248
114
-330
-605
-712
-623
-684
-797
-595
486
1913
2687
2347
1486
1294
2223
3888
4728
4118
1984
-133
-1221
-935
-200
-38
-841
-1978
-2635
-2515
-1915
-1215
-661
-81
445
797
853
771
800
1082
1522
1545
1090
263
-349
-511
-359
-259
-522
-1063
-1598
-1763
-1686
-1541
-1549
-1727
-1850
-1784
-1594
-1447
-1392
-1083
-506
83
413
401
230
134
274
494
551
332
-164
-604
-765
-742
-498
105
1195
2010
2180
1412
915
1356
2896
4300
4491
3131
971
-674
-1029
-289
296
201
-829
-1847
-2356
-2167
-1602
-943
-343
175
489
533
340
246
435
936
1345
1291
688
8
-304
-192
153
262
-23
-628
-1160
-1350
-1175
-1010
-1129
-1427
-1845
-2084
-2147
-1996
-1750
-1337
-831
-353
20
152
221
421
767
1054
1079
757
241
-259
-584
-641
-281
312
1202
1662
1505
809
484
1180
2725
4238
4302
2797
529
-1105
-1199
-196
730
626
-670
-2069
-2635
-2130
-1139
-245
158
151
29
50
109
354
715
932
1034
785
207
-337
-466
-122
303
347
-94
-742
-1110
-1039
-705
-439
-644
-1218
-1878
-2122
-1955
-1756
-1699
-1716
-1489
-1009
-537
-142
139
442
750
1063
1200
1022
649
233
-157
-266
-84
460
1369
1802
1459
528
17
744
2513
4061
4059
2409
226
-1205
-1032
56
909
709
-634
-2035
-2603
-2156
-1153
-272
92
159
27
-115
-134
79
565
887
965
640
7
-433
-457
-113
294
192
-343
-952
-1144
-784
-307
-188
-606
-1229
-1803
-1941
-1742
-1594
-1610
-1611
-1527
-1218
-893
-571
-190
256
730
1029
1148
1082
848
650
387
234
306
884
1785
2302
1821
594
-198
461
2461
4217
4312
2391
-174
-1666
-1276
199
1250
956
-438
-1920
-2422
-1920
-942
-178
107
175
96
-91
-261
-185
247
921
1179
886
98
-713
-883
-477
178
396
-100
-976
-1595
-1468
-800
-209
-140
-665
-1470
-1959
-1999
-1823
-1528
-1369
-1287
-1145
-1008
-896
-708
-285
293
912
1257
1267
948
566
188
163
561
1305
2144
2277
1550
393
-96
741
2434
3767
3652
2044
90
-971
-707
237
953
749
-231
-1277
-1734
-1555
-953
-337
42
211
1
-332
-595
-418
162
731
894
492
-256
-717
-659
-129
426
475
-72
-965
-1534
-1382
-746
-248
-282
-831
-1475
-1881
-1933
-1804
-1632
-1572
-1514
-1407
-1235
-1013
-743
-334
199
751
1095
1122
811
637
718
930
1074
1225
1567
1932
1977
1382
623
532
1479
2950
3584
2646
843
-795
-964
43
1014
1156
256
-989
-1665
-1445
-783
-277
-166
-189
-203
-175
-344
-531
-443
-16
486
667
282
-309
-594
-436
61
455
336
-233
-898
-1230
-1070
-716
-597
-813
-1222
-1672
-1845
-1939
-1954
-1796
-1476
-1153
-946
-1029
-1157
-873
-185
598
1079
1077
734
560
628
823
1035
1116
1515
2099
2383
1923
846
159
687
2263
3575
3364
1622
-467
-1412
-823
584
1488
1118
-176
-1378
-1689
-1113
-281
163
189
10
-175
-440
-689
-713
-401
138
448
278
-202
-671
-605
-171
328
520
162
-432
-918
-988
-664
-421
-478
-886
-1448
-1815
-2055
-2128
-1994
-1716
-1352
-1180
-1261
-1340
-1202
-621
179
816
1087
1008
810
640
660
804
1046
1525
2167
2520
2179
1231
399
556
1802
3246
3516
2257
247
-1046
-903
171
1189
1179
268
-801
-1389
-1280
-813
-288
-36
-65
-183
-344
-572
-727
-634
-227
235
329
26
-489
-664
-353
153
490
420
-61
-577
-859
-766
-443
-256
-444
-975
-1622
-2094
-2238
-2041
-1674
-1300
-1193
-1346
-1554
-1511
-1063
-289
438
716
643
450
479
723
941
1062
1268
1720
2356
2541
1888
900
444
1212
2729
3633
2971
1057
-592
-852
155
1324
1529
721
-352
-967
-933
-504
-204
-124
-132
-211
-324
-591
-913
-947
-663
-209
84
-47
-534
-869
-709
-125
463
599
271
-285
-639
-671
-372
-131
-156
-503
-1111
-1720
-2170
-2223
-1881
-1502
-1294
-1488
-1803
-1906
-1602
-869
-100
354
368
197
149
375
698
915
977
1036
1442
2061
2407
2011
1117
625
1040
2283
3301
3075
1556
-171
-822
-94
1126
1737
1317
278
-550
-815
-665
-328
-77
93
100
-148
-646
-1162
-1316
-1007
-455
-73
-168
-617
-1027
-1022
-472
170
617
630
212
-273
-602
-466
-109
191
92
-569
-1424
-2040
-2123
-1728
-1272
-1160
-1422
-1831
-1989
-1707
-1093
-450
-73
-9
-10
31
244
477
599
718
974
1384
1879
2165
1957
1389
1012
1184
1954
2781
2905
2210
995
169
166
761
1419
1635
1184
373
-387
-789
-695
-215
236
272
-173
-903
-1485
-1610
-1270
-741
-365
-335
-595
-918
-999
-786
-291
303
680
656
297
-99
-246
-69
311
477
125
-630
-1413
-1788
-1680
-1352
-1107
-1122
-1398
-1677
-1719
-1492
-1102
-715
-426
-246
-137
-95
-87
0
127
294
486
728
1109
1474
1561
1265
910
905
1428
2273
2837
2711
1852
821
326
624
1369
1894
1803
1036
94
-557
-738
-448
-40
76
-242
-835
-1422
-1743
-1697
-1366
-937
-636
-545
-725
-953
-985
-716
-173
432
764
630
186
-237
-311
-74
219
281
-85
-729
-1273
-1559
-1460
-1167
-961
-944
-1134
-1424
-1601
-1505
-1121
-602
-204
-110
-178
-335
-378
-204
102
466
836
1136
1226
1173
1033
972
1232
1763
2352
2682
2560
2061
1472
1178
1274
1597
1817
1731
1306
712
152
-211
-347
-313
-263
-357
-713
-1230
-1684
-1810
-1539
-1125
-830
-787
-955
-1039
-857
-459
24
318
398
320
202
100
10
2
148
223
134
-182
-639
-953
-1021
-805
-574
-553
-763
-1121
-1371
-1316
-1105
-848
-605
-501
-555
-676
-695
-506
-189
65
189
173
230
572
1088
1467
1476
1229
1044
1320
1964
2500
2560
1999
1171
711
908
1527
2041
1913
1138
147
-553
-636
-283
45
33
-436
-1122
-1623
-1741
-1489
-1109
-851
-749
-788
-888
-899
-753
-536
-239
50
156
78
-157
-347
-324
-125
104
150
8
-282
-630
-818
-795
-618
-375
-301
-461
-817
-1184
-1295
-1048
-636
-364
-308
-555
-858
-1001
-859
-498
-114
175
276
245
321
566
965
1331
1432
1408
1398
1580
1866
2069
2027
1731
1402
1246
1236
1251
1156
866
549
218
-28
-182
-317
-411
-490
-577
-682
-757
-803
-757
-609
-440
-330
-353
-442
-537
-563
-480
-378
-253
-178
-182
-214
-206
-180
-95
-70
-104
-213
-320
-327
-295
-285
-321
-402
-518
-568
-609
-649
-664
-711
-842
-889
-876
-810
-700
-576
-430
-307
-145
59
246
357
480
549
730
1033
1269
1348
1243
1087
1049
1184
1320
1318
1127
819
536
428
445
483
394
204
35
-79
-104
-65
-1
45
112
133
68
-34
-142
-223
-214
-191
-201
-300
-375
-418
-412
-318
-207
-191
-263
-379
-459
-438
-368
-253
-268
-352
-441
-532
-531
-493
-461
-453
-539
-704
-815
-866
-854
-775
-689
-686
-686
-619
-500
-303
-80
50
116
127
143
320
548
656
661
633
560
513
482
483
487
422
364
405
447
403
315
322
428
581
677
650
600
601
692
785
796
697
592
526
466
450
376
272
214
241
320
303
171
30
-62
-145
-214
-250
-295
-367
-452
-546
-599
-613
-590
-534
-517
-618
-773
-899
-913
-797
-676
-637
-696
-786
-836
-813
-651
-472
-342
-322
-311
-269
-248
-100
33
100
155
137
74
36
-18
-58
-47
-67
-62
-74
-113
-106
-7
138
262
333
347
392
489
642
773
827
779
713
715
721
712
707
730
803
846
796
714
616
566
565
566
517
422
326
253
203
150
49
-16
3
-5
-52
-204
-415
-563
-606
-523
-446
-503
-641
-742
-789
-731
-566
-474
-434
-431
-448
-474
-502
-555
-566
-543
-518
-540
-615
-704
-805
-829
-763
-668
-593
-564
-566
-487
-366
-233
-89
-27
39
89
102
162
227
268
349
388
381
392
350
385
500
642
738
750
689
672
736
842
922
915
828
738
754
848
899
851
782
724
727
725
631
462
365
354
363
389
280
65
-94
-164
-126
-72
-116
-222
-322
-362
-398
-436
-494
-581
-641
-716
-791
-874
-995
-1074
-1082
-1078
-1119
-1107
-1083
-1039
-914
-783
-738
-710
-625
-547
-487
-411
-329
-248
-192
-181
-176
-202
-248
-196
-21
118
181
222
163
135
188
292
418
503
487
501
517
552
628
623
613
661
770
859
932
890
811
801
870
971
1033
991
865
790
754
788
834
779
681
600
517
426
380
291
141
-2
-150
-316
-446
-582
-690
-732
-786
-872
-938
-953
-929
-858
-796
-731
-638
-646
-606
-569
-582
-538
-495
-434
-381
-409
-502
-565
-531
-441
-370
-396
-471
-519
-550
-511
-447
-416
-376
-344
-310
-242
-170
-120
-93
-37
59
201
276
259
246
320
405
537
665
718
720
726
758
838
923
978
986
995
959
900
835
760
686
619
566
447
299
141
47
3
-27
-76
-144
-236
-226
-198
-190
-176
-155
-133
-114
-83
-71
-56
-81
-90
-86
-110
-150
-173
-188
-161
-132
-197
-297
-395
-443
-464
-488
-537
-655
-771
-818
-816
-760
-700
-697
-700
-732
-691
-599
-532
-483
-416
-356
-288
-221
-120
0
85
198
298
345
386
478
559
668
765
738
645
592
555
531
570
581
520
397
302
204
109
22
12
69
119
127
91
60
97
227
344
420
474
447
367
376
424
484
500
512
508
468
427
366
336
309
247
182
119
2
-123
-199
-284
-358
-410
-498
-597
-677
-736
-774
-736
-721
-741
-750
-785
-780
-718
-670
-592
-486
-418
-387
-366
-327
-254
-137
7
94
130
106
36
1
3
54
91
86
27
-62
-150
-190
-185
-144
-12
6
-101
-207
-261
-194
-61
75
139
168
174
173
244
358
445
537
617
683
698
661
662
690
755
812
781
715
621
513
479
480
464
401
278
162
55
-10
-39
-87
-126
-193
-291
-376
-417
-446
-448
-420
-365
-371
-378
-393
-351
-277
-216
-165
-166
-138
-132
-142
-170
-203
-235
-241
-227
-234
-288
-367
-422
-411
-335
-262
-324
-446
-551
-596
-545
-469
-404
-411
-451
-424
-333
-251
-165
-77
2
152
277
361
397
410
429
517
619
652
650
568
505
568
638
664
694
635
552
554
520
471
464
379
272
186
131
110
102
105
108
83
20
1
35
54
94
125
117
90
120
129
130
114
36
0
-32
-73
-107
-153
-207
-250
-242
-241
-276
-366
-483
-555
-599
-583
-557
-577
-634
-673
-699
-675
-613
-593
-597
-556
-492
-395
-299
-281
-246
-179
-97
-2
46
21
27
45
114
222
277
296
277
285
301
311
326
338
313
258
203
150
132
124
127
123
80
55
48
82
144
220
275
269
240
235
242
296
331
336
317
253
211
200
250
312
344
347
287
213
125
81
75
70
73
40
-36
-123
-197
-245
-262
-274
-265
-245
-246
-232
-186
-150
-181
-194
-151
-120
-78
-87
-120
-121
-145
-108
-52
-44
-68
-103
-160
-161
-119
-112
-127
-152
-190
-253
-318
-268
-220
-208
-190
-224
-256
-242
-192
-100
-8
24
14
13
14
23
52
118
168
197
213
183
184
212
257
290
294
246
220
188
209
240
234
246
224
182
183
193
166
170
178
128
121
170
184
213
245
192
143
146
137
126
95
76
48
26
39
76
109
86
45
27
-1
4
-2
-42
-93
-138
-232
-318
-356
-359
-315
-322
-346
-346
-382
-418
-400
-354
-305
-275
-281
-300
-331
-375
-380
-335
-288
-264
-242
-247
-228
-188
-142
-94
-46
-14
-10
-10
-17
-34
-41
-2
30
48
57
39
18
24
75
144
224
276
270
227
214
229
273
319
355
354
288
249
245
330
391
468
445
366
349
324
325
354
402
363
316
256
198
165
129
83
58
56
53
42
13
-27
-17
-27
-65
-65
-101
-127
-162
-208
-228
-251
-264
-258
-226
-237
-266
-279
-297
-307
-273
-249
-262
-279
-316
-324
-315
-309
-270
-274
-318
-298
-269
-243
-176
-138
-103
-86
-111
-131
-98
-53
-29
15
13
-41
-55
-45
5
81
97
107
133
130
138
188
206
202
229
253
255
290
312
297
272
248
246
268
251
259
281
259
256
235
224
250
267
273
207
149
93
62
86
111
101
72
30
-26
195
480
426
13
-353
-365
-123
189
216
-112
-609
-884
-797
-577
-412
-248
-187
-292
-394
-443
-342
-161
-63
-39
-97
-170
-211
-295
-317
-293
-270
-215
-166
-119
-179
-267
-312
-340
-311
-190
-32
14
54
85
51
-42
-47
79
166
180
177
190
170
166
200
224
248
334
463
475
425
390
333
295
368
466
480
433
376
327
241
168
176
227
358
504
491
344
174
112
104
160
295
342
217
67
-27
-111
-137
-37
95
90
12
-122
-332
-367
-281
-205
-194
-243
-290
-381
-431
-444
-469
-477
-422
-367
-385
-445
-482
-521
-543
-452
-420
-445
-436
-440
-429
-387
-371
-328
-340
-342
-316
-297
-287
-242
-188
-162
-129
-120
-86
-45
9
40
128
204
191
248
310
352
427
491
589
624
650
705
743
739
751
801
786
773
770
725
645
621
591
585
569
511
444
341
266
219
151
75
47
19
5
-34
-118
-229
-311
-307
-295
-311
-374
-432
-485
-469
-462
-486
-530
-548
-570
-594
-595
-615
-620
-664
-705
-726
-695
-657
-608
-594
-592
-575
-571
-521
-418
-351
-298
-269
-246
-186
-149
-132
-77
-25
34
106
138
193
248
286
316
353
375
514
689
846
873
878
972
1120
1260
1341
1334
1293
1295
1250
1200
1019
866
702
555
380
138
-91
-236
-247
-265
-254
-352
-503
-577
-603
-563
-465
-414
-345
-318
-390
-464
-518
-488
-439
-389
-420
-526
-615
-680
-740
-764
-777
-776
-764
-799
-837
-921
-953
-922
-842
-752
-670
-616
-525
-393
-263
-177
-84
48
164
253
314
324
311
336
389
435
397
399
387
526
596
619
694
785
937
1034
1165
1106
1073
1064
1115
1205
1125
1036
791
616
458
343
237
129
106
33
-69
-214
-350
-368
-288
-216
-187
-217
-250
-326
-360
-355
-349
-315
-250
-237
-245
-338
-411
-426
-399
-358
-361
-365
-427
-517
-580
-633
-686
-683
-671
-674
-652
-621
-554
-448
-382
-372
-371
-347
-278
-171
-70
-7
-20
-16
-32
-26
7
21
26
65
78
36
17
21
58
154
251
382
442
492
506
549
650
756
875
995
1069
1050
1016
903
811
724
686
640
571
401
249
111
-62
-122
-172
-162
-157
-141
-112
-176
-196
-211
-195
-124
-73
-25
-57
-108
-145
-194
-210
-231
-222
-250
-322
-410
-469
-512
-569
-626
-689
-723
-690
-686
-693
-698
-708
-653
-578
-467
-385
-340
-290
-233
-170
-101
-59
10
14
-2
0
-17
10
60
82
109
117
146
230
255
340
436
525
625
680
730
769
769
836
891
908
947
841
754
602
496
436
348
322
259
143
-34
-142
-225
-273
-261
-269
-256
-223
-240
-254
-234
-178
-133
-69
-2
-2
-86
-162
-242
-277
-284
-295
-333
-390
-461
-536
-562
-573
-578
-581
-576
-530
-495
-464
-427
-390
-336
-281
-195
-84
-26
4
52
81
92
141
180
208
206
139
135
180
245
272
220
198
201
216
316
377
488
488
437
438
399
442
510
620
705
703
617
485
375
334
318
303
211
110
-12
-129
-189
-270
-237
-238
-230
-238
-281
-307
-365
-356
-362
-358
-317
-326
-303
-312
-336
-350
-394
-396
-402
-372
-333
-329
-334
-367
-413
-459
-466
-463
-439
-381
-321
-282
-239
-200
-161
-118
-52
40
160
233
261
272
249
257
284
264
265
247
194
230
234
227
232
194
203
248
328
421
433
419
408
427
473
545
600
614
582
555
515
436
391
368
330
302
230
95
-33
-135
-179
-209
-260
-305
-373
-442
-458
-436
-404
-350
-336
-375
-397
-423
-435
-383
-321
-308
-303
-328
-377
-401
-413
-386
-342
-318
-303
-301
-281
-304
-308
-228
-159
-100
-47
-15
10
30
60
103
157
211
224
255
264
275
316
309
328
341
348
373
390
371
379
382
347
346
390
452
408
388
384
376
398
425
476
468
464
370
299
219
128
113
84
95
52
-57
-179
-346
-447
-444
-396
-335
-329
-369
-448
-582
-638
-655
-590
-497
-435
-399
-475
-512
-533
-546
-481
-385
-278
-248
-277
-277
-339
-370
-325
-286
-202
-144
-133
-154
-190
-175
-148
-70
-6
74
132
158
169
161
184
233
324
415
488
499
496
478
495
506
522
543
542
515
476
444
426
386
356
353
337
316
239
222
214
234
265
283
267
189
86
-24
-36
-25
27
25
-39
-120
-253
-328
-308
-249
-189
-152
-206
-277
-368
-391
-353
-289
-264
-220
-211
-254
-291
-340
-333
-337
-236
-162
-136
-135
-208
-260
-316
-297
-234
-180
-142
-150
-180
-209
-231
-187
-115
-46
56
106
155
160
132
181
211
245
292
317
296
271
242
242
256
246
257
276
301
294
260
192
132
129
105
152
190
164
120
58
-3
-28
-7
31
100
158
162
150
91
17
18
41
66
97
77
19
-34
-109
-160
-142
-163
-130
-85
-121
-163
-221
-252
-239
-215
-193
-191
-215
-247
-258
-238
-243
-242
-218
-211
-219
-207
-159
-88
-50
-40
-36
-64
-90
-69
-38
5
47
70
91
55
44
34
67
128
186
230
184
146
75
20
8
8
20
44
44
11
15
-11
-10
28
60
85
96
79
67
43
33
64
122
171
175
158
127
81
70
63
66
78
66
95
84
44
9
-49
-106
-119
-81
-47
-20
-29
-55
-86
-86
-65
-21
26
32
20
8
-52
-99
-98
-74
-50
-42
-34
-59
-62
-81
-117
-93
-44
-6
22
16
-7
-36
-69
-56
-31
-17
3
-5
-19
-20
-49
-50
-28
-7
24
48
74
83
24
29
1
-20
30
41
68
80
83
85
95
75
96
108
118
121
116
115
84
74
75
74
70
63
66
63
64
66
24
-7
15
7
11
15
-16
9
-13
-64
-72
-55
-39
-21
-7
16
29
-30
-67
-75
-54
-39
-57
-64
-102
-157
-157
-184
-194
-173
-171
-154
-126
-91
-79
-93
-100
-98
-99
-104
-110
-93
-68
-55
-25
-16
-33
-41
-35
-24
-1
-11
-9
-39
-75
-71
-55
-24
-17
-12
13
40
74
83
79
107
105
123
191
214
210
202
188
165
144
134
130
138
149
141
91
70
64
68
75
66
75
55
46
58
56
18
-30
-31
-13
13
25
29
-10
-37
-67
-85
-71
-36
-27
-46
-77
-86
-126
-128
-109
-82
-67
-91
-87
-79
-51
-46
-19
-36
-27
-26
-38
-32
-47
-49
-66
-48
-39
-31
-27
-4
28
27
30
40
28
49
65
79
114
131
135
116
106
95
101
92
119
141
125
121
113
131
112
110
101
76
67
36
-8
-25
-48
-59
-25
-24
-58
-72
-121
-141
-155
-162
-145
-144
-133
-129
-159
-158
-162
-158
-148
-153
-135
-150
-145
-133
-132
-105
-87
-86
-67
-50
-51
-68
-81
-46
-30
-18
39
44
52
53
26
26
29
32
38
46
66
50
54
73
72
69
72
68
37
25
64
86
80
86
86
96
129
134
133
118
62
57
63
69
96
88
58
30
9
-16
-27
-33
-32
-23
1
-16
-40
-39
-58
-44
-46
-71
-66
-78
-111
-76
-51
-47
-40
-47
-59
-41
-37
-9
27
27
24
8
4
-4
3
37
60
42
53
69
61
70
78
78
87
80
80
72
63
56
25
-7
-11
17
23
26
21
19
9
4
20
39
48
53
38
31
5
-27
-31
-36
-30
-43
-65
-70
-43
-25
8
48
39
8
-8
-18
-12
-19
-28
-25
-32
-31
-28
-15
-13
-11
-1
-4
-24
-26
-5
-7
-14
-23
-8
-19
-12
12
18
5
-10
-21
-27
-44
-58
-60
-90
-92
-95
-115
-106
-92
-106
-102
-94
-85
-54
-48
-50
-52
-72
-89
-86
-68
-43
-40
-15
-16
-15
-2
23
48
35
46
58
22
-3
0
16
18
23
22
17
8
-8
4
2
14
49
87
78
104
112
96
107
94
106
104
89
73
42
14
11
25
48
60
59
66
37
15
25
45
56
31
30
17
-24
-39
-65
-78
-55
-56
-62
-60
-73
-68
-57
-48
-24
-8
6
1
-4
-1
-9
-7
16
24
9
30
39
54
43
52
83
87
110
130
122
127
130
138
155
140
114
105
105
87
88
90
81
23
-13
-6
-14
-12
-14
-24
-40
-77
-82
-60
-83
-70
-50
-79
-90
-88
-88
-100
-112
-115
-106
-124
-113
-97
-98
-94
-117
-106
-114
-121
-98
-83
-77
-66
-64
-63
-57
-65
-41
-19
-17
12
28
25
27
13
0
9
13
20
25
27
20
19
33
19
31
51
53
55
57
54
56
59
79
69
71
65
56
59
41
16
13
14
-23
-36
-42
-57
-52
-32
-32
-62
-75
-84
-69
-42
-6
-20
-66
-74
-72
-80
-67
-37
-27
-27
-16
-35
-43
-53
-52
-61
-38
-49
-58
-38
-66
-53
-44
-72
-62
-33
-49
-32
-5
-4
11
38
41
42
47
40
48
47
55
86
99
125
146
127
131
151
119
113
140
135
128
138
143
146
142
123
127
127
121
143
164
166
169
135
113
122
121
111
117
95
65
65
20
12
0
-25
-27
-49
-60
-61
-71
-91
-104
-120
-110
-103
-133
-148
-154
-194
-235
-219
-215
-194
-174
-167
-181
-210
-213
-213
-199
-206
-190
-171
-175
-145
-110
-73
-42
-36
-10
-5
-1
32
46
61
62
63
77
75
79
92
105
107
118
129
128
142
164
166
137
139
164
176
167
159
154
147
123
114
129
127
119
86
64
57
15
-7
10
9
6
11
-28
-73
-92
-139
-145
-133
-153
-157
-170
-188
-187
-175
-191
-162
-155
-166
-145
-142
-142
-127
-129
-141
-162
-172
-166
-156
-145
-126
-79
-46
-35
-19
0
16
18
37
50
63
78
99
106
116
128
130
146
163
186
190
193
181
167
157
168
175
157
173
167
126
129
127
130
144
126
141
149
123
112
109
88
47
27
18
0
-25
-19
-28
-21
-30
-60
-42
-50
-71
-75
-99
-130
-127
-130
-126
-125
-126
-146
-138
-127
-132
-110
-92
-105
-100
-85
-71
-50
-43
-41
-40
-43
-32
-43
-74
-68
-60
-69
-53
-53
-48
-48
-57
-25
-13
13
56
81
82
78
45
30
28
15
23
58
53
67
90
69
100
114
116
129
152
145
138
125
75
40
23
27
42
35
26
36
27
-6
-5
-17
-27
-24
-26
-24
-23
-43
-56
-53
-59
-63
-79
-98
-103
-97
-112
-116
-109
-103
-107
-113
-103
-96
-96
-88
-90
-110
-99
-87
-102
-95
-77
-89
-96
-89
-86
-63
-26
-10
11
32
20
25
43
50
55
65
61
62
76
98
99
105
108
91
100
93
71
86
102
112
133
141
151
147
128
108
116
106
108
119
104
102
103
104
90
83
60
42
43
46
32
15
24
15
8
5
-17
-39
-53
-63
-60
-71
-89
-107
-124
-125
-112
-117
-110
-94
-92
-109
-106
-96
-100
-85
-69
-58
-42
-55
-45
-22
-22
-10
-1
-9
-9
-5
-14
-8
-11
-13
-7
5
22
14
6
19
10
26
35
30
35
41
35
50
55
44
35
26
20
30
36
60
79
75
72
86
78
65
72
65
51
26
22
-12
-29
-30
-49
-62
-57
-59
-64
-71
-88
-88
-97
-108
-81
-79
-81
-56
-73
-81
-76
-80
-79
-68
-62
-51
-59
-62
-65
-65
-57
-59
-62
-57
-52
-26
-28
-37
4
12
18
41
41
35
30
25
14
7
22
43
38
52
52
45
53
55
75
77
70
81
91
71
68
60
54
43
26
28
43
34
19
34
39
25
28
45
21
26
53
52
34
37
39
29
28
18
1
5
3
-27
-24
13
9
1
3
0
-11
-24
-17
-5
2
-17
-29
-6
1
-6
-21
-42
-56
-74
-80
-64
-33
-25
-3
-18
-33
2
-13
-15
-6
-6
-15
-2
4
20
23
23
32
39
59
61
67
71
69
60
57
32
49
65
52
55
48
27
13
14
19
27
20
24
12
0
7
-9
-9
26
41
42
63
46
39
44
27
1
-30
-64
-75
-65
-73
-66
-68
-68
-75
-85
-102
-115
-116
-129
-126
-102
-114
-117
-108
-100
-86
-82
-74
-77
-79
-84
-65
-61
-58
-36
-32
-25
-33
-44
-31
-12
-33
-22
-5
-7
3
5
14
22
20
42
54
54
47
60
63
45
54
56
74
79
79
78
65
50
48
49
28
49
75
57
81
84
72
73
44
34
24
11
16
26
12
1
17
9
-17
-24
-14
-49
-64
-62
-53
-28
-15
-5
17
8
-8
1
-8
-5
11
-21
-21
2
-6
0
20
19
24
28
21
36
47
53
48
37
47
55
41
49
58
57
46
31
34
23
9
-1
-5
17
26
16
18
35
11
13
31
12
15
0
-11
2
-23
-42
-30
-30
-39
-28
-27
-47
-49
-44
-50
-40
-64
-69
-45
-63
-68
-33
-62
-87
-63
-54
-61
-63
-50
-33
-19
-25
-28
-22
-36
-39
-26
-26
5
15
21
41
44
23
3
1
9
11
4
9
0
-9
7
17
23
31
19
13
19
26
28
33
43
40
13
1
-4
-13
-14
1
8
6
-8
-45
-62
-50
-47
-47
-1
7
-3
-5
-4
12
2
8
34
38
33
26
-5
-22
-17
-12
2
11
13
13
20
16
12
27
55
46
48
54
32
31
38
29
25
2
-16
-14
-5
-4
-2
5
16
35
19
13
14
8
-4
-2
8
-5
-21
-16
-19
-13
-18
-16
-10
-22
-28
-12
10
9
16
20
26
36
25
2
4
11
-24
-39
3
22
12
13
17
14
1
-7
1
-1
-9
3
10
3
9
3
-7
9
17
8
17
18
5
1
-7
-7
-4
6
6
10
-1
-12
-12
-24
-16
-27
-36
-17
-22
-34
-31
-25
-32
-32
-28
-41
-53
-58
-67
-97
-92
-72
-61
-32
-6
-3
-6
-2
-11
-25
-11
4
-3
4
18
-6
-17
-10
3
16
30
38
34
27
6
10
19
17
41
50
40
44
31
28
32
30
49
59
38
22
13
4
17
14
5
14
28
19
25
49
39
14
19
-10
-19
-17
-29
-35
-36
-39
-19
-4
-9
3
-2
0
9
8
-9
6
-8
-39
-35
-36
-46
-29
-14
2
8
9
0
-8
-34
-37
-20
-18
-15
2
25
23
18
10
7
33
13
-4
13
10
1
3
14
27
37
37
48
35
27
38
17
7
26
27
18
28
28
29
24
18
15
23
28
30
30
21
16
13
-4
-15
-23
-36
-23
-15
4
-9
-5
7
-1
-3
-1
4
0
16
28
30
36
34
15
17
36
15
11
17
3
-6
-11
-13
-17
-18
-37
-55
-74
-79
-67
-72
-73
-64
-45
-39
-33
-40
-43
-51
-57
-56
-53
-44
-46
-54
-48
-47
-56
-50
-55
-62
-63
-41
-25
-18
-9
8
0
-8
4
-8
-3
-5
-8
18
4
14
23
-2
12
24
24
46
53
57
71
52
50
58
42
52
56
55
51
41
48
65
60
38
40
33
16
4
2
3
3
-14
-7
-9
-2
-4
-1
-1
-22
-24
-25
-33
-40
-33
-36
-35
-24
-16
-6
-15
-14
-28
-50
-38
-37
-18
-8
-22
-18
-4
-16
0
19
8
9
10
17
12
23
30
35
42
51
62
54
67
90
79
75
77
90
76
74
94
84
62
58
58
55
66
49
44
41
26
24
19
2
-1
-22
-39
-29
-44
-44
-31
-39
-64
-57
-47
-45
-44
-47
-60
-71
-65
-64
-83
-70
-68
-83
-67
-81
-78
-72
-82
-71
-54
-59
-64
-59
-65
-54
-30
-5
0
-3
7
3
-17
-16
-4
-5
2
14
12
4
0
-6
6
7
5
15
26
37
46
51
45
53
49
28
28
4
-1
22
18
18
29
43
49
52
44
32
27
16
0
-1
10
20
9
0
6
-6
-22
-14
-28
-24
-21
-14
-5
1
12
-11
-9
-2
2
14
21
13
14
7
6
19
9
-6
-10
-9
-18
-16
-28
-29
-9
-8
-8
11
19
19
7
3
14
4
-27
-34
-23
-22
-15
-7
8
14
11
-9
-6
14
4
16
18
11
17
14
20
36
32
19
-2
-8
-5
-5
1
8
18
25
31
37
30
27
32
22
19
25
21
32
29
18
21
18
12
11
8
2
4
3
-3
-8
-12
-22
-27
-39
-34
-33
-41
-39
-47
-61
-69
-68
-71
-62
-60
-49
-35
-29
-39
-30
-34
-47
-44
-40
-32
-20
-14
-3
13
28
44
56
46
26
31
20
21
21
18
31
38
49
63
63
64
68
57
37
30
23
21
20
30
39
35
35
20
5
-5
-9
-23
-25
-13
-13
-5
-8
-20
-36
-45
-44
-50
-63
-46
-49
-45
-41
-41
-35
-34
-27
-28
-24
-31
-22
-18
-18
-28
-31
-30
-29
-22
-14
-7
8
13
12
37
39
43
54
53
47
39
38
40
33
30
34
44
40
41
51
43
27
22
24
18
12
10
11
6
4
13
5
0
5
-13
-23
-29
-34
-45
-41
-40
-47
-48
-48
-51
-46
-47
-42
-35
-45
-32
-25
-26
-30
-29
-35
-36
-22
-16
-7
-5
-7
-5
-4
-2
14
20
17
18
10
9
17
11
10
18
26
32
28
35
52
45
41
43
41
35
27
29
20
22
30
29
30
21
-1
-7
-9
-19
-7
1
6
9
4
18
30
16
17
15
-2
-11
-13
-11
-11
-18
-7
-3
-5
10
2
-8
-11
-12
-14
-3
2
1
6
-2
0
0
-4
-5
-8
-22
-14
-7
-16
3
8
0
10
16
11
6
-7
-6
-10
-31
-24
-19
-16
-15
-7
1
2
0
9
5
-16
-13
-11
-15
-5
5
15
18
8
2
18
22
20
24
16
4
0
2
13
19
29
34
29
18
19
19
15
14
9
8
-2
-10
-3
-5
-8
-6
6
12
15
26
21
17
1
-12
-12
-16
-25
-27
-17
-18
-24
-27
-38
-51
-62
-65
-58
-67
-64
-56
-58
-47
-38
-32
-25
-16
-19
-25
-30
-31
-40
-35
-31
-30
-17
-3
-7
-6
4
-2
-1
7
6
17
24
33
37
35
37
31
25
19
26
32
29
37
41
38
37
32
38
29
21
21
23
19
21
23
20
18
14
7
3
15
15
11
10
13
10
12
13
6
11
6
5
10
12
9
-4
-6
0
-2
-4
-3
-1
7
6
8
12
10
4
-4
-11
-12
-6
-2
-11
-13
-2
0
1
7
12
10
14
9
-1
-8
-11
-14
-9
-4
0
-1
0
0
1
1
-5
-12
-9
-13
-13
-11
-11
-12
-22
-18
-18
-16
-16
-9
-11
-3
-2
-3
2
4
7
-4
-4
-13
-6
-6
-6
-6
-8
-8
-11
-6
-6
4
9
11
14
18
17
18
18
13
4
2
-2
-21
-24
-18
-18
-17
-13
-12
-8
-4
-9
-14
-19
-20
-21
-18
-14
-11
-8
-19
-20
-20
-19
-16
-11
-10
-9
-5
-3
0
2
-3
-8
-6
-13
-9
-7
-14
-9
-12
-8
-8
-3
16
28
29
23
22
33
37
40
40
36
29
25
31
33
41
41
36
33
34
37
34
31
31
27
21
15
7
3
14
11
1
7
6
5
5
-1
1
-3
-12
-14
-13
-12
-14
-21
-11
-14
-15
-17
-21
-21
-27
-24
-20
-20
-21
-19
-23
-22
-21
-24
-22
-22
-23
-20
-13
-11
-6
2
-3
-4
-8
-6
4
16
24
26
18
19
14
4
6
1
7
7
5
14
10
9
8
4
12
19
13
13
13
-2
-6
-12
-13
-12
-14
-6
-10
-10
-5
-8
-1
3
-1
-7
-8
