SAMPLES:	6297
BITSPERSAMPLE:	16
CHANNELS:	1
SAMPLERATE:	16000
NORMALIZED:	FALSE
3
-1
0
-1
-1
0
0
-1
1
1
3
4
5
4
1
1
-1
-3
-5
-5
-3
-5
-4
-4
-5
-4
2
0
1
2
0
-1
-2
-2
-4
-6
-6
-4
0
0
1
0
-3
-2
0
1
3
3
2
1
0
-2
-2
-2
-4
-6
-1
1
1
3
4
2
5
9
11
9
7
5
2
1
3
3
-1
0
-3
-7
-8
-5
-3
-3
-5
-4
-4
-4
-5
-8
-9
-12
-11
-9
-5
-4
-6
-12
-12
-15
-15
-11
-4
-4
-4
0
-2
0
1
2
3
3
2
2
0
1
4
4
3
7
7
11
12
11
8
7
3
1
6
10
11
9
11
10
8
6
3
3
4
2
6
7
5
3
3
6
7
6
7
3
0
-4
-3
-3
-6
-5
-3
1
5
4
3
-1
-5
-6
-4
-5
-4
-2
-1
-3
-3
-5
-1
5
8
13
13
10
6
1
0
0
2
6
7
3
1
2
-1
1
2
5
7
3
-3
-5
-6
-8
-9
-3
0
-3
-4
-7
-10
-13
-8
-8
-3
2
3
2
-3
-1
-3
-4
-4
-3
-2
-4
-5
-8
-11
-13
-12
-6
0
0
0
-4
-7
-12
-12
-14
-14
-12
-11
-9
-7
-8
-8
-7
-4
0
-1
0
2
-1
0
1
-2
0
6
7
4
0
-4
-8
-12
-15
-15
-10
-7
-5
0
5
4
3
1
-1
-1
-1
1
10
13
11
13
10
79
150
108
7
-103
-122
-55
23
68
80
75
40
-23
-53
-62
-28
96
148
124
35
-65
-69
-68
-89
-109
-96
-35
-29
-100
-165
-144
-61
-7
-16
-21
6
39
37
3
-4
38
109
142
95
54
50
77
105
66
49
93
136
105
40
24
65
108
75
15
-17
1
-14
-30
-17
21
60
39
10
-9
-11
-23
-27
-28
-17
2
6
3
-4
-11
-40
-41
-60
-102
-119
-108
-113
-123
-107
-85
-71
-76
-90
-111
-125
-135
-137
-117
-100
-88
-74
-55
-57
-56
-67
-68
-44
-37
-15
-30
-59
-55
-4
67
121
240
301
283
340
335
245
232
284
334
359
418
399
360
407
311
219
211
134
0
-65
-79
-195
-262
-273
-368
-443
-460
-577
-687
-683
-679
-736
-724
-684
-685
-553
-387
-341
-326
-273
-304
-334
-280
-276
-306
-217
-67
-77
-66
-43
-92
-106
218
488
606
751
913
1012
1029
1097
956
1015
1223
1302
1355
1523
1536
1469
1528
1508
1283
1086
1027
744
549
376
66
-310
-540
-714
-964
-1142
-1396
-1720
-1821
-1861
-2007
-2018
-1871
-1705
-1467
-1076
-912
-892
-696
-495
-507
-549
-566
-589
-552
-443
-466
-596
-452
-420
-409
-379
-389
-746
-430
242
368
834
1343
1865
1829
2118
2007
1808
2197
2302
2496
2905
3229
2950
3072
3198
2863
2329
2102
1420
680
324
-369
-1104
-1492
-1728
-2374
-2473
-2753
-3243
-3556
-3651
-4058
-4362
-3993
-3839
-3510
-2671
-1958
-1707
-1123
-654
-608
-716
-604
-873
-965
-836
-746
-754
-501
-209
-340
-146
-169
-554
-520
655
837
1244
1821
2638
3047
3177
3496
2906
3175
3367
3319
3421
3699
3572
3580
3695
3569
2782
2510
2156
1070
580
-344
-1297
-2059
-2241
-2576
-3008
-3002
-3254
-3732
-3763
-4156
-4499
-4346
-3918
-3548
-2930
-1809
-1480
-975
-187
178
81
68
-78
-397
-644
-508
-627
-530
-96
72
72
212
-168
-356
839
911
1237
1333
2608
2910
2939
3669
3003
3506
3524
3740
3629
3792
3882
3648
3932
3867
2912
2646
2388
1424
810
-141
-1011
-2289
-2436
-2998
-3616
-3617
-3857
-4013
-4021
-4124
-4501
-4550
-4213
-4015
-3522
-2496
-2148
-1467
-679
-117
-234
-139
171
-65
-252
-379
-664
-905
-546
-494
-416
-313
-507
250
1194
1647
1510
1979
2880
2767
2941
2884
2944
3320
3592
3873
4044
4105
3989
3937
3999
3482
2760
2522
1885
1195
281
-497
-1475
-2356
-2582
-3042
-3430
-3773
-4086
-4183
-4412
-4662
-4716
-4440
-4013
-3793
-3015
-2332
-1846
-1018
-139
226
135
224
328
101
-208
-485
-710
-744
-664
-460
-305
-267
-574
621
1269
1449
1613
2228
3016
2748
3107
2770
3121
3478
3633
3967
4201
4189
4088
4295
4135
3413
2811
2734
1841
1253
395
-500
-1523
-2252
-2692
-3507
-3711
-4130
-4412
-4391
-4643
-5047
-4959
-4601
-4463
-4106
-3149
-2605
-2075
-1059
-414
-153
-9
242
256
46
-111
-454
-444
-363
-543
-514
-185
-344
239
1432
2063
2171
2418
3372
3174
3215
2963
2965
3312
3449
3749
3748
4040
3912
4118
4279
3788
2997
2715
2277
1532
481
-348
-1185
-2073
-2499
-3269
-3603
-4165
-4106
-4288
-4482
-4673
-4961
-4563
-4301
-4037
-3622
-2868
-2231
-1715
-864
-383
-403
7
266
261
23
-257
-328
-452
-335
-502
-452
-250
-401
846
1345
1812
2034
2879
3724
3321
3408
2968
3297
3458
3531
3705
3737
3920
4056
4282
4144
3431
3020
2926
2156
1333
223
-599
-1497
-2176
-2868
-3699
-4009
-4341
-4432
-4403
-4745
-4933
-4642
-4239
-4238
-4058
-3343
-2917
-2298
-1499
-977
-806
-460
-77
135
20
-282
-301
-153
-210
-505
-585
-487
-733
217
1226
1676
2084
2772
3853
3790
3840
3497
3548
3917
3750
3736
3773
3850
3799
4135
4293
3740
3287
3424
2858
2021
1068
-29
-999
-1835
-2564
-3545
-3883
-4266
-4484
-4429
-4614
-4926
-4853
-4313
-4267
-4238
-3702
-3216
-2748
-2108
-1480
-1218
-929
-420
-96
-84
-286
-473
-381
-400
-631
-942
-776
-846
-737
523
1134
1573
2131
3420
3919
3861
3951
3695
3988
4058
3872
3845
3952
3871
3926
4197
3898
3211
3293
3260
2449
1545
751
-82
-1096
-1804
-2866
-3625
-4000
-4300
-4497
-4692
-4957
-5025
-4431
-4011
-4031
-3575
-2825
-2398
-2042
-1476
-1132
-1130
-747
-439
-404
-484
-536
-425
-416
-552
-819
-787
-614
-805
41
634
1067
1272
2312
3356
3339
3530
3579
3989
4048
4019
3955
3882
3831
3702
3945
3800
3271
3100
3366
2846
2026
1262
647
-252
-1093
-1968
-2924
-3461
-3986
-4307
-4525
-4845
-5070
-4623
-4062
-4022
-3690
-2842
-2353
-2023
-1505
-1042
-986
-779
-561
-607
-696
-916
-922
-725
-836
-1020
-964
-513
-778
-256
546
921
1238
1807
2872
2985
3198
3256
3671
4088
3908
3912
4013
4098
3896
3982
4000
3405
3058
3158
2848
2142
1386
731
7
-830
-1603
-2572
-3019
-3592
-4196
-4404
-4781
-5016
-4889
-4309
-4246
-4007
-2991
-2383
-1935
-1366
-805
-568
-350
-186
-354
-435
-523
-794
-641
-763
-885
-929
-473
-545
-382
537
985
1373
1727
2705
2923
3072
3225
3385
3667
3695
3673
3735
3902
3748
3609
3636
3331
2823
2895
2776
2033
1376
747
79
-858
-1468
-2361
-3015
-3388
-4026
-4303
-4657
-4911
-5006
-4585
-4314
-4252
-3437
-2591
-2130
-1648
-902
-494
-320
-26
20
-219
-403
-624
-781
-833
-962
-1174
-943
-810
-604
223
773
1366
1719
2724
3232
3249
3415
3437
3794
3746
3716
3795
3711
3744
3682
3782
3519
3116
3048
2827
2267
1595
878
270
-619
-1429
-2330
-3067
-3458
-4104
-4358
-4755
-5033
-4959
-4728
-4499
-4405
-3546
-2787
-2247
-1625
-1003
-417
-113
171
190
53
-100
-386
-470
-642
-868
-991
-813
-746
-552
521
915
1666
2053
2945
3369
3450
3602
3488
3984
3796
3652
3694
3723
3568
3519
3687
3277
2947
3029
2759
2106
1581
873
153
-596
-1445
-2388
-3051
-3517
-4194
-4517
-4786
-5120
-5124
-4731
-4570
-4421
-3752
-2923
-2446
-1808
-965
-486
-64
201
247
99
29
-299
-534
-723
-919
-1098
-910
-915
-631
388
827
1577
1996
3173
3466
3725
3851
3809
4213
3857
3794
3609
3591
3380
3323
3395
2958
2691
2699
2496
1995
1438
776
78
-782
-1611
-2603
-3287
-3793
-4446
-4773
-5095
-5297
-5235
-4794
-4690
-4486
-3641
-2805
-2324
-1693
-873
-454
-86
210
242
188
74
-186
-400
-664
-975
-1113
-818
-936
-390
456
1084
1781
2264
3333
3576
3939
3897
4050
4320
3943
3823
3761
3587
3274
3372
3391
2975
2835
2920
2555
2122
1646
952
204
-635
-1534
-2449
-2977
-3667
-4328
-4647
-4968
-5415
-5287
-4720
-4691
-4332
-3391
-2634
-2189
-1414
-647
-321
105
321
211
182
-10
-388
-629
-818
-1101
-1228
-862
-1002
-365
362
1005
1587
2395
3397
3540
3839
3849
4086
4231
3882
3717
3633
3473
3170
3135
3102
2717
2720
2817
2444
1934
1507
1014
206
-552
-1578
-2564
-3134
-3892
-4671
-4977
-5281
-5527
-5372
-4913
-4933
-4450
-3348
-2663
-2110
-1322
-520
-163
283
471
305
327
101
-232
-611
-838
-1216
-1207
-1089
-763
-28
554
1559
2086
3246
3772
4141
4201
4221
4585
4152
3839
3608
3360
2985
2851
2863
2601
2541
2684
2502
2214
1833
1293
640
-76
-1075
-2071
-2796
-3450
-4324
-4908
-5209
-5637
-5604
-5422
-5110
-4876
-3996
-3060
-2506
-1719
-835
-237
153
567
628
452
318
-5
-429
-753
-992
-1345
-1159
-1085
-426
251
1032
1861
2591
3757
4093
4392
4350
4449
4465
3977
3648
3400
2961
2691
2566
2487
2230
2352
2517
2294
2060
1629
1062
376
-424
-1400
-2370
-3046
-3820
-4629
-5042
-5511
-5752
-5593
-5268
-5177
-4569
-3520
-2780
-2094
-1114
-250
248
794
1001
962
910
638
290
-61
-313
-735
-775
-748
-722
169
659
1482
2128
3223
4013
4354
4665
4614
4808
4463
3904
3506
3156
2525
2235
2128
1873
1705
1924
2008
1789
1566
1274
728
-18
-970
-1968
-2887
-3692
-4623
-5289
-5708
-6164
-6185
-5936
-5503
-5304
-4443
-3438
-2778
-2013
-1026
-175
283
735
934
961
842
539
297
-64
-339
-719
-667
-730
-283
395
1015
1961
2644
3772
4412
4902
4952
5119
5196
4593
4070
3682
3149
2512
2215
1986
1703
1749
1929
1879
1822
1608
1274
806
89
-1002
-1973
-2864
-3896
-4897
-5607
-6085
-6476
-6406
-6012
-5666
-5232
-4204
-3248
-2577
-1735
-726
-86
424
878
910
874
728
332
16
-249
-579
-839
-714
-655
19
700
1492
2307
3107
4292
4630
5065
5113
5325
5244
4669
4286
3714
3143
2565
2219
1873
1589
1598
1776
1785
1617
1494
1245
747
-71
-1025
-1982
-2950
-3950
-4981
-5609
-6225
-6640
-6511
-6219
-5910
-5198
-4018
-3167
-2314
-1354
-466
112
535
788
803
777
426
119
-259
-559
-972
-998
-980
-807
47
706
1625
2374
3448
4265
4776
5045
5196
5490
5259
4546
4108
3523
2777
2216
1852
1435
1207
1405
1581
1573
1537
1442
1147
737
-30
-1068
-1920
-2914
-4087
-5121
-5812
-6462
-6858
-6620
-6329
-5987
-4960
-3830
-2967
-2028
-886
-108
448
930
960
941
893
491
97
-218
-455
-853
-718
-653
-298
471
1149
2079
2713
3929
4579
5100
5356
5495
5582
5133
4595
4100
3446
2754
2218
1725
1428
1238
1354
1434
1489
1478
1415
1169
711
-152
-989
-1920
-3031
-4142
-5028
-5853
-6498
-6696
-6653
-6427
-5961
-4942
-4042
-3071
-2080
-1000
-178
384
779
836
911
709
305
-55
-389
-763
-1026
-895
-1042
-451
272
1059
1970
2895
4031
4590
5155
5266
5420
5408
4966
4396
4041
3258
2569
2010
1593
1087
961
1144
1140
1201
1230
1166
940
517
-244
-974
-1832
-2830
-3984
-4871
-5692
-6401
-6639
-6550
-6392
-5879
-4766
-3796
-2852
-1757
-604
140
757
1089
1143
1118
927
420
51
-413
-809
-1125
-980
-1081
-518
307
1038
1994
2810
4039
4493
5135
5217
5444
5414
4931
4398
3946
3159
2439
1967
1443
1022
900
1130
1017
1071
1074
1043
804
377
-331
-1021
-1742
-2796
-3790
-4683
-5502
-6264
-6433
-6472
-6460
-5885
-4784
-3951
-3006
-1897
-786
46
689
1055
1131
1239
936
522
203
-223
-780
-969
-934
-1128
-589
267
951
1781
2826
3981
4539
5156
5444
5566
5628
5124
4560
4024
3300
2510
1992
1620
1017
899
1118
1009
929
1083
1063
758
333
-254
-1033
-1757
-2739
-3774
-4650
-5395
-6193
-6388
-6455
-6432
-5913
-4891
-3987
-3084
-1853
-697
87
772
1198
1324
1298
1060
652
246
-235
-664
-969
-868
-1140
-696
199
778
1536
2466
3765
4275
4907
5242
5412
5422
5105
4535
4084
3305
2510
2029
1582
968
656
987
818
760
891
1010
731
444
-142
-756
-1525
-2401
-3378
-4282
-5032
-5987
-6168
-6396
-6446
-6137
-5102
-4293
-3446
-2342
-1116
-284
474
992
1200
1254
1084
772
350
-31
-560
-745
-861
-1092
-1057
-81
387
1123
1913
3209
3921
4517
5029
5211
5501
5231
4921
4420
3851
2892
2438
1839
1161
649
823
810
681
833
930
897
465
80
-531
-1102
-1932
-2733
-3649
-4413
-5325
-5777
-5957
-6220
-6100
-5406
-4508
-3856
-2830
-1590
-524
191
884
1215
1458
1396
1187
823
435
-173
-522
-684
-886
-1186
-513
242
649
1412
2319
3424
3947
4560
4835
5090
5177
4998
4557
4111
3253
2644
2208
1567
907
716
840
557
530
583
612
412
107
-354
-881
-1540
-2345
-3148
-3964
-4798
-5396
-5639
-5913
-6032
-5720
-4866
-4196
-3383
-2332
-1190
-338
433
1001
1298
1457
1366
1083
754
315
-165
-388
-647
-859
-1089
-103
277
747
1515
2486
3445
3795
4492
4511
4879
4941
4659
4237
3812
3080
2576
2077
1358
820
666
839
401
509
408
374
14
-279
-733
-1323
-1812
-2561
-3287
-4075
-4698
-5209
-5322
-5633
-5723
-5410
-4598
-4113
-3296
-2149
-1100
-248
573
1230
1490
1751
1682
1486
1100
718
244
27
-321
-670
-817
-4
207
558
1429
2364
3163
3599
4286
4270
4775
4831
4721
4253
3922
3205
2793
2338
1498
917
856
813
218
321
241
122
-189
-263
-811
-1236
-1650
-2272
-2897
-3614
-4265
-4814
-5046
-5499
-5598
-5304
-4530
-4196
-3368
-2331
-1246
-465
398
1084
1396
1634
1596
1474
976
675
137
19
-416
-712
-858
-338
-122
93
889
1592
2432
2944
3633
3812
4195
4527
4494
4142
3847
3435
2971
2390
1651
1067
783
612
186
70
-34
-161
-380
-433
-729
-1182
-1337
-1763
-2408
-3131
-3625
-4123
-4411
-4828
-5082
-4939
-4477
-4150
-3588
-2612
-1767
-805
86
794
1174
1654
1865
1803
1592
1260
879
515
180
-458
-688
-925
-456
-454
88
716
1409
2265
2784
3332
3583
4231
4305
4117
3945
3798
3151
2780
2147
1429
887
589
217
-241
-321
-477
-471
-516
-703
-933
-975
-1185
-1609
-2205
-2611
-3179
-3743
-4176
-4626
-4935
-4775
-4287
-3928
-3255
-2312
-1297
-522
404
1011
1530
1985
2112
1986
1709
1433
903
461
-37
-611
-1020
-1053
-727
-786
-231
367
1199
1818
2570
3114
3534
4188
4293
4228
3986
3877
3177
2677
1917
1139
530
297
-192
-628
-507
-560
-449
-376
-255
-568
-464
-670
-1165
-1784
-2226
-2933
-3495
-3904
-4539
-4738
-4578
-4200
-4003
-3084
-2132
-1155
-200
725
1273
1821
2274
2318
2135
1857
1496
801
340
-330
-1042
-1315
-1518
-1326
-1214
-746
-67
655
1606
2180
2742
3322
3817
3904
3870
3678
3381
2818
2307
1556
738
244
-236
-510
-716
-640
-533
-325
-176
-136
-100
-112
-288
-720
-1288
-1864
-2571
-3224
-3703
-4277
-4455
-4303
-3948
-3680
-2898
-1936
-957
-70
798
1478
2050
2408
2409
2217
1878
1376
753
187
-430
-1095
-1413
-1647
-1748
-1390
-1135
-314
168
1274
1947
2632
3141
3619
3999
3884
3653
3193
2792
2005
1429
601
253
-249
-260
-490
-377
-211
22
275
335
368
182
160
-386
-898
-1631
-2196
-2946
-3359
-3838
-4077
-4079
-3687
-3337
-2808
-1971
-1125
-145
523
1202
1631
2113
2086
2022
1681
1314
636
86
-472
-1054
-1509
-1732
-1824
-1728
-1224
-905
-62
513
1512
2008
2763
3050
3257
3494
3261
2975
2588
2318
1632
1248
732
389
118
141
7
146
427
530
598
570
419
44
-175
-702
-1305
-1816
-2249
-2869
-3212
-3492
-3607
-3530
-3120
-2795
-2379
-1618
-889
-296
135
655
898
1151
1262
1126
841
585
175
-273
-702
-1034
-1481
-1578
-1732
-1701
-1273
-862
-244
222
1226
1605
2274
2481
2894
3011
2999
2928
2634
2437
1956
1821
1398
1255
912
1018
783
795
699
732
719
486
312
74
-105
-603
-819
-1201
-1525
-1991
-2174
-2485
-2675
-2807
-2624
-2421
-2247
-1827
-1388
-848
-581
-40
232
583
631
752
648
543
235
-34
-333
-760
-1131
-1440
-1477
-1815
-1387
-1261
-825
-441
101
821
1143
1756
2045
2616
2970
2949
3044
3048
2780
2421
2159
1853
1387
1130
868
475
297
160
152
33
11
-93
1
-19
-318
-480
-706
-1042
-1516
-1773
-2168
-2578
-2816
-2856
-3001
-2879
-2616
-2127
-1620
-1126
-537
-82
407
593
711
750
687
395
51
-313
-819
-1196
-1557
-1780
-2126
-1763
-1607
-1197
-685
10
804
1337
2167
2550
3367
3636
3785
3750
3740
3338
2899
2521
1878
1301
912
687
265
260
266
458
484
704
714
882
871
624
396
-86
-596
-1333
-1915
-2688
-3222
-3600
-3684
-3795
-3547
-3113
-2481
-1960
-1364
-698
-143
420
656
856
864
816
345
-76
-567
-1199
-1617
-2026
-2318
-2631
-2233
-1859
-1430
-603
214
1348
2068
2905
3306
3924
4169
4100
3929
3634
3167
2545
2134
1424
1026
716
689
513
625
778
1104
1240
1329
1337
1245
1066
557
79
-639
-1312
-2159
-2727
-3480
-3981
-4247
-4191
-4151
-3885
-3295
-2607
-1826
-1190
-498
35
566
597
696
542
321
-125
-466
-940
-1512
-1857
-2143
-2249
-2289
-2043
-1391
-706
-137
683
1442
2318
2813
3353
3557
3692
3804
3493
3233
2803
2494
2124
1981
1608
1480
1505
1572
1475
1560
1680
1578
1645
1354
1089
650
222
-407
-1059
-1736
-2387
-2861
-3298
-3692
-4001
-3838
-3693
-3419
-3093
-2500
-1963
-1431
-959
-545
-210
-9
50
-34
-135
-410
-582
-859
-1072
-1392
-1388
-1344
-1336
-1130
-860
-279
141
524
1011
1488
2019
2291
2666
2835
3013
3201
3137
3046
2940
2835
2660
2513
2263
2019
1904
1712
1408
1202
1103
882
667
377
-32
-378
-629
-1043
-1522
-1879
-2217
-2499
-2752
-2975
-3140
-3198
-3076
-3049
-2857
-2476
-2121
-1791
-1431
-1046
-748
-392
-163
-72
45
159
74
-32
-148
-333
-438
-484
-598
-775
-670
-623
-231
29
423
905
1371
2028
2246
2817
3012
3369
3425
3395
3243
2988
2787
2329
1927
1366
1055
635
370
-51
-130
-251
-234
-310
-383
-386
-484
-482
-853
-1073
-1517
-1752
-2161
-2456
-2837
-2975
-3085
-3085
-3056
-2836
-2430
-1985
-1440
-1004
-413
23
515
665
832
885
834
642
412
117
-222
-393
-596
-662
-727
-505
-344
-13
404
771
1415
1930
2545
2777
3021
3107
3009
2902
2524
2138
1854
1489
998
646
308
55
-176
-186
-302
-238
-55
33
68
26
11
-151
-261
-605
-967
-1310
-1633
-2044
-2347
-2565
-2708
-2750
-2619
-2372
-2103
-1594
-1104
-627
-241
244
507
756
784
785
705
592
365
71
-56
-246
-303
-340
-224
-148
91
366
575
763
1082
1226
1464
1599
1748
1706
1661
1485
1242
1102
875
706
486
358
207
165
90
80
89
177
215
257
266
282
211
51
-101
-284
-539
-780
-951
-1253
-1396
-1604
-1702
-1834
-1824
-1807
-1676
-1431
-1305
-1110
-858
-614
-469
-206
-23
95
175
296
283
300
288
260
186
132
122
78
93
61
29
63
117
128
231
369
402
482
570
683
593
626
662
666
675
662
621
740
711
746
796
758
749
677
715
640
637
599
582
470
330
216
144
-44
-227
-342
-494
-598
-714
-835
-1002
-1060
-1097
-1068
-1058
-959
-805
-601
-469
-347
-176
-24
96
95
157
158
197
163
195
118
15
-62
-194
-362
-521
-519
-551
-586
-671
-674
-492
-548
-341
-266
-25
190
240
522
530
819
724
881
907
921
955
999
896
787
777
673
693
524
605
522
661
556
590
625
589
594
449
388
175
51
-181
-380
-754
-927
-1101
-1170
-1343
-1284
-1196
-1041
-873
-712
-454
-292
-114
-67
97
37
83
-48
-212
-492
-712
-899
-1096
-1232
-1296
-1248
-1248
-1093
-975
-653
-342
-93
277
498
842
900
1024
988
978
976
857
735
637
525
469
518
463
621
721
1020
1144
1403
1576
1673
1773
1766
1663
1506
1337
932
545
104
-281
-716
-1023
-1349
-1594
-1679
-1713
-1709
-1579
-1324
-1097
-810
-589
-365
-309
-148
-263
-397
-579
-734
-896
-1049
-1142
-1281
-1261
-1231
-1111
-963
-667
-439
-171
-13
141
203
417
434
351
385
271
253
77
97
-28
25
203
321
623
932
1299
1638
1994
2165
2324
2451
2403
2262
2117
1913
1605
1277
960
655
349
109
-159
-317
-453
-557
-636
-699
-792
-888
-920
-982
-1089
-1138
-1184
-1243
-1272
-1269
-1263
-1221
-1191
-1127
-1039
-863
-729
-574
-449
-368
-357
-306
-305
-432
-505
-613
-709
-869
-932
-1004
-1024
-1044
-908
-847
-567
-322
-33
271
575
880
1073
1464
1520
1680
1776
1877
1792
1804
1719
1559
1483
1381
1302
1229
1263
1183
1241
1175
1128
1027
921
633
383
118
-201
-521
-863
-1143
-1440
-1588
-1721
-1750
-1697
-1460
-1363
-1146
-922
-712
-529
-345
-230
-258
-228
-319
-468
-697
-892
-1194
-1336
-1442
-1519
-1518
-1373
-1217
-1041
-780
-523
-264
-17
155
319
422
518
576
616
686
687
740
789
959
1056
1283
1442
1576
1686
1878
1944
2032
2109
2116
2041
1904
1758
1502
1297
978
656
406
171
-111
-274
-375
-496
-607
-659
-720
-826
-887
-966
-1085
-1195
-1251
-1348
-1437
-1552
-1590
-1578
-1548
-1552
-1508
-1397
-1374
-1339
-1290
-1166
-1098
-967
-812
-755
-701
-601
-524
-459
-344
-207
-99
-15
103
173
313
494
570
808
950
1159
1241
1400
1459
1502
1567
1579
1610
1565
1616
1565
1625
1492
1505
1417
1449
1398
1390
1383
1250
1150
902
714
417
225
-67
-304
-642
-877
-1088
-1311
-1513
-1668
-1723
-1787
-1796
-1828
-1730
-1681
-1548
-1440
-1306
-1214
-1132
-1148
-1121
-1131
-1164
-1121
-1099
-944
-885
-726
-593
-447
-303
-65
159
382
590
743
865
939
978
946
920
859
869
779
873
833
868
881
906
924
1081
1253
1300
1450
1500
1531
1487
1469
1274
1175
1055
887
766
603
438
240
84
-160
-293
-426
-522
-656
-750
-863
-997
-1067
-1194
-1293
-1417
-1430
-1486
-1508
-1531
-1505
-1494
-1483
-1421
-1326
-1155
-1055
-929
-767
-592
-444
-279
-98
42
149
256
359
405
482
517
558
594
637
646
667
661
616
562
494
410
409
405
306
327
312
351
329
390
469
542
634
621
623
564
528
552
518
515
461
503
461
402
330
294
255
125
71
17
-21
-114
-195
-296
-397
-499
-556
-656
-724
-774
-808
-816
-890
-849
-778
-700
-605
-490
-340
-212
-105
-54
-6
18
60
105
174
172
151
160
145
63
-4
-10
20
26
100
141
156
123
48
-21
-99
-157
-229
-288
-330
-428
-453
-473
-461
-409
-322
-185
1
197
343
457
610
784
888
992
1024
1013
943
849
710
620
533
442
417
395
380
343
324
302
235
181
184
121
47
-15
-98
-184
-305
-439
-600
-690
-737
-778
-763
-691
-653
-559
-474
-369
-252
-171
-94
-96
-100
-127
-163
-212
-270
-288
-314
-389
-449
-501
-500
-513
-488
-413
-336
-164
-18
-22
-27
-27
-58
-35
-24
-26
-94
-21
25
29
57
63
164
276
498
666
885
1074
1166
1192
1197
1202
1186
1126
1054
911
737
521
267
82
-100
-214
-311
-338
-356
-399
-375
-398
-370
-365
-353
-410
-386
-436
-518
-571
-680
-754
-772
-725
-737
-706
-681
-638
-600
-442
-331
-192
-3
143
183
229
219
164
108
31
-17
-104
-167
-268
-334
-410
-413
-359
-316
-182
-87
15
159
287
368
496
566
560
615
648
675
696
720
691
699
726
701
710
736
724
731
732
698
644
543
404
293
171
46
-135
-243
-382
-539
-631
-670
-715
-756
-700
-667
-598
-477
-402
-309
-175
-102
-53
-36
-53
-118
-209
-260
-363
-432
-455
-489
-531
-535
-530
-544
-553
-499
-459
-438
-462
-482
-481
-512
-547
-568
-506
-473
-429
-388
-320
-273
-182
-51
107
291
422
611
758
885
948
1015
1050
1063
1021
1044
1062
1043
1029
981
963
894
871
808
764
745
693
656
603
544
468
410
360
326
311
222
94
-10
-146
-306
-389
-446
-472
-483
-482
-476
-483
-512
-529
-526
-568
-604
-646
-670
-759
-854
-940
-1049
-1101
-1184
-1234
-1231
-1227
-1231
-1154
-1057
-944
-819
-707
-604
-513
-417
-307
-163
-90
-5
44
136
197
275
346
401
507
628
806
939
1121
1228
1341
1390
1445
1453
1387
1312
1192
1149
1050
987
892
842
777
659
587
458
386
312
245
189
118
28
-21
-92
-138
-193
-279
-382
-515
-620
-759
-831
-894
-917
-957
-978
-949
-962
-947
-930
-948
-937
-927
-915
-897
-891
-888
-903
-884
-869
-827
-760
-664
-604
-501
-367
-273
-150
-60
45
179
313
373
439
492
517
553
636
697
718
819
892
949
962
1018
1042
1112
1159
1185
1209
1190
1150
1052
987
899
797
721
627
536
437
340
241
152
102
73
10
-36
-76
-123
-185
-278
-363
-443
-500
-589
-637
-692
-747
-789
-801
-795
-789
-788
-757
-695
-625
-551
-536
-547
-573
-584
-616
-639
-676
-702
-743
-757
-776
-758
-727
-694
-607
-477
-333
-215
-105
-6
105
181
282
357
466
527
572
632
636
669
666
701
743
808
837
880
926
944
958
934
963
963
968
930
906
851
751
655
524
427
330
246
139
79
34
-29
-80
-127
-153
-174
-237
-297
-346
-423
-504
-601
-645
-743
-849
-952
-1027
-1068
-1094
-1111
-1091
-1071
-1042
-1016
-1000
-936
-868
-824
-747
-663
-627
-536
-481
-444
-408
-362
-311
-247
-169
-40
51
170
272
349
418
478
544
593
660
699
733
741
761
749
799
835
836
865
901
920
914
941
944
941
923
888
834
749
662
562
490
420
311
238
144
27
-75
-184
-293
-390
-460
-525
-571
-606
-638
-671
-707
-708
-679
-665
-613
-575
-545
-542
-521
-489
-452
-387
-357
-294
-213
-157
-131
-118
-127
-133
-141
-119
-124
-118
-84
-74
-56
-32
-16
5
53
84
130
161
172
186
166
172
147
145
169
169
172
170
180
185
208
246
255
229
250
285
304
332
325
284
225
197
169
149
94
44
34
-26
-34
-20
-13
-2
0
28
54
100
151
181
208
209
219
239
233
217
174
132
91
57
14
25
18
-2
-20
-42
-77
-123
-163
-201
-248
-306
-359
-415
-503
-586
-639
-701
-756
-816
-883
-946
-945
-900
-824
-705
-590
-504
-413
-318
-253
-203
-173
-161
-117
-39
35
55
76
121
143
212
309
397
466
548
605
656
679
732
798
840
910
941
951
911
880
830
815
816
762
734
714
697
661
663
647
599
531
450
379
287
158
37
-102
-257
-400
-541
-651
-769
-856
-936
-983
-1029
-1056
-1064
-1082
-1096
-1106
-1109
-1089
-1070
-1007
-955
-935
-908
-889
-849
-791
-718
-630
-532
-402
-294
-177
-51
52
155
266
383
484
566
611
669
722
753
792
851
882
906
950
979
986
1018
1050
1069
1079
1098
1098
1069
1022
952
887
842
751
663
563
434
318
214
110
-4
-122
-215
-268
-363
-445
-521
-618
-681
-725
-729
-727
-743
-789
-841
-882
-895
-898
-894
-878
-857
-830
-815
-814
-781
-742
-689
-593
-488
-390
-316
-263
-178
-154
-123
-90
-53
9
65
124
166
204
234
276
274
330
405
433
467
523
563
574
582
580
575
554
513
457
397
340
287
234
224
221
189
177
175
146
102
73
77
116
126
123
93
32
-37
-94
-110
-135
-155
-163
-194
-236
-265
-288
-318
-287
-261
-234
-202
-182
-176
-165
-145
-150
-147
-147
-123
-125
-108
-95
-104
-131
-153
-154
-131
-101
-68
-33
4
25
40
71
63
64
74
78
79
72
69
35
12
-5
-19
-20
1
22
55
93
124
149
177
200
221
220
194
181
160
149
134
148
160
136
115
111
92
83
87
100
114
114
143
146
144
146
145
139
120
87
59
3
-74
-119
-136
-155
-168
-196
-199
-208
-193
-180
-171
-165
-158
-137
-128
-103
-82
-85
-82
-85
-97
-84
-82
-45
-33
-23
-36
-65
-66
-60
-57
-45
-33
-34
-44
-52
-55
-69
-72
-86
-76
-90
-78
-86
-98
-81
-52
-18
13
15
5
10
-12
1
34
57
37
45
69
86
108
101
82
61
19
-38
-65
-100
-152
-177
-185
-163
-131
-117
-108
-121
-143
-128
-94
-88
-43
18
32
57
118
188
209
226
253
258
270
283
287
281
305
316
306
340
363
349
346
374
381
357
321
278
205
155
119
76
45
0
-17
-19
-20
-40
-37
-45
-61
-67
-54
-72
-111
-139
-172
-211
-238
-236
-258
-264
-270
-306
-338
-381
-407
-446
-473
-461
-443
-425
-365
-304
-294
-276
-267
-279
-273
-228
-187
-154
-135
-117
-134
-110
-76
-40
9
89
170
208
261
290
301
287
319
373
400
398
375
344
315
277
288
259
229
235
232
217
209
191
162
143
111
123
125
99
92
60
33
43
39
13
-15
-47
-79
-99
-130
-122
-103
-78
-56
-69
-106
-136
-145
-138
-102
-81
-79
-113
-156
-178
-211
-239
-258
-280
-289
-264
-232
-187
-153
-114
-89
-88
-76
-73
-73
-70
-71
-57
-67
-75
-66
-66
-44
-3
19
52
79
100
127
134
126
124
137
141
152
145
114
82
50
23
24
65
78
102
153
177
183
205
231
226
252
293
333
328
321
314
289
266
239
227
221
177
160
163
165
157
152
174
174
153
147
127
102
44
-16
-83
-155
-206
-239
-274
-298
-321
-360
-391
-401
-408
-389
-382
-399
-396
-399
-422
-443
-455
-465
-453
-424
-404
-420
-419
-409
-428
-423
-375
-329
-272
-220
-175
-120
-63
-40
-7
29
75
88
93
115
148
169
199
250
305
351
403
460
506
536
569
560
556
567
573
590
609
608
592
580
553
521
475
430
397
364
314
262
225
178
141
108
47
-33
-122
-184
-253
-311
-356
-421
-472
-538
-581
-610
-628
-632
-659
-653
-646
-644
-635
-638
-636
-620
-599
-577
-524
-482
-445
-397
-371
-348
-301
-261
-179
-101
-22
62
119
146
172
221
278
366
452
524
560
571
561
558
578
607
640
690
719
731
739
722
723
722
706
684
651
625
564
472
404
319
249
187
147
84
19
-30
-101
-166
-220
-244
-287
-323
-356
-409
-481
-556
-613
-683
-717
-707
-694
-683
-665
-653
-667
-676
-662
-668
-669
-626
-578
-502
-425
-362
-327
-273
-197
-125
-47
7
45
66
104
145
197
252
317
381
442
466
489
514
545
592
627
644
613
565
515
469
418
372
324
309
276
243
220
179
127
74
60
49
37
14
-3
-29
-87
-140
-185
-237
-294
-329
-356
-367
-393
-405
-422
-441
-426
-407
-380
-373
-377
-390
-424
-435
-427
-416
-382
-329
-270
-202
-126
-83
-29
18
57
102
150
222
266
284
333
362
371
412
450
470
478
487
471
473
448
418
409
396
418
412
373
326
286
242
190
134
77
30
-11
-64
-84
-91
-145
-196
-222
-219
-194
-173
-163
-173
-200
-231
-254
-274
-258
-251
-260
-278
-279
-271
-258
-247
-227
-227
-217
-214
-206
-182
-158
-106
-63
-31
5
17
7
12
2
-5
8
22
44
103
142
166
188
222
246
260
289
296
280
248
210
183
158
126
108
70
47
30
11
-5
-32
-75
-122
-148
-173
-171
-168
-192
-201
-203
-215
-190
-184
-185
-179
-189
-193
-201
-208
-194
-174
-180
-163
-120
-93
-79
-47
-24
-32
-23
-3
14
44
66
71
70
60
59
49
55
85
134
171
197
204
189
192
190
197
233
265
279
294
287
255
236
204
189
194
201
189
176
159
132
98
56
33
51
72
76
56
29
-22
-56
-76
-98
-85
-77
-69
-69
-76
-91
-115
-121
-104
-84
-73
-70
-60
-53
-65
-60
-50
-64
-76
-43
22
51
51
34
-5
-56
-97
-96
-106
-92
-60
-57
-54
-69
-84
-117
-113
-111
-101
-81
-81
-87
-90
-99
-113
-137
-148
-142
-140
-118
-105
-103
-102
-93
-83
-87
-73
-53
-60
-60
-59
-34
-17
-20
3
24
29
17
11
-13
-11
3
15
37
23
24
21
21
29
46
81
97
105
107
117
134
138
144
146
152
151
144
126
94
71
66
80
112
131
122
93
53
29
14
10
-6
-21
-18
-14
-26
-27
-39
-30
-21
-2
7
-1
-26
-61
-81
-97
-85
-86
-60
-51
-42
-19
-20
-26
-22
-15
-16
-6
0
8
-1
-10
-8
-9
4
23
37
65
48
15
4
-15
-31
-17
4
28
43
45
32
40
55
41
44
73
98
86
67
33
0
-17
-22
-16
0
33
58
62
43
24
3
-5
3
11
37
48
23
11
2
-14
-12
-13
-16
-40
-43
-31
-22
-16
-27
-36
-18
5
-5
-1
-29
-74
-88
-90
-62
-36
-38
-55
-69
-78
-101
-110
-131
-122
-115
-95
-74
-63
-55
-68
-59
-64
-64
-64
-58
-62
-42
-64
-58
-29
-33
-32
-6
18
42
55
49
45
61
65
65
82
91
105
116
133
161
190
173
179
169
158
156
153
153
139
144
155
160
163
139
110
84
50
63
58
39
19
-13
-52
-89
-141
-147
-125
-140
-150
-137
-141
-148
-165
-188
-190
-181
-160
-152
-125
-110
-121
-133
-143
-147
-127
-121
-116
-99
-81
-73
-61
-46
-46
-36
-30
-15
-3
-5
-5
-2
10
12
24
46
65
93
121
108
116
132
117
107
102
104
109
104
102
93
83
74
63
43
11
-4
-13
-32
-32
-37
-40
-43
-51
-63
-74
-76
-86
-69
-54
-39
-25
-3
26
54
85
103
108
96
90
81
83
63
79
107
116
111
105
94
82
66
67
71
51
50
38
35
9
0
20
42
49
49
46
39
35
13
-2
-2
-23
-48
-46
-40
-44
-45
-56
-36
-27
-41
-16
-7
-65
-119
-144
-158
-161
-161
-143
-128
-98
-85
-82
-88
-108
-132
-110
-83
-81
-55
-44
-34
-17
13
51
68
58
66
77
65
71
65
50
55
61
76
75
61
61
70
79
89
102
122
124
110
96
87
69
46
38
27
19
-6
-20
-30
-22
-22
-24
-18
-13
-12
-14
-10
-26
-63
-92
-113
-114
-98
-81
-80
-88
-97
-127
-140
-146
-133
-122
-109
-94
-79
-88
-90
-69
-84
-82
-67
-62
-53
-51
-58
-64
-63
-56
-49
-34
-13
8
38
59
59
72
98
93
96
105
117
124
136
140
131
139
144
157
135
132
129
100
89
73
71
72
78
112
127
121
101
63
43
32
41
56
39
9
-15
-27
-28
-16
-33
-45
-64
-100
-100
-101
-119
-122
-120
-133
-118
-106
-105
-90
-87
-99
-107
-103
-89
-63
-59
-44
-42
-60
-45
-26
5
32
40
33
27
20
16
31
61
74
105
127
114
113
101
97
103
93
93
104
107
95
94
96
79
83
100
113
107
99
71
13
-25
-37
-48
-66
-49
-41
-38
-45
-64
-52
-58
-77
-96
-107
-126
-149
-136
-120
-117
-101
-85
-73
-76
-77
-62
-65
-75
-87
-81
-74
-66
-56
-57
-81
-85
-75
-73
-58
-39
-11
-2
8
7
14
16
4
-4
-22
-3
20
30
31
25
8
8
9
34
63
69
76
86
90
77
53
36
42
45
57
61
36
18
8
13
22
32
45
44
60
49
39
44
51
60
87
87
79
71
42
23
5
8
27
40
49
64
69
70
68
85
108
125
123
78
49
35
25
15
-3
-12
-38
-61
-50
-39
-21
2
6
9
6
2
-12
-14
-14
-29
-38
-59
-75
-94
-101
-87
-70
-44
-54
-48
-60
-64
-56
-66
-67
-75
-71
-75
-84
-91
-111
-94
-75
-53
-26
-16
-29
-22
-42
-42
-14
-24
-18
12
17
22
49
43
64
73
89
106
89
63
28
-9
-41
-51
-46
-42
-42
-32
-24
-21
-30
-35
-46
-59
-61
-47
-47
-54
-58
-73
