SAMPLES:	11176
BITSPERSAMPLE:	16
CHANNELS:	1
SAMPLERATE:	16000
NORMALIZED:	FALSE
-34
-4
-33
-15
-19
-13
-19
5
-6
14
13
-14
11
-21
2
-25
26
5
21
25
18
28
14
28
9
24
14
20
22
22
18
31
22
18
40
33
20
25
38
22
19
46
25
3
31
25
14
35
38
39
35
45
32
22
22
20
43
13
62
25
38
24
21
25
2
49
17
31
25
6
42
-2
48
24
16
33
-4
13
-9
-12
10
-18
-14
19
-12
0
-2
-6
-23
-26
-44
-14
-32
-8
-21
-31
-32
-50
-28
-44
-17
-35
-25
-36
-67
-36
-69
-74
-44
-76
10
-69
-18
-20
-28
-10
-12
-16
5
-21
-16
-5
-41
16
-51
-6
6
-4
41
1
36
42
-8
84
1
52
51
-6
78
4
59
29
7
57
-8
39
17
31
22
20
12
14
18
-13
22
-11
2
-9
4
-13
-24
10
-54
11
-31
-30
-3
-48
-22
-60
-47
-52
-60
-37
-48
-38
-40
-7
-55
8
-35
-28
-13
-68
-9
-54
-40
-16
-40
30
-47
-3
-5
-26
12
-15
17
-12
15
11
-1
17
10
-10
3
15
-11
25
29
-5
42
16
8
22
17
20
6
13
29
-31
31
16
-3
43
-1
39
-8
14
24
-14
16
19
-20
11
-4
-6
12
7
35
22
5
24
15
-1
40
26
26
43
6
18
12
-4
45
-7
30
40
-4
10
-19
9
-25
18
5
-21
-6
-21
-18
-14
16
1
12
22
-20
-5
-14
-28
-24
12
-12
14
6
-11
16
-9
14
15
-12
29
-22
8
24
-41
68
-4
15
65
1
48
28
21
57
22
68
44
19
56
54
13
37
44
9
35
-26
27
23
-41
67
-58
45
7
-27
42
-71
50
-56
-12
-13
-9
-23
-26
-16
-54
-37
-40
-5
-51
11
-59
-46
-13
-52
-17
-12
-23
-35
-43
13
-19
-33
6
-35
-25
-51
-13
-48
-26
-31
-56
6
-89
2
-65
-21
0
-60
32
-15
-15
-6
-13
-1
-19
-18
28
-29
-11
31
-58
-6
4
-16
-5
2
-25
-21
-33
-41
12
-23
-14
22
-53
48
-17
-3
40
-4
51
-28
14
58
-51
70
-4
28
25
-1
77
-12
51
38
0
47
-2
30
19
12
37
21
36
27
50
16
66
-2
46
12
1
41
-15
74
-10
50
49
12
28
28
32
29
62
9
2
-5
11
-27
-47
40
-52
-15
12
-33
4
-18
-25
1
-63
5
-47
-43
-6
-85
-7
-71
-40
13
-41
-3
-7
-18
-20
-14
-19
-9
-19
-7
-37
-46
-19
-12
-31
16
-2
-36
-5
-35
24
-41
45
-41
-20
55
-26
54
6
35
-4
-2
20
-27
40
16
17
-32
0
-61
-5
9
21
25
59
-34
3
33
-13
30
-5
68
-17
-12
21
-6
30
-20
27
-18
39
-9
27
8
43
11
-14
29
-26
14
-24
31
-38
45
-3
19
57
9
28
-13
57
12
44
46
25
24
-20
35
5
46
33
-39
44
-46
-28
47
-28
27
-8
20
-19
21
-24
56
-88
-3
-31
-102
21
-59
27
-31
-10
0
7
0
50
-42
2
-15
-49
-6
-33
-19
-24
-20
11
-21
30
50
-56
61
-23
39
-14
18
26
-48
28
-32
-9
53
-14
38
17
13
50
-15
48
10
8
24
-8
28
-22
17
-58
13
20
-43
50
-29
3
-4
-29
-13
-60
22
-75
-41
-77
1
-121
-33
-24
-88
-2
-45
-35
-24
-75
7
-80
-95
-12
-143
-7
-52
-92
-4
-87
-52
-46
-39
18
-53
-32
21
-76
-30
-2
-39
66
-11
42
-7
8
89
-52
75
50
54
65
39
74
31
100
44
85
94
70
77
87
113
62
85
120
42
107
54
79
23
37
67
66
78
4
58
-21
23
1
20
31
-60
21
-72
-18
6
-62
-21
-65
-13
-18
-45
45
-55
5
-27
-37
-20
-34
-20
-56
19
0
9
8
-2
-7
-35
-13
11
21
-12
17
-50
-14
-15
-20
16
23
0
7
2
23
12
20
13
8
-34
-15
55
-28
54
20
28
18
47
-1
28
61
10
29
-15
1
-18
-68
14
-38
-11
-1
-63
13
-60
-77
-24
-115
-34
-93
-91
-36
-89
-75
-2
-87
27
-93
-19
-17
-93
-29
-44
-96
22
-82
2
0
-43
20
-65
47
32
18
81
37
21
59
63
44
118
16
104
71
59
154
65
88
58
40
67
96
55
124
42
56
50
-62
71
-34
16
-71
50
-57
-30
-59
-106
-35
-100
-56
-66
-35
-62
-62
-86
-18
-126
-45
-89
-86
-76
-56
-134
3
-89
-66
-35
-80
-28
-109
2
-33
16
46
-1
46
-8
5
11
26
74
26
43
49
34
51
33
84
92
79
101
45
98
39
50
49
46
117
65
84
84
69
80
25
61
10
16
31
-1
86
51
-9
92
-30
60
1
-17
17
-62
-18
-14
-10
-7
-22
-73
-21
-80
-22
-36
-7
-48
-37
-71
-81
-24
-149
-2
-105
-67
-52
-121
-5
-69
-43
-7
-18
-12
-15
-41
-29
-65
-37
-91
-30
-61
-66
-50
-20
10
-51
79
-68
96
-31
10
66
-21
83
-33
84
14
47
64
57
79
57
60
54
72
119
77
120
93
93
87
12
96
-15
1
1
-29
31
-74
43
-25
-86
3
-87
-53
2
-64
-53
-55
-94
-80
-56
-70
-40
-116
-29
-68
-87
-11
-93
-18
-37
-34
55
-75
58
-2
-33
58
-21
85
-29
55
29
35
20
93
17
60
55
52
96
12
159
2
101
69
43
91
29
162
-6
129
85
1
73
3
64
8
30
76
-26
-37
10
-37
-1
113
24
72
6
-19
33
-23
-24
88
-39
68
-30
-45
-6
-30
-79
37
-48
88
-82
10
-9
-136
-12
-58
0
-72
-49
-98
-156
-85
-124
-49
-64
-71
-26
-51
-79
-26
-110
-53
-73
-163
-23
-188
-88
-29
-189
47
-154
-35
-64
-170
65
-171
12
-83
-87
-46
-85
-79
-51
37
-33
20
-28
8
-3
58
43
78
50
131
26
70
56
94
31
67
65
68
158
11
228
26
180
119
50
135
70
37
76
11
12
84
-37
103
26
31
124
-50
117
20
-25
148
-104
47
36
-139
66
-136
50
16
-71
87
-147
-27
-91
-138
-32
-62
-68
10
-78
42
-32
-36
14
-130
13
-66
-24
-1
-66
53
-34
50
125
78
74
188
22
103
108
-4
239
-69
227
150
55
280
44
186
49
143
102
133
58
91
10
35
77
-20
91
-21
9
-37
56
-13
-1
-39
-65
-132
-126
-107
-159
-147
-194
-105
-219
-109
-168
-100
-153
-124
-98
-128
-37
-145
-72
-94
-64
-116
-64
-56
-20
-34
-1
-15
20
25
30
73
56
90
106
96
11
116
-27
12
49
-22
132
-77
86
-16
-98
137
-94
-7
-64
-130
-96
-175
-80
-81
-74
-92
-77
-136
-187
-97
-243
-36
-184
-107
-116
-148
-45
-192
-28
-101
-64
23
-64
131
-45
65
28
129
61
144
204
99
160
114
241
-8
281
193
58
372
-19
319
6
200
205
45
225
31
108
55
150
55
220
-49
89
42
-42
146
-77
53
42
-132
61
-105
21
-46
-163
-39
-125
-73
-44
-15
-93
-63
-90
-127
-29
-49
23
-166
-72
-47
-144
53
-66
113
-110
119
-25
-54
67
-88
126
-58
81
66
82
2
66
-88
149
71
-16
250
-46
127
-63
21
155
-48
112
55
-38
71
-120
41
-26
-89
129
-149
88
-130
60
-133
2
-22
-44
-16
-112
39
-267
45
-197
-22
-77
-28
-60
-67
-1
-91
-23
-93
46
-147
84
-35
33
12
-17
67
-130
-7
-5
-15
133
13
47
-24
-126
44
-89
130
17
-14
96
-106
31
-26
91
51
47
51
10
-23
19
-16
128
52
34
104
18
59
-71
-15
110
-26
78
111
61
11
-51
-32
3
-41
92
90
4
108
-150
-125
-1
-75
64
-72
-22
-30
-160
63
-144
82
-35
20
-3
-74
82
-154
-91
-101
11
-26
35
-22
-16
-158
-105
-64
-188
206
-99
66
-202
-143
-96
-295
-140
15
-36
-51
-74
-11
-18
-130
99
-3
42
17
-5
9
-18
10
8
92
89
161
20
203
34
104
132
94
285
-88
197
89
88
145
193
241
125
150
6
141
-91
219
-25
147
81
-60
135
72
120
120
-9
126
-42
-191
58
-154
37
-53
-71
7
-280
-49
-118
-176
71
-72
-146
-83
-248
-126
-147
-139
76
-180
43
-120
-255
-91
-149
-73
28
-1
137
66
48
1
7
-13
218
41
139
212
-1
199
-124
215
130
131
323
-41
295
-69
-21
72
84
321
75
130
229
-132
243
27
124
76
28
120
-127
-89
-120
-121
-86
-65
11
-96
-103
-199
-262
-153
-231
-131
-183
-205
-263
-388
-320
-346
-241
-160
-137
-212
-135
-99
-299
-122
-168
-169
-100
-204
65
-67
-238
40
-114
31
87
-49
245
-60
97
140
153
207
273
82
260
68
166
298
133
284
102
177
221
107
365
302
169
314
101
256
116
211
236
107
154
-42
72
-59
239
-62
210
-19
60
-43
-118
178
-266
221
-294
95
-205
-138
-27
-365
97
-394
273
-254
173
-82
-209
34
-294
97
4
-35
65
-272
-111
-135
-262
47
-97
65
-105
35
-29
12
-167
-51
-6
-267
203
-237
44
-101
-119
32
-76
100
9
-28
40
137
-213
155
-106
-92
-10
-218
116
-201
-31
30
-140
-25
106
27
156
48
81
1
77
93
99
133
-23
135
-236
186
124
-38
237
-93
128
-108
-26
264
13
105
158
92
11
-75
-86
-58
-94
99
103
137
119
-30
-75
-31
39
-32
37
185
-225
47
-127
-30
8
-200
110
-170
-188
48
-137
-71
228
-119
219
-11
-54
136
-262
143
-18
-219
73
80
-40
144
-9
245
43
-5
300
-101
134
34
-24
101
70
112
241
142
359
95
112
169
-164
263
20
17
39
-153
197
-209
45
173
-140
38
-123
-73
-62
-145
-11
-5
-264
111
-320
-7
-121
-130
-8
-376
18
-329
-260
-122
-256
-220
-113
-128
37
-275
-94
-72
-460
-34
-449
173
-111
-43
-79
-204
-70
-250
13
-63
86
-143
183
-355
137
-120
-249
221
-122
326
-297
87
-90
-226
148
101
40
86
188
58
36
146
298
-86
165
-22
-4
-43
12
300
-123
319
92
23
98
364
-58
232
106
34
118
-83
343
-138
26
224
94
232
270
259
80
74
115
12
111
153
132
132
147
112
55
105
152
295
15
331
66
87
-35
88
79
-53
111
-58
-35
-68
-169
9
-124
-76
-120
-273
-29
-125
-67
25
-2
-150
-205
-155
-103
-164
-99
-9
-64
-164
67
44
-24
98
96
27
-25
49
-53
97
-111
46
-66
-99
80
-75
64
107
7
27
-113
-30
203
-225
128
14
-183
-122
-185
-10
-66
-122
163
-238
-30
-77
-308
136
-129
-48
-35
-432
137
-412
40
24
-302
33
-188
64
-64
-37
168
-83
16
172
-44
61
73
-27
-77
97
183
-106
-34
190
-14
-22
168
112
198
115
26
97
-79
175
112
-100
372
-98
-81
69
-57
189
-141
170
134
-355
6
-220
-283
-38
-142
-114
-187
-119
-185
-312
-26
59
-310
-33
-73
-135
-109
-58
109
-128
-102
102
-215
-85
-67
-89
224
-42
91
-55
-217
183
-133
48
330
-110
118
115
-130
475
-264
282
178
-50
576
-368
323
265
-153
190
165
189
274
-35
388
184
23
324
-28
234
22
-55
182
-72
125
62
158
22
80
119
-39
-32
-84
-67
-118
-108
-287
-133
-254
-57
-24
5
181
-83
8
58
-201
158
-91
21
136
-173
237
-68
24
158
-37
188
61
61
140
-153
64
128
-143
230
300
53
327
121
125
116
-206
405
-239
136
164
-156
31
0
2
24
-141
159
15
-137
142
-118
-157
-65
-299
-30
-91
44
-19
-277
-22
-391
-208
-326
-118
-161
-321
-173
-274
-90
-208
-91
-111
-1
-215
26
-210
-219
-123
-205
-58
-202
-112
133
-366
18
-127
-153
200
-238
136
-120
-79
127
-228
86
97
-8
274
-45
155
51
-43
180
-133
211
43
-148
138
-77
-22
16
-88
268
-16
79
183
-80
140
32
-82
170
-20
217
7
-66
73
-38
-25
139
156
243
95
112
226
20
48
113
195
86
39
-12
178
-5
56
150
52
318
-19
97
149
-90
49
-152
73
40
-122
94
-35
-106
-49
-172
10
92
-34
-14
-21
80
-145
38
29
56
-98
37
67
-78
-204
134
-267
-15
339
-128
219
-22
4
44
-289
384
-45
143
207
-54
-81
187
57
114
137
-22
204
-406
389
-98
-105
125
-188
252
-190
21
157
-336
181
17
-85
127
-214
126
-89
-46
85
-259
6
-22
-238
-224
-100
-120
-176
-230
156
-128
-262
59
-18
-108
-141
-118
-146
-416
167
-169
-286
154
-103
3
-190
251
-180
-154
32
-65
93
-93
186
-23
-2
131
-4
-203
259
-30
-112
102
95
116
-218
-69
346
-276
332
150
4
71
-146
183
-163
64
55
-197
-12
91
148
-20
145
204
-33
6
95
-128
-110
-26
-65
-34
-153
-35
36
-136
182
177
49
239
84
5
-57
-58
35
-72
5
96
-9
33
-30
154
-4
72
107
47
12
137
81
118
39
224
32
-50
47
-127
-20
-159
237
-92
166
202
-76
-62
67
-71
207
181
94
26
-140
43
-13
82
270
-19
83
-150
-86
-138
-117
-10
-43
-7
-200
-39
-11
-45
150
104
-79
236
-88
-158
-127
-11
80
-348
61
7
-242
112
-121
-28
67
31
66
-47
-223
44
-146
-207
110
-56
98
-318
35
-125
-112
194
-163
-59
59
-187
-98
12
51
-36
-114
145
-253
-63
118
-67
-141
11
276
-73
-183
230
-21
-234
189
76
105
-18
-87
207
-461
255
56
-277
121
92
-294
-173
-252
24
-296
-291
493
-241
-136
193
-327
-263
67
0
10
-66
284
-116
-470
464
33
-119
274
72
-61
-74
73
27
-257
137
257
-88
162
285
192
3
143
271
311
285
448
155
47
230
42
204
367
323
243
192
14
166
-173
1
96
119
374
45
106
3
-167
-56
-16
137
152
18
-64
-199
-359
-102
-121
252
281
75
147
-342
-280
-213
-138
146
133
99
91
-129
-239
-184
-101
-21
11
134
120
-271
-195
-287
-215
-28
70
174
-1
-127
-155
-334
-184
-43
-9
-17
-217
-102
-34
-156
-74
63
80
263
31
256
219
-119
-26
10
-73
99
-38
-113
-185
-255
-194
-215
-95
57
6
-112
20
-80
-168
-33
-4
61
178
146
92
-122
-233
-269
-149
-15
-4
-96
-98
-244
-408
-360
-179
-120
-4
131
-157
-369
-62
27
142
232
253
104
-326
-69
-90
-173
64
30
192
200
72
140
117
40
23
29
73
38
184
257
201
306
245
270
319
380
367
261
229
156
179
16
182
82
255
386
380
213
53
-77
-255
-190
-134
13
53
32
-4
-334
-184
-161
-119
132
71
21
17
-200
-355
-284
-292
-205
-140
-144
-152
-282
-441
-226
-113
-46
71
98
91
66
-11
104
172
227
286
288
153
14
-106
-15
147
241
389
339
159
-4
-123
-111
-54
83
105
121
86
136
211
138
164
271
161
88
176
103
-29
-217
-120
-91
-61
82
0
-152
-157
-233
-312
-239
-97
-148
-208
-232
-290
-494
-400
-299
-152
-75
-59
-98
-297
-390
-388
-322
-173
53
143
201
38
11
-82
-166
1
167
207
307
254
127
8
58
229
296
411
400
354
159
4
6
148
185
294
297
222
-34
-100
-50
8
122
294
187
151
-43
-150
-180
-185
-163
-154
-133
-305
-405
-454
-563
-620
-480
-335
-402
-469
-520
-636
-706
-510
-331
-286
-240
-274
-402
-531
-497
-432
-226
-133
59
-111
-185
-107
-73
130
239
219
109
71
545
1130
1497
1824
1867
1908
1892
1803
2090
1900
1758
1598
1193
1002
497
176
6
-55
137
56
-197
-363
-828
-1068
-1224
-1244
-1101
-1063
-1092
-1365
-1592
-1800
-1705
-1509
-1270
-910
-861
-875
-1024
-1128
-1120
-1066
-773
-593
-527
-608
-725
-804
-815
-740
-527
-595
-664
-610
-560
-602
-257
809
1490
2109
2455
2436
2068
2180
2995
3301
3512
3396
2692
1907
1236
859
706
976
1342
1305
1010
142
-941
-1459
-1557
-1262
-903
-654
-955
-1610
-2099
-2635
-2470
-1803
-1062
-350
-262
-668
-1254
-1631
-1553
-1239
-434
113
0
-182
-845
-1644
-1761
-1427
-1023
-485
-230
-590
-1188
-1668
-1811
-1662
-962
-218
833
1602
1737
1540
1461
1958
2248
3327
4294
4252
3684
2841
1976
1163
938
1268
1491
1696
1449
575
-390
-1382
-1782
-1838
-1425
-1123
-972
-1174
-1954
-2426
-2553
-2152
-1398
-570
-226
-219
-579
-904
-1005
-857
-434
-39
313
250
-141
-724
-1078
-1278
-1086
-913
-929
-990
-1137
-1385
-1778
-1776
-1554
-1287
-851
-308
565
1183
1682
2108
2256
2663
2791
3366
3980
3947
3760
2923
2157
1450
857
843
840
949
629
-49
-943
-1951
-2384
-2428
-2021
-1461
-1227
-1225
-1581
-1981
-2070
-1650
-796
128
709
890
402
-227
-625
-575
35
520
843
650
-25
-862
-1526
-1750
-1533
-1078
-972
-1223
-1591
-2147
-2581
-2370
-1916
-1371
-857
-535
23
649
1248
1880
2302
3028
3229
3394
3883
3847
3536
2839
2235
1592
886
353
180
46
-261
-767
-1176
-1710
-2166
-2225
-1979
-1698
-1301
-787
-635
-734
-724
-582
-363
305
1079
1395
1440
1135
541
283
87
197
407
234
-61
-697
-1251
-1683
-1929
-1613
-1466
-1575
-1810
-1970
-2060
-2184
-1865
-1463
-1075
-626
-274
296
1169
1847
2284
2741
3239
3326
3367
3786
3696
2928
2271
1418
521
-177
-790
-916
-936
-1005
-1313
-1663
-2141
-2578
-2361
-1717
-1207
-682
-196
-101
-220
-192
-65
344
1154
1653
1797
1701
1084
373
7
75
109
147
206
-354
-985
-1450
-1833
-1814
-1501
-1388
-1516
-1821
-1979
-1875
-1579
-1217
-911
-526
-216
146
584
1619
2433
2883
3317
3448
3306
2955
3248
3269
2556
1915
1071
-14
-742
-1247
-1463
-1663
-1641
-1723
-2011
-2301
-2615
-2245
-1506
-811
-279
173
289
-45
-1
345
513
1096
1633
1745
1315
539
-187
-563
-518
-275
-137
-409
-1097
-1692
-1907
-2072
-2043
-1654
-1411
-1598
-1910
-2052
-1995
-1662
-877
-173
166
240
271
376
1105
2256
3021
3523
3742
3435
2617
2244
2506
2306
1883
1410
388
-645
-1536
-1894
-1882
-1568
-1340
-1257
-1293
-1757
-1821
-1369
-589
182
1021
1519
1283
977
858
687
829
1145
1542
1516
1021
191
-706
-1006
-1087
-736
-467
-736
-1330
-1842
-2121
-2243
-1988
-1509
-1314
-1279
-1480
-1498
-1346
-925
-336
99
417
434
502
715
1367
2229
2905
3211
3139
2712
2027
1744
1950
1830
1394
665
-373
-1396
-2245
-2446
-2244
-1803
-1202
-902
-933
-1248
-1242
-602
155
977
1577
1722
1382
910
709
702
1055
1282
1137
707
-14
-860
-1388
-1273
-1086
-929
-963
-1282
-1589
-1835
-1944
-1744
-1330
-944
-865
-1026
-1355
-1433
-950
-222
361
568
549
350
291
656
1537
2423
2798
2901
2725
2106
1399
1295
1721
1573
1107
378
-933
-1876
-2235
-1912
-1465
-933
-609
-485
-490
-741
-580
103
827
1519
1945
1806
1103
509
365
224
485
600
453
77
-279
-961
-1497
-1471
-1214
-825
-866
-925
-1316
-1730
-1839
-1586
-1102
-859
-923
-966
-1103
-1115
-758
-74
447
527
562
347
178
253
971
1947
2342
2380
2133
1928
1167
487
1178
1445
1038
311
-97
-1047
-2082
-1865
-1274
-630
-337
-94
-101
-412
-528
-48
821
1240
1251
1427
1138
443
213
353
285
231
221
-141
-724
-1162
-1218
-958
-479
-368
-668
-1064
-1366
-1398
-894
-438
-162
-55
-319
-890
-1294
-1292
-814
-14
651
814
412
-28
-448
-522
133
1494
2447
2732
2424
1843
874
290
915
1464
1541
779
4
-812
-1740
-1877
-1420
-567
-175
-175
-72
-466
-799
-446
530
1046
1025
881
387
-147
-404
-220
95
279
146
-162
-648
-1179
-1357
-811
-182
-93
-401
-870
-1344
-1408
-1002
-470
-91
-46
-409
-1099
-1656
-1903
-1400
-351
506
769
558
39
-449
-527
111
1365
2358
2746
2583
2198
1419
738
1366
2096
2044
1614
795
-151
-1187
-1388
-964
-478
78
91
-86
-454
-931
-668
206
964
1168
1069
593
-288
-471
-222
171
457
453
204
-364
-845
-1203
-952
-505
-328
-423
-826
-1408
-1720
-1449
-940
-574
-357
-622
-1323
-1960
-2102
-1633
-710
282
612
357
-149
-707
-864
-436
715
1999
2614
2645
2094
1363
787
877
1843
2384
2054
1192
229
-640
-1334
-1120
-504
-69
86
9
-179
-517
-538
38
833
1241
1073
709
133
-352
-284
106
556
627
437
-50
-734
-1176
-1205
-697
-295
-383
-730
-1288
-1765
-1678
-1149
-710
-459
-537
-972
-1645
-2052
-1866
-1183
-198
454
531
169
-272
-558
-449
33
962
1992
2404
2140
1497
1153
654
892
1762
2027
1641
843
195
-615
-1107
-1072
-761
-257
-91
-169
-320
-488
-381
125
849
963
793
592
326
106
219
644
754
722
368
-87
-526
-832
-722
-389
-170
-427
-695
-925
-1183
-1023
-646
-316
-251
-412
-815
-1367
-1591
-1397
-739
98
495
322
-81
-431
-586
-443
-6
888
1716
1986
1779
1305
866
487
790
1575
1794
1410
609
-290
-942
-1516
-1511
-1037
-593
-566
-687
-672
-808
-748
-213
435
707
624
428
295
270
374
570
817
742
470
169
-167
-421
-402
-105
-1
-184
-472
-837
-996
-871
-534
-84
100
-92
-548
-1032
-1308
-1199
-622
153
562
432
50
-337
-471
-313
169
1065
1906
2198
1806
1255
879
435
713
1471
1639
1041
158
-531
-1222
-1573
-1488
-1083
-709
-711
-818
-747
-770
-789
-225
471
698
598
511
443
388
490
681
747
728
453
256
50
-250
-266
-229
-228
-466
-734
-984
-1117
-934
-619
-338
-353
-483
-707
-1059
-1186
-1021
-620
19
413
328
-54
-353
-442
-280
224
1010
1775
2073
1842
1347
1078
650
622
1267
1570
1273
456
-305
-1016
-1663
-1616
-1173
-590
-278
-309
-366
-562
-545
-265
367
799
821
854
769
555
373
380
382
480
566
294
-36
-332
-610
-833
-747
-613
-849
-983
-1036
-958
-810
-660
-454
-347
-385
-802
-1023
-898
-709
-174
315
408
73
-196
-294
-373
-205
232
1052
1639
1648
1142
682
318
291
1077
1733
1630
812
10
-547
-867
-831
-664
-182
236
217
108
22
-110
-72
553
1079
1062
879
657
483
361
388
483
534
458
73
-310
-618
-920
-966
-833
-768
-923
-1140
-1231
-1142
-880
-554
-371
-319
-452
-839
-1241
-1425
-1270
-908
-287
158
110
-293
-710
-837
-662
-344
252
1021
1356
1065
698
684
619
813
1520
1997
1714
1088
435
6
-268
-315
-2
478
647
489
509
472
344
456
875
995
774
544
344
211
188
222
336
302
4
-429
-631
-821
-1019
-944
-795
-676
-820
-999
-1003
-924
-711
-514
-390
-488
-877
-1388
-1728
-1689
-1497
-1079
-545
-312
-528
-975
-1214
-1130
-737
-319
334
1035
1220
1069
1043
1239
1290
1493
2112
2356
1984
1365
817
506
232
168
310
572
675
533
640
651
526
600
827
950
785
680
585
561
572
525
481
219
-87
-327
-356
-476
-646
-662
-606
-548
-658
-815
-990
-1065
-914
-839
-886
-1040
-1309
-1565
-1713
-1606
-1586
-1415
-1081
-944
-1008
-1147
-1127
-1001
-695
-400
-115
329
695
969
1150
1300
1131
1057
1537
1906
1918
1524
926
377
149
198
142
310
434
300
357
448
274
134
278
415
493
537
384
214
241
197
88
66
-2
-98
-105
-141
-372
-530
-508
-418
-414
-632
-855
-885
-834
-790
-803
-910
-1133
-1440
-1572
-1627
-1666
-1564
-1223
-796
-554
-574
-672
-627
-374
23
319
724
1148
1405
1474
1528
1585
1482
1554
1856
2023
1826
1265
782
634
591
459
471
709
659
457
402
345
250
231
406
555
486
224
11
39
1
-162
-197
-201
-357
-453
-468
-582
-746
-802
-722
-540
-564
-823
-894
-865
-913
-1016
-1059
-1147
-1344
-1538
-1648
-1556
-1419
-1276
-889
-416
-277
-403
-469
-358
-148
120
409
908
1408
1520
1513
1539
1467
1353
1652
2110
2181
1848
1325
983
851
721
511
407
388
212
116
140
38
-137
-120
-14
67
4
-230
-366
-192
-48
-49
-3
-63
-234
-344
-353
-413
-449
-537
-622
-617
-800
-1107
-1260
-1164
-1013
-983
-962
-1017
-1263
-1486
-1509
-1355
-1277
-1104
-861
-619
-510
-605
-565
-326
-55
168
303
461
694
884
1118
1338
1546
1508
1493
1724
1837
1838
1675
1506
1368
1159
806
431
174
5
51
220
325
171
-69
-148
-227
-239
-232
-208
-56
58
120
59
-39
-215
-311
-204
-147
-209
-356
-422
-435
-456
-640
-840
-919
-989
-1054
-1121
-1191
-1265
-1286
-1249
-1216
-1251
-1307
-1216
-901
-512
-329
-378
-419
-409
-308
-131
38
201
498
825
1069
1206
1202
1191
1300
1634
1945
1972
1788
1492
1248
1011
759
539
422
459
512
624
613
444
275
167
136
130
168
138
101
192
233
188
86
-63
-230
-285
-258
-239
-250
-304
-428
-597
-889
-1191
-1306
-1277
-1184
-1135
-1096
-1116
-1259
-1410
-1446
-1432
-1372
-1224
-1009
-702
-473
-431
-396
-272
-60
100
256
367
523
772
1029
1208
1269
1298
1304
1409
1645
1727
1597
1353
1075
851
664
498
335
367
407
399
422
327
180
73
77
179
315
306
206
179
140
11
-163
-331
-451
-544
-567
-548
-629
-836
-1090
-1218
-1256
-1331
-1386
-1401
-1339
-1279
-1178
-1091
-1029
-986
-985
-950
-840
-759
-652
-416
-145
73
185
170
146
203
287
413
557
666
751
932
1074
1045
1120
1209
1227
1357
1506
1458
1245
999
740
601
553
463
453
573
610
578
605
548
351
230
233
276
283
166
-5
-71
-137
-357
-577
-661
-729
-781
-701
-674
-760
-871
-954
-954
-877
-839
-815
-691
-570
-524
-504
-498
-523
-560
-524
-429
-367
-361
-357
-296
-148
-20
35
73
38
-3
-12
5
11
-22
-13
131
390
642
759
892
1006
1008
1039
1095
1070
921
784
745
756
771
717
651
613
490
351
372
374
285
154
75
30
-64
-252
-430
-519
-621
-734
-796
-812
-943
-1011
-891
-732
-628
-612
-633
-643
-613
-652
-619
-515
-435
-370
-302
-233
-334
-491
-590
-587
-605
-583
-473
-387
-298
-156
-77
-87
-120
-132
-68
59
165
222
236
329
489
646
775
876
1000
1099
1173
1274
1286
1156
1018
906
850
777
630
534
516
521
535
476
330
148
-97
-274
-289
-267
-265
-241
-194
-191
-247
-371
-510
-598
-596
-520
-408
-358
-376
-415
-469
-503
-533
-556
-612
-636
-657
-676
-669
-644
-664
-627
-539
-429
-378
-417
-420
-355
-209
-99
-3
74
77
74
152
256
246
180
146
206
302
422
579
689
806
856
912
1009
1015
925
876
860
882
885
781
669
603
580
529
519
502
396
205
54
-26
-85
-171
-225
-278
-305
-333
-405
-466
-495
-521
-551
-561
-569
-586
-638
-686
-709
-720
-757
-727
-616
-543
-553
-591
-585
-602
-611
-559
-525
-502
-488
-414
-337
-282
-245
-208
-119
-10
32
36
73
153
220
235
178
194
338
555
837
1011
1060
1046
1109
1207
1214
1088
906
756
612
541
519
391
322
316
339
332
224
53
-160
-298
-331
-353
-404
-467
-499
-557
-547
-488
-510
-541
-482
-429
-387
-356
-364
-386
-392
-397
-359
-285
-279
-305
-321
-346
-428
-467
-496
-511
-500
-546
-529
-458
-424
-352
-247
-100
29
116
190
261
368
412
435
476
440
352
325
416
558
687
762
804
832
772
782
821
765
633
521
476
407
317
216
121
97
114
126
195
215
107
17
26
-4
-56
-195
-309
-327
-340
-342
-347
-344
-329
-322
-339
-374
-424
-478
-534
-556
-541
-561
-569
-505
-464
-439
-423
-425
-439
-440
-426
-401
-317
-271
-202
-117
-68
-104
-149
-91
-7
108
198
233
198
180
153
130
130
124
203
343
441
495
520
540
579
656
763
790
767
686
613
579
495
340
199
128
31
-5
12
11
-21
-91
-156
-193
-260
-334
-377
-384
-388
-419
-433
-398
-432
-497
-488
-428
-365
-280
-220
-217
-222
-238
-166
-41
56
129
181
198
187
157
89
34
25
34
36
36
-8
-49
-47
-27
16
82
23
-37
-38
-16
46
104
113
72
21
100
267
355
350
352
341
293
277
201
126
2
-95
-82
-10
25
-43
-121
-152
-132
-43
39
91
88
43
7
-61
-126
-180
-189
-123
-26
44
111
179
195
229
309
355
385
406
387
380
404
314
158
82
18
-44
-64
-105
-141
-208
-249
-371
-484
-546
-592
-539
-449
-350
-349
-398
-410
-442
-456
-443
-438
-411
-362
-407
-535
-671
-771
-748
-559
-315
-115
22
68
111
142
228
305
300
279
272
304
354
351
307
352
360
343
356
384
395
427
525
598
615
578
503
471
487
525
603
674
685
611
495
366
239
172
100
47
48
4
-92
-167
-168
-183
-224
-248
-329
-449
-566
-599
-583
-569
-615
-686
-802
-974
-1073
-1056
-947
-796
-685
-708
-813
-865
-880
-823
-645
-460
-299
-171
-66
47
175
284
393
551
707
784
836
837
796
725
714
729
759
802
792
853
932
953
969
994
992
939
856
805
775
743
661
580
518
423
287
182
149
100
-5
-102
-202
-289
-363
-405
-386
-383
-393
-403
-441
-572
-737
-889
-961
-972
-932
-853
-843
-893
-980
-1031
-1031
-1025
-971
-882
-781
-634
-531
-457
-418
-422
-430
-405
-308
-251
-230
-216
-111
85
308
508
616
672
752
805
852
859
818
730
656
674
711
719
680
673
682
665
670
648
602
537
448
410
350
275
209
157
132
105
67
2
-70
-141
-193
-198
-243
-278
-273
-266
-302
-371
-465
-603
-688
-675
-628
-558
-495
-481
-553
-664
-766
-803
-775
-701
-589
-540
-552
-573
-569
-438
-213
23
176
210
147
29
-55
-47
15
99
214
362
567
729
822
806
778
747
705
710
720
701
574
486
468
438
427
402
381
350
352
338
278
232
191
195
209
194
103
-19
-113
-185
-278
-349
-415
-468
-463
-383
-336
-362
-363
-391
-384
-378
-357
-355
-354
-319
-259
-221
-221
-241
-248
-194
-145
-119
-102
-102
-104
-65
-35
-34
-61
-103
-107
-91
-41
-29
-63
-118
-166
-98
11
70
81
52
47
96
193
299
322
290
249
262
317
394
391
321
241
177
167
129
63
21
40
108
232
352
381
294
162
48
-12
-8
50
145
204
217
233
188
127
124
101
80
84
70
48
69
105
122
92
35
-22
-75
-114
-173
-242
-313
-417
-538
-631
-711
-748
-731
-665
-598
-570
-623
-681
-683
-669
-614
-535
-499
-491
-479
-456
-426
-395
-325
-268
-177
24
254
476
579
654
709
714
825
946
1010
926
769
674
604
572
533
579
679
680
696
683
598
407
202
50
-84
-135
-177
-184
-162
-153
-204
-237
-216
-229
-211
-185
-168
-166
-228
-292
-313
-296
-283
-254
-179
-118
-84
-80
-86
-87
-105
-74
-53
-93
-146
-195
-221
-315
-457
-633
-727
-756
-728
-605
-455
-390
-432
-461
-445
-401
-295
-152
-67
21
180
373
532
611
688
743
741
781
814
790
668
551
513
483
440
342
311
341
314
315
327
305
192
98
101
114
127
94
55
74
84
50
71
118
98
47
5
-47
-82
-136
-145
-110
-102
-192
-337
-428
-533
-650
-669
-659
-676
-722
-711
-701
-732
-725
-705
-637
-599
-653
-736
-727
-657
-566
-389
-195
-68
-47
-63
-15
74
195
311
396
545
773
994
1183
1277
1303
1224
1154
1211
1250
1165
979
801
685
616
523
410
388
385
371
381
292
110
-122
-265
-329
-353
-377
-451
-492
-466
-474
-537
-578
-625
-642
-586
-524
-535
-604
-666
-693
-662
-593
-525
-450
-363
-346
-399
-455
-494
-517
-481
-393
-364
-338
-323
-303
-269
-260
-274
-301
-273
-216
-142
-31
57
83
-8
-121
-166
-151
-90
32
170
280
501
716
847
930
975
981
1060
1310
1444
1362
1141
881
703
603
533
463
483
551
536
638
726
610
420
296
198
118
127
64
-16
-14
-54
-123
-133
-146
-188
-195
-237
-439
-691
-901
-1055
-1160
-1216
-1241
-1247
-1206
-1214
-1245
-1263
-1277
-1312
-1313
-1180
-1047
-984
-914
-808
-673
-581
-566
-515
-428
-312
-130
121
291
306
248
241
374
588
796
986
1105
1272
1503
1702
1839
1896
1850
1723
1772
1878
1874
1675
1332
1008
747
513
296
204
246
208
253
322
210
-7
-188
-231
-315
-374
-459
-586
-701
-808
-885
-954
-974
-999
-985
-915
-926
-1070
-1242
-1292
-1213
-1149
-1078
-960
-878
-842
-847
-790
-753
-727
-684
-609
-506
-491
-500
-442
-365
-309
-245
-210
-259
-311
-270
-174
-13
90
106
40
60
212
375
584
776
1054
1375
1629
1772
1806
1744
1596
1706
1947
2035
1887
1509
1058
685
438
221
176
309
327
338
400
290
25
-202
-198
-105
-6
-21
-118
-239
-430
-607
-698
-669
-621
-553
-448
-480
-705
-981
-1168
-1219
-1181
-1079
-968
-894
-880
-962
-1028
-1063
-1064
-944
-758
-572
-515
-589
-678
-703
-667
-554
-353
-245
-234
-239
-206
-48
164
355
495
580
675
770
909
1008
1156
1470
1731
1824
1809
1787
1532
1273
1333
1386
1226
879
515
226
-25
-237
-358
-188
-37
-45
56
69
-140
-430
-406
-278
-212
-156
-272
-446
-600
-748
-795
-723
-686
-725
-583
-466
-592
-729
-773
-753
-708
-592
-413
-294
-305
-417
-448
-455
-544
-550
-401
-234
-151
-166
-196
-241
-307
-326
-256
-188
-261
-317
-284
-158
6
105
117
-8
-68
-69
58
257
496
931
1309
1463
1465
1510
1429
1325
1516
1791
1769
1451
1027
627
332
158
126
297
514
524
507
482
312
91
47
91
122
74
-75
-214
-358
-565
-725
-731
-753
-855
-901
-953
-1168
-1391
-1460
-1380
-1223
-1127
-1047
-987
-1040
-1213
-1278
-1211
-1124
-970
-753
-525
-498
-606
-679
-652
-572
-386
-117
71
99
69
87
171
332
513
627
578
498
518
625
763
910
1308
1701
1865
1869
1842
1695
1341
1292
1559
1625
1316
854
438
62
-235
-296
-95
164
150
105
109
-59
-349
-448
-309
-182
-114
-155
-269
-410
-600
-700
-623
-544
-582
-582
-524
-619
-805
-902
-878
-804
-747
-638
-458
-421
-529
-619
-560
-490
-413
-269
-176
-206
-351
-412
-363
-322
-258
-158
-44
-72
-156
-188
-189
-85
76
216
244
150
74
106
233
354
755
1220
1457
1466
1429
1419
1212
1235
1493
1559
1312
975
673
369
76
-44
9
187
250
196
122
-80
-296
-279
-1
190
269
261
119
-118
-327
-465
-480
-489
-526
-541
-596
-819
-1143
-1314
-1370
-1309
-1204
-1062
-925
-955
-1053
-1203
-1255
-1170
-1044
-823
-639
-638
-732
-749
-676
-555
-360
-185
-65
-64
-175
-207
-186
-81
151
333
396
321
260
307
468
712
1028
1543
1845
1840
1762
1715
1581
1438
1638
1834
1678
1283
919
621
363
216
277
505
672
611
550
492
324
284
508
632
544
358
100
-163
-352
-445
-494
-496
-513
-579
-576
-673
-953
-1162
-1137
-1089
-1098
-1109
-1164
-1269
-1375
-1419
-1394
-1314
-1276
-1178
-1012
-961
-1022
-1085
-1058
-996
-913
-786
-704
-762
-935
-1061
-1085
-977
-729
-350
-65
-16
-56
38
226
501
816
1354
1876
2110
2104
2042
2009
1817
1946
2308
2521
2313
1940
1612
1233
1012
896
996
1190
1194
1133
1045
804
499
400
627
681
604
465
147
-170
-476
-632
-726
-763
-821
-910
-971
-1287
-1651
-1859
-1906
-1847
-1773
-1706
-1725
-1819
-1829
-1866
-1802
-1638
-1425
-1176
-1002
-932
-1002
-1010
-923
-766
-565
-401
-342
-410
-465
-438
-337
-119
214
499
668
645
599
635
794
1111
1471
1970
2305
2327
2139
1940
1745
1569
1780
2068
1955
1548
1033
579
266
84
166
364
524
489
403
309
47
-96
69
304
393
386
207
-95
-391
-604
-648
-656
-740
-848
-943
-1136
-1461
-1672
-1632
-1503
-1365
-1296
-1290
-1365
-1439
-1442
-1392
-1306
-1214
-1057
-878
-768
-735
-708
-653
-569
-450
-334
-280
-293
-357
-400
-325
-180
46
325
470
457
349
322
397
655
924
1251
1723
1950
1966
1902
1917
1829
1810
2120
2195
1884
1430
968
596
319
238
320
486
639
564
507
351
121
135
304
394
334
223
-1
-307
-491
-630
-726
-777
-858
-917
-1048
-1296
-1599
-1810
-1830
-1770
-1640
-1480
-1328
-1240
-1196
-1177
-1203
-1106
-914
-755
-636
-583
-586
-562
-462
-351
-270
-239
-273
-347
-404
-462
-378
-136
213
492
624
639
616
668
787
1026
1307
1735
2120
2192
2016
1858
1726
1625
1815
2055
1937
1508
1050
656
334
143
146
324
513
477
301
80
-176
-262
-78
138
122
-25
-257
-544
-738
-743
-717
-705
-741
-881
-993
-1130
-1352
-1510
-1502
-1425
-1395
-1321
-1266
-1281
-1229
-1124
-1052
-967
-813
-650
-594
-509
-434
-462
-523
-582
-543
-479
-449
-429
-451
-426
-389
-217
90
344
460
481
536
602
703
906
1092
1330
1728
1967
1966
1862
1756
1614
1578
1760
1788
1522
1102
683
348
149
66
137
313
412
391
378
256
44
56
207
259
247
164
-88
-418
-629
-757
-868
-904
-915
-922
-1048
-1250
-1455
-1512
-1509
-1495
-1405
-1325
-1332
-1362
-1279
-1210
-1156
-984
-735
-527
-435
-436
-446
-437
-371
-261
-177
-141
-218
-368
-428
-373
-193
90
402
523
445
362
394
569
824
1104
1329
1654
1826
1738
1575
1482
1427
1376
1641
1837
1654
1310
942
657
357
204
266
389
594
673
694
669
464
399
457
503
471
380
286
35
-175
-303
-446
-521
-588
-620
-753
-970
-1162
-1318
-1328
-1343
-1330
-1224
-1235
-1270
-1297
-1254
-1217
-1166
-1006
-911
-937
-988
-1022
-1030
-1020
-982
-942
-932
-909
-930
-956
-860
-699
-464
-166
73
189
224
298
409
584
820
983
1265
1585
1694
1622
1603
1660
1527
1522
1684
1645
1431
1200
1101
960
758
717
826
929
932
907
925
828
709
732
740
584
436
373
195
-97
-311
-522
-702
-847
-942
-1033
-1221
-1455
-1622
-1688
-1695
-1686
-1590
-1549
-1598
-1552
-1440
-1311
-1239
-1160
-1116
-1123
-1070
-950
-806
-721
-645
-556
-539
-526
-537
-579
-505
-299
12
330
530
575
551
602
791
1002
1268
1467
1681
1920
1980
1893
1769
1784
1741
1727
1847
1712
1350
1022
813
723
683
741
826
832
818
795
792
693
589
573
513
374
221
51
-187
-444
-574
-674
-777
-876
-1029
-1189
-1350
-1471
-1571
-1598
-1583
-1589
-1593
-1658
-1746
-1769
-1730
-1611
-1466
-1327
-1240
-1177
-1118
-1077
-994
-922
-845
-804
-798
-759
-755
-730
-569
-277
41
271
417
460
435
518
697
891
1075
1173
1348
1571
1683
1755
1814
1881
1891
1908
1974
1865
1678
1524
1392
1289
1176
1088
1011
903
811
694
602
527
486
545
541
410
208
-50
-317
-524
-605
-727
-854
-970
-1170
-1416
-1562
-1630
-1736
-1733
-1663
-1604
-1563
-1569
-1590
-1550
-1457
-1328
-1126
-974
-945
-888
-804
-759
-711
-592
-453
-396
-363
-313
-311
-270
-139
63
292
431
487
473
437
488
570
738
923
1016
1208
1380
1479
1541
1576
1657
1622
1630
1627
1421
1197
945
783
665
575
594
605
604
606
577
620
544
479
448
322
259
178
109
10
-125
-206
-331
-424
-529
-708
-895
-1037
-1094
-1164
-1206
-1164
-1167
-1192
-1270
-1351
-1345
-1318
-1199
-1068
-1007
-1015
-1022
-969
-928
-857
-733
-585
-479
-434
-456
-463
-450
-343
-97
116
275
365
383
432
536
638
758
846
963
1123
1265
1335
1408
1558
1658
1700
1726
1660
1459
1185
899
682
543
451
425
358
242
156
149
202
270
326
291
214
123
-15
-156
-311
-439
-514
-596
-691
-842
-1072
-1243
-1313
-1332
-1322
-1288
-1262
-1317
-1378
-1434
-1489
-1478
-1379
-1258
-1116
-1008
-983
-923
-805
-710
-638
-527
-386
-271
-199
-175
-132
-55
96
293
435
499
506
527
625
761
931
1062
1131
1230
1341
1391
1425
1497
1603
1623
1584
1555
1461
1330
1186
1079
981
866
791
709
592
488
436
461
484
512
503
426
381
313
248
171
53
-40
-125
-234
-380
-617
-826
-959
-1029
-1076
-1175
-1310
-1469
-1575
-1620
-1611
-1547
-1459
-1405
-1355
-1299
-1269
-1227
-1177
-1064
-975
-927
-856
-768
-693
-643
-562
-453
-308
-151
-19
42
74
121
236
391
538
680
762
781
858
979
1089
1200
1343
1448
1445
1416
1388
1308
1229
1191
1191
1161
1068
974
867
745
673
663
685
701
647
530
387
313
303
262
216
144
70
-38
-176
-331
-492
-637
-730
-768
-812
-927
-1081
-1208
-1290
-1304
-1294
-1281
-1268
-1277
-1281
-1252
-1222
-1194
-1180
-1131
-1082
-1052
-1000
-941
-856
-765
-666
-566
-435
-318
-287
-276
-234
-116
56
210
341
426
503
580
729
916
1067
1177
1264
1323
1342
1341
1381
1421
1428
1415
1338
1216
1136
1124
1137
1150
1153
1140
1098
1042
936
824
742
657
581
484
325
147
13
-97
-163
-214
-304
-430
-589
-742
-904
-1088
-1232
-1347
-1437
-1518
-1560
-1593
-1627
-1652
-1643
-1609
-1566
-1496
-1418
-1337
-1276
-1245
-1190
-1113
-1029
-906
-744
-616
-487
-400
-340
-253
-134
20
193
372
492
576
690
852
1060
1237
1379
1535
1640
1696
1729
1733
1749
1773
1787
1798
1786
1725
1623
1489
1327
1200
1099
999
938
895
843
734
602
491
374
251
112
-64
-232
-385
-560
-740
-896
-1022
-1121
-1188
-1295
-1381
-1445
-1520
-1558
-1556
-1574
-1592
-1649
-1704
-1729
-1706
-1659
-1600
-1534
-1493
-1435
-1387
-1304
-1169
-1019
-890
-774
-655
-565
-489
-387
-271
-142
14
181
337
463
593
731
868
1051
1233
1393
1524
1650
1720
1753
1778
1752
1714
1730
1756
1725
1672
1609
1501
1409
1337
1281
1202
1067
918
795
698
590
515
449
322
171
48
-67
-200
-326
-442
-552
-674
-812
-980
-1153
-1280
-1389
-1456
-1485
-1524
-1604
-1626
-1624
-1639
-1632
-1621
-1591
-1538
-1488
-1411
-1349
-1292
-1191
-1024
-811
-590
-414
-269
-173
-93
2
103
206
282
411
567
696
844
991
1096
1176
1239
1318
1416
1498
1558
1601
1601
1539
1475
1416
1352
1274
1184
1099
1029
974
895
807
710
600
533
484
408
315
209
112
36
-44
-145
-244
-353
-478
-572
-655
-774
-900
-990
-1109
-1201
-1267
-1353
-1424
-1476
-1480
-1435
-1387
-1347
-1287
-1236
-1195
-1159
-1100
-1049
-1005
-929
-816
-678
-557
-430
-331
-246
-165
-123
-66
2
97
210
312
353
412
491
566
693
837
942
1001
1031
1052
1070
1121
1181
1209
1218
1224
1236
1190
1090
1001
919
855
814
786
718
604
517
489
490
516
525
466
380
283
159
59
-65
-201
-314
-448
-550
-648
-761
-869
-958
-992
-977
-975
-998
-1052
-1146
-1216
-1248
-1278
-1284
-1296
-1287
-1262
-1241
-1207
-1156
-1069
-992
-906
-799
-688
-587
-475
-371
-229
-82
35
141
256
363
471
603
713
831
924
1018
1135
1256
1330
1412
1466
1496
1507
1482
1441
1386
1312
1263
1241
1209
1161
1091
1020
922
872
843
786
718
640
522
414
336
245
140
18
-127
-247
-401
-555
-662
-809
-966
-1098
-1201
-1264
-1314
-1352
-1371
-1415
-1450
-1466
-1480
-1472
-1434
-1387
-1322
-1258
-1226
-1169
-1081
-1005
-905
-799
-681
-543
-451
-378
-296
-177
-72
54
218
383
537
674
761
813
872
916
975
1072
1172
1238
1279
1284
1288
1281
1271
1278
1269
1248
1195
1123
1045
957
870
780
675
574
478
396
322
242
167
70
-19
-84
-157
-272
-389
-483
-550
-623
-704
-776
-842
-911
-980
-1024
-1080
-1170
-1259
-1305
-1322
-1341
-1354
-1337
-1307
-1269
-1240
-1193
-1144
-1113
-1045
-923
-787
-689
-601
-506
-413
-300
-161
-14
146
299
439
566
663
742
788
870
984
1083
1161
1219
1230
1213
1224
1236
1231
1211
1201
1162
1128
1106
1074
1036
981
912
855
796
715
629
539
441
357
305
269
240
180
67
-104
-263
-431
-543
-603
-660
-715
-806
-902
-968
-1038
-1104
-1142
-1187
-1236
-1246
-1230
-1214
-1183
-1147
-1135
-1101
-1037
-968
-864
-767
-679
-547
-384
-237
-134
-41
87
204
338
484
584
641
718
810
918
1034
1109
1149
1174
1172
1144
1145
1149
1160
1175
1181
1149
1084
1003
907
836
788
743
711
651
569
459
331
219
130
24
-67
-146
-226
-298
-389
-477
-547
-605
-652
-685
-756
-828
-924
-1056
-1141
-1215
-1274
-1243
-1206
-1184
-1162
-1160
-1171
-1179
-1160
-1133
-1102
-1052
-1029
-979
-920
-861
-766
-640
-518
-381
-224
-66
94
232
345
444
530
616
723
847
961
1026
1055
1035
1027
1022
1031
1056
1055
1046
1019
989
970
936
899
856
795
732
680
641
555
476
392
294
187
98
40
-38
-122
-198
-261
-310
-333
-360
-425
-521
-596
-677
-725
-745
-746
-742
-743
-745
-770
-807
-860
-887
-843
-772
-695
-618
-569
-525
-454
-396
-325
-260
-194
-111
-2
136
252
333
396
456
524
639
771
858
885
886
868
852
836
811
793
789
746
696
658
579
510
442
364
313
282
257
227
163
103
46
-3
-27
-23
-47
-103
-174
-261
-324
-369
-393
-406
-417
-436
-439
-473
-533
-590
-634
-643
-653
-624
-566
-508
-481
-491
-497
-495
-469
-422
-387
-352
-325
-311
-305
-283
-229
-163
-63
34
108
146
171
205
239
275
335
374
374
349
321
327
344
371
388
412
415
395
378
365
333
318
343
379
379
324
223
115
37
-24
-55
-56
-58
-55
-67
-86
-106
-118
-126
-158
-205
-251
-291
-303
-300
-301
-314
-330
-330
-319
-321
-313
-298
-297
-282
-247
-214
-199
-172
-182
-160
-112
-64
-22
17
48
62
103
122
167
261
352
415
489
519
493
435
361
326
331
361
404
436
411
371
329
300
297
311
338
337
298
229
165
96
11
-49
-103
-157
-226
-311
-366
-372
-372
-375
-405
-433
-457
-494
-488
-450
-415
-382
-333
-305
-295
-276
-269
-284
-263
-248
-274
-275
-239
-199
-146
-80
-8
37
80
124
173
217
248
282
293
315
314
319
331
342
359
368
372
335
309
300
281
269
243
204
173
141
121
122
123
108
86
47
3
-17
-51
-119
-151
-180
-206
-210
-214
-221
-217
-261
-332
-362
-391
-396
-365
-346
-342
-340
-344
-334
-321
-313
-288
-244
-203
-168
-161
-133
-121
-115
-85
-58
-19
19
70
126
160
192
221
239
287
349
403
470
524
529
523
527
515
483
489
510
519
532
515
484
434
351
279
237
175
83
8
-61
-72
-101
-145
-177
-179
-162
-163
-202
-248
-272
-311
-335
-348
-363
-385
-406
-431
-439
-440
-426
-404
-381
-379
-389
-405
-416
-400
-389
-380
-341
-285
-233
-182
-147
-113
-41
21
52
85
134
203
265
317
358
391
406
430
481
537
570
599
631
623
607
584
591
582
558
507
441
354
269
210
151
64
-26
-115
-224
-276
-308
-356
-401
-433
-458
-467
-466
-439
-438
-473
-509
-533
-549
-565
-568
-563
-527
-462
-413
-378
-359
-383
-402
-388
-357
-300
-237
-195
-135
-85
-13
99
184
243
287
298
308
342
402
454
509
555
585
605
599
589
595
601
570
548
546
566
556
514
464
403
332
287
267
245
202
152
82
-16
-81
-158
-221
-273
-314
-327
-355
-412
-481
-555
-619
-659
-675
-696
-698
-713
-717
-685
-631
-558
-485
-441
-418
-401
-378
-323
-268
-257
-246
-197
-144
-100
-33
28
76
157
263
376
457
544
594
630
668
689
725
746
749
774
799
800
810
807
803
800
797
752
683
618
538
455
368
299
229
169
118
61
28
-5
-63
-152
-233
-316
-415
-506
-580
-635
-699
-764
-822
-850
-877
-889
-888
-889
-874
-880
-878
-864
-873
-855
-806
-744
-661
-596
-538
-463
-391
-313
-213
-127
-52
42
101
156
213
244
280
354
435
497
567
624
669
708
753
792
810
831
829
798
778
751
699
649
604
545
518
475
419
349
254
155
75
53
39
8
-29
-73
-141
-218
-286
-346
-411
-488
-551
-585
-623
-658
-671
-685
-690
-692
-691
-700
-708
-708
-697
-678
-658
-604
-550
-498
-443
-383
-302
-256
-189
-101
-7
80
169
258
337
388
418
444
455
484
504
552
615
685
729
745
768
785
798
805
813
792
742
710
662
622
609
569
532
501
465
403
331
253
184
121
71
21
-16
-89
-185
-261
-334
-410
-472
-527
-569
-588
-621
-652
-670
-702
-727
-745
-769
-769
-768
-745
-709
-657
-604
-558
-506
-476
-447
-389
-323
-251
-180
-91
-26
20
90
148
188
234
280
324
379
417
451
501
535
536
545
571
567
561
561
541
528
517
511
501
462
409
356
293
212
140
73
21
-14
-67
-125
-163
-204
-256
-272
-274
-310
-358
-395
-443
-485
-522
-582
-618
-644
-672
-689
-690
-690
-696
-670
-605
-519
-447
-380
-340
-320
-298
-237
-170
-109
-38
42
113
173
217
250
274
304
350
405
453
469
507
532
539
542
584
621
631
654
649
642
613
569
528
490
487
464
434
400
356
322
269
191
136
102
69
19
-41
-102
-184
-247
-290
-302
-299
-297
-318
-338
-368
-394
-414
-423
-411
-390
-385
-398
-400
-410
-404
-364
-312
-247
-193
-178
-176
-163
-144
-113
-68
-35
-17
-1
42
85
118
156
193
228
255
264
245
237
235
211
211
241
240
242
268
281
273
253
215
202
176
145
147
138
111
76
28
-28
-83
-154
-205
-218
-193
-167
-153
-164
-190
-232
-272
-284
-307
-305
-298
-291
-273
-244
-220
-185
-145
-135
-136
-115
-97
-76
-33
0
32
60
54
50
58
54
66
84
80
82
77
74
84
104
126
120
105
106
111
110
110
126
129
108
93
60
25
20
46
54
62
49
-8
-84
-135
-161
-174
-169
-143
-114
-92
-86
-103
-111
-132
-167
-193
-191
-216
-245
-233
-226
-200
-156
-111
-68
-6
42
76
98
108
145
196
245
295
303
296
294
304
319
319
323
296
286
293
307
300
282
252
234
235
227
227
220
205
163
117
86
62
35
5
-9
-28
-57
-92
-141
-204
-242
-271
-283
-288
-303
-309
-339
-367
-368
-383
-387
-406
-413
-380
-357
-307
-280
-269
-248
-260
-268
-233
-197
-148
-96
-68
-27
24
75
119
175
238
293
323
359
398
436
456
468
470
465
461
465
477
487
475
458
444
426
400
379
348
287
204
134
74
8
-54
-94
-133
-189
-245
-290
-348
-383
-424
-459
-462
-495
-534
-560
-581
-587
-568
-558
-567
-579
-598
-590
-552
-508
-444
-354
-280
-231
-194
-165
-141
-99
-41
7
78
141
167
204
230
251
302
375
425
473
531
557
576
568
538
522
524
529
538
553
557
520
493
470
441
412
368
325
263
206
156
101
37
-34
-89
-117
-137
-175
-232
-288
-342
-389
-418
-441
-442
-445
-458
-471
-505
-525
-525
-521
-495
-463
-424
-408
-399
-385
-358
-320
-283
-229
-180
-142
-119
-91
-64
-19
38
81
148
199
229
238
250
269
301
336
365
376
380
392
401
405
399
389
369
385
399
398
392
371
317
293
277
239
218
176
129
90
47
24
9
-20
-52
-74
-112
-172
-231
-298
-343
-369
-360
-357
-343
-356
-391
-415
-429
-432
-430
-398
-376
-351
-331
-299
-273
-266
-261
-246
-218
-195
-169
-143
-123
-113
-87
-44
26
94
185
267
320
344
355
378
380
385
413
429
426
427
408
395
386
381
374
371
376
354
322
295
263
244
239
216
182
143
84
30
1
-37
-101
-155
-219
-264
-289
-319
-328
-351
-354
-358
-391
-425
-453
-477
-482
-475
-456
-411
-373
-349
-320
-289
-274
-259
-246
-235
-222
-212
-202
-162
-116
-67
4
68
128
165
172
197
221
237
260
304
337
355
388
423
457
489
521
532
522
500
464
431
394
364
340
330
320
297
268
209
169
126
72
48
36
-2
-44
-65
-105
-150
-177
-185
-198
-235
-266
-287
-347
-386
-400
-408
-409
-429
-447
-461
-490
-498
-470
-428
-368
-312
-276
-255
-217
-211
-214
-190
-169
-150
-125
-91
-64
-68
-70
-33
9
52
111
162
231
265
290
315
328
319
301
298
299
315
333
356
352
322
282
260
234
203
198
186
136
90
60
41
14
-16
-22
-46
-87
-126
-131
-130
-155
-172
-179
-188
-189
-192
-193
-194
-213
-226
-225
-233
-236
-213
-185
-143
-105
-79
-59
-49
-34
-15
22
58
58
52
45
38
64
109
146
199
225
242
246
240
223
216
205
210
226
236
224
199
176
160
180
209
234
238
232
202
169
120
80
38
14
3
-15
-36
-76
-93
-129
-161
-158
-124
-87
-64
-40
-57
-87
-100
-117
-115
-103
-91
-98
-120
-146
-168
-172
-166
-162
-154
-144
-145
-131
-119
-125
-110
-113
-141
-157
-160
-148
-114
-76
-55
-49
-30
-3
34
63
65
47
10
-17
-39
-39
-26
-7
13
6
-2
20
27
25
32
31
15
-2
-13
-45
-48
-40
-19
-2
4
9
-9
-32
-59
-77
-74
-71
-65
-55
-55
-69
-75
-86
-106
-93
-79
-77
-48
-15
-6
3
15
-5
18
54
65
91
97
58
32
38
54
62
92
124
143
157
164
163
155
152
132
134
135
135
145
151
151
183
215
213
237
242
214
176
131
92
75
61
57
81
92
70
26
-27
-65
-57
-47
-45
-23
-27
-64
-104
-135
-144
-137
-120
-97
-86
-98
-110
-113
-123
-120
-90
-54
-53
-64
-65
-68
-63
-45
-31
-17
2
3
10
22
18
15
5
14
33
61
76
77
69
43
7
-9
-13
-15
-8
-19
-27
-41
-59
-70
-78
-83
-91
-89
-103
-103
-95
-89
-99
-108
-109
-111
-90
-83
-53
-21
2
11
18
34
19
-2
-4
-8
-18
0
24
46
63
76
85
86
64
65
85
95
112
133
144
139
125
103
81
53
28
9
4
13
14
14
3
-28
-65
-93
-100
-87
-76
-67
-73
-96
-121
-140
-153
-158
-159
-182
-199
-198
-202
-226
-224
-219
-211
-178
-136
-100
-73
-62
-53
-27
-9
-3
5
28
55
68
81
85
84
95
121
146
178
210
220
220
224
224
208
213
221
220
228
210
189
170
156
144
157
171
182
185
173
161
130
100
60
31
22
23
1
-20
-50
-88
-90
-92
-93
-73
-61
-60
-49
-37
-51
-61
-72
-97
-103
-90
-86
-83
-84
-114
-147
-133
-109
-115
-106
-73
-55
-64
-49
-16
-8
-9
-4
-10
-33
-40
-26
-19
-11
3
18
11
27
53
74
90
100
89
60
43
38
43
25
17
13
7
4
-1
3
10
21
35
36
4
-16
-42
-63
-56
-40
-47
-60
-69
-103
-111
-122
-132
-139
-137
-139
-144
-134
-124
-109
-106
-97
-102
-98
-102
-112
-121
-133
-134
-153
-152
-141
-128
-110
-78
-62
-56
-42
-28
-1
28
54
97
129
162
185
184
198
229
252
288
304
290
272
259
255
260
277
282
272
259
252
233
223
197
148
131
117
92
89
84
72
54
22
-19
-62
-111
-137
-163
-209
-240
-248
-251
-243
-214
-196
-196
-192
-199
-209
-220
-235
-247
-220
-175
-157
-116
-101
-110
-107
-97
-89
-63
-39
-18
-1
3
8
16
53
92
132
167
184
201
209
215
232
247
237
224
222
197
172
155
133
121
126
117
101
95
73
29
6
0
-22
-35
-50
-86
-110
-149
-185
-204
-202
-212
-207
-190
-207
-210
-223
-219
-216
-213
-205
-192
-187
-181
-190
-195
-188
-179
-162
-126
-61
-23
-4
8
11
17
29
55
92
120
144
156
163
162
146
138
144
165
194
201
223
243
217
213
211
192
191
196
189
165
146
101
57
42
13
11
18
32
54
69
61
6
-53
-86
-110
-122
-126
-116
-119
-118
-101
-102
-108
-119
-128
-132
-135
-157
-179
-187
-189
-177
-147
-108
-90
-73
-82
-87
-84
-84
-95
-99
-81
-67
-44
-18
10
20
52
87
73
76
88
94
99
101
120
134
151
165
180
193
192
178
169
174
181
181
192
194
188
160
134
113
88
77
71
60
50
28
6
-5
-33
-35
-28
-24
-32
-40
-54
-63
-58
-49
-34
-31
-34
-51
-64
-68
-65
-63
-57
-55
-54
-55
-58
-68
-94
-108
-105
-91
-77
-68
-49
-50
-81
-100
-121
-139
-133
-112
-100
-96
-88
-97
-107
-96
-89
-78
-60
-62
-60
-58
-72
-76
-93
-100
-106
-115
-107
-94
-84
-92
-96
-113
-125
-123
-115
-72
-38
-22
2
17
19
14
19
38
35
36
44
43
46
60
86
99
116
134
150
173
180
183
183
178
195
220
259
275
255
240
237
236
249
263
257
230
198
160
127
95
79
87
79
78
91
86
65
45
11
-21
-44
-54
-63
-84
-99
-128
-145
-144
-151
-153
-134
-126
-137
-134
-148
-169
-190
-209
-210
-201
-178
-155
-141
-126
-135
-146
-132
-114
-84
-49
-32
-21
-26
-13
0
15
62
90
111
127
123
100
93
106
124
162
184
192
191
175
172
174
187
189
185
171
141
108
71
55
56
42
33
22
-17
-35
-55
-74
-84
-111
-143
-167
-205
-234
-266
-307
-331
-363
-377
-378
-370
-351
-324
-298
-279
-261
-243
-237
-226
-209
-172
-161
-151
-116
-69
-41
-23
14
32
37
55
82
104
132
174
211
241
257
253
259
267
274
284
312
335
353
361
348
326
300
276
249
259
247
244
239
202
156
94
48
19
-4
-12
-16
-39
-44
-63
-91
-95
-117
-141
-154
-163
-170
-195
-212
-214
-218
-216
-206
-200
-200
-202
-201
-201
-209
-198
-154
-127
-111
-94
-84
-82
-82
-59
-35
-25
-24
-15
3
22
55
74
92
107
109
113
109
112
140
153
171
172
132
110
99
92
100
138
160
151
146
127
100
96
106
124
141
148
153
121
95
72
55
55
47
46
39
11
-25
-44
-60
-61
-32
-29
-55
-64
-76
-92
-95
-77
-75
-81
-96
-121
-136
-154
-161
-149
-155
-155
-149
-153
-160
-140
-122
-118
-115
-104
-109
-102
-96
-83
-60
-58
-36
-2
31
51
83
108
121
122
136
154
173
186
187
188
169
152
129
131
148
140
144
143
123
92
55
18
-6
-25
-51
-53
-50
-80
-104
-111
-113
-129
-152
-164
-184
-198
-203
-209
-215
-235
-256
-263
-247
-229
-232
-225
-228
-236
-234
-214
-207
-203
-171
-144
-98
-66
-55
-32
-9
20
66
140
178
200
224
225
220
226
260
275
285
297
296
287
277
272
265
254
236
232
240
246
249
232
210
178
142
118
102
87
69
52
28
-14
-42
-55
-57
-55
-58
-47
-45
-69
-116
-150
-168
-170
-151
-127
-121
-141
-153
-155
-159
-139
-116
-112
-93
-62
-39
-33
-30
-16
-12
-19
-8
-4
0
-3
-15
-7
0
18
37
54
75
86
84
74
57
52
42
24
20
17
13
14
12
8
15
25
15
11
5
-12
-23
-29
-20
-28
-41
-32
-16
-19
-38
-53
-70
-92
-90
-83
-72
-58
-47
-44
-28
-18
-16
-17
-18
-22
-37
-59
-65
-55
-57
-42
-23
-5
-8
-10
-5
-11
-11
-8
-8
-27
-43
-65
-88
-90
-71
-60
-42
-17
-2
-1
-15
-27
-48
-39
-9
0
2
27
48
47
54
60
68
66
78
91
88
89
80
72
84
98
106
116
119
131
140
131
122
111
94
63
45
42
31
5
-16
-25
-42
-53
-40
-39
-41
-44
-48
-53
-72
-67
-80
-89
-102
-105
-91
-85
-75
-55
-51
-39
-34
-50
-31
-16
8
39
68
86
88
82
86
107
110
125
125
121
114
94
90
90
100
101
100
86
62
34
30
23
5
1
7
5
-2
-11
-25
-45
-80
-97
-95
-92
-97
-82
-78
-89
-78
-78
-72
-70
-53
-60
-70
-73
-77
-87
-94
-103
-97
-92
-114
-120
-116
-102
-90
-49
-9
11
41
52
60
48
41
54
62
78
80
72
55
28
27
26
36
44
52
43
18
4
-18
-25
-39
-32
-16
-4
-6
-25
-34
-58
-70
-74
-69
-58
-57
-57
-50
-46
-56
-67
-66
-54
-42
-43
-37
-50
-56
-61
-58
-44
-35
-26
-4
11
23
33
38
44
43
51
62
65
68
76
92
112
117
143
162
183
192
173
150
132
114
112
111
105
105
91
81
88
75
64
67
62
56
41
35
15
-2
0
3
8
3
-4
-32
-52
-69
-73
-66
-65
-69
-71
-74
-67
-58
-49
-39
-50
-54
-62
-59
-56
-46
-34
-37
-44
-58
-55
-51
-39
-19
9
17
5
2
1
-6
-4
-7
-13
-6
5
13
21
18
4
-7
-17
-19
-10
-6
4
5
4
-5
-10
0
4
-3
-12
-33
-71
-78
-72
-75
-68
-66
-62
-49
-63
-72
-81
-89
-85
-81
-67
-58
-62
-74
-87
-93
-84
-84
-69
-48
-40
-26
-29
-51
-68
-70
-67
-47
-9
-1
14
31
39
61
77
110
134
129
122
115
100
93
76
78
94
86
99
101
94
107
104
107
120
132
139
133
123
96
66
42
34
16
4
8
-4
3
5
10
24
46
47
32
15
-7
-28
-40
-52
-61
-56
-53
-47
-55
-75
-84
-89
-89
-69
-53
-31
-15
-6
-6
-3
-19
-38
-50
-55
-44
-36
-34
-29
-27
-14
0
6
12
-7
-25
-44
-61
-51
-27
-14
12
27
20
27
33
38
40
44
43
43
51
63
60
60
51
50
52
59
75
81
73
48
30
6
-10
-24
-21
-3
13
34
33
13
-3
-24
-23
-15
9
13
2
-20
-42
-60
-62
-58
-44
