SAMPLES:	11952
BITSPERSAMPLE:	16
CHANNELS:	1
SAMPLERATE:	16000
NORMALIZED:	FALSE
-3
-7
-2
-9
-5
0
-12
2
-7
-4
-2
-9
-1
-10
1
-5
-7
-4
-3
-6
-5
-2
-11
-1
-9
-5
-1
-12
4
-15
0
-4
-10
6
-12
-1
-1
-8
-2
-5
-3
-5
-2
-4
-1
-2
-2
2
-4
2
-5
1
1
-4
9
0
-3
6
-2
1
4
1
6
1
5
9
-4
10
4
4
6
1
11
4
4
13
-3
6
9
-4
10
3
4
8
-2
10
4
1
13
-3
5
9
-3
8
1
3
9
-3
5
6
-1
8
0
2
4
-2
4
-1
-1
6
-4
6
2
-5
11
-6
3
5
-9
9
-2
-5
12
-4
8
-1
4
10
-9
11
-2
-6
8
-8
5
0
-7
11
-12
-1
4
-11
3
-3
-2
-3
-5
4
-10
-5
0
-7
-6
2
-8
-7
-3
-3
-4
-8
2
-5
-8
2
-9
-10
0
-8
-4
-7
-3
1
-13
-5
1
-11
-5
6
-12
1
3
-8
7
-2
-1
6
-4
0
0
-1
-8
6
-11
3
1
-8
9
-9
9
-8
2
6
-15
21
-17
6
8
-14
13
-9
-2
3
-7
4
4
-1
4
3
2
6
-2
7
2
-5
11
-3
1
4
-1
6
-1
2
8
-5
17
-6
4
9
-3
6
6
-1
4
5
1
10
-2
2
10
-4
4
6
1
6
-2
12
-1
3
8
-2
5
6
-4
9
-7
2
12
-15
15
1
-3
4
2
-1
3
2
3
2
-1
8
-11
11
-5
-8
15
-22
13
-8
-4
14
-16
14
1
-11
14
-14
1
0
-12
10
-12
-4
9
-18
7
-3
-10
6
-12
7
-7
-9
9
-18
9
-6
-9
7
-14
0
1
-10
0
-2
-4
-6
4
-3
-4
-6
8
-12
7
-3
-5
13
-21
13
-1
-9
13
-8
-1
6
-5
-2
0
-8
9
-14
7
-3
-5
10
-10
7
-9
1
5
-15
17
-3
-7
6
3
-10
5
-1
-4
2
-8
3
1
-13
17
-8
-4
14
-10
8
-6
8
-10
7
2
0
-2
13
0
-9
25
-16
10
4
-3
2
3
-1
2
5
-1
0
10
-6
9
1
-5
13
-11
14
0
-10
30
-26
21
5
-10
23
-12
10
1
0
2
3
-2
9
-4
7
6
-11
16
-8
-10
17
-17
7
11
-13
16
-8
6
-4
-1
9
-17
10
-1
-9
10
-5
-4
-1
5
-6
-1
3
-8
-3
0
-8
-4
3
-5
-4
-5
4
-5
-1
-1
-3
-4
0
9
-23
20
-15
-2
14
-29
24
-12
-8
22
-31
25
-15
-4
21
-37
33
-16
-8
23
-28
15
-2
-15
25
-28
20
-9
-14
25
-18
-5
12
-16
8
-10
0
8
-24
29
-26
4
10
-28
18
-7
-19
27
-24
2
6
-14
14
-28
17
-10
-11
20
-23
6
12
-20
33
-23
3
22
-31
19
-5
-2
15
-14
11
11
-8
7
12
-15
15
4
-6
17
-2
11
5
5
8
-4
1
16
-29
36
-32
18
13
-38
52
-36
11
22
-35
30
-9
-5
10
-9
16
-13
6
4
-22
23
-12
0
12
-3
6
1
-5
13
1
-10
20
-12
10
12
-1
8
3
5
0
0
14
1
-1
14
-5
6
8
-8
14
-6
5
5
-5
0
1
9
-17
5
7
-24
20
-18
-3
10
-21
20
-19
2
4
-17
4
-14
1
-9
-8
1
-11
7
-10
-5
7
-20
5
15
-29
14
0
-25
14
-13
-10
11
-7
-5
2
5
-14
6
8
-18
5
17
-28
12
8
-27
25
-9
-14
19
-17
2
0
-19
13
-15
-6
10
-22
9
5
-19
15
-8
-1
8
-12
13
-12
0
6
-26
21
-16
-11
20
-22
9
3
-14
12
-12
12
-1
-3
7
-3
1
12
-3
6
6
1
7
-10
9
2
-4
23
-11
17
1
-2
23
-13
15
-1
-3
10
-2
7
-1
7
-4
0
15
-4
-9
21
1
-1
9
14
-10
18
-7
9
-10
3
14
-7
2
21
-8
1
7
-6
8
-8
14
-3
-9
20
-11
-2
18
-14
7
-5
2
-7
-3
6
-5
-13
26
-13
-10
16
-13
-6
-3
-6
12
-31
29
1
-32
35
-27
8
-14
-13
24
-46
13
14
-27
6
1
0
-8
-8
23
-30
5
11
-28
12
-11
-2
5
-18
28
-25
6
4
-27
18
-19
0
15
-15
4
5
-5
3
-18
8
-12
-13
14
-11
11
-12
12
1
-30
14
-24
6
4
-11
15
-8
2
3
-4
-12
-3
22
-30
6
17
-18
5
15
-15
0
6
-12
20
-14
20
5
-3
17
-7
23
-28
23
-7
0
18
2
29
-26
30
6
-23
31
-11
20
2
10
27
-29
20
15
-38
49
-18
8
15
-17
21
-14
7
1
8
6
-18
40
-40
21
9
-13
20
-18
13
-18
0
29
-38
39
-5
-14
13
-13
-2
7
-20
12
-1
-20
20
-21
11
1
-34
53
-44
4
31
-46
35
-16
-5
24
-31
27
-5
-11
16
-24
28
-10
-20
21
-1
-9
8
5
-10
4
1
-10
1
0
-3
16
-9
-7
3
-1
-12
5
22
-39
11
18
-28
10
-6
-5
17
-12
-1
10
-17
-21
42
-34
-4
24
-31
7
-10
-6
-6
-21
39
-38
28
-15
-21
27
-26
-13
14
-17
24
-12
-9
29
-50
9
-3
3
-40
15
30
-67
52
-13
-29
33
-27
2
33
-61
39
2
-60
49
-25
-4
17
-5
29
-24
20
37
-72
57
-2
-26
53
-28
32
2
-17
23
-8
-17
15
2
2
9
-15
47
-35
10
50
-76
62
-24
9
0
21
-12
9
57
-69
72
-11
-54
81
-89
64
4
-45
66
-31
23
-52
73
-45
-14
61
-43
-6
21
-11
-25
45
-47
29
27
-66
73
-47
-7
16
-31
26
-39
31
5
-45
38
-14
-35
5
-30
29
-46
22
3
-14
3
-20
17
-30
-3
2
35
-63
26
68
-109
61
-8
-39
10
9
-8
12
-29
61
-36
-14
46
-62
72
-29
7
32
-6
6
-18
41
-6
-67
124
-65
-16
90
-60
29
-5
-1
13
-56
46
-28
24
-23
8
34
-54
-29
100
-75
-18
77
-55
32
-5
27
-22
-14
19
-10
-15
-33
37
-2
-60
4
25
-49
-33
97
-35
-66
112
-21
-82
68
5
-29
2
56
-13
-42
57
-9
-37
42
-3
28
-11
-25
73
-47
-5
32
-13
-9
2
48
-39
8
33
-18
22
-22
54
2
-41
43
13
-24
13
35
-28
16
23
-21
-22
34
-16
29
20
-67
86
-58
-52
69
-50
-5
40
4
-32
11
22
-59
4
1
-16
40
-26
4
35
-39
-16
-9
-2
-26
7
41
-18
-11
28
11
-62
-14
25
-12
-37
32
11
-28
18
35
-19
-59
23
-4
-57
-6
32
-32
-12
27
-2
-30
-5
5
-9
16
-26
-10
10
-60
10
41
-38
-20
39
15
-50
29
19
-52
16
15
-26
-20
-11
17
2
-11
-13
28
-17
-4
30
-22
-10
17
33
-11
9
26
2
0
29
18
-25
32
50
-43
18
51
-28
-4
12
34
-7
10
17
-17
31
-4
-31
-29
-14
12
9
16
-7
21
31
-5
-42
3
-4
-27
1
10
4
-5
-1
19
-8
-4
12
-6
2
13
-21
-8
-30
-6
43
33
22
58
4
-61
62
14
0
31
61
17
35
48
-34
-11
33
31
31
27
46
29
7
13
-6
-24
-14
-14
11
1
1
-10
-31
-26
-34
-50
-65
-33
-41
-39
-15
-21
-32
-9
-17
-19
-35
-37
-27
-34
-45
-21
-5
-49
-22
-16
-20
-35
-58
-26
-40
-53
-26
-8
4
9
13
31
-7
21
25
13
17
31
28
17
29
29
37
22
10
7
-6
-30
26
8
3
21
-15
-13
-5
1
8
8
20
52
46
20
19
17
0
15
18
2
8
15
12
3
-29
-9
-21
-12
23
-11
0
6
1
-11
-26
-24
-14
10
28
26
24
-4
21
3
7
15
-6
1
23
33
16
-4
-10
9
-3
5
7
11
21
13
37
5
-25
3
6
3
13
17
8
22
49
34
27
38
22
29
30
4
17
12
8
11
10
-20
-20
-15
-10
0
-8
-6
9
14
-6
-11
-38
-53
-53
-54
-66
-55
-42
-23
-14
-20
-7
-32
-40
-14
-34
-57
-38
-43
-40
-36
-28
-52
-51
-33
-40
-22
-47
-57
-31
-23
-20
-5
-25
-51
-9
-32
-39
-28
-41
-28
-28
44
44
92
178
260
355
389
397
357
279
204
110
45
-17
-25
19
14
37
14
-50
-78
-120
-142
-159
-180
-148
-103
-104
-83
-99
-162
-166
-191
-189
-206
-198
-155
-126
-78
-53
-70
-98
-133
-198
-295
-350
-371
-378
-340
-301
-260
-243
-220
-183
-175
-203
-163
-138
-119
20
195
574
959
1233
1403
1438
1315
1083
785
413
208
129
153
209
203
213
167
36
-83
-275
-405
-403
-290
-95
66
113
80
-10
-44
-160
-306
-389
-345
-274
-165
-24
-64
-96
-115
-191
-330
-501
-678
-786
-873
-825
-834
-865
-811
-768
-609
-512
-481
-374
-304
-240
-79
9
65
157
213
238
244
273
250
245
211
216
57
328
1102
1582
1853
1941
2083
1715
1200
675
-21
-266
-110
66
206
218
318
257
93
-110
-499
-709
-755
-433
-122
21
88
-35
-63
-37
-222
-455
-571
-492
-246
0
92
-32
-145
-118
-229
-448
-714
-997
-1156
-1116
-1051
-1110
-1109
-1070
-868
-593
-465
-475
-425
-293
-169
-77
-11
22
37
129
222
223
169
40
66
6
663
1665
2273
2660
2788
2742
2134
1398
474
-443
-644
-450
-99
99
216
465
296
244
39
-458
-633
-530
-156
281
454
287
28
-66
-261
-521
-815
-923
-858
-553
-169
-39
-149
-264
-223
-303
-633
-951
-1300
-1557
-1521
-1353
-1377
-1315
-1122
-904
-560
-487
-571
-662
-677
-568
-379
-196
-202
-33
70
24
68
-14
-228
-145
-69
62
1418
2828
3507
3763
4013
3592
2650
1701
382
-515
-526
-250
122
334
679
576
285
213
-322
-846
-1066
-797
-251
362
762
612
431
347
91
-230
-685
-906
-863
-590
-173
9
-46
-237
-385
-562
-976
-1493
-1992
-2273
-2188
-1889
-1529
-1326
-1044
-592
-382
-315
-434
-626
-692
-604
-348
-147
-21
88
55
11
-77
-76
-240
-257
-377
238
1766
3047
3870
3882
4057
3451
2486
1236
-233
-883
-882
-360
72
442
798
452
324
149
-354
-821
-1091
-669
-115
460
576
334
136
-57
-214
-645
-879
-1208
-1377
-918
-526
-293
-322
-313
-407
-527
-836
-1381
-1831
-2117
-2070
-1695
-1366
-1134
-1029
-706
-365
-346
-447
-666
-679
-668
-422
-192
-168
-29
-32
34
33
-23
-173
-158
-224
269
1751
3006
3865
3987
4174
3675
2779
1648
196
-532
-479
-236
118
496
754
556
474
375
6
-460
-704
-475
-135
451
573
399
386
240
14
-290
-603
-1040
-1261
-1019
-817
-662
-623
-678
-637
-628
-778
-1153
-1525
-1825
-1916
-1794
-1670
-1551
-1414
-1033
-713
-622
-638
-717
-763
-792
-639
-379
-161
-49
88
256
288
165
86
-14
110
-20
248
1224
2310
3225
3485
3797
3566
2952
2047
978
319
59
15
137
348
668
528
491
448
260
30
-273
-350
-319
-68
-29
-162
-162
-150
-187
-354
-555
-780
-1072
-1111
-1128
-976
-851
-803
-843
-859
-755
-928
-1217
-1546
-1869
-1959
-1928
-1875
-1720
-1487
-1180
-873
-592
-342
-408
-487
-312
-237
-109
-10
-16
74
232
353
408
450
439
135
258
1062
1854
2509
2803
3139
3197
2873
2324
1472
927
605
427
370
463
564
471
548
694
683
458
143
-187
-385
-504
-703
-881
-837
-731
-656
-499
-484
-581
-797
-838
-867
-827
-802
-738
-653
-388
-114
-58
-168
-550
-922
-1261
-1536
-1654
-1712
-1619
-1266
-978
-625
-411
-358
-393
-413
-379
-277
-233
-266
-30
271
499
782
912
901
703
498
561
975
1415
1698
2015
2441
2519
2338
1895
1335
951
512
273
101
-19
13
62
212
374
305
126
-61
-350
-720
-938
-1120
-1307
-1224
-950
-811
-728
-654
-653
-667
-677
-784
-846
-871
-799
-552
-306
-101
-141
-132
-216
-369
-553
-827
-1003
-1049
-951
-781
-711
-509
-366
-365
-321
-314
-397
-416
-305
-81
282
608
833
907
1080
1204
1053
890
704
477
523
795
1046
1289
1540
1678
1732
1689
1422
1009
642
272
32
-84
-113
-43
86
301
412
363
214
-101
-439
-641
-794
-1031
-1087
-970
-900
-723
-600
-595
-695
-856
-925
-893
-791
-754
-578
-321
-25
247
302
288
136
-70
-316
-530
-596
-674
-576
-445
-282
-77
-7
-21
-9
-26
49
148
72
128
335
584
733
895
968
956
885
762
558
401
367
312
338
408
562
660
696
708
632
427
194
25
-45
49
205
268
232
203
100
-53
-204
-435
-590
-688
-785
-784
-689
-619
-575
-567
-604
-580
-623
-673
-683
-625
-393
-306
-203
38
149
186
159
46
-24
-108
-266
-408
-407
-439
-416
-329
-294
-270
-193
-113
-155
-135
-14
84
163
253
288
370
374
300
325
268
219
249
356
490
486
440
476
499
309
154
49
-21
20
164
217
263
434
375
334
233
116
18
-188
-348
-353
-286
-291
-234
-118
-120
-91
-46
-67
-151
-224
-119
18
99
237
432
474
488
558
483
342
103
-72
-146
-210
-280
-401
-373
-265
-223
-209
-181
-121
-126
-81
102
192
174
85
45
13
-97
-223
-278
-313
-278
-176
-92
-13
18
32
48
-35
-75
-174
-236
-118
-10
53
98
194
175
191
192
74
-67
-165
-282
-222
-172
-165
-52
-35
-29
-53
-106
-168
-168
-148
-115
-11
113
188
323
497
562
566
575
458
328
186
19
-71
-120
-235
-288
-209
-170
-99
-37
-4
93
135
126
211
230
180
168
91
26
-30
-165
-236
-168
-143
-124
-10
43
62
25
-54
-144
-235
-307
-346
-210
-98
-7
110
161
233
240
204
106
45
-45
-164
-197
-238
-354
-440
-483
-510
-547
-545
-533
-452
-314
-227
-72
94
233
396
489
443
416
299
153
72
-78
-205
-265
-321
-318
-278
-222
-64
31
88
217
376
409
440
523
524
524
442
284
214
100
-51
-23
40
53
132
221
248
249
254
131
93
102
49
115
234
292
334
360
413
432
328
248
137
32
-70
-143
-181
-243
-349
-449
-500
-541
-590
-639
-638
-524
-373
-313
-167
-18
128
138
133
100
-7
-112
-164
-194
-258
-253
-290
-296
-198
-145
-112
-86
-102
-27
53
77
87
79
88
165
219
204
168
120
64
90
119
114
113
133
194
256
277
260
216
152
129
145
166
180
183
201
264
255
222
179
55
-45
-112
-130
-163
-212
-269
-345
-321
-325
-303
-313
-269
-217
-191
-75
1
44
72
49
8
-5
-111
-189
-256
-332
-382
-362
-343
-336
-273
-192
-66
21
42
86
93
96
76
64
83
86
81
68
61
-15
-74
-97
-54
-36
-14
53
128
177
195
225
248
229
219
271
320
350
314
331
327
282
239
199
125
-2
-40
-14
9
14
7
-15
30
36
28
-20
-55
-40
-21
12
84
101
41
14
45
85
63
45
6
-9
-3
-78
-109
-123
-191
-181
-118
-66
-36
-18
-23
25
61
4
-60
-97
-163
-211
-236
-294
-333
-314
-224
-127
-33
46
74
64
96
102
121
95
34
63
145
158
153
155
88
32
-46
-103
-179
-238
-232
-167
-95
-16
3
18
74
93
70
15
-41
-42
-25
-1
20
-28
-73
-125
-129
-109
-106
-131
-160
-153
-131
-68
-36
-51
14
99
139
187
203
169
176
164
130
187
139
-9
-29
-43
-180
-245
-266
-329
-269
-82
15
98
205
196
183
205
207
150
107
88
156
211
195
197
125
54
30
-35
-125
-171
-249
-238
-167
-69
13
22
24
-10
-38
-121
-206
-273
-286
-226
-156
-95
-62
-8
-10
-28
-14
-11
-76
-124
-138
-126
-48
6
54
148
220
265
280
265
239
171
172
168
142
146
78
10
24
1
-55
17
66
103
206
249
304
340
352
346
368
319
239
241
245
193
153
67
-12
-65
-141
-195
-247
-267
-256
-269
-253
-216
-209
-174
-116
-88
-95
-112
-147
-162
-171
-204
-241
-250
-264
-240
-202
-230
-228
-216
-194
-179
-167
-191
-167
-158
-126
-28
35
68
104
142
146
175
138
112
123
56
-1
-20
-37
-43
-21
14
48
117
145
162
190
173
174
189
179
168
207
241
267
318
306
257
209
138
102
41
-28
-65
-95
-102
-109
-163
-180
-171
-188
-194
-162
-182
-161
-123
-123
-73
-47
-74
-104
-94
-131
-183
-218
-257
-237
-192
-132
-103
-69
-68
-90
-82
-59
-51
-57
-42
-22
34
57
75
61
42
6
-28
6
21
21
103
179
209
251
247
240
228
236
245
217
185
206
208
232
270
284
248
220
191
128
61
-10
-53
-75
-34
-4
20
23
30
35
36
3
-39
-74
-88
-89
-68
-61
-67
-94
-151
-196
-238
-285
-302
-317
-298
-239
-190
-133
-49
-28
-16
52
36
19
40
47
68
112
77
74
51
6
-31
-39
-66
-101
-54
-41
7
52
37
23
13
13
20
7
-20
8
22
71
138
126
109
80
58
28
-38
-85
-139
-177
-178
-163
-144
-157
-171
-159
-142
-129
-116
-133
-119
-92
-75
-34
7
9
-36
-66
-103
-115
-147
-189
-131
-87
-60
-9
74
125
150
180
186
163
134
159
178
212
249
207
184
122
35
14
-40
-79
-53
-17
26
90
136
141
151
153
143
118
109
98
72
88
131
146
107
121
137
92
63
13
-49
-102
-146
-143
-121
-158
-141
-114
-104
-101
-122
-140
-171
-148
-85
-54
-9
49
24
-9
6
-25
-69
-80
-84
-52
-43
-33
31
47
48
62
48
47
77
74
80
126
139
174
200
179
181
159
87
82
77
47
93
168
136
153
200
164
156
204
181
154
144
87
69
112
118
66
81
47
-3
11
-50
-121
-143
-193
-254
-249
-290
-316
-298
-319
-306
-264
-244
-260
-234
-158
-144
-170
-157
-168
-199
-176
-186
-233
-210
-190
-193
-151
-109
-102
-76
-50
-2
16
12
54
59
82
130
162
132
106
80
43
18
7
-44
-31
37
84
112
124
119
124
150
155
139
115
71
29
34
42
0
16
42
8
48
82
19
-17
-39
-74
-79
-129
-172
-208
-241
-217
-189
-167
-147
-127
-87
-44
13
43
49
28
-11
9
14
19
23
41
2
-6
25
35
47
68
122
185
277
320
349
385
379
385
348
310
236
149
117
82
72
78
55
80
107
84
84
71
62
71
70
37
20
26
0
-8
25
24
-21
-10
-6
-36
-32
-57
-107
-144
-186
-225
-277
-323
-365
-341
-330
-335
-266
-215
-204
-161
-105
-112
-106
-105
-124
-102
-88
-103
-81
-69
-51
-37
-71
-52
-23
-25
8
91
141
156
240
285
280
267
215
181
120
64
90
91
91
167
213
221
252
217
160
125
70
35
17
-27
-22
10
-17
-4
25
-2
-7
-1
-16
-23
-65
-92
-70
-89
-120
-159
-219
-249
-301
-369
-374
-363
-354
-309
-262
-240
-215
-236
-236
-204
-180
-160
-115
-107
-134
-112
-92
-129
-141
-112
-111
-60
-7
39
112
148
219
293
331
357
345
283
255
259
228
258
300
310
357
353
337
351
307
273
277
263
242
235
187
161
157
118
125
113
97
84
61
67
40
10
-6
-53
-134
-179
-238
-282
-310
-323
-318
-297
-262
-256
-235
-200
-214
-211
-193
-207
-242
-226
-178
-163
-163
-144
-132
-169
-163
-162
-150
-76
-50
-19
49
112
153
216
235
218
209
168
165
162
150
173
218
236
263
300
289
253
219
179
157
146
142
118
132
124
90
64
34
-11
-34
-44
-58
-81
-85
-77
-64
-68
-105
-131
-205
-267
-320
-334
-353
-317
-272
-260
-221
-209
-219
-219
-217
-187
-170
-149
-140
-108
-79
-76
-55
-65
-89
-127
-132
-135
-121
-79
-25
29
111
154
165
200
194
168
174
149
144
179
192
210
267
250
251
247
190
167
154
96
81
68
50
47
29
37
37
10
-23
3
-5
-14
-6
-14
5
26
-12
-29
-46
-111
-144
-152
-195
-189
-172
-188
-139
-113
-93
-53
-43
-4
26
31
22
2
-28
-30
-49
-70
-34
-24
-21
8
35
48
62
99
140
172
220
232
253
258
239
210
187
187
173
157
153
185
190
155
136
137
124
126
111
84
58
25
-7
-33
-68
-105
-102
-108
-139
-131
-140
-163
-164
-143
-138
-155
-173
-242
-284
-302
-314
-332
-305
-282
-294
-252
-233
-231
-197
-187
-184
-130
-91
-81
-62
-54
-66
-61
-80
-53
-45
-47
-17
-6
17
73
136
185
249
247
234
250
239
216
193
207
201
198
210
218
219
199
188
173
156
164
161
121
118
96
82
81
48
16
12
-14
-20
-43
-80
-59
-70
-66
-20
-32
-85
-114
-143
-173
-183
-180
-220
-213
-194
-177
-145
-137
-117
-98
-90
-68
-50
-40
-64
-83
-76
-95
-125
-132
-115
-100
-73
-31
5
28
49
100
131
149
156
141
142
141
137
132
147
122
118
149
137
125
140
97
104
145
144
152
143
131
129
131
107
81
67
22
-14
-1
-6
-8
-5
16
16
2
-12
-40
-83
-91
-93
-114
-118
-107
-114
-124
-123
-115
-126
-147
-138
-112
-104
-89
-70
-92
-91
-76
-80
-104
-106
-110
-110
-79
-41
-34
-11
24
31
55
75
60
36
51
31
26
17
-12
-14
-30
-5
16
0
20
29
16
36
57
40
65
69
49
47
40
13
6
13
12
23
53
60
53
76
78
52
48
54
30
-1
17
13
-33
-28
-12
-22
-6
27
13
-17
-1
-19
-17
30
7
-8
17
2
-33
-52
-44
-71
-63
-54
-60
-47
-62
-50
-27
-22
-31
-22
-29
-51
-62
-64
-89
-111
-112
-97
-93
-72
-67
-82
-65
-51
-50
-42
-19
-18
-8
5
-10
-13
-13
-39
-29
-16
-18
-3
-12
-14
8
30
51
86
70
81
96
76
89
85
68
92
107
101
146
147
147
179
171
162
171
159
137
130
108
86
107
88
89
100
88
92
88
112
110
98
110
80
56
37
9
-23
-32
-40
-39
-40
-50
-44
-42
-52
-28
-7
-42
-39
-54
-90
-90
-108
-117
-104
-108
-123
-127
-132
-145
-136
-132
-142
-127
-121
-130
-120
-93
-102
-95
-72
-88
-86
-72
-58
-42
-19
-29
-21
-29
-35
-18
-7
-13
-17
-14
-16
-12
-9
-4
-15
-23
-24
-7
3
20
40
50
62
79
73
65
65
46
36
34
-14
-31
-15
-17
-8
13
25
18
21
33
37
46
41
9
11
10
-11
-25
-22
-19
-25
-11
-16
-2
3
-1
21
28
32
44
47
37
48
66
46
49
62
36
68
75
42
64
69
62
76
59
38
53
53
35
70
54
19
36
16
30
42
12
13
19
10
15
29
17
24
18
6
5
-20
-47
-67
-65
-58
-48
-56
-63
-56
-61
-48
-31
-16
-22
-31
-30
-36
-47
-45
-51
-46
-27
-17
10
28
40
40
34
44
37
38
45
30
29
38
42
22
16
15
14
26
22
27
41
37
25
11
-10
-24
-47
-68
-63
-82
-87
-85
-92
-83
-74
-76
-71
-53
-58
-55
-67
-74
-79
-89
-101
-100
-87
-90
-96
-80
-90
-114
-106
-113
-121
-89
-83
-84
-52
-58
-62
-38
-30
-24
18
20
33
64
66
81
89
75
77
81
51
63
67
57
87
84
78
110
95
75
84
68
62
81
71
77
84
69
66
52
42
36
21
18
39
25
24
38
30
23
36
42
40
37
21
13
8
-16
-18
-12
-31
-19
-5
-31
-50
-48
-74
-63
-45
-58
-34
-12
-19
5
18
4
-1
-5
-4
6
13
18
24
25
26
49
51
60
70
68
74
71
55
61
70
67
88
85
66
74
77
63
79
76
65
56
47
55
55
50
44
42
40
23
17
5
-4
-1
-5
-4
18
17
-8
-8
-16
-42
-55
-49
-48
-43
-48
-56
-63
-82
-89
-94
-106
-111
-109
-119
-125
-112
-121
-119
-102
-107
-119
-96
-100
-104
-81
-89
-89
-83
-85
-74
-58
-50
-33
-37
-33
-18
-22
-4
16
-3
-1
19
-3
11
31
9
20
32
10
32
36
36
55
62
75
80
72
64
66
44
40
36
30
16
-2
-4
-7
-12
-9
-5
-14
-3
6
-6
-9
-4
-20
-23
-15
-23
-22
-24
-31
-23
-40
-42
-29
-40
-30
-12
-36
-19
-10
-37
-13
-10
-44
-11
-11
-29
8
23
11
35
33
11
30
29
15
20
22
29
50
33
35
45
21
36
54
44
39
36
39
43
59
56
41
51
53
47
44
43
32
31
29
26
28
24
24
36
40
41
45
34
32
41
42
33
34
22
22
16
17
17
2
11
8
-10
-1
9
-9
0
1
-12
-2
1
2
17
34
28
29
28
12
15
21
22
23
17
11
0
-1
6
-5
2
3
2
3
-1
-13
-20
-29
-32
-26
-38
-49
-43
-47
-51
-48
-51
-51
-52
-55
-63
-57
-74
-101
-113
-112
-104
-109
-99
-86
-99
-105
-89
-93
-100
-82
-100
-112
-93
-98
-103
-87
-82
-68
-55
-44
-28
-22
-21
-19
-11
-19
-23
-18
3
20
29
42
55
68
77
82
78
81
76
74
81
79
71
65
70
76
72
80
76
68
81
83
76
66
62
60
59
52
56
45
41
42
40
37
28
16
6
19
17
15
24
27
30
33
39
27
29
43
31
32
38
34
27
27
24
23
34
38
32
39
38
30
25
34
20
8
5
0
13
15
19
24
7
-2
5
1
-10
-2
-5
-7
-1
0
-6
-21
-32
-40
-45
-47
-51
-43
-39
-31
-16
-22
-18
-9
-15
-26
-26
-31
-50
-52
-60
-70
-64
-74
-81
-62
-66
-68
-51
-52
-43
-45
-53
-58
-60
-63
-64
-59
-60
-57
-62
-56
-52
-43
-32
-23
-17
-21
-8
-10
-13
1
-2
-8
3
7
3
13
9
12
23
11
6
15
3
-5
9
14
15
18
9
12
18
17
20
33
33
30
40
49
54
51
50
52
47
35
17
1
1
5
8
18
17
19
27
19
23
25
12
2
7
8
7
6
9
11
11
15
15
14
6
10
5
12
21
17
17
18
12
21
24
13
11
10
0
9
11
3
24
27
30
38
28
23
24
1
-5
3
-8
-12
-1
6
6
16
5
5
7
14
10
10
10
-9
-9
-6
-25
-33
-22
-39
-41
-22
-24
-34
-17
-10
-18
-11
-16
-20
-13
-25
-30
-19
-9
-13
-9
-7
-4
8
15
-1
1
5
3
10
14
32
31
48
65
51
62
63
43
47
42
25
23
11
2
12
10
0
-1
12
1
-2
1
-13
-30
-28
-14
-28
-36
-28
-35
-30
-19
-48
-56
-57
-68
-78
-78
-76
-86
-83
-81
-81
-74
-68
-73
-69
-53
-46
-44
-44
-53
-40
-37
-35
-19
-18
-27
-12
-12
-21
-17
-14
10
25
26
35
35
26
33
33
34
37
33
29
35
45
35
33
37
35
46
46
44
51
53
38
44
44
35
32
17
23
33
39
43
52
42
42
36
24
18
25
15
12
18
16
18
17
13
6
12
2
-17
-7
8
0
10
10
-12
-12
7
-2
0
7
-12
-12
-16
-22
-16
-6
-13
-15
-12
-5
-13
-9
-12
-19
-6
-6
-14
-2
-4
-14
4
10
-1
11
24
34
50
37
32
38
34
29
36
39
42
41
33
27
27
28
26
26
22
22
15
6
15
8
11
10
3
0
-6
-3
3
-4
-6
-13
-19
-23
-31
-34
-40
-40
-33
-27
-33
-35
-42
-51
-43
-46
-49
-45
-41
-30
-26
-34
-35
-34
-37
-30
-20
-28
-35
-31
-34
-38
-33
-33
-27
-17
-5
-17
-14
-17
-30
-21
-6
-4
-7
6
2
-11
-9
-18
-19
-14
-22
-17
-15
-28
-30
-19
-9
3
-2
-10
-8
-11
-15
-27
-21
-14
-15
-18
-13
-6
-3
2
0
12
1
-10
0
7
4
14
15
12
16
19
14
22
25
26
28
39
152
334
302
-17
-239
-213
-110
-38
-63
-87
27
210
242
85
-57
-53
11
-23
-84
-71
7
81
112
70
14
-15
-70
-63
-1
71
183
293
295
136
-62
-133
-84
0
67
23
12
81
67
-81
-186
-107
119
180
36
-72
9
239
238
-7
-375
-500
-251
25
127
113
123
146
93
-71
-227
-209
48
213
107
-64
-81
13
107
25
-201
-204
22
141
101
67
76
75
39
-89
-209
-206
13
105
22
-16
80
92
-3
26
-5
-63
-47
8
67
103
100
-16
-129
-86
-35
-55
-91
-54
20
86
99
-10
-104
-87
-84
-163
-155
-90
-45
6
11
-40
-83
-83
-96
-152
-137
-30
72
51
6
-13
15
21
-38
-101
-95
12
87
176
87
-103
-15
82
26
-15
-63
-77
89
210
133
8
-9
15
11
53
-29
-47
-4
138
243
94
20
-71
-65
1
9
79
85
20
67
152
138
-4
-131
-120
-36
47
52
62
25
29
27
-95
-144
-34
12
-53
-54
85
197
33
-180
-213
-28
67
22
-87
-131
22
141
105
-116
-162
-65
84
85
1
21
-58
-101
12
84
-16
-64
-9
104
132
87
-21
-125
-111
-19
184
207
45
-40
-58
60
194
8
-251
-228
32
226
112
-92
-121
-26
80
79
1
-85
-76
-25
86
142
38
-76
-109
21
129
96
-107
-173
-49
71
117
16
-74
-5
76
13
-90
-90
-21
-47
-100
-12
94
44
-41
-60
-115
-84
39
55
57
64
-5
-46
-40
-20
-65
-105
26
66
10
-25
-41
-43
-8
-32
-86
-7
85
40
-62
-46
25
37
-38
-95
-2
141
206
47
-173
-133
56
124
31
-35
12
158
210
52
-104
-105
-22
65
45
12
86
119
93
25
-16
-25
-33
-38
-44
36
170
131
-93
-151
-55
56
80
-17
-74
-11
95
150
73
-141
-233
-110
68
80
-34
-128
-108
66
146
19
-147
-151
19
78
-41
-101
-95
-19
62
33
-15
-72
-96
-78
-72
-56
-22
38
51
0
1
-3
-58
-39
-11
-12
61
91
44
-14
-5
25
10
45
27
7
7
-19
-13
12
2
-67
-67
28
92
64
-10
-48
18
53
36
-24
-42
-2
22
6
-30
47
96
21
-114
-118
12
87
27
-70
-12
134
170
28
-128
-160
-21
132
79
-44
-16
73
62
-17
-49
-71
-38
50
69
85
87
-7
-104
-47
61
61
15
-41
-7
97
84
-16
-109
-68
71
130
151
134
47
12
61
109
90
34
11
57
165
178
61
-37
6
115
148
53
-63
-62
2
27
-7
-62
-69
-21
31
17
-61
-135
-175
-159
-50
-20
-113
-167
-163
-126
-115
-178
-236
-220
-192
-164
-124
-104
-180
-275
-258
-109
-71
-177
-273
-278
-132
56
42
-123
-169
-52
60
-46
-180
-110
18
143
201
165
132
272
450
435
382
366
421
497
482
433
410
474
528
431
333
293
225
131
6
-97
-69
42
73
6
-64
-109
-157
-264
-420
-467
-408
-337
-293
-295
-315
-305
-307
-369
-445
-466
-381
-265
-183
-207
-300
-356
-421
-506
-554
-519
-444
-354
-263
-177
-141
-175
-221
-211
-191
-140
25
158
235
244
224
327
547
825
1067
1238
1352
1367
1248
1041
916
852
806
793
789
843
846
663
405
177
-10
-66
-163
-223
-140
-90
-128
-253
-480
-663
-688
-696
-694
-607
-430
-240
-155
-175
-225
-325
-411
-474
-538
-551
-557
-595
-675
-817
-925
-990
-995
-952
-952
-930
-806
-683
-666
-654
-588
-450
-266
-140
-104
-18
161
357
467
400
280
400
836
1384
1761
2003
2112
2068
1908
1494
909
502
459
674
966
1133
1017
779
533
271
-45
-402
-587
-481
-197
97
164
-152
-586
-835
-894
-864
-815
-710
-443
-110
87
16
-265
-559
-713
-746
-713
-697
-773
-894
-983
-1046
-1199
-1471
-1629
-1570
-1404
-1182
-988
-986
-1000
-960
-889
-691
-496
-418
-291
-86
201
560
671
573
449
539
1020
1706
2193
2442
2583
2571
2440
2038
1338
755
638
973
1405
1581
1497
1210
827
498
57
-457
-672
-430
10
374
362
-30
-494
-859
-1118
-1165
-1093
-836
-365
-9
172
92
-235
-625
-858
-909
-835
-754
-763
-836
-947
-1069
-1320
-1620
-1784
-1752
-1523
-1204
-1027
-983
-949
-995
-960
-806
-643
-419
-109
170
409
585
616
602
555
583
1037
1880
2703
3129
3078
2750
2319
1840
1261
651
473
989
1671
1935
1623
969
393
20
-377
-836
-1033
-698
-5
509
464
-156
-872
-1276
-1361
-1309
-1152
-856
-462
-85
26
-123
-470
-887
-1149
-1209
-1123
-925
-853
-1029
-1228
-1382
-1478
-1617
-1836
-1896
-1718
-1366
-1001
-953
-1082
-1068
-881
-656
-471
-364
-264
-19
372
704
780
605
478
796
1605
2503
2991
3022
2822
2577
2318
1790
1012
525
688
1327
1813
1664
1106
547
157
-130
-506
-823
-697
-55
598
792
411
-299
-916
-1215
-1205
-1090
-891
-524
-152
55
75
-179
-584
-904
-995
-938
-819
-816
-973
-1173
-1289
-1397
-1555
-1727
-1882
-1817
-1510
-1134
-966
-1003
-1029
-885
-637
-457
-368
-289
-74
234
502
581
534
433
525
1036
1981
2935
3394
3308
2911
2493
1964
1216
521
371
950
1808
2221
1919
1179
488
-18
-478
-875
-953
-417
502
1087
1041
395
-514
-1169
-1323
-1259
-1092
-710
-225
104
170
-52
-514
-901
-1111
-1233
-1185
-1066
-1059
-1267
-1598
-1820
-1890
-1942
-2039
-2041
-1861
-1510
-1184
-1078
-1164
-1155
-971
-707
-475
-348
-213
-20
285
456
427
390
342
530
1270
2376
3256
3547
3288
2744
2224
1682
950
336
330
1073
1966
2220
1643
704
-46
-387
-653
-889
-693
91
939
1278
962
70
-830
-1295
-1407
-1189
-711
-195
87
24
-171
-471
-849
-1173
-1333
-1263
-958
-663
-817
-1373
-1826
-2011
-1977
-1956
-2002
-1919
-1559
-1006
-654
-670
-812
-808
-601
-331
-193
-101
91
368
623
684
583
431
338
625
1415
2552
3357
3581
3302
2727
2176
1576
713
100
336
1255
2019
2047
1371
494
-89
-392
-709
-937
-627
216
951
1047
463
-470
-1143
-1342
-1331
-1176
-808
-316
-46
-152
-471
-860
-1119
-1200
-1182
-1136
-1011
-926
-1094
-1495
-1808
-2001
-2018
-1915
-1797
-1575
-1297
-947
-720
-767
-755
-544
-326
-158
-43
-52
42
297
436
418
417
368
309
641
1523
2732
3653
3807
3323
2595
1951
1282
388
-123
323
1476
2308
2187
1321
299
-418
-862
-1257
-1314
-601
573
1346
1225
349
-759
-1502
-1702
-1587
-1138
-490
125
267
-59
-561
-1123
-1489
-1441
-1159
-854
-571
-588
-1074
-1682
-2019
-2136
-2082
-1865
-1599
-1224
-820
-649
-753
-889
-838
-597
-277
-67
87
236
318
394
391
332
396
453
462
833
1792
3025
3805
3855
3319
2598
1998
1268
426
110
740
1809
2367
2068
1129
102
-587
-989
-1221
-955
-102
905
1383
1026
155
-886
-1617
-1735
-1338
-704
-65
298
124
-307
-799
-1336
-1690
-1685
-1346
-853
-515
-701
-1283
-1886
-2177
-2219
-2104
-1881
-1555
-1179
-857
-734
-823
-988
-972
-748
-472
-85
207
305
315
275
172
156
138
130
128
519
1527
2889
3852
3958
3469
2712
1974
1228
327
-78
506
1660
2358
2082
1156
47
-761
-1184
-1461
-1212
-224
923
1526
1283
420
-684
-1614
-1974
-1591
-804
-13
345
227
-201
-697
-1347
-1923
-1986
-1422
-628
-199
-306
-865
-1542
-1947
-2228
-2416
-2219
-1608
-915
-460
-304
-461
-721
-852
-814
-551
-133
265
485
459
384
282
120
-60
-103
-101
264
1261
2615
3674
4027
3661
2937
2118
1353
567
73
415
1404
2123
1971
1103
126
-686
-1211
-1365
-1052
-108
918
1519
1346
591
-439
-1407
-1830
-1481
-635
201
530
400
-74
-645
-1260
-1873
-1986
-1449
-659
-95
-104
-558
-1283
-1919
-2299
-2394
-2160
-1596
-862
-389
-194
-246
-576
-901
-944
-728
-247
221
415
361
196
7
-197
-387
-395
-146
104
682
1800
3017
3811
3858
3199
2388
1735
1074
254
0
668
1724
2172
1502
443
-528
-1224
-1461
-1420
-811
328
1300
1490
885
-49
-1119
-1890
-1820
-1038
-22
668
666
181
-438
-1027
-1726
-2096
-1763
-942
-141
65
-314
-1071
-1903
-2382
-2501
-2215
-1576
-846
-337
-140
-185
-474
-887
-1023
-826
-389
102
359
352
178
-7
-236
-440
-461
-221
103
323
1002
2151
3358
4032
3743
2990
2250
1522
790
91
98
1024
1946
2014
1224
170
-830
-1507
-1599
-1200
-202
900
1528
1476
781
-144
-1281
-1971
-1563
-464
544
899
604
-40
-706
-1241
-1820
-2013
-1535
-818
-237
-42
-289
-1001
-1872
-2381
-2297
-1684
-959
-434
-171
-94
-86
-460
-1012
-1252
-1039
-392
256
531
411
136
-102
-335
-393
-280
-88
166
353
286
615
1619
2853
3682
3843
3551
2934
2020
906
-32
-156
574
1442
1640
1053
213
-721
-1594
-1884
-1503
-510
680
1591
1654
954
7
-1061
-1684
-1311
-344
394
587
444
-9
-615
-1239
-1906
-2174
-1610
-597
175
322
-226
-1199
-1969
-2302
-2210
-1824
-1304
-623
103
430
209
-447
-1135
-1354
-1036
-459
-5
297
368
277
89
-205
-594
-802
-630
-68
411
719
1303
2340
3476
3795
3323
2611
1830
1186
532
117
364
1026
1456
945
18
-761
-1456
-1681
-1283
-372
714
1326
1248
592
-214
-921
-1517
-1452
-677
313
720
404
-136
-839
-1467
-1872
-1975
-1530
-689
-17
22
-304
-795
-1465
-1874
-1850
-1515
-1004
-628
-319
-91
-93
-384
-873
-1138
-935
-517
-230
-26
162
268
296
207
-18
-123
-123
-98
46
181
113
505
1692
3181
4161
4067
3269
2346
1523
816
110
-79
518
1256
1288
494
-424
-1271
-1758
-1425
-508
595
1338
1447
1078
363
-392
-1269
-1708
-1076
53
764
717
53
-821
-1562
-1819
-1836
-1578
-880
-188
129
148
-137
-831
-1521
-1816
-1647
-1196
-767
-466
-302
-282
-392
-705
-1099
-1213
-951
-474
87
577
660
429
201
37
-52
-160
-205
-167
119
441
392
751
1836
3139
3936
3837
3319
2504
1589
601
-307
-362
267
822
848
411
-69
-796
-1368
-1397
-884
63
698
923
741
228
-412
-1264
-1522
-971
-276
98
-65
-408
-894
-1480
-1901
-2008
-1536
-738
-41
301
185
-297
-1170
-1939
-2080
-1799
-1329
-909
-529
-269
-240
-549
-1052
-1204
-941
-455
128
552
767
647
335
25
-178
-180
-47
78
185
259
236
-26
82
1152
2674
3975
4334
3767
2798
1604
511
-420
-663
68
1075
1657
1282
386
-728
-1742
-1906
-1381
-447
530
1042
1100
588
-243
-1254
-1858
-1429
-410
422
504
53
-606
-1223
-1493
-1403
-1010
-314
363
664
479
-170
-1210
-2122
-2289
-1821
-1097
-512
-210
18
83
-158
-615
-911
-756
-298
332
804
939
704
236
-209
-369
-324
-225
-1
262
474
471
163
-165
-333
-85
1130
2848
4143
4367
3543
2440
1317
314
-378
-507
176
1144
1571
868
-431
-1664
-2541
-2502
-1652
-575
401
830
852
350
-490
-1313
-1796
-1399
-357
576
823
442
-226
-946
-1295
-1321
-1187
-713
-137
85
-83
-607
-1500
-2276
-2425
-2026
-1233
-538
-161
60
-17
-191
-366
-507
-317
173
557
730
635
153
-469
-713
-623
-319
149
513
609
437
102
-222
-367
-277
445
1979
3637
4516
4201
3126
1939
888
-10
-555
-342
410
1013
840
-133
-1222
-2274
-2880
-2485
-1357
-38
882
1153
904
356
-332
-1014
-1157
-479
486
1073
917
312
-442
-1127
-1400
-1361
-986
-437
-20
90
-271
-832
-1402
-1749
-1609
-1054
-437
-73
154
256
250
235
87
-47
-39
17
108
203
217
74
-42
35
100
86
13
-5
69
191
313
400
407
393
217
383
1420
2720
3564
3468
2761
1773
591
-333
-1038
-1075
-564
-9
232
-373
-1203
-2110
-2650
-2090
-890
387
1170
1464
1294
627
-43
-731
-857
-304
338
644
359
-167
-905
-1502
-1479
-1140
-564
-148
63
113
-102
-424
-1026
-1356
-1133
-676
-124
80
19
-148
-336
-383
-394
-259
-68
223
446
466
347
-106
-487
-471
-196
128
315
402
365
251
158
-8
-63
85
259
942
2131
3088
3325
2627
1610
613
-249
-793
-1099
-817
-123
370
173
-656
-1339
-1884
-1868
-1089
-137
781
1177
1009
534
-110
-562
-800
-579
-5
507
581
138
-423
-1014
-1253
-983
-590
-99
179
169
-40
-507
-905
-1213
-1225
-895
-406
-13
70
-5
-162
-291
-263
-167
97
404
613
601
384
144
-116
-169
-16
219
443
449
320
93
18
99
70
123
138
137
-39
-287
137
1123
2209
2556
2117
1485
557
-244
-757
-763
26
807
1023
363
-620
-1437
-2165
-2010
-984
312
1305
1533
1321
522
-324
-914
-1124
-452
492
1088
1038
511
-208
-926
-1230
-1085
-580
-16
390
536
263
-242
-828
-1281
-1340
-938
-371
-1
165
128
50
-54
-180
-198
-178
-68
60
104
76
-116
-360
-421
-271
-103
-41
-24
-61
-131
-178
-270
-397
-558
-675
-772
-571
389
1506
2355
2529
2135
1636
955
232
-213
-129
433
914
758
-172
-1063
-1691
-1928
-1345
-433
524
1090
1145
885
272
-223
-588
-541
157
858
1113
732
33
-663
-1039
-906
-578
-128
101
42
0
-311
-709
-1076
-1289
-1048
-600
-220
-121
-192
-316
-391
-375
-376
-332
-241
-119
82
176
124
-78
-350
-458
-397
-312
-328
-308
-231
7
216
80
-189
-539
-757
-615
-388
-173
601
1769
2758
3103
2589
1799
947
296
194
396
774
1045
788
52
-721
-1209
-1521
-1241
-311
657
1291
1242
824
283
-232
-333
-75
440
984
1123
763
211
-279
-812
-1051
-768
-285
59
113
-13
-371
-833
-1129
-1106
-826
-520
-379
-486
-494
-499
-626
-557
-406
-192
-70
-238
-508
-626
-609
-596
-426
-166
-12
-60
-275
-466
-619
-622
-444
-210
125
249
64
-188
-371
-186
-2
421
1471
2487
3098
2795
2085
1211
393
8
-256
-8
478
710
460
-339
-934
-1293
-1275
-579
337
1107
1392
1199
638
105
-51
-116
15
439
722
583
-37
-699
-1220
-1503
-1320
-930
-528
-205
-153
-377
-723
-1004
-1159
-1142
-898
-638
-508
-585
-747
-849
-895
-876
-796
-610
-378
-160
-23
-51
-155
-227
-309
-291
-158
-70
-25
55
167
307
415
456
485
525
472
468
408
286
156
561
1507
2267
2570
2160
1656
1159
696
420
272
675
1072
999
486
-248
-541
-627
-358
235
683
860
655
354
-9
-238
-277
-346
-135
15
-168
-597
-1020
-1158
-1124
-864
-492
-332
-395
-559
-668
-674
-703
-810
-942
-1006
-1030
-964
-990
-1071
-1016
-864
-525
-115
130
121
-31
-81
-110
0
80
157
424
615
654
508
227
16
-42
144
459
660
668
423
168
-52
-172
-195
-60
263
853
1710
2332
2386
1819
1249
866
701
720
615
681
828
627
6
-849
-1383
-1494
-1106
-372
205
341
-29
-474
-810
-1007
-878
-614
-213
260
421
106
-453
-942
-1250
-1158
-716
-319
-238
-411
-583
-793
-941
-904
-820
-650
-388
-190
-342
-558
-687
-682
-376
42
419
494
282
100
15
102
311
520
685
841
841
524
128
-169
-262
-98
170
427
456
286
97
-32
-27
110
346
499
1062
1811
2163
2003
1339
797
373
141
86
-67
77
148
-41
-368
-749
-895
-1002
-731
-235
142
282
32
-159
-263
-347
-346
-442
-392
-219
-195
-347
-562
-748
-894
-813
-483
-184
20
103
128
101
-6
-177
-429
-546
-443
-351
-319
-349
-414
-364
-151
169
391
442
377
355
473
646
713
601
421
290
160
-32
-198
-172
-52
86
258
329
182
41
-33
48
97
136
28
-139
-95
-56
296
629
846
739
479
344
171
135
166
290
536
514
271
-193
-550
-624
-545
-273
-18
86
-35
-256
-356
-375
-269
-214
-165
-18
46
25
-16
-7
-11
48
106
103
5
-180
-314
-306
-219
-142
-176
-318
-419
-503
-565
-554
-430
-175
27
149
157
67
-93
-155
-106
-79
-80
-76
-115
-127
-138
-251
-367
-407
-334
-220
-20
168
199
128
86
86
-46
-183
-344
-332
-170
129
672
906
988
754
484
313
213
393
445
639
879
776
564
131
-96
-211
-123
244
418
465
181
-114
-241
-323
-182
-186
-126
54
79
-22
-224
-307
-414
-348
-104
110
256
172
-21
-253
-372
-315
-275
-191
-131
-68
-52
-187
-356
-482
-500
-463
-339
-322
-462
-536
-598
-497
-367
-228
-80
-17
69
169
302
348
290
261
195
149
89
46
24
18
40
-33
-56
-88
-172
-135
36
194
313
488
679
845
786
639
417
301
457
691
901
1022
873
500
31
-188
-189
-79
102
244
312
127
-119
-357
-488
-328
-143
34
84
-80
-277
-507
-633
-588
-433
-235
-61
-21
-100
-228
-356
-460
-407
-290
-254
-291
-384
-505
-618
-660
-600
-495
-419
-301
-262
-357
-427
-410
-325
-193
-66
27
48
62
60
47
122
233
304
372
490
522
465
463
399
299
234
219
183
150
86
-11
17
-1
90
116
110
184
205
238
274
371
349
335
415
444
460
433
451
461
480
434
278
155
35
-75
-198
-299
-383
-484
-466
-441
-403
-385
-410
-372
-293
-193
-123
-88
-112
-53
65
144
199
201
142
-8
-137
-186
-252
-209
-132
-83
-82
-115
-130
-152
-74
18
78
102
64
-30
-147
-144
-117
-48
86
227
377
411
362
289
185
130
136
150
155
136
-37
-269
-340
-348
-287
-258
-182
-118
-76
37
37
50
-14
-26
9
116
273
295
287
189
122
85
8
8
-11
-13
81
147
179
163
125
37
-55
-108
-127
-139
-146
-149
-193
-209
-224
-324
-329
-290
-203
-21
142
190
234
263
162
141
112
35
9
-18
15
22
-90
-270
-462
-518
-463
-400
-297
-228
-201
-166
-173
-243
-270
-234
-221
-79
100
202
262
213
92
79
69
-17
-18
4
-33
-35
-64
-158
-153
-77
-8
72
139
166
116
74
101
93
89
152
149
163
169
136
108
106
151
262
365
417
472
533
560
560
513
446
399
388
403
360
319
297
270
224
173
112
27
-77
-129
-178
-267
-334
-385
-403
-393
-329
-256
-160
-139
-161
-187
-266
-302
-293
-251
-188
-148
-182
-219
-291
-395
-512
-601
-570
-530
-480
-363
-323
-300
-238
-231
-205
-146
-127
-79
56
143
236
283
228
220
213
198
254
262
217
205
183
125
100
83
56
93
164
210
247
325
321
238
247
248
230
259
290
355
493
545
512
458
353
280
225
186
141
64
-53
-172
-253
-358
-439
-474
-441
-364
-332
-281
-253
-230
-184
-138
-129
-142
-152
-189
-194
-207
-225
-286
-405
-459
-452
-479
-429
-306
-214
-70
-2
-39
-87
-121
-118
-89
-41
-12
11
-27
-22
-2
-30
-22
56
181
318
386
325
244
222
249
282
276
281
243
172
175
159
125
107
113
198
342
348
307
251
208
217
262
287
286
255
169
114
29
-3
-24
-39
39
56
8
-63
-186
-289
-291
-216
-139
-63
-27
-49
-106
-147
-166
-142
-43
46
143
151
47
-101
-236
-293
-281
-226
-178
-187
-193
-157
-147
-125
-87
-56
7
66
81
65
-10
-81
-55
-9
36
63
33
69
90
113
157
145
130
105
95
99
78
42
31
36
64
112
86
12
-18
-25
-15
9
-6
-16
16
23
17
24
-27
-14
23
9
20
3
-107
-199
-229
-272
-238
-171
-214
-222
-145
-97
-60
-36
-10
15
67
101
33
-46
-161
-278
-300
-267
-241
-179
-143
-167
-161
-126
-112
-17
94
154
256
283
263
228
149
54
22
-3
-22
-5
-20
-45
-24
19
36
57
138
145
159
204
174
165
188
183
165
204
210
215
220
156
101
66
-14
-15
28
11
18
40
-10
4
47
22
-2
-31
-59
-84
-98
-87
-102
-73
-38
-60
-59
-11
-10
36
114
166
188
110
-6
-45
-49
-91
-86
-88
-142
-187
-190
-236
-220
-159
-129
-26
101
65
17
20
-6
49
149
163
134
108
23
16
16
2
12
1
-21
-25
-29
-91
-103
-72
-28
18
71
92
85
73
73
76
97
91
55
66
50
-14
-47
-58
-78
-37
-32
-80
-112
-115
-128
-110
-88
-97
-110
-157
-188
-224
-243
-235
-210
-154
-110
-55
-13
4
-28
-30
12
7
-14
-41
-101
-124
-134
-141
-110
-64
-37
21
84
97
91
77
30
32
61
63
68
125
132
155
207
180
188
168
163
149
153
139
113
119
112
127
119
120
132
125
150
188
156
157
124
76
87
81
24
33
50
-28
-45
-77
-178
-248
-249
-228
-198
-158
-108
-90
-65
-28
-5
-15
24
44
1
-33
-109
-207
-246
-233
-187
-87
-9
64
95
82
33
6
11
81
157
192
208
159
123
70
40
65
104
110
158
205
151
105
49
44
106
176
211
207
207
148
122
121
96
79
76
56
72
59
-19
-68
-119
-138
-125
-128
-176
-191
-185
-225
-252
-253
-273
-276
-260
-243
-218
-192
-224
-254
-254
-270
-231
-184
-179
-126
-69
-80
-101
-146
-197
-187
-210
-172
-99
-100
-112
-99
-146
-141
-62
-55
3
84
93
94
177
186
160
192
201
182
239
272
253
261
230
185
199
224
194
187
152
85
85
73
68
89
113
136
162
193
172
116
98
93
86
136
121
59
39
41
15
-27
-69
-171
-227
-207
-214
-171
-116
-131
-127
-127
-164
-168
-168
-179
-169
-128
-85
-81
-92
-102
-153
-142
-47
-20
14
73
39
37
52
4
5
30
27
64
104
91
79
70
52
38
109
177
202
249
309
313
314
325
277
255
267
233
208
154
57
13
-8
-40
-19
-3
-45
-56
-40
-42
-30
-19
-27
-20
-33
-42
-56
-106
-134
-161
-173
-153
-152
-186
-211
-199
-219
-238
-272
-321
-315
-309
-300
-255
-242
-247
-203
-174
-162
-124
-134
-122
-104
-124
-122
-116
-105
-62
36
106
153
166
138
129
151
181
199
189
139
104
61
59
72
94
134
169
202
192
180
190
205
223
255
243
200
169
143
92
50
22
2
-5
-24
-29
-10
-34
-46
-23
-41
-32
-25
-55
-50
-26
-27
-41
-90
-108
-116
-168
-168
-137
-159
-135
-103
-114
-77
-67
-103
-103
-104
-105
-87
-75
-63
-48
-66
-59
-50
-53
-48
9
97
141
164
210
217
183
163
141
113
123
122
125
120
79
55
27
44
84
102
111
106
97
102
90
86
101
104
128
135
98
39
8
-14
-23
3
-17
-56
-68
-100
-106
-73
-86
-93
-91
-108
-104
-80
-104
-128
-145
-151
-151
-164
-160
-166
-134
-90
-39
-17
-16
-29
-31
-5
-8
-31
-36
-48
-34
-10
-19
-20
-49
-63
-39
-10
25
58
92
103
113
107
95
96
61
52
68
30
11
33
29
19
20
34
28
28
22
21
3
-32
-39
-48
-32
-18
-28
-24
-35
-68
-49
-11
8
45
56
38
53
42
28
-14
-54
-58
-76
-83
-76
-110
-164
-149
-149
-126
-77
-85
-97
-100
-92
-84
-74
-60
-1
35
68
87
77
67
33
-21
0
30
27
36
14
-6
-14
-35
-27
-13
-3
51
72
62
72
69
69
77
76
93
109
73
55
43
14
19
41
46
65
96
86
85
86
72
107
163
193
175
142
127
115
103
109
111
92
109
79
51
62
46
72
128
146
132
76
3
-39
-81
-98
-79
-78
-63
-37
-69
-82
-72
-90
-55
5
29
30
4
-51
-97
-114
-119
-128
-119
-118
-136
-156
-142
-141
-135
-104
-83
-92
-83
-95
-105
-65
-59
-59
-25
-27
-98
-107
-123
-171
-137
-124
-114
-66
-38
-37
-33
-21
9
19
65
91
82
94
56
10
-2
-23
-56
-24
-6
1
67
59
17
26
34
21
69
91
81
88
90
62
33
64
78
60
69
74
61
69
70
64
76
55
33
41
23
-17
-21
-42
-89
-101
-94
-98
-69
-28
-17
-6
32
40
33
40
28
6
-23
-38
-80
-106
-126
-136
-141
-137
-117
-97
-66
-71
-72
-40
-20
-23
2
19
34
64
73
94
106
94
104
106
102
120
107
80
95
91
87
106
107
99
117
120
118
130
113
124
136
137
157
141
117
133
135
134
133
119
84
98
70
19
16
-15
-26
-9
-26
-47
-81
-134
-149
-161
-172
-175
-181
-166
-159
-154
-111
-95
-105
-121
-139
-151
-162
-205
-225
-235
-251
-239
-210
-196
-164
-144
-149
-120
-110
-122
-112
-105
-121
-94
-79
-86
-53
-24
-10
21
16
28
57
85
114
136
158
166
154
138
114
87
79
52
83
103
103
114
110
103
112
103
121
139
140
164
151
146
131
122
113
120
82
93
88
21
12
12
-19
-10
23
-2
3
2
-6
-12
-25
-58
-71
-62
-47
-40
-16
-20
-47
-42
-60
-66
-35
-37
-37
-35
-36
-43
-47
-29
-26
-39
-45
-55
-81
-87
-70
-70
-58
-33
-47
-29
-14
4
30
40
51
54
46
20
48
70
46
80
89
51
53
40
23
26
35
52
82
121
140
129
129
132
116
114
114
106
104
74
62
72
57
48
58
68
47
39
35
-9
-28
-6
-44
-63
-40
-90
-154
-161
-200
-222
-187
-185
-179
-129
-116
-118
-106
-123
-164
-169
-172
-168
-129
-120
-135
-149
-170
-164
-153
-150
-146
-138
-117
-82
-103
-99
-75
-79
-32
20
20
26
42
14
24
51
18
23
30
0
33
71
62
81
112
101
88
99
114
123
149
184
163
154
153
121
123
110
80
81
79
89
122
128
123
128
103
108
135
122
116
107
77
60
60
32
21
9
1
17
36
22
59
74
51
44
25
-11
-11
-11
-21
30
-2
-25
-24
-67
-85
-62
-42
-38
-3
6
-24
-49
-82
-103
-109
-90
-87
-92
-95
-109
-128
-117
-103
-129
-104
-76
-60
-17
-5
-32
-5
-18
-17
25
40
49
84
78
68
75
62
44
52
61
56
59
51
44
44
46
29
26
27
34
31
32
19
13
-4
-12
3
6
1
2
2
-5
-16
-18
-35
-66
-45
-61
-96
-83
-115
-127
-110
-125
-130
-119
-146
-184
-157
-165
-163
-124
-146
-137
-109
-117
-119
-112
-127
-146
-135
-127
-104
-108
-79
-66
-59
-43
-32
-41
-42
-23
-32
-1
17
15
47
43
47
71
69
76
110
124
123
134
104
108
135
109
116
166
146
164
188
166
169
178
170
176
188
192
172
147
136
139
142
152
146
136
138
97
98
118
78
88
106
68
51
72
32
11
16
-24
-19
-29
-61
-80
-88
-88
-85
-102
-89
-74
-88
-96
-78
-97
-99
-95
-117
-93
-66
-89
-81
-78
-89
-56
-72
-62
-17
-27
-30
-12
-17
-10
11
16
44
43
32
38
43
47
69
78
80
98
90
86
78
60
61
67
43
35
54
59
48
29
28
30
14
-1
5
-11
-30
-24
-65
-98
-82
-92
-87
-71
-85
-95
-98
-127
-142
-140
-133
-145
-132
-137
-139
-155
-174
-176
-180
-150
-140
-133
-113
-86
-102
-92
-66
-83
-74
-66
-87
-61
-36
-65
-52
-13
-45
-25
5
-30
2
47
59
81
93
95
94
86
92
84
79
93
81
86
90
68
79
106
93
118
132
113
137
143
121
129
114
88
91
92
75
68
69
48
37
26
-8
-11
-23
-28
-16
-8
-12
-16
-23
-18
-4
-10
-8
-10
-3
-5
-9
11
14
8
0
-6
-8
-9
-2
5
17
5
2
6
2
2
1
15
46
65
67
66
47
45
22
32
50
55
50
51
39
19
21
-6
-19
2
15
14
39
37
27
30
19
5
28
26
-7
11
2
-28
-18
-19
-50
-42
-40
-42
-31
-57
-68
-75
-79
-57
-62
-66
-37
-40
-53
-35
-43
-39
-27
-42
-39
-23
-55
-75
-78
-80
-73
-55
-39
-15
-7
-5
6
10
3
-17
-18
-29
-31
-8
-36
-56
-18
-36
-32
5
-3
-16
-4
-8
-12
-14
-35
-27
-28
-36
-13
4
3
5
34
38
45
50
38
40
35
7
-32
-47
-78
-90
-76
-53
-41
-24
-13
-26
-26
-2
-7
-26
-6
-11
-8
16
-4
-11
-8
-4
2
13
10
18
18
-6
4
-6
-11
-18
-17
-5
-4
9
15
21
33
24
26
48
48
66
86
68
75
74
50
39
23
11
38
52
42
83
81
67
80
64
39
54
57
62
75
83
80
72
75
81
103
98
87
80
74
52
51
45
38
42
37
37
43
21
4
42
40
29
31
11
-2
-15
-36
-32
-6
-1
-1
-6
-17
-18
-34
-49
-43
-46
-61
-60
-54
-55
-63
-83
-93
-73
-65
-55
-44
-54
-54
-64
-93
-101
-85
-111
-109
-74
-76
-60
-42
-57
-62
-20
-31
-16
-6
-13
-11
-23
-24
-40
-39
-47
-46
-55
-52
-40
-42
-30
-28
-31
-3
2
-12
7
2
-16
-25
-54
-60
-53
-67
-41
-17
-42
-36
-22
-42
-37
-38
-44
-42
-25
-12
-25
-30
-36
-39
-50
-39
-28
-43
-36
-31
-40
-27
-15
-6
26
41
46
51
56
49
46
66
67
79
78
66
48
41
28
5
25
52
64
80
89
96
112
103
93
100
96
90
109
99
99
103
86
74
90
92
85
92
96
103
96
84
64
73
54
53
66
56
66
76
59
38
24
2
-12
3
20
17
24
14
2
6
0
-5
2
-17
-13
-15
-36
-35
-55
-58
-62
-75
-85
-80
-91
-112
-93
-72
-70
-60
-53
-64
-71
-78
-78
-71
-60
-52
-57
-68
-65
-78
-84
-85
-83
-80
-69
-51
-46
-29
-24
-11
-19
-19
-13
-34
-37
-35
-55
-47
-42
-32
-6
21
39
61
73
74
82
67
54
53
46
50
43
22
12
13
8
4
8
10
21
22
18
21
15
2
9
15
19
22
18
17
20
5
14
24
17
8
-2
-15
-29
-32
-33
-41
-46
-45
-50
-27
-15
-29
-44
-43
-38
-38
-32
-15
-18
-11
-19
-25
0
1
-8
0
-1
-24
-13
-28
-31
-9
-18
-15
11
-4
-4
12
-15
-15
3
4
12
36
28
16
10
-6
10
25
27
26
34
30
14
12
13
15
19
30
27
35
34
27
38
39
33
32
44
41
43
39
34
43
25
24
18
30
27
1
8
12
3
3
21
19
12
17
11
6
11
4
-9
-14
-18
-33
-29
-38
-43
-40
-31
-44
-28
-19
-37
-30
-32
-35
-40
-31
-52
-52
-32
-28
-18
2
-3
-17
-9
-19
-26
-16
-11
-17
8
13
6
16
8
3
13
17
23
24
1
12
19
9
9
13
13
19
28
19
21
19
18
10
7
13
21
29
27
29
28
18
18
21
28
25
21
14
25
35
19
15
13
-6
-3
-5
-13
-19
-16
-25
-16
-11
-29
-29
-24
-22
-24
-20
-20
-25
-24
-22
-14
-12
-17
-32
-24
-16
-25
-26
-26
-32
-37
-33
-25
-22
-20
-11
-2
4
-4
12
21
10
12
19
15
8
19
27
17
25
38
25
36
54
44
45
57
58
55
58
46
41
41
33
32
38
32
23
25
25
18
17
14
-6
2
3
-8
-9
-13
-30
-35
-33
-50
-38
-20
-40
-29
-28
-47
-39
-57
-66
-47
-40
-46
-39
-39
-47
-40
-40
-49
-41
-32
-25
-20
-17
-12
-13
-3
-3
-10
4
9
9
13
9
20
19
9
12
18
11
14
24
16
24
39
21
24
39
22
34
50
31
38
41
21
24
29
13
16
8
-8
4
-8
-10
-9
-10
-20
-24
-28
-36
-43
-48
-39
-36
-38
-30
-36
-36
-37
-37
-29
-26
-31
-41
-38
-49
-57
-46
-40
-42
-29
-30
-49
-41
-38
-49
-31
-16
-21
-10
-1
-15
0
15
7
21
31
23
28
38
44
51
63
65
54
53
58
54
59
60
55
48
61
70
68
77
70
65
71
64
62
67
65
55
50
46
41
38
30
26
21
26
28
13
7
1
-11
-11
-7
-16
-15
-7
-17
-12
-5
-9
-16
-25
-32
-33
-36
-30
-25
-26
-27
-21
-24
-37
-31
-29
-30
-23
-18
-27
-24
-23
-28
-25
-26
-31
-27
-25
-29
-18
-13
-21
-17
-3
-9
-4
-5
-8
-6
-9
-16
-20
-17
-18
-14
-12
-9
-11
-23
-31
-27
-23
-23
-18
-11
-21
-24
-34
-38
-26
-17
-29
-16
-22
-45
-30
-34
-47
-34
-32
-40
-20
-20
-21
-15
-4
0
-3
-3
-2
-6
-11
0
0
7
15
22
28
38
34
27
29
43
53
45
50
49
48
59
60
51
50
39
41
51
50
51
59
48
54
67
40
46
55
43
45
54
31
23
23
4
17
13
1
8
-8
-5
13
-1
6
30
6
7
10
-11
-6
-7
-13
-1
-13
-19
-6
-18
-17
-13
-23
-23
-20
-14
-12
-23
-13
-15
-29
-19
-27
-38
-22
-29
-38
-19
-23
-31
-18
-32
-36
-22
-42
-41
-26
-37
-34
-32
-43
-34
-34
-45
-20
-11
-29
-19
-14
-19
-9
0
-2
6
19
10
-5
2
-3
-18
-15
-1
5
3
17
14
-1
7
-1
0
7
-1
13
15
5
8
16
11
12
15
7
10
13
7
8
16
0
-1
1
6
10
6
12
12
10
14
11
0
-1
2
-1
-2
7
17
13
13
20
8
-3
-7
-10
-18
-8
-4
-7
-3
1
4
8
12
-1
-8
-11
-19
-13
-3
-3
-2
1
1
3
10
19
22
31
29
22
28
23
18
24
22
18
33
28
16
28
19
8
19
16
13
19
14
15
21
22
25
24
26
16
21
27
21
21
19
7
2
-4
-15
-15
-18
-18
-10
-11
-15
-14
-22
-23
-21
-37
-40
-40
-47
-32
-31
-52
-41
-41
-42
-23
-28
-29
-28
-42
-43
-36
-41
-26
-22
-28
-15
-19
-21
-7
-15
-16
-9
-19
-2
14
5
19
21
-6
3
12
-3
13
18
7
15
30
24
30
15
47
204
219
11
-181
-163
-26
18
-10
-29
49
205
128
-166
-307
-147
68
80
-31
-52
45
116
14
-158
-179
-60
55
86
79
103
114
29
-89
-128
-81
-18
22
28
31
56
23
-62
-126
-123
-30
46
42
33
55
58
39
8
-56
-62
35
88
55
28
63
91
41
-22
-17
48
85
40
9
32
63
35
-22
-51
-17
57
49
-11
-20
19
40
7
4
25
36
34
13
-15
-3
23
10
-2
16
35
11
-22
-27
0
4
-26
-11
6
12
6
-26
-55
-39
-23
-41
-43
-24
10
13
-22
-38
-23
-24
-35
-27
-22
-2
18
4
-3
1
-14
-28
-30
-20
4
9
8
20
12
2
-4
-20
-21
-3
10
4
5
13
5
-10
-9
6
13
9
6
18
20
3
2
6
8
8
0
-1
-2
-2
2
0
-9
-16
-13
-19
-18
-5
0
5
2
-1
5
-1
-16
-26
-20
-14
-11
-1
11
-8
-25
-27
-35
-38
-27
-26
-16
-3
-3
-7
-20
-21
-9
-9
-20
-6
8
13
15
2
-7
-8
-7
-2
10
8
22
30
25
18
11
-2
-8
11
25
34
35
31
22
11
3
3
-4
-4
14
22
14
13
13
-6
-12
-5
-6
-6
3
13
15
26
15
2
12
20
6
6
9
8
15
1
-9
-6
-3
3
3
-1
3
5
6
8
4
10
15
15
15
8
9
12
17
13
13
11
10
2
2
3
4
10
3
-1
-1
-2
-2
-1
-7
-13
-14
-11
-7
-3
-9
-16
-9
-23
-27
-25
-24
-24
-28
-33
-37
-19
-16
-16
-10
-12
-24
-24
-15
-18
-10
-3
-6
-4
7
5
-2
1
-8
-13
-15
-13
-13
-10
-2
6
10
12
5
1
8
8
8
20
22
15
21
17
-3
1
2
-12
-6
-5
-1
1
1
8
6
-5
-5
-7
-24
-12
2
-3
-3
5
1
2
-2
-11
-6
-8
0
3
-6
-2
-12
-14
-11
-15
-9
4
0
-3
6
12
12
16
19
14
18
11
16
20
10
13
15
13
27
21
-2
9
13
8
17
19
17
9
1
-7
-4
7
17
7
8
14
0
-8
-4
-9
4
14
1
6
8
3
9
2
0
8
8
2
5
3
3
6
2
5
3
6
5
5
6
8
2
1
1
-5
5
5
-9
-5
-1
-6
-3
-4
-8
-1
-7
-10
-1
-2
-3
-1
-1
4
-4
-12
2
-5
-10
-7
-15
-15
-14
-13
-18
-17
-17
-9
-9
-5
-3
-10
-5
-8
-6
-3
-7
-12
-18
-18
-11
0
2
11
12
2
-5
-11
-12
-14
-14
-9
-15
-16
-14
-17
-17
-13
-7
-9
-7
-2
5
5
-2
-12
-9
-12
-15
-15
-16
-7
-3
-3
1
-2
0
0
-3
0
10
4
8
9
5
11
4
2
10
13
10
13
9
9
19
17
8
13
9
13
24
20
23
23
13
10
12
16
20
12
8
5
1
8
13
5
9
7
3
12
-2
-16
-5
-3
-9
2
5
-5
-2
-1
-9
0
-3
