SAMPLES:	7204
BITSPERSAMPLE:	16
CHANNELS:	1
SAMPLERATE:	16000
NORMALIZED:	FALSE
-76
68
-152
34
76
-46
58
22
24
70
-89
68
37
-19
61
40
7
43
-98
9
-47
-14
82
6
119
7
-26
-13
49
9
70
43
55
32
-55
13
3
12
-29
118
-43
28
13
-9
17
15
-30
49
92
-4
45
-19
16
-15
-1
-29
43
3
13
-50
6
-50
41
-41
0
30
-13
-47
-18
-20
-3
75
-76
81
-19
-31
-8
36
-89
121
-55
-22
51
-96
41
-7
-66
64
-59
-40
66
-199
24
-9
-102
67
14
-70
126
-153
48
-35
-89
47
-26
-74
17
-10
-138
4
-125
37
-88
100
63
-26
18
-46
9
-30
41
-6
97
-25
120
-19
-52
60
-55
-12
-15
46
-50
55
11
-48
-10
90
-18
43
-6
13
17
-116
66
5
-139
98
108
-165
79
-35
-44
90
-102
162
-94
-71
66
-168
-74
22
33
35
130
1
64
-124
55
36
-29
176
-142
24
-46
18
45
-16
42
143
-104
87
192
-92
193
-63
-34
26
52
45
88
-44
168
35
-55
142
-98
48
37
-44
-15
70
-78
62
-29
-1
155
-114
125
105
-105
-14
8
-39
21
-58
-33
8
-163
55
-160
-106
142
-57
-46
15
-57
-18
-122
-244
127
-119
39
47
-137
45
-104
-160
23
-2
43
33
-108
76
-16
-116
55
65
-12
43
-5
74
-82
-55
69
-19
89
140
100
-115
52
-79
55
-24
-77
90
9
-103
-34
-41
-79
72
10
26
89
-27
-19
-88
-37
126
-91
18
77
-105
-6
-11
-107
9
-56
-35
70
49
95
15
-63
-6
17
-80
94
53
-44
-42
82
-11
-22
44
54
-2
-56
42
46
-53
39
129
-69
-46
125
-5
-86
132
34
-113
15
56
21
-6
78
24
-101
-49
96
-71
-86
154
56
-95
24
90
-92
-59
48
39
4
53
3
-101
-71
97
-79
-30
196
27
-93
-56
17
-61
9
89
88
-161
-15
45
-101
6
110
23
32
101
46
73
20
115
25
-1
106
82
46
54
88
65
25
25
61
23
133
76
-34
46
102
-42
-76
58
67
-11
19
39
-69
-142
-106
-110
-142
-8
-42
-75
-115
-167
-202
-127
-168
-96
-130
-163
-122
-301
-295
-155
-111
-199
-184
-156
-207
-330
-260
-147
-162
-114
-108
-80
-119
-83
8
-39
74
138
123
238
437
412
414
387
359
386
426
576
626
550
563
526
397
444
405
356
336
348
241
24
-77
-139
-357
-394
-338
-458
-476
-560
-635
-655
-710
-697
-635
-551
-405
-373
-442
-413
-506
-463
-353
-283
-240
-314
-369
-325
-399
-339
-354
-361
-293
-41
502
746
869
976
772
519
541
750
1163
1354
1625
1495
1101
915
785
793
1086
1364
1421
1259
750
353
-256
-698
-601
-510
-270
-280
-575
-1040
-1709
-1755
-1586
-1383
-659
-327
-504
-640
-910
-1161
-929
-429
107
369
419
71
-544
-919
-1048
-872
-606
-326
-186
-287
-772
-1017
-1318
-1366
-1049
-822
268
963
1123
1033
713
211
288
612
1995
2908
3078
3304
2186
1261
1030
1230
1651
2240
2499
2142
837
-70
-1035
-2034
-1804
-1090
-827
-542
-689
-1706
-2521
-3070
-2870
-2441
-1675
-926
-497
-1120
-1214
-1454
-1886
-1043
135
693
1014
804
-22
-870
-1225
-973
-921
-682
-250
-114
-800
-1113
-1617
-972
229
1790
2494
2289
1598
578
186
1158
2757
3316
3920
3377
2364
1610
1345
1433
1827
2273
2709
2009
612
-800
-2368
-2870
-2297
-1256
-927
-1095
-1932
-2689
-2894
-2454
-1607
-1355
-1105
-733
-844
-1000
-488
-656
-135
795
834
851
479
26
-77
-160
129
125
-471
-1439
-1794
-2098
-2091
-1375
-1477
-1082
337
752
891
1002
643
750
1108
1924
3467
3596
3382
3231
2088
2009
2345
2579
2796
2674
2373
1334
80
-692
-1625
-2097
-1854
-1662
-1997
-2473
-3059
-3250
-2659
-2280
-1744
-1848
-2126
-1981
-1826
-1383
-79
-9
152
770
306
531
598
594
975
1021
1003
726
-675
-1852
-2182
-2376
-1563
-837
-1068
-283
399
445
508
472
407
810
1670
3279
3908
3130
2428
1459
1246
2203
3154
3308
2900
2080
1229
208
-388
-890
-1429
-1632
-1350
-1830
-2579
-3279
-3245
-2668
-2262
-1206
-1614
-2068
-2136
-1942
-1028
246
225
436
484
465
753
417
658
930
943
1111
621
-645
-1734
-2526
-2108
-1549
-890
-1122
-1979
-759
21
611
1162
1124
864
1213
1666
3312
3613
3023
3063
2110
2098
2567
2924
2856
2673
2188
1317
102
-663
-1528
-2143
-1912
-1917
-2274
-3009
-3349
-3730
-3151
-1904
-1568
-1433
-1563
-1568
-1453
-876
-148
1080
823
1147
1528
684
725
1092
1054
1295
1610
588
-232
-1511
-2245
-1901
-1715
-1514
-1185
-2342
-1381
43
161
886
1130
900
1140
1721
2816
3805
3261
3443
2585
2101
2357
2661
2771
2765
2357
1612
384
-689
-1316
-2011
-2035
-1887
-2240
-2936
-3290
-3836
-3716
-2202
-1883
-1675
-1628
-1754
-1386
-893
-162
982
767
653
1393
791
990
1408
1334
1072
1018
299
-657
-1520
-2290
-1960
-1992
-1875
-1786
-2361
-1202
301
492
803
998
577
797
1625
3208
3839
3221
2947
2136
1873
2470
3029
2986
2662
2104
1165
68
-606
-1207
-1665
-1891
-1965
-2535
-3298
-3648
-3764
-3325
-1958
-1841
-2086
-2116
-1923
-1125
-71
563
1208
441
40
564
595
1479
2111
1792
864
344
-352
-1075
-1195
-1080
-1312
-1509
-2142
-2346
-2834
-2128
447
1215
1308
1318
705
467
1353
2689
4473
4319
3872
2852
1662
1888
2728
3448
3602
2750
1515
-76
-943
-946
-1077
-1327
-1609
-2465
-3454
-3633
-3646
-3294
-1928
-1359
-1659
-1999
-2193
-1753
-413
837
1761
1196
-237
-98
89
1101
2626
2600
1168
64
-682
-1000
-1046
-949
-1293
-1913
-2530
-2584
-2869
-2594
-256
986
1153
871
470
-59
711
2353
4338
4415
3428
2261
912
1509
2854
3977
3997
2789
1274
-75
-749
-442
-502
-1020
-1703
-2450
-3385
-3431
-3098
-2890
-2424
-2125
-2315
-2494
-2204
-1402
-224
431
714
54
-659
100
969
1484
2013
1397
325
-377
-350
58
-133
-569
-1315
-2136
-2586
-2384
-2167
-2114
-251
882
701
305
163
324
1178
2395
3991
4053
2843
2197
1427
1906
3010
3845
3630
2479
1235
427
80
334
-115
-1028
-2111
-2842
-3135
-2854
-2423
-2409
-2894
-3121
-2388
-1925
-1359
-689
-701
-518
-182
-373
-326
433
748
1119
1038
749
507
30
146
731
374
-457
-1430
-2378
-2647
-2112
-1739
-1592
-1903
-710
30
246
711
1211
1365
1633
2454
3564
4019
3594
3196
2363
2435
3069
3766
3501
2775
1791
864
381
189
-615
-1416
-2152
-2346
-2426
-2214
-2476
-2494
-2829
-2683
-2147
-2251
-1730
-1236
-1163
-302
29
-563
-491
-121
756
1381
1345
903
305
-137
635
842
-8
-1241
-2043
-2476
-1897
-1433
-1656
-2535
-1362
14
476
602
557
376
643
1777
3262
3647
2588
1994
1503
2005
2842
3566
3069
2269
1606
1205
829
482
-380
-1365
-1977
-1951
-2056
-2151
-2290
-2796
-3111
-2666
-2144
-1851
-1496
-1260
-1180
-953
-773
-644
-302
445
902
610
349
315
295
553
1191
1274
371
-322
-847
-908
-792
-842
-1240
-1906
-2239
-1758
382
1256
1608
831
-90
-89
928
2121
3622
3735
2507
1566
1059
1659
2792
3512
3109
1816
774
204
116
238
-210
-1002
-1949
-2330
-2347
-1924
-1767
-1700
-1999
-2650
-2714
-2341
-1629
-799
-712
-884
-1172
-1386
-785
368
1055
1216
645
195
261
578
1168
872
-228
-920
-1470
-1172
-664
-698
-1226
-1997
-438
1021
1526
1439
892
259
543
1577
2924
3280
2345
1578
1039
1547
2601
3326
3100
2249
1422
1117
914
863
221
-637
-1482
-1741
-1898
-1636
-1701
-1966
-1969
-2505
-2386
-2320
-1812
-1268
-1255
-1378
-1204
-1469
-997
-176
187
410
-23
-358
-149
81
468
387
-438
-1157
-1338
-1203
-794
-705
-1280
-1713
-2131
-285
842
1065
449
-112
-450
384
1531
2674
2719
1659
1155
1092
2089
3005
3341
2592
1623
1150
1256
1506
1399
420
-625
-1390
-1167
-990
-201
-520
-1573
-2296
-2568
-2096
-1428
-808
-765
-1168
-1712
-1573
-1063
-538
338
469
-102
-167
10
422
834
828
280
-488
-816
-620
-314
-51
-392
-1093
-1655
-1444
176
988
938
283
-329
-292
469
1437
2099
1917
1139
784
879
1887
2643
2832
2295
1414
1020
1261
1558
1563
712
-507
-1135
-1100
-657
-268
-662
-1652
-2022
-1951
-1441
-926
-919
-1519
-2003
-1919
-1216
-416
-462
-287
-594
-714
-288
138
212
270
111
-127
-281
-568
-573
-552
-387
-223
-430
-600
-926
-604
512
848
817
315
111
221
817
1217
1660
1404
996
1087
1656
2132
2339
2200
1506
1171
1352
1453
1340
720
91
-408
-475
-343
-217
-555
-1318
-1643
-1657
-1536
-1308
-1277
-1484
-1738
-1688
-1301
-1075
-890
-723
-755
-758
-604
-414
-166
-84
37
-173
-380
-203
-182
-74
-132
-256
-688
-805
-648
-444
-506
-367
18
-7
189
156
144
6
277
622
1186
1301
1245
963
919
1524
2021
2254
1905
1451
1044
1211
1628
1470
897
79
-147
-161
275
327
-345
-1040
-1310
-1084
-687
-513
-758
-1226
-1298
-961
-556
-390
-514
-621
-710
-376
-119
-135
-309
-254
-217
-19
106
-92
-312
-532
-480
-500
-431
-482
-441
-483
-588
-761
-838
-454
0
177
-19
-245
-336
63
603
1072
1086
803
685
962
1421
1666
1665
1225
948
985
1289
1431
1225
774
353
168
263
433
409
39
-263
-417
-489
-314
-255
-455
-667
-721
-693
-581
-453
-409
-469
-428
-310
-64
38
-90
-309
-609
-827
-742
-672
-666
-665
-821
-922
-935
-856
-810
-697
-581
-684
-683
-573
-374
-198
-17
-91
-108
-44
188
453
535
437
271
269
333
571
635
577
565
548
543
690
739
570
545
563
578
627
678
477
241
360
440
504
360
130
-14
-15
255
542
505
329
75
-32
-70
-57
-202
-508
-660
-766
-792
-743
-832
-969
-1020
-934
-743
-688
-549
-596
-602
-450
-304
-129
-214
-288
-167
-18
234
320
298
175
242
292
447
579
542
374
203
199
256
284
285
198
54
6
46
111
198
278
159
154
199
349
579
737
770
671
615
673
836
841
676
357
91
-45
16
138
-61
-369
-612
-686
-513
-235
-227
-348
-515
-499
-445
-288
-156
-211
-343
-371
-373
-267
-105
2
4
-166
-210
-319
-253
-98
61
144
-58
-224
-362
-301
-106
-94
-172
-447
-476
-419
-260
-29
-62
-225
-331
-185
-38
158
199
14
-133
55
261
347
302
42
-242
-234
-89
114
221
34
-143
-51
138
282
282
136
84
176
368
481
440
270
245
337
406
475
475
463
556
609
579
426
248
211
306
444
348
79
-162
-239
-142
-46
-89
-271
-460
-529
-412
-215
-202
-294
-420
-538
-388
-296
-158
-237
-434
-505
-434
-363
-274
-251
-419
-537
-578
-535
-460
-339
-378
-434
-434
-303
-198
-73
-30
-1
77
131
226
317
422
473
471
512
615
685
772
834
764
618
497
549
590
619
618
414
248
170
144
188
176
56
-82
-188
-142
-101
-117
-182
-265
-326
-273
-172
-162
-207
-362
-382
-337
-231
-190
-314
-442
-482
-507
-420
-374
-458
-559
-477
-403
-315
-174
-172
-142
-75
24
137
215
298
396
434
441
370
333
407
553
708
663
512
371
406
532
649
637
326
100
2
127
236
152
1
-219
-304
-291
-199
-222
-276
-224
-235
-258
-253
-291
-364
-352
-331
-352
-366
-367
-442
-463
-479
-577
-602
-602
-505
-449
-454
-502
-562
-464
-227
-35
30
52
5
70
217
408
509
471
443
421
559
661
691
633
551
526
584
643
667
617
490
409
311
267
239
214
129
-42
-198
-248
-226
-112
-16
-36
-141
-253
-291
-239
-111
-27
-114
-201
-275
-328
-339
-363
-437
-461
-396
-316
-319
-377
-427
-511
-502
-446
-326
-198
-134
-13
105
165
218
302
338
350
460
445
462
530
578
623
582
491
422
474
618
680
571
383
119
-30
-51
-23
-30
-144
-234
-338
-319
-190
-99
-110
-128
-204
-254
-206
-73
12
18
-47
-200
-340
-364
-319
-265
-297
-417
-496
-563
-567
-542
-559
-593
-614
-589
-447
-287
-173
-104
-92
10
166
245
281
316
307
342
518
595
553
424
369
337
379
534
507
370
207
112
87
153
155
99
3
-90
-117
-142
-111
-123
-161
-228
-252
-206
-173
-108
-38
18
21
-27
-76
-172
-186
-188
-181
-153
-152
-233
-354
-393
-422
-392
-334
-339
-386
-319
-257
-182
-41
80
134
138
207
281
345
406
470
527
527
474
436
471
523
624
653
564
457
385
365
374
363
252
117
9
-18
-4
64
85
-36
-89
-121
-77
2
58
75
3
-23
-4
17
50
27
-54
-157
-230
-272
-361
-454
-443
-502
-523
-518
-546
-602
-632
-567
-480
-340
-212
-167
-202
-204
-84
23
112
200
190
185
186
220
296
374
394
334
295
230
175
159
167
96
-11
-76
-156
-153
-116
-20
14
29
6
25
58
115
158
184
179
174
159
107
77
111
127
120
87
45
24
-50
-80
-164
-244
-306
-351
-358
-356
-371
-356
-302
-239
-160
-148
-190
-180
-88
26
93
83
47
78
143
250
257
197
162
161
228
225
196
134
81
90
87
44
-74
-182
-177
-102
-78
-116
-225
-249
-149
28
171
218
171
125
193
289
319
248
57
-46
-81
-14
55
-40
-177
-316
-369
-282
-184
-153
-82
-94
-109
-77
-69
-84
-126
-135
-107
-63
-18
59
73
88
90
120
134
123
196
260
301
314
282
199
180
161
65
-29
-99
-117
-16
34
22
-51
-152
-162
-50
103
221
205
136
118
90
150
117
77
32
5
16
13
24
-25
-103
-149
-143
-182
-227
-176
-157
-114
-149
-185
-185
-159
-37
39
56
-16
-13
41
112
191
216
181
160
180
224
263
227
167
162
158
145
132
53
-57
-75
-42
-10
5
-48
-157
-195
-134
-42
37
48
38
-5
21
6
23
36
28
17
14
-11
-116
-165
-223
-231
-246
-278
-316
-292
-282
-259
-252
-295
-313
-329
-278
-268
-251
-233
-161
-90
-69
-24
-5
-56
-23
58
84
142
148
177
182
166
170
150
120
108
71
-5
-2
21
59
72
13
-7
-14
67
202
286
299
224
130
97
105
69
56
34
6
62
62
37
13
-14
7
-20
-72
-106
-168
-222
-143
-103
-82
-83
-97
-31
-6
51
38
-4
-21
15
68
101
125
131
150
164
141
92
36
-32
-45
-48
-25
10
-15
-32
-18
29
84
62
34
7
3
42
93
130
92
54
43
53
97
108
97
161
179
214
196
119
34
24
69
114
83
-39
-61
-29
23
94
110
19
-112
-171
-107
-47
-27
-24
-67
-63
-16
51
150
182
201
212
204
193
180
102
10
-101
-176
-212
-246
-284
-331
-359
-341
-306
-309
-301
-323
-295
-241
-169
-150
-140
-138
-158
-120
-63
-107
-146
-130
-114
-77
-67
-102
-119
-84
-23
97
95
47
29
83
155
190
164
44
-53
-41
88
153
153
102
49
122
226
316
333
301
265
285
312
316
288
201
116
71
52
33
-24
-67
-78
-115
-139
-128
-131
-147
-157
-132
-90
-72
-69
-89
-98
-121
-134
-139
-163
-160
-145
-127
-150
-145
-155
-162
-103
-41
-14
-73
-112
-85
-57
-41
-45
-88
-163
-157
-95
-76
-71
-58
-52
-40
81
166
230
140
212
291
168
278
363
252
186
172
54
134
210
176
234
183
106
69
54
67
82
119
106
139
163
163
104
29
-59
-66
-29
-25
4
10
3
-19
-17
-38
-52
-55
-12
-66
-118
-110
-146
-97
-69
-35
-142
-228
-221
-202
-180
-161
-200
-268
-195
-172
-137
-121
-124
-93
-39
22
55
19
-11
-87
-114
-84
-52
36
77
99
62
11
-9
1
16
6
24
37
99
141
164
164
154
141
157
240
265
233
208
201
163
153
130
136
154
137
116
98
69
72
48
8
-85
-188
-241
-205
-136
-133
-158
-185
-193
-190
-149
-117
-114
-90
-78
-113
-124
-151
-169
-154
-138
-128
-151
-183
-207
-198
-175
-161
-162
-155
-129
-74
-35
-9
-39
-15
30
54
65
82
81
65
105
161
179
165
182
199
204
262
358
378
319
283
283
220
210
176
86
25
26
43
83
94
40
-25
-64
-12
23
37
58
41
20
29
43
44
34
32
31
9
-32
-68
-140
-225
-244
-222
-201
-172
-178
-192
-210
-224
-214
-203
-160
-129
-131
-111
-43
8
10
32
72
53
72
97
72
59
71
74
93
134
159
127
92
76
4
-64
-40
-43
-50
-11
-2
-17
-11
15
42
28
29
11
-33
24
77
50
26
41
64
63
21
11
-25
-83
-92
-110
-149
-184
-163
-190
-194
-176
-176
-193
-166
-66
-37
-36
-8
22
26
32
66
66
66
123
144
161
171
158
143
107
72
29
29
67
76
60
61
62
18
30
72
82
45
58
80
66
44
-5
-65
-77
-41
-7
24
11
-2
10
44
93
99
29
-46
-72
-75
-51
-77
-87
-168
-146
-186
-57
3
95
83
-72
-144
-320
-380
-388
-188
-148
42
54
79
99
135
255
303
353
317
233
121
36
54
7
-22
-6
21
44
103
139
118
100
98
73
72
67
-6
-45
-43
6
-18
46
56
143
172
225
249
147
-33
-191
-339
-468
-467
-456
-408
-382
-293
-231
-136
-52
45
58
99
99
86
51
0
-88
-156
-142
-84
32
111
205
238
231
189
189
110
54
34
43
58
16
16
41
57
100
79
22
-52
-129
-120
-64
-2
-4
24
34
81
155
219
210
147
49
-14
-77
-119
-136
-234
-274
-241
-239
-261
-234
-231
-153
-117
-77
-48
-102
-102
-98
-131
-85
-91
-130
-78
-118
-33
2
-16
70
91
71
160
104
96
179
92
144
133
42
152
79
69
184
116
63
48
102
161
186
212
226
226
177
165
157
136
169
163
141
163
69
33
65
19
78
40
-130
-77
-178
-187
-140
-261
-172
-273
-221
-141
-57
-53
-7
-144
-82
-134
-150
-139
-112
-81
-38
154
6
38
-63
52
-7
-25
2
40
-138
21
-14
-85
177
-10
156
121
67
159
181
64
249
271
178
298
215
163
200
114
233
160
-25
184
46
78
-3
24
-159
47
-290
-59
-181
-165
-101
-292
-153
-145
-128
-330
-60
-377
-150
-285
-233
-284
-135
-244
-251
-299
-218
-215
-226
-255
-10
-12
-232
10
-162
-213
-143
-228
-117
17
-120
71
-9
18
284
28
172
280
147
224
231
190
345
136
332
156
276
327
124
279
350
136
198
68
89
53
44
24
160
-98
42
101
-131
39
69
74
-18
-40
-207
33
-129
-119
73
-50
138
37
-109
73
-122
-121
-65
-71
-43
-21
-210
-223
-48
-156
190
-80
80
53
-32
-77
33
35
-14
201
-20
264
-87
294
-48
165
68
158
102
92
-67
-53
-32
-127
189
-40
145
-104
62
-5
-127
-115
-98
-68
42
-192
49
-74
-238
-8
-115
-197
12
-92
-41
-39
-195
154
-252
-32
-157
-126
7
13
-112
100
-111
-13
-1
-111
167
0
104
227
94
127
163
267
218
282
66
279
-65
83
-50
-46
116
-41
88
58
72
-16
98
-142
74
-159
-126
136
-38
97
33
-37
-109
-99
-145
19
-70
10
22
-100
9
-169
-81
-4
-100
-173
-37
-156
11
-226
-194
-137
10
-210
7
-169
-90
-102
-199
92
-65
161
-137
129
-79
139
-191
116
62
47
135
41
181
5
-87
-123
61
-207
-43
-204
-15
-53
-52
20
49
-86
-82
-94
-117
136
-72
73
-71
68
4
-165
64
-81
70
131
106
86
215
-172
199
93
26
400
-30
99
-2
-73
9
203
44
283
84
39
191
-43
114
211
177
217
128
174
-26
78
28
-28
203
85
102
22
17
-298
64
-302
45
-26
-1
166
-136
-30
-239
-13
-152
47
-32
26
-230
128
-378
-230
-120
-99
-84
143
-53
284
90
-11
201
-18
73
161
353
30
236
-5
112
-76
73
-109
346
164
-13
251
149
198
319
205
184
299
-165
113
-92
-35
144
-103
170
-128
-178
-248
-395
-250
-41
-334
62
-180
-206
-138
-300
-263
-223
-420
-134
-356
-368
-140
-453
-181
-467
-388
-152
-153
-121
7
-113
33
-26
-294
58
-233
170
-46
21
39
117
-99
27
-136
82
130
-74
216
-88
291
229
159
376
113
149
291
115
4
372
-288
265
-36
-45
189
63
-49
337
-126
109
142
-198
148
-18
104
46
-110
-186
-160
-271
-200
-60
-155
9
-64
-43
127
153
143
90
170
60
83
54
198
-32
86
-63
119
-40
251
62
263
150
176
230
85
263
150
337
194
316
65
322
71
220
248
184
259
47
67
24
23
-150
83
-185
-64
23
-135
-62
-103
-207
-177
-269
-412
-130
-311
-192
-145
-233
-227
-189
-303
-180
-170
-73
-149
-191
-154
-349
-239
-288
-264
52
-96
27
48
-77
83
-52
49
141
63
80
359
6
367
12
175
239
55
363
290
192
323
105
50
293
23
162
189
128
110
80
95
131
5
13
-51
-215
-109
-338
-34
-355
-184
-240
-298
-370
-64
-290
-183
-125
-215
-140
-358
-138
-239
-265
-241
-79
-204
96
-215
43
-81
-141
49
-73
85
-15
-57
-277
111
-282
195
85
144
333
-122
178
-45
145
221
171
198
411
219
19
192
-141
263
12
258
304
303
215
308
-45
13
171
-87
188
102
178
55
80
-125
82
-82
80
-23
-131
82
-47
-63
-32
-127
-64
-35
-105
69
23
44
46
-123
-4
-27
-81
-42
-16
-74
92
-138
57
49
54
57
15
-30
39
-35
66
84
64
-44
-34
-108
-50
-1
50
67
-151
141
-159
51
72
-181
187
-184
-2
-23
-140
-108
116
-253
31
-28
-266
90
-315
-83
-129
9
-30
68
-36
96
-32
-65
12
-185
115
-214
154
-45
106
62
-38
-80
54
-50
16
229
-58
107
-16
62
69
3
34
36
34
-41
168
19
151
101
57
17
-2
-41
-24
-70
3
25
-90
-6
-157
43
-25
-32
-53
-210
-69
-111
-242
-81
30
-226
-93
-140
-78
97
-39
71
38
-2
-91
109
-151
38
45
67
37
264
88
155
47
-23
-108
113
55
138
233
42
60
30
-128
5
116
-92
232
159
11
156
-7
-76
239
-53
220
123
76
73
-148
-29
34
-123
91
153
17
142
-110
-6
155
-102
234
41
-13
153
-110
98
235
39
101
92
4
45
-118
51
-8
-9
-112
106
-42
67
-176
56
-304
-89
-124
-72
-44
81
-88
-190
-84
-396
-126
-259
-40
-77
31
-164
-91
-308
-177
-255
-199
-99
-95
-58
-29
-115
-146
-179
-121
-90
-65
-17
114
-121
26
-153
-50
-140
142
-85
114
27
19
-22
21
-6
199
141
90
206
111
73
179
33
43
318
-18
137
96
40
61
84
-39
229
11
20
125
-104
-2
-3
-203
99
-107
88
129
-79
160
-147
-19
-22
-12
-84
85
-126
36
-248
-75
-57
-131
49
150
-27
94
-128
95
-129
52
-20
104
3
145
0
103
177
15
264
53
259
194
91
178
99
-26
159
59
94
152
92
179
174
66
215
41
-3
139
-40
28
117
-44
160
-63
136
-119
11
-68
-48
-132
39
-131
-40
91
-318
63
-268
-165
-77
-202
-151
-239
-335
-131
-124
-103
14
-16
-140
-17
-320
8
-90
-58
-77
-22
-132
-99
-168
-158
4
-11
73
58
42
5
35
10
19
125
20
26
-9
-153
36
-32
90
-77
109
0
147
-7
198
51
188
9
121
157
-61
77
-122
-158
-250
-20
-95
101
0
-12
47
-137
172
-106
151
21
119
66
-26
-31
4
-68
30
-24
-92
27
-51
-92
11
27
13
20
22
143
33
80
-14
44
-98
-89
-40
-89
-97
31
-106
-34
-109
-147
-36
33
-9
123
-82
62
31
-132
63
-19
10
82
-61
26
9
-20
30
64
22
237
47
83
186
-105
152
-3
134
129
176
111
174
-149
122
72
34
223
31
119
138
105
46
169
42
145
11
-23
113
76
-98
-81
-46
-187
-55
-142
-30
72
-20
-28
-79
-44
-175
-16
-291
13
-112
-120
-63
11
-84
-90
39
-113
49
-102
169
-53
-4
-77
-101
60
-71
89
104
94
59
18
-114
82
-22
-203
233
-3
130
-128
-17
-68
-32
-126
76
-32
70
11
-225
102
-147
51
-113
-48
-41
-115
-291
-21
-165
-42
49
-91
38
-80
1
-129
-1
-82
86
-149
11
-160
-108
-177
-123
-61
-51
-169
-63
24
-55
99
12
-18
-35
-85
-33
4
30
91
149
12
200
-16
177
82
21
117
12
149
231
235
143
299
-71
227
26
190
372
84
278
113
80
35
129
-102
250
-104
244
105
89
129
53
9
-68
-134
-238
145
-97
82
-41
38
-84
-264
-41
-32
-5
-157
32
-71
2
-116
-157
-18
-122
-36
-122
-79
11
-61
-181
-65
-55
-117
-92
-58
2
-106
-30
77
171
49
-4
12
47
-154
43
47
260
138
-46
11
-3
45
10
168
2
207
-204
31
26
-51
-89
76
18
-40
101
-64
72
-165
-4
-112
-69
-194
-69
-145
-102
33
-155
57
-39
-32
-180
-46
-32
67
0
127
180
-31
-8
-159
18
-44
-33
6
-72
-39
-96
-101
-100
189
-136
164
120
112
40
78
-40
121
35
1
111
-90
69
-145
41
-97
-5
-28
-64
25
114
-17
62
94
-176
194
-176
49
153
-50
53
-114
-164
-82
181
-263
213
-132
26
-32
-107
156
92
180
146
127
-114
74
-68
23
149
28
176
-180
62
2
-97
63
232
87
221
-2
14
17
-142
93
-45
-4
93
-20
-59
20
-16
-18
105
84
208
-52
51
9
-73
-94
99
89
-14
-61
-189
-124
-92
-35
66
76
123
-27
-119
-124
56
-40
52
53
-64
21
-36
-182
14
-82
161
-45
-13
-97
30
-278
-10
-154
-155
77
-6
20
-130
23
3
-21
-188
154
-75
-150
-21
-58
-9
-40
-31
-86
57
15
-101
-13
93
123
-66
-17
94
114
-273
-17
-18
47
83
37
-12
17
-89
-26
110
22
340
-29
88
86
97
-3
170
52
-108
-91
-78
48
-89
87
0
1
-143
-68
-116
-11
83
121
-86
94
-76
-235
-85
-16
82
-110
-126
28
16
-128
51
18
-119
66
-137
33
179
100
63
34
-40
17
-9
1
224
32
129
-21
-65
-82
164
197
69
164
97
53
-206
83
-86
193
37
93
231
18
132
83
-50
33
182
-81
116
231
59
51
-162
23
76
-98
-6
38
115
87
-27
-148
-19
-191
-32
6
37
135
111
-48
69
-175
-71
7
-125
-147
-83
-3
-15
-8
-204
-43
-263
-202
-133
-9
138
-66
-31
-89
-149
-36
6
-166
37
-124
-31
-49
-182
-137
-35
-153
60
-162
-76
241
2
204
-49
27
26
-20
-6
168
-37
111
28
-143
90
-75
-53
31
-181
-74
78
-121
114
-127
29
-10
-116
-201
6
-29
42
-15
105
130
-229
-98
-211
-68
39
-47
161
192
-124
27
-148
-156
240
-69
135
151
0
151
-3
-22
134
153
131
296
4
317
-61
3
97
87
334
174
180
165
162
-71
152
-92
257
171
84
149
-11
68
31
-11
6
153
33
133
-146
-68
-88
-163
-4
-82
14
67
-51
-181
58
-251
85
-191
-72
-39
-27
-137
-120
-162
-147
-29
-175
166
-79
23
-114
-222
-96
-209
-22
-57
96
27
119
-311
60
18
-22
84
-37
170
26
-30
-96
167
23
193
70
20
196
122
36
8
110
63
126
-15
69
157
22
41
14
86
140
-81
-148
-36
-178
-112
-236
17
-25
45
-163
-139
-93
18
-42
27
-146
-15
-34
-304
-216
-133
-168
-83
-250
-225
-57
-23
-159
-5
-107
153
-15
-107
-23
111
82
33
-62
-60
141
-83
50
-40
28
93
-82
-61
121
92
155
168
56
174
47
139
106
7
11
85
54
-91
-30
-47
-30
-56
105
-12
195
187
-28
100
-198
85
-88
-40
-167
168
-166
36
-193
-31
84
-130
-59
41
55
-169
-108
-120
249
13
302
113
154
-62
-15
-178
66
75
201
222
148
151
123
-37
57
167
195
250
303
116
191
81
20
135
8
165
44
136
34
259
-4
245
-38
29
-199
-122
-120
79
-42
76
-132
-188
-140
-177
-111
8
-117
-136
-139
-122
-156
-176
-167
46
-3
-44
-56
31
-211
-168
-22
-37
59
-144
-151
-143
43
-193
112
-114
83
-73
42
-1
-10
-6
-49
-80
-172
-83
-122
1
-45
-134
-103
-52
-18
47
157
138
117
-57
6
-117
23
40
130
48
-115
-80
-93
-113
33
104
-91
29
-134
80
52
-42
11
-61
-97
8
-54
61
-2
-56
-137
-51
-171
65
-34
171
61
-54
41
-143
-30
19
144
-96
126
-155
-1
-89
-8
92
-68
-30
18
-82
-63
102
-19
61
-81
-131
87
-136
100
-107
100
132
63
-86
249
77
-37
119
-26
211
-98
151
21
163
32
230
-16
160
33
138
278
180
317
164
-42
209
19
40
292
198
89
244
-121
55
-77
57
149
97
35
98
24
-46
63
46
145
72
67
-34
-1
-79
-109
-115
-20
47
-219
-29
-36
-39
-179
-79
-127
-69
-19
22
79
-93
-66
-172
-138
-96
58
-61
-122
35
-181
-174
-168
-33
-235
-131
-62
82
-88
29
28
-205
-54
-168
-108
-221
51
3
112
-41
-5
-57
-205
-3
-104
-15
-43
29
-99
-33
-72
-2
-144
135
56
124
85
51
-7
23
38
-52
56
-219
260
-18
60
187
-20
-38
14
-108
-35
196
-53
162
-104
48
31
-194
119
-111
13
-20
73
-74
242
-192
122
-112
-144
142
-142
-26
57
-96
38
15
38
96
-98
15
142
-62
222
77
94
30
-99
-24
108
-4
296
137
15
125
-143
158
65
180
194
47
-73
143
-60
-63
259
-132
168
-161
21
-81
40
0
-15
-154
128
18
-153
40
-47
-60
-66
-122
23
-146
-8
-58
-210
-90
22
7
-60
54
70
-56
-48
38
29
-10
3
-16
100
12
36
51
-87
112
-132
37
117
86
-33
170
-178
18
-156
-150
-48
14
-30
219
-18
-152
1
-255
46
-61
27
104
-27
37
-54
-57
-134
34
-120
6
101
19
43
-158
-54
-83
3
-11
134
37
186
2
-149
34
100
-67
13
-59
15
28
-166
82
48
122
98
-40
65
122
91
162
-29
197
107
-178
-10
73
-208
190
-173
137
-45
-4
-35
43
-143
276
-11
130
60
92
-58
-63
-158
66
-126
18
101
-170
-11
-91
-240
-172
-9
117
162
-61
-25
125
-196
-44
-132
10
-15
-97
-125
-21
-50
-38
-68
-167
147
-151
16
-9
193
71
123
-95
94
-119
28
8
-39
36
-83
36
106
83
-1
-8
-83
61
114
203
328
168
55
6
-141
-64
-134
87
80
123
3
113
-125
70
15
99
6
131
44
83
137
28
-39
-80
42
-62
130
-150
89
-208
-57
-12
140
27
170
-117
-89
-25
-178
79
-118
-153
47
-222
-155
-87
-173
31
28
-41
-48
-40
-89
70
-174
-25
-32
-40
7
-46
15
-198
89
-28
39
29
115
-51
157
-65
25
230
-218
172
7
-24
159
65
-198
222
-172
138
107
-199
131
-20
-158
126
-146
3
205
-178
125
136
-73
173
-157
-174
-22
-263
-94
52
-150
135
-178
-222
-7
-282
8
-28
161
97
65
-183
128
-303
40
-51
63
173
42
-108
-136
-182
67
-47
153
259
102
147
167
-147
314
85
298
314
28
77
155
-121
181
-10
89
379
-186
72
31
46
237
-11
5
258
-41
7
104
-346
155
-148
-256
142
0
141
18
-248
14
-159
-229
184
-87
79
79
-292
-137
-225
-65
106
-35
-27
-16
-149
-28
-17
40
142
27
-61
-87
-153
147
-26
183
89
32
57
-71
-51
186
108
-5
165
-112
68
161
-180
234
-139
-8
125
33
21
132
-112
-88
-4
-282
91
-177
-12
-29
-123
28
-20
-175
-196
-63
-180
-82
-171
76
-96
-61
-50
-74
-69
-73
-242
64
-74
-15
162
-346
-80
-227
-295
99
-4
-46
203
-215
-192
47
-322
216
136
-27
129
-33
-91
139
-200
193
207
46
179
6
-24
128
26
88
253
-36
220
44
172
208
-50
82
128
-104
144
102
65
112
-15
-46
71
-52
121
-27
204
-9
72
-91
55
28
-46
40
134
76
-127
209
-127
161
-124
-60
153
34
110
16
-47
-73
-39
-199
165
308
-161
255
-188
165
-80
39
-5
181
-180
68
34
-78
215
-125
177
-112
212
-200
-31
-248
172
-203
106
100
9
-51
-176
11
-194
36
-24
56
-29
-57
-96
-155
-44
-212
249
-217
120
-138
-233
-142
-97
-113
115
-6
-174
125
-244
239
-45
-23
120
-102
6
73
3
71
134
-191
74
-162
106
32
-146
111
-15
-155
-2
-73
33
100
-3
131
58
-125
-18
-295
-178
146
48
20
47
-253
-162
-184
92
-5
252
-83
17
-218
-130
-102
186
4
330
88
-64
187
-149
115
22
-148
229
106
50
216
-14
-68
181
-194
171
174
-69
292
-306
218
-130
45
-180
238
-276
241
-238
30
181
-145
192
-261
-113
-19
6
-18
153
-149
142
-89
-259
186
-258
191
-102
-134
89
-94
-147
172
-63
166
165
-63
210
-97
-46
121
-69
232
37
-23
69
30
226
132
23
263
-72
-238
222
11
28
101
-81
136
-90
-118
272
-90
84
204
-176
70
-18
-89
6
-2
-140
-1
-155
19
-118
-254
13
-6
-28
-76
-82
-35
-73
-25
-65
-126
91
-65
-203
62
-57
-58
-4
-245
121
-200
-72
57
106
-108
189
-45
28
100
-92
74
-36
195
-83
108
-22
177
-38
109
74
112
1
131
30
11
-175
113
117
88
66
-63
-34
161
40
56
144
-204
85
-89
-146
33
7
-159
318
-222
-31
19
-142
-44
-220
-32
24
-98
-228
-7
-287
-16
-127
-72
124
-84
127
58
-108
-57
46
-20
202
76
4
216
-252
80
-14
1
100
53
40
277
3
133
44
-111
66
25
105
18
133
-83
4
-89
-83
58
-109
105
-34
41
-165
195
-147
3
47
-51
80
-209
-126
-100
-184
-223
-24
-184
156
-5
57
103
164
-41
-42
-78
173
132
229
90
-1
-303
-101
-155
-24
210
220
206
62
11
-58
266
-123
244
42
106
-14
-114
-180
17
-103
-148
168
-154
163
-28
-53
67
42
-82
45
-25
60
186
-66
76
48
-175
11
-115
42
-40
111
1
85
-121
10
111
62
59
108
62
-8
67
-96
81
-97
-133
57
-68
-3
0
-16
-209
223
-90
102
1
-69
-100
-261
-121
-151
6
-26
28
-229
-50
-105
-166
213
-176
101
-148
-347
-118
-70
-53
211
66
-115
202
-413
-46
-61
-45
131
-28
-51
245
46
-46
151
-205
224
190
-60
345
90
153
193
-153
7
197
-164
260
-52
-16
278
-279
65
6
-21
186
-21
-120
146
-126
2
56
-282
253
-147
-2
-28
-10
22
-8
-144
142
-66
-108
89
-213
178
-90
-162
-43
-150
135
25
-82
-59
45
-304
108
-217
202
175
-27
197
-110
114
8
24
75
302
-108
266
-45
109
129
-196
139
-4
-70
241
-16
200
247
-21
40
119
-175
230
26
122
48
-243
19
-82
-71
85
40
-10
67
-140
-91
-128
13
67
-70
-164
-28
-120
-58
-205
36
150
-10
-68
-92
-181
-125
-64
8
92
-90
74
-50
-50
-133
-60
-143
39
-32
85
38
13
10
-7
-126
69
27
159
-8
93
-75
-80
-75
25
-43
229
176
-100
49
-190
-41
-53
-180
188
81
3
95
-64
-89
164
-22
110
183
-50
156
-13
-69
90
-43
-129
68
-196
-62
19
92
121
202
-21
66
-95
83
181
94
173
19
-81
-75
-69
-204
1
-61
-50
-18
-233
44
-40
-72
-108
-22
-7
141
-26
61
110
-177
-171
-270
50
7
92
73
-126
-19
-186
18
87
204
34
142
-133
40
16
17
89
-5
-69
11
-43
-107
64
61
67
37
160
12
129
59
54
24
54
-47
-143
-18
-43
-134
-181
-105
-4
-105
-47
147
21
-88
-43
55
4
54
63
65
-118
88
-134
-50
-153
17
-187
53
-105
164
-63
141
93
-70
-26
150
179
194
191
119
51
-77
-93
8
-20
-128
-24
-65
-35
-48
100
123
282
38
173
51
39
76
-127
-159
-4
-151
2
-108
-144
36
-120
-52
-123
-208
16
100
-174
98
-29
-39
-90
6
50
-160
61
37
-142
-54
32
-239
112
80
54
50
-80
133
37
-33
136
138
-20
58
-83
13
-21
-48
138
3
23
197
-40
66
79
98
-32
-83
12
32
-62
150
130
-103
170
-123
-1
1
84
56
34
-98
100
-124
32
19
-89
-14
-17
72
80
63
18
87
-263
-12
-109
4
65
-50
79
-18
-3
-137
42
-89
175
-39
-15
96
16
7
-27
51
-42
33
-56
100
83
68
175
-58
-73
-82
75
34
138
-97
64
5
35
98
88
16
35
-4
-58
28
-119
66
-72
-3
76
-57
-55
-33
-58
-196
-40
-65
81
-24
-85
-64
-209
-86
-106
-31
-47
1
-53
-99
-243
-70
-155
-88
-59
-44
-153
-21
-181
53
-261
-86
-179
-146
-97
-14
-170
35
-48
-71
-62
-78
93
-38
21
134
55
25
251
53
203
84
92
146
138
114
204
-42
175
130
166
73
165
232
43
178
180
83
108
135
35
186
-52
211
73
-82
113
-34
-28
73
-7
-80
125
-156
208
-30
-41
39
-191
-36
145
-120
-79
29
-144
-153
-265
-68
200
-132
-12
53
-134
-40
-285
-77
26
-72
142
-39
-154
96
-157
-197
72
-104
73
85
7
223
-1
90
221
-44
111
49
21
55
66
-28
141
-139
-4
55
-75
231
-44
74
-29
69
6
72
-57
91
-37
-147
64
-121
-54
-119
-129
-84
-243
-78
45
-205
-15
26
-148
62
60
-103
166
-198
84
-61
-259
65
-155
-201
-65
-93
-117
40
-17
83
67
-25
271
-125
141
-28
65
-96
57
-50
64
-120
93
120
-122
147
40
-12
56
28
108
78
55
137
54
46
241
-67
8
168
-98
108
-96
44
32
-79
-21
92
-101
1
89
-181
57
-167
-107
-57
-178
103
-36
-78
21
-19
-146
14
70
-17
-38
84
102
-38
-130
118
-55
16
8
103
9
10
2
-69
-69
2
64
-60
135
72
29
-42
-16
26
-12
18
80
27
70
36
-29
-164
14
173
7
73
115
32
35
-25
-38
99
56
88
85
-13
147
-17
-75
-34
5
-10
-70
40
108
3
9
173
-95
51
-68
-50
-127
-39
-31
-96
-194
34
-150
-80
-85
-97
28
-115
-133
139
34
139
-47
-98
-20
-109
-189
-38
-70
65
-31
-24
132
-55
-24
-6
65
-6
209
7
181
-22
78
20
29
-63
133
67
52
73
-48
-13
21
69
26
74
75
59
-91
-28
29
73
-20
129
-52
105
17
-62
-67
-21
-95
-37
-99
-42
-32
-109
-127
49
-26
-38
-182
-163
-46
-107
-25
27
-72
-150
-75
-240
-15
-75
-54
-45
59
-63
12
1
152
19
-16
45
10
-51
-26
51
97
40
7
52
82
84
111
16
122
47
15
72
80
121
