SAMPLES:	6724
BITSPERSAMPLE:	16
CHANNELS:	1
SAMPLERATE:	16000
NORMALIZED:	FALSE
0
0
-1
0
1
2
1
1
-1
-2
-2
-2
-2
-2
-4
-4
-5
-5
-4
-5
-5
-4
-3
-3
-4
-5
-6
-6
-6
-5
-4
-3
-1
0
-1
-1
-2
-3
-2
-1
0
-1
-1
0
2
1
2
2
3
3
2
1
1
1
2
3
3
4
3
3
5
4
5
5
5
4
2
1
1
1
1
2
2
1
0
-1
0
-1
-2
-1
-1
0
1
0
-1
-1
-2
0
-1
0
1
1
1
0
0
-1
-3
-4
-2
-2
-2
-2
-3
-3
-2
-2
-2
-1
0
0
0
0
0
-2
-2
-2
-1
-1
0
0
0
0
1
1
0
0
-1
0
0
0
0
1
2
0
0
0
-1
0
1
2
1
0
0
0
1
1
2
1
-1
-1
0
-1
-1
-1
-1
-1
-1
-1
0
-1
0
0
0
0
1
0
2
3
4
3
2
0
-1
-2
0
2
3
5
4
2
1
-1
-2
-2
-2
1
1
1
0
1
2
2
1
1
0
1
0
-1
-2
0
1
2
3
3
2
0
0
1
-1
1
1
1
2
0
-2
-5
-9
-8
-5
-4
-1
-1
-2
-4
-4
-1
-1
2
4
5
6
4
1
-3
-5
-6
-5
-4
-4
-5
-7
-6
-4
3
7
11
14
11
8
8
4
4
8
10
12
9
4
0
-2
-6
-7
-5
-1
0
3
4
5
6
5
4
3
2
1
1
-4
-10
-13
-14
-13
-10
-6
-1
-1
-5
-4
-4
-4
-3
0
0
-2
0
-5
-8
-7
-8
-12
-13
-11
-9
-8
-6
-5
-2
2
4
9
16
16
12
13
12
9
9
7
3
4
2
3
-1
-2
-1
-1
2
9
16
17
14
11
4
2
3
3
6
5
1
-6
-10
-14
-18
-21
-19
-16
-14
-9
-5
-1
-3
-1
-3
-3
-1
-5
-8
-10
-12
-8
-3
-3
-1
-2
-4
-6
-7
-6
-6
-3
0
6
9
8
6
5
7
5
4
2
-2
-1
5
8
7
10
11
11
13
15
18
18
16
18
14
13
16
15
13
12
9
2
-1
-2
1
1
1
0
-1
0
0
1
2
0
3
3
1
-1
-6
-10
-17
-18
-18
-18
-13
-16
-12
-8
-8
-7
-10
-12
-14
-16
-13
-10
-7
-7
-7
-8
-9
-9
-7
-8
-8
-7
-8
-12
-12
-10
-7
1
9
11
12
10
7
3
3
6
11
12
14
15
11
13
12
15
14
14
11
10
11
9
7
7
6
3
0
1
0
-3
-4
-7
-11
-13
-16
-17
-18
-16
-18
-18
-14
-7
0
1
1
-2
-6
-11
-16
-17
-19
-14
-7
-2
2
1
2
8
15
18
16
16
12
12
17
17
25
25
31
31
54
71
146
124
-44
-177
-193
-61
54
246
421
359
104
-201
-409
-410
-285
-64
129
205
255
1
-252
-225
-250
-373
-350
-55
168
206
99
-52
-175
-231
-386
-433
-220
107
274
215
185
199
123
-70
-187
-54
78
155
230
417
551
469
300
109
16
-35
44
199
401
524
389
188
111
119
33
-18
102
180
87
47
15
-19
-12
-52
-70
-117
-103
-185
-378
-426
-435
-433
-397
-333
-297
-313
-364
-404
-435
-449
-481
-504
-401
-324
-272
-220
-231
-221
-258
-266
-277
-219
-159
-160
-128
69
290
330
455
576
627
613
627
671
618
768
892
1038
1139
1129
1026
916
902
758
612
576
483
277
257
164
-20
-316
-465
-647
-941
-1136
-1297
-1339
-1358
-1326
-1399
-1463
-1445
-1490
-1445
-1243
-1064
-972
-798
-673
-668
-621
-402
-215
-57
59
-107
-332
-413
-353
-242
-198
-125
-244
-234
506
717
1096
1432
1604
1544
1379
1386
1088
1053
1668
2030
2456
3081
3106
3039
2870
2689
2128
1711
1755
1331
1226
1358
963
426
65
-523
-1352
-2103
-2363
-2928
-3049
-3014
-3307
-3119
-2847
-2710
-2631
-2283
-2138
-2292
-2207
-1873
-1853
-1366
-935
-619
-225
-22
42
-144
-16
-132
-376
-467
-696
-899
-952
-465
-571
22
1049
1224
1618
1972
2393
2189
2008
1788
1448
1654
2211
2333
2900
3307
3138
2999
2884
2624
1977
1793
1579
1227
846
390
-230
-675
-900
-1388
-1913
-2452
-2830
-3340
-3590
-3711
-3851
-3633
-3204
-2875
-2420
-1957
-1723
-1789
-1710
-1699
-1833
-1600
-1275
-827
-385
-66
57
81
-17
-195
-645
-719
-841
-868
-924
370
1331
1738
2507
2977
3279
2895
2975
2018
1606
2057
2437
2714
3575
4145
4022
4109
4067
3197
2136
1896
911
425
297
13
-700
-805
-803
-1692
-2251
-2765
-3655
-4207
-4297
-4447
-4478
-3901
-3242
-2988
-2146
-1639
-1545
-1394
-1049
-1208
-1367
-1119
-925
-618
-138
192
87
277
293
58
-229
-401
-540
-916
-419
778
1129
1788
2489
3198
3538
3626
3573
2617
2462
2593
2523
2908
3479
3876
4134
4533
4510
3431
2750
2068
1010
275
-314
-822
-1583
-1479
-1521
-2165
-2545
-2925
-3520
-4352
-4554
-4985
-5244
-4495
-3878
-3375
-2673
-2081
-1873
-1448
-912
-1153
-1372
-1029
-1055
-1046
-778
-437
-399
-105
181
0
-289
-141
-726
-267
801
1222
1672
2146
3363
3292
3749
3685
3104
3006
3255
3175
2977
3422
3646
3719
4115
4338
3594
3337
2802
1930
777
-16
-897
-1879
-1930
-2096
-2730
-3012
-3084
-3247
-3985
-4262
-4671
-5139
-4523
-4212
-3810
-3372
-2378
-1902
-1436
-719
-674
-867
-596
-523
-695
-635
-488
-472
-480
-42
-324
-448
-179
-214
301
1032
1385
1567
2060
3080
3085
3512
3598
3166
3129
3248
3372
3145
3404
3601
3661
4067
4056
3569
3337
2999
2247
1018
295
-517
-1342
-1716
-2168
-2684
-3190
-3105
-3347
-3798
-4103
-4543
-4761
-4440
-4154
-3849
-3461
-2547
-2061
-1583
-974
-719
-472
-189
30
-157
-435
-430
-590
-560
-310
-383
-366
-214
-220
-22
810
1136
1548
1969
2796
2962
3112
3343
3063
3103
3085
3031
2944
3327
3520
3587
3837
3918
3484
3345
3197
2408
1431
641
-247
-1142
-1509
-2165
-2834
-3239
-3406
-3697
-3965
-4038
-4453
-4622
-4400
-4470
-4272
-3854
-3166
-2661
-2121
-1597
-1343
-903
-502
-168
-76
25
-100
-134
-78
-130
-343
-271
-286
-334
-526
334
902
1265
1923
2430
2965
3002
3476
3209
3119
3216
3015
2812
2996
3254
3260
3489
3881
3633
3380
3462
2918
2295
1584
860
-244
-973
-1576
-2489
-2973
-3255
-3519
-3819
-3944
-4075
-4348
-4069
-3962
-4155
-3886
-3667
-3178
-2755
-1966
-1518
-1106
-588
-321
-67
-5
66
52
87
81
-23
-154
-125
-238
-391
-37
813
1143
1842
2397
3219
3370
3530
3644
3241
3260
3104
2950
2881
3050
3198
3236
3547
3576
3291
3273
3064
2490
1687
921
75
-881
-1565
-2388
-3159
-3603
-3812
-3841
-4050
-4085
-4196
-4152
-3845
-4057
-3772
-3709
-3193
-2834
-2411
-1909
-1702
-1251
-947
-462
-266
3
135
250
150
137
-24
-79
-163
-232
-454
-81
715
964
1635
2227
3033
3202
3802
3778
3471
3411
3428
3096
2910
3053
2885
2828
3031
3150
2871
3190
2988
2495
1840
1343
391
-586
-1140
-2134
-3016
-3561
-3818
-4251
-4461
-4400
-4429
-4169
-3799
-3645
-3421
-3010
-2685
-2607
-2279
-2026
-1941
-1726
-1262
-857
-635
-151
115
175
163
297
175
52
54
-126
-430
203
566
799
1407
2151
2787
3106
3910
3795
3752
3905
3806
3327
3140
3094
2780
2622
2916
2766
2598
2832
2663
2253
1874
1619
616
-81
-643
-1640
-2617
-3105
-3585
-4288
-4544
-4554
-4717
-4423
-3895
-3708
-3311
-2726
-2240
-2141
-1654
-1443
-1611
-1533
-1256
-1196
-1052
-416
-116
-71
241
476
302
326
341
102
-116
342
548
677
1210
1796
2188
2656
3320
3256
3389
3751
3830
3525
3441
3386
2929
2780
2829
2386
2170
2303
2192
1715
1538
1332
600
198
-245
-1135
-1968
-2428
-3088
-3790
-4191
-4448
-4824
-4509
-4136
-3944
-3570
-2965
-2419
-2157
-1613
-1501
-1507
-1291
-1091
-1201
-1233
-946
-928
-918
-518
-311
-221
148
269
353
144
698
715
867
1256
1566
2080
2404
3088
3090
3349
3689
3798
3654
3735
3603
3372
3268
3295
2994
2727
2682
2296
1856
1425
1144
580
142
-194
-958
-1620
-2036
-2653
-3291
-3813
-4058
-4517
-4416
-4264
-4108
-3727
-3190
-2598
-2284
-1742
-1518
-1369
-1191
-951
-943
-1056
-945
-806
-888
-839
-635
-599
-254
-139
35
-92
232
673
768
1296
1603
2232
2356
2816
2925
2918
3212
3398
3403
3392
3529
3458
3258
3331
3182
2765
2659
2530
2099
1676
1457
829
155
-203
-851
-1646
-2026
-2435
-3054
-3487
-3708
-4109
-4231
-3969
-4028
-3852
-3387
-2797
-2522
-2015
-1560
-1390
-1123
-888
-805
-923
-787
-761
-891
-785
-599
-520
-355
-13
144
14
244
812
887
1346
1682
2169
2408
2953
3142
2942
3191
3298
3284
3169
3449
3377
3316
3421
3289
2807
2735
2637
2173
1843
1542
950
195
-95
-689
-1440
-1915
-2398
-3129
-3555
-3838
-4160
-4338
-4032
-4120
-4056
-3691
-3307
-3058
-2646
-2150
-2055
-1692
-1358
-1215
-1283
-1061
-997
-1066
-952
-827
-817
-699
-326
-280
-87
64
623
822
1308
1628
1950
2364
2677
2976
2969
3306
3466
3586
3499
3583
3562
3558
3587
3553
3219
2979
2843
2548
2148
1795
1327
774
341
-159
-889
-1483
-1889
-2461
-2957
-3395
-3777
-4100
-4039
-3991
-3994
-3693
-3218
-2898
-2547
-2043
-1796
-1553
-1310
-1143
-1205
-1120
-986
-1023
-1022
-848
-830
-857
-554
-454
-353
-314
156
557
921
1399
1700
2127
2408
2789
2735
2921
3181
3323
3276
3303
3336
3290
3410
3500
3324
3149
2955
2646
2283
1978
1536
966
524
80
-577
-1197
-1681
-2196
-2707
-3184
-3510
-3828
-3842
-3904
-3909
-3752
-3374
-2985
-2713
-2215
-1941
-1648
-1375
-1166
-1197
-1223
-1040
-987
-968
-872
-816
-845
-638
-443
-400
-320
40
526
681
1137
1380
1889
2193
2532
2608
2654
2915
3129
3244
3199
3219
3138
3124
3191
3061
2760
2676
2506
2146
1727
1366
879
434
63
-508
-1124
-1626
-2094
-2658
-3110
-3475
-3791
-3946
-3866
-3912
-3787
-3518
-3152
-2889
-2437
-2052
-1724
-1359
-1065
-990
-935
-755
-692
-651
-600
-538
-519
-286
-90
-12
108
345
689
965
1313
1598
1936
2371
2560
2867
2946
3210
3276
3438
3413
3367
3329
3229
3148
2934
2776
2604
2605
2341
1920
1446
1033
496
41
-395
-926
-1431
-1827
-2252
-2791
-3277
-3705
-4019
-4125
-4174
-4175
-3917
-3526
-3129
-2766
-2308
-2020
-1620
-1355
-1158
-1092
-946
-770
-666
-625
-536
-433
-358
-167
-76
-27
194
365
893
1132
1548
1777
2164
2588
2766
2990
2971
3259
3277
3454
3400
3408
3324
3174
3025
2759
2558
2367
2240
1927
1610
1218
836
346
-128
-668
-1141
-1606
-2006
-2478
-2940
-3435
-3787
-4038
-4150
-4266
-4173
-3890
-3590
-3300
-2925
-2459
-2115
-1686
-1412
-1162
-1073
-834
-681
-673
-603
-563
-361
-265
-25
-8
228
316
632
1022
1302
1672
1921
2517
2642
2981
3025
3220
3328
3543
3526
3454
3399
3304
3124
2924
2799
2504
2286
1971
1641
1221
980
680
269
-226
-730
-1304
-1712
-2091
-2491
-2976
-3364
-3632
-3940
-4066
-4129
-3969
-3743
-3259
-2962
-2609
-2263
-1832
-1584
-1270
-984
-838
-577
-460
-385
-468
-301
-274
-226
-127
7
204
277
821
1071
1416
1714
2152
2483
2690
3021
3059
3269
3418
3541
3427
3394
3354
3133
2900
2674
2338
2005
1895
1709
1397
1124
904
512
54
-386
-897
-1472
-1806
-2239
-2711
-3171
-3383
-3762
-3950
-4057
-4101
-3997
-3671
-3289
-2988
-2450
-2041
-1653
-1426
-1103
-970
-762
-541
-480
-434
-353
-221
-317
-209
-104
-21
136
447
881
1036
1459
1793
2355
2646
3025
3094
3208
3328
3387
3282
3138
3099
2911
2812
2569
2412
2080
1957
1739
1474
1216
979
680
236
-147
-692
-1247
-1711
-2093
-2584
-3049
-3458
-3691
-3983
-4007
-4044
-3889
-3661
-3316
-2966
-2641
-2210
-1795
-1399
-1028
-663
-459
-207
-90
-89
-144
-45
-3
-29
88
85
283
286
639
937
1208
1647
2009
2563
2813
3153
3227
3334
3353
3424
3330
3230
3169
3082
2858
2644
2387
2041
1907
1702
1410
1084
863
493
40
-386
-859
-1407
-1880
-2293
-2795
-3281
-3612
-3882
-4103
-4163
-4101
-3977
-3741
-3375
-3127
-2641
-2123
-1699
-1380
-1018
-754
-609
-337
-112
-78
-78
17
-31
-99
22
-59
87
230
705
935
1297
1667
2040
2491
2749
3108
3148
3449
3448
3462
3279
3242
3063
2902
2724
2515
2247
2058
1914
1600
1363
1080
898
537
241
-167
-624
-1172
-1648
-2190
-2744
-3260
-3565
-3844
-4029
-4113
-4173
-4068
-3806
-3368
-3067
-2486
-1971
-1488
-1199
-838
-651
-495
-350
-319
-306
-285
-195
-283
-277
-258
-215
-164
91
583
866
1360
1738
2239
2566
2844
3032
3121
3318
3403
3269
3068
2992
2810
2549
2362
2147
1908
1861
1755
1573
1381
1200
886
483
129
-377
-881
-1308
-1772
-2305
-2816
-3253
-3627
-3904
-4010
-4101
-4040
-3743
-3349
-3036
-2555
-2005
-1531
-1129
-781
-555
-446
-219
-139
-146
-124
-135
-195
-243
-123
-161
-47
68
425
794
1147
1587
1966
2475
2702
3058
3113
3240
3278
3335
3118
3002
2955
2803
2595
2447
2280
2046
1995
1787
1531
1255
1093
727
340
-77
-539
-1041
-1441
-1968
-2575
-3068
-3453
-3790
-4032
-4082
-4173
-3935
-3637
-3271
-2979
-2484
-2033
-1625
-1224
-857
-614
-440
-290
-346
-369
-398
-365
-429
-401
-349
-358
-175
5
447
733
1211
1644
2113
2523
2828
3113
3176
3346
3383
3369
3150
3075
2885
2719
2481
2334
2091
1897
1786
1644
1529
1333
1151
731
361
-185
-648
-1173
-1584
-2136
-2636
-3094
-3452
-3772
-3980
-4072
-4059
-3815
-3468
-3081
-2754
-2189
-1723
-1274
-972
-689
-521
-401
-342
-328
-369
-381
-429
-504
-443
-382
-263
-66
154
606
805
1211
1561
2050
2388
2663
2916
2922
3170
3169
3172
2979
2975
2671
2450
2294
2056
1809
1729
1694
1519
1426
1182
968
562
283
-288
-672
-1229
-1671
-2220
-2677
-3103
-3407
-3735
-3868
-3934
-3770
-3482
-3127
-2710
-2380
-1807
-1455
-1010
-695
-389
-272
-69
-52
-73
-151
-208
-299
-369
-288
-326
-144
-19
265
653
990
1393
1740
2221
2490
2785
2892
3019
3089
3119
3012
2905
2817
2640
2410
2187
1941
1655
1563
1441
1358
1138
980
683
329
-64
-509
-1004
-1490
-1933
-2439
-2938
-3366
-3662
-3906
-3954
-3998
-3770
-3493
-3023
-2664
-2247
-1835
-1387
-1055
-752
-511
-363
-238
-159
-124
-201
-191
-270
-307
-326
-270
-197
-5
292
754
1035
1512
1887
2325
2578
2851
2987
3018
3211
3126
3019
2879
2810
2550
2350
2188
1939
1734
1729
1609
1417
1322
1119
783
431
46
-498
-964
-1484
-1978
-2460
-2932
-3346
-3656
-3867
-3957
-3959
-3716
-3375
-2942
-2557
-2067
-1568
-1239
-903
-636
-452
-328
-149
-126
-204
-307
-364
-372
-382
-259
-199
0
128
458
790
1075
1474
1753
2236
2449
2741
2837
3014
3039
3035
2924
2806
2680
2482
2311
2109
1916
1691
1663
1551
1401
1152
936
613
253
-157
-561
-988
-1418
-1834
-2332
-2842
-3217
-3549
-3781
-3825
-3775
-3533
-3253
-2846
-2564
-2113
-1738
-1331
-1035
-693
-509
-401
-274
-217
-215
-269
-238
-307
-273
-270
-151
-11
213
456
783
1002
1299
1527
1940
2236
2527
2714
2862
2975
2961
2858
2756
2678
2490
2326
2127
1946
1688
1608
1356
1159
904
790
583
256
-29
-470
-917
-1382
-1804
-2328
-2797
-3201
-3518
-3722
-3774
-3793
-3607
-3304
-2914
-2564
-2083
-1655
-1302
-1011
-662
-455
-268
-72
-2
25
-32
11
-111
-113
-159
-84
6
226
409
789
1114
1408
1686
2060
2412
2552
2843
2912
3040
2972
2931
2761
2656
2488
2364
2216
2012
1698
1524
1365
1128
926
738
542
207
-83
-462
-818
-1320
-1721
-2210
-2629
-3057
-3335
-3582
-3712
-3786
-3702
-3439
-3079
-2654
-2229
-1703
-1306
-879
-652
-413
-301
-130
-55
-59
-136
-160
-181
-221
-244
-186
-52
128
311
554
872
1076
1505
1743
2186
2364
2688
2765
2778
2781
2725
2639
2423
2340
2094
2011
1763
1591
1308
1211
1018
895
726
566
311
55
-233
-666
-1082
-1493
-1875
-2319
-2678
-3031
-3300
-3491
-3582
-3570
-3330
-3080
-2691
-2311
-1845
-1456
-1065
-677
-415
-229
-92
18
9
28
31
67
34
48
37
107
176
350
443
822
1085
1383
1731
2031
2379
2506
2727
2743
2758
2703
2670
2485
2335
2147
1967
1759
1592
1384
1192
1062
876
702
551
427
139
-105
-467
-862
-1345
-1655
-2058
-2445
-2837
-3080
-3341
-3410
-3447
-3381
-3124
-2852
-2498
-2200
-1708
-1395
-1075
-796
-511
-373
-178
-38
3
3
9
-9
-66
-42
-63
11
105
315
390
770
1034
1346
1526
1895
2136
2301
2541
2577
2596
2551
2605
2367
2294
2151
2004
1760
1633
1413
1194
1148
1036
815
674
513
213
-123
-402
-783
-1216
-1579
-1957
-2359
-2704
-2923
-3157
-3218
-3237
-3148
-2972
-2590
-2312
-1972
-1600
-1226
-889
-632
-373
-245
-67
62
122
92
79
35
-38
-91
-10
71
133
334
378
644
906
1126
1414
1663
2004
2103
2357
2411
2371
2373
2281
2144
1995
1897
1761
1607
1486
1327
1150
1009
879
700
485
313
60
-224
-482
-775
-1128
-1460
-1754
-2127
-2419
-2644
-2827
-2952
-2982
-2914
-2760
-2497
-2112
-1799
-1390
-1053
-766
-547
-351
-203
-113
5
-7
-46
-44
-7
-44
-20
87
159
236
374
439
531
798
938
1187
1364
1696
1812
1971
2116
2094
2149
2149
2101
1924
1845
1757
1630
1473
1324
1130
1010
859
649
444
295
98
-49
-260
-557
-870
-1153
-1456
-1775
-2057
-2337
-2466
-2607
-2650
-2662
-2555
-2398
-2116
-1843
-1550
-1295
-1029
-787
-603
-403
-270
-77
9
21
56
73
77
68
55
71
108
160
281
304
503
752
911
1129
1270
1590
1626
1901
1847
1917
1887
1904
1790
1706
1683
1554
1467
1284
1163
880
804
610
453
332
262
31
-108
-293
-563
-807
-1047
-1244
-1526
-1742
-1978
-2178
-2296
-2334
-2378
-2229
-2035
-1757
-1549
-1211
-985
-762
-555
-362
-188
-40
147
178
207
164
143
41
30
-30
-47
18
98
198
246
433
636
776
1014
1164
1424
1571
1732
1794
1758
1856
1824
1741
1611
1498
1335
1208
1024
834
576
469
355
263
195
96
32
-90
-172
-416
-606
-839
-1051
-1321
-1588
-1776
-1925
-2002
-2098
-2106
-1988
-1830
-1662
-1467
-1271
-990
-731
-505
-274
-122
4
105
121
88
27
-55
-96
-125
-107
-125
-93
5
73
179
279
548
651
855
973
1121
1252
1362
1458
1401
1458
1475
1515
1362
1227
1087
954
788
617
460
363
338
321
319
310
287
197
99
-23
-241
-418
-572
-748
-989
-1227
-1365
-1569
-1577
-1612
-1598
-1527
-1381
-1246
-1085
-876
-670
-470
-311
-168
-121
-11
-5
13
-57
-59
-108
-140
-176
-202
-215
-153
-68
-70
-25
2
272
334
584
660
851
946
1033
1073
1066
1112
1108
1012
905
876
794
794
728
740
603
634
574
546
496
504
477
464
462
367
236
120
13
-226
-415
-648
-801
-979
-1027
-1153
-1175
-1144
-1079
-1043
-945
-770
-676
-547
-499
-440
-427
-342
-294
-315
-370
-350
-386
-421
-419
-460
-498
-471
-435
-460
-385
-332
-201
-78
6
131
243
379
433
536
544
598
635
675
651
660
661
650
632
610
565
554
675
701
738
830
907
940
912
851
731
615
504
334
151
-62
-252
-436
-605
-745
-876
-908
-906
-897
-904
-814
-755
-709
-649
-569
-536
-465
-372
-372
-361
-353
-328
-390
-443
-496
-551
-529
-526
-535
-543
-463
-493
-395
-290
-239
-79
47
247
251
350
379
404
533
583
656
670
764
774
861
899
918
943
1003
1109
1120
1228
1325
1321
1271
1244
1169
1065
951
733
498
200
-72
-343
-545
-736
-930
-1015
-1139
-1168
-1251
-1151
-1068
-978
-897
-802
-706
-681
-590
-603
-609
-646
-646
-719
-801
-864
-935
-967
-963
-974
-941
-805
-656
-596
-368
-282
-202
-124
53
160
207
384
427
564
634
780
821
983
1027
1118
1233
1345
1427
1507
1646
1724
1793
1875
1957
1897
1834
1711
1513
1249
1030
711
422
122
-113
-426
-661
-917
-1117
-1286
-1380
-1426
-1428
-1338
-1319
-1258
-1252
-1208
-1225
-1170
-1163
-1156
-1189
-1222
-1268
-1353
-1364
-1394
-1335
-1306
-1229
-1177
-1024
-935
-808
-762
-581
-418
-323
-137
-32
164
205
361
409
536
698
901
1072
1285
1513
1662
1867
1959
2091
2148
2270
2322
2340
2318
2230
2113
1986
1820
1601
1383
1145
859
524
185
-131
-447
-722
-897
-1103
-1204
-1313
-1410
-1466
-1479
-1499
-1516
-1513
-1514
-1514
-1550
-1531
-1569
-1595
-1595
-1566
-1548
-1513
-1482
-1455
-1349
-1245
-1103
-1000
-843
-744
-596
-521
-386
-243
-160
10
99
312
406
647
749
955
1166
1420
1581
1829
2042
2155
2326
2374
2438
2381
2454
2388
2354
2254
2155
1952
1776
1560
1271
1030
756
546
271
40
-232
-489
-772
-998
-1280
-1475
-1655
-1769
-1902
-1949
-2036
-2069
-2029
-2010
-1978
-1917
-1790
-1692
-1548
-1450
-1343
-1294
-1221
-1225
-1196
-1131
-1033
-968
-864
-724
-589
-484
-348
-264
-118
78
266
506
696
924
1055
1268
1366
1531
1687
1847
1946
2056
2127
2163
2194
2189
2186
2146
2112
2036
1896
1773
1622
1389
1217
1031
782
543
330
53
-230
-521
-760
-1007
-1272
-1522
-1806
-1999
-2169
-2276
-2335
-2294
-2241
-2160
-2064
-1935
-1832
-1738
-1608
-1508
-1410
-1344
-1245
-1174
-1121
-1053
-950
-843
-689
-549
-425
-264
-117
58
219
407
560
793
962
1112
1250
1348
1436
1492
1601
1642
1757
1857
1984
1982
2044
2022
2002
1961
1927
1819
1753
1714
1603
1466
1319
1211
1035
887
687
488
256
26
-266
-594
-880
-1137
-1400
-1633
-1789
-1945
-2022
-2068
-2055
-2077
-2026
-1974
-1897
-1793
-1670
-1574
-1472
-1386
-1330
-1242
-1173
-1081
-983
-821
-660
-507
-334
-168
-55
87
258
409
566
696
795
851
901
995
997
1027
1036
1088
1110
1125
1166
1153
1134
1188
1202
1229
1298
1295
1286
1269
1240
1145
1092
1025
926
779
697
544
356
181
46
-140
-284
-386
-571
-751
-906
-1049
-1225
-1348
-1462
-1513
-1596
-1585
-1625
-1630
-1595
-1549
-1488
-1396
-1247
-1149
-1030
-940
-834
-752
-612
-479
-329
-211
-83
5
139
308
409
538
651
745
780
826
850
846
808
731
691
640
634
606
570
564
562
568
569
614
653
698
705
765
772
831
888
918
920
926
937
873
820
740
641
486
381
232
103
-5
-120
-252
-379
-544
-679
-799
-908
-984
-1070
-1091
-1132
-1159
-1204
-1178
-1159
-1099
-1032
-948
-850
-776
-722
-673
-628
-577
-468
-381
-257
-160
-50
57
134
200
275
347
421
455
466
441
397
336
293
240
244
251
272
231
187
149
154
187
209
284
361
463
576
694
778
846
881
887
900
891
897
829
770
745
686
610
510
373
253
122
-24
-147
-233
-340
-441
-556
-649
-762
-890
-984
-1079
-1125
-1163
-1155
-1152
-1115
-1087
-1032
-978
-913
-817
-692
-583
-513
-427
-345
-311
-282
-221
-158
-45
13
83
127
179
197
205
234
244
253
246
271
221
252
229
233
241
253
279
300
353
381
471
566
663
748
833
899
939
1040
1091
1104
1136
1146
1092
1030
992
915
847
746
657
550
402
233
69
-89
-240
-396
-550
-688
-830
-1036
-1175
-1255
-1313
-1324
-1273
-1228
-1190
-1121
-1086
-1058
-990
-919
-835
-710
-576
-467
-377
-286
-230
-163
-59
7
53
103
137
162
195
252
300
351
324
308
275
278
246
198
182
113
74
53
93
112
184
246
323
399
514
620
696
823
897
989
1028
1065
1084
1091
1075
1030
986
864
702
526
365
170
26
-118
-269
-395
-496
-598
-688
-800
-879
-966
-989
-1032
-1056
-1079
-1109
-1101
-1108
-1049
-996
-915
-828
-693
-607
-512
-417
-322
-237
-161
-84
12
87
169
249
295
342
360
373
378
385
330
288
236
196
166
145
106
53
-15
-67
-114
-147
-136
-100
7
113
228
312
391
466
539
580
644
695
743
779
787
769
749
703
650
588
529
444
362
285
219
98
29
-24
-98
-122
-163
-210
-274
-348
-416
-486
-550
-573
-588
-596
-576
-533
-503
-467
-437
-412
-353
-310
-254
-218
-178
-128
-144
-149
-149
-150
-138
-118
-89
-103
-107
-105
-133
-160
-173
-193
-238
-259
-271
-287
-283
-269
-277
-289
-297
-304
-288
-261
-216
-166
-90
20
140
253
351
481
589
694
784
835
888
931
970
960
960
951
934
903
875
859
793
738
639
549
464
389
330
268
183
111
43
-63
-128
-232
-302
-408
-464
-526
-601
-661
-724
-779
-837
-856
-906
-924
-933
-905
-892
-875
-861
-883
-889
-879
-841
-754
-695
-588
-508
-418
-359
-351
-320
-279
-241
-181
-136
-132
-105
-84
-26
61
119
202
247
327
397
433
474
555
640
737
868
968
1057
1129
1226
1287
1338
1351
1345
1325
1269
1208
1132
1066
970
855
743
648
519
402
265
141
-15
-149
-278
-404
-524
-636
-749
-866
-957
-1083
-1197
-1296
-1386
-1455
-1485
-1480
-1453
-1431
-1358
-1298
-1222
-1134
-1056
-957
-830
-689
-599
-511
-416
-327
-227
-103
28
151
245
326
408
429
471
523
570
616
672
710
733
763
776
811
818
849
871
876
856
845
826
835
840
860
881
890
875
853
820
784
751
726
702
586
500
404
288
191
78
-45
-183
-282
-374
-445
-522
-598
-702
-769
-833
-894
-914
-933
-947
-978
-1003
-1025
-1068
-1095
-1141
-1141
-1121
-1061
-1004
-907
-820
-740
-629
-497
-325
-171
6
128
256
347
405
472
526
571
582
604
618
615
593
555
511
470
437
407
378
344
302
246
192
122
81
73
56
58
58
48
9
-20
-9
-30
-31
11
43
52
88
127
168
205
245
271
295
328
329
335
285
230
158
90
39
12
-17
-44
-38
-61
-65
-47
-40
-35
-1
22
33
40
25
-8
-61
-77
-96
-117
-122
-125
-125
-135
-137
-139
-141
-136
-144
-142
-165
-185
-179
-175
-204
-231
-264
-312
-388
-470
-500
-533
-537
-524
-487
-479
-475
-466
-418
-363
-320
-256
-181
-107
-47
25
92
142
182
226
258
281
312
319
305
322
341
346
423
550
630
629
646
668
638
653
687
685
679
717
744
688
638
589
518
458
422
379
327
299
270
203
146
120
60
8
-49
-127
-225
-332
-455
-539
-634
-739
-801
-845
-853
-868
-874
-885
-891
-862
-826
-772
-717
-660
-611
-593
-581
-523
-489
-460
-398
-346
-286
-223
-170
-119
-54
10
72
112
137
178
224
269
319
380
445
485
537
566
563
562
570
558
557
603
651
669
697
736
730
730
726
700
663
629
578
497
401
317
225
150
81
14
-37
-121
-214
-304
-387
-461
-487
-504
-538
-562
-602
-641
-655
-655
-657
-653
-656
-656
-631
-592
-561
-526
-507
-475
-416
-361
-286
-232
-197
-177
-157
-163
-123
-53
11
91
134
171
189
185
158
151
155
146
155
135
150
145
125
123
143
180
213
265
322
353
378
375
380
391
389
413
417
399
384
346
269
223
189
158
159
148
135
121
94
102
120
123
149
143
125
101
99
97
99
109
99
120
92
61
40
16
-31
-64
-99
-119
-120
-115
-101
-106
-112
-138
-182
-233
-272
-329
-340
-353
-349
-337
-349
-339
-346
-333
-300
-292
-255
-231
-237
-231
-251
-229
-187
-138
-73
-25
16
28
16
0
4
8
8
36
56
44
66
89
92
114
145
149
130
92
40
3
-31
-40
-33
0
20
48
52
33
39
34
35
51
60
69
112
129
154
181
163
173
172
166
170
168
156
112
68
33
1
-18
-17
-20
11
27
33
45
36
23
33
48
39
33
23
11
3
-16
-14
3
25
36
26
-2
-49
-85
-98
-93
-84
-58
-66
-92
-99
-116
-131
-127
-137
-172
-213
-232
-248
-250
-265
-244
-224
-221
-198
-205
-209
-220
-215
-182
-153
-142
-104
-95
-87
-63
-45
-34
-25
-2
63
112
167
214
275
337
370
411
445
468
468
482
513
525
512
513
501
475
457
443
445
431
438
404
384
360
324
265
229
187
108
64
0
-52
-116
-159
-194
-221
-241
-251
-284
-331
-369
-414
-459
-480
-471
-466
-458
-470
-473
-501
-530
-559
-583
-598
-619
-663
-691
-716
-733
-731
-736
-692
-620
-560
-499
-415
-342
-272
-200
-126
-38
45
110
159
183
211
257
326
389
476
590
677
749
787
797
778
776
765
733
758
769
759
731
700
639
567
505
445
413
378
356
329
268
227
188
164
126
115
119
97
46
-32
-95
-171
-240
-278
-294
-335
-370
-405
-437
-469
-505
-508
-513
-525
-522
-528
-552
-555
-564
-580
-536
-497
-474
-439
-397
-349
-328
-304
-256
-219
-161
-73
12
94
178
230
274
322
343
372
405
433
420
400
403
398
388
380
383
375
352
334
325
299
274
226
192
156
108
73
35
-8
-43
-57
-103
-131
-152
-177
-210
-246
-266
-300
-307
-301
-253
-231
-187
-133
-105
-84
-90
-105
-113
-87
-88
-107
-112
-136
-145
-120
-91
-61
2
37
38
51
59
53
59
91
113
112
95
73
31
-12
-22
-23
-20
-4
18
18
22
27
18
9
14
4
-11
-20
-45
-53
-90
-130
-138
-144
-151
-132
-129
-143
-165
-171
-170
-166
-157
-146
-137
-133
-117
-88
-73
-53
-34
-21
18
66
130
171
200
219
230
242
259
296
333
354
376
394
396
408
433
452
453
448
426
392
358
350
339
283
223
183
135
98
77
50
15
-25
-56
-112
-157
-208
-249
-269
-301
-306
-307
-329
-340
-376
-390
-389
-390
-380
-377
-389
-389
-393
-404
-371
-348
-293
-245
-219
-196
-173
-146
-111
-92
-65
-29
5
49
103
146
174
223
256
303
329
350
347
330
300
298
269
224
226
219
229
256
291
318
307
280
245
196
132
68
17
-36
-85
-132
-179
-225
-266
-310
-346
-378
-381
-392
-388
-374
-375
-385
-411
-419
-428
-442
-428
-402
-388
-366
-362
-337
-302
-256
-211
-149
-70
-4
42
95
140
186
220
257
319
359
370
369
394
400
403
439
464
516
561
561
571
548
525
506
504
468
439
422
374
324
276
213
157
113
66
26
-9
-59
-117
-144
-182
-214
-232
-264
-322
-361
-431
-515
-567
-588
-593
-596
-577
-562
-540
-539
-525
-469
-421
-375
-301
-252
-209
-193
-168
-127
-90
-18
35
83
138
179
212
253
317
364
408
487
556
606
633
636
622
614
600
577
552
537
533
518
502
486
457
414
379
317
258
205
126
50
-16
-92
-141
-173
-214
-244
-278
-321
-364
-418
-471
-513
-549
-578
-621
-639
-645
-644
-627
-623
-600
-565
-544
-520
-508
-511
-522
-541
-539
-476
-415
-341
-269
-232
-193
-159
-109
-53
26
99
148
172
199
245
267
283
305
344
417
484
515
538
538
533
548
563
573
572
548
521
487
463
433
384
342
307
255
218
184
109
56
11
-33
-77
-93
-124
-133
-160
-176
-181
-216
-231
-240
-252
-250
-229
-216
-200
-187
-179
-188
-195
-207
-218
-214
-216
-224
-225
-214
-195
-163
-133
-99
-76
-61
-62
-51
-49
-41
-22
11
62
80
99
118
121
124
128
147
182
200
224
236
245
275
296
290
279
262
232
191
148
128
96
60
42
30
-14
-45
-66
-99
-126
-124
-126
-136
-134
-141
-148
-156
-143
-145
-157
-160
-145
-130
-133
-109
-81
-73
-76
-84
-89
-87
-73
-41
-15
-9
-11
-28
-64
-87
-98
-85
-54
-26
7
20
17
35
48
34
23
15
20
20
20
23
35
68
106
141
162
149
126
124
123
120
121
100
75
46
14
-2
8
11
17
42
44
12
-14
-38
-60
-81
-82
-88
-116
-119
-122
-115
-113
-115
-106
-112
-120
-119
-103
-94
-74
-83
-92
-95
-100
-95
-95
-71
-45
-19
-4
20
24
10
2
14
51
82
95
77
75
66
72
95
113
122
127
151
153
169
191
196
205
201
207
191
177
154
135
118
123
145
166
181
162
133
99
73
49
28
43
61
58
37
-12
-85
-133
-160
-181
-209
-216
-212
-224
-226
-223
-224
-231
-237
-234
-238
-253
-260
-253
-247
-230
-188
-168
-149
-129
-120
-104
-87
-64
-33
-26
-10
18
30
37
62
87
93
95
92
96
92
116
117
138
168
171
169
180
201
198
212
225
226
206
197
194
177
155
137
138
118
75
49
19
6
11
15
23
21
-5
-34
-60
-81
-93
-116
-134
-147
-159
-166
-180
-192
-188
-178
-161
-136
-128
-131
-111
-102
-83
-56
-53
-41
-48
-68
-74
-78
-108
-111
-93
-82
-48
-18
23
47
53
58
71
81
85
87
90
93
86
90
89
81
93
106
101
86
80
73
75
87
86
97
108
104
95
105
101
72
49
15
-25
-61
-61
-51
-33
-19
-20
-11
-29
-39
-68
-93
-92
-93
-88
-83
-83
-91
-87
-87
-61
-32
-16
-21
-36
-46
-76
-97
-102
-91
-47
-10
20
27
51
64
61
71
77
80
77
88
110
150
173
200
212
225
230
205
157
126
100
54
14
-1
-8
-5
20
23
24
16
-11
-26
-41
-83
-107
-131
-162
-162
-161
-171
-179
-189
-186
-178
-178
-198
-229
-236
-206
-179
-159
-143
-143
-160
-167
-164
-149
-124
-102
-73
-48
-19
-5
2
-18
-26
-12
-5
6
9
10
20
54
84
108
141
170
175
191
224
242
232
228
212
203
199
228
249
243
220
201
175
149
134
122
113
96
108
110
104
72
48
36
25
22
6
-17
-40
-43
-61
-68
-53
-54
-43
-36
-25
-34
-52
-80
-101
-120
-138
-159
-183
-187
-187
-187
-160
-121
-100
-85
-63
-54
-42
-36
-49
-45
-45
-34
-27
-16
-35
-30
-26
-39
-23
-9
-7
1
8
-22
-19
-8
-9
7
12
2
5
14
19
13
10
1
-10
-23
-39
-23
-12
4
21
36
55
61
55
44
13
-6
-17
-28
-22
-14
-12
-19
4
36
71
112
134
127
119
108
85
81
60
58
45
31
6
0
1
10
35
39
64
71
69
69
72
79
78
55
43
27
14
-7
-42
-66
-76
-100
-110
-86
-101
-112
-108
-120
-140
-145
-137
-122
-125
-125
-127
-130
-126
-143
-136
-118
-121
-115
-122
-114
-106
-102
-98
-88
-52
-18
13
40
36
20
35
63
82
108
141
155
160
185
196
183
181
187
202
205
199
208
205
191
197
197
193
188
171
158
144
131
121
109
81
65
49
29
13
12
20
3
-20
-57
-77
-96
-126
-151
-179
-200
-233
-230
-224
-216
-221
-226
-217
-209
-204
-206
-193
-192
-192
-182
-169
-171
-153
-140
-127
-111
-119
-107
-75
-52
-31
7
25
44
63
90
110
118
122
125
131
137
150
167
169
181
171
148
147
150
138
141
157
149
134
132
130
107
93
94
93
80
69
64
40
15
-10
-24
-35
-22
-15
-14
-5
-26
-42
-47
-60
-55
-40
-44
-42
-53
-77
-92
-122
-144
-132
-123
-97
-58
-43
-34
-31
-32
-39
-38
-31
-31
-39
-41
-45
-22
-16
-40
-44
-50
-53
-48
-39
-45
-65
-86
-87
-80
-65
-42
-23
-10
17
37
46
39
29
18
18
32
14
12
5
-4
-15
-15
-10
-6
18
22
14
7
21
12
23
45
64
90
113
138
134
126
133
144
133
126
120
120
122
119
126
121
115
114
119
117
105
88
61
51
36
34
29
24
14
3
-14
-38
-51
-56
-50
-52
-72
-88
-108
-128
-144
-141
-135
-131
-142
-152
-169
-192
-203
-191
-170
-173
-167
-166
-166
-132
-124
-109
-75
-63
-56
-68
-81
-86
-91
-93
-84
-58
-52
-55
-30
-9
26
67
103
114
120
147
147
152
156
146
146
144
152
146
136
140
141
130
139
144
125
124
119
121
126
127
111
78
57
38
15
10
4
-3
-2
-24
-52
-67
-84
-86
-81
-60
-34
-22
-28
-45
-79
-95
-105
-123
-110
-99
-81
-74
-87
-76
-55
-41
-23
-1
15
6
-13
-1
-4
0
13
2
-8
-8
9
9
4
7
9
7
2
7
2
0
-7
-21
-23
-28
-25
-15
-1
5
-1
-11
-29
-41
-38
-46
-50
-32
-20
-24
-29
-38
-47
-52
-50
-26
5
25
44
54
63
64
52
39
33
17
21
30
31
40
73
80
70
82
84
90
88
76
68
39
21
24
35
49
52
55
60
64
47
44
45
41
37
19
5
-21
-43
-60
-55
-37
-17
-14
-27
-36
-57
-76
-90
-82
-78
-71
-64
-67
-67
-76
-88
-84
-60
-50
-35
-20
-26
-24
-21
-13
25
46
51
53
58
60
76
103
130
132
113
98
80
85
84
79
84
77
68
56
54
35
9
-11
-29
-43
-42
-28
-13
-1
-2
-2
-30
-55
-75
-92
-108
-111
-105
-95
-98
-101
-98
-105
-106
-120
-115
-105
-110
-115
-131
-131
-137
-122
-104
-70
-35
-6
1
-25
-34
-47
-67
-71
-37
-33
-20
-3
19
57
87
121
142
139
141
127
101
77
73
75
97
103
102
106
108
114
111
99
75
69
73
66
69
77
62
47
41
20
-27
-42
-52
-52
-42
-26
-13
-2
-4
-9
-13
-21
-22
-26
-21
-17
-45
-52
-54
-57
-43
-32
-15
-15
-29
-55
-69
-74
-77
-69
-53
-30
-8
-3
6
31
53
53
56
46
24
14
7
3
27
39
49
54
49
44
24
17
12
0
-18
-34
-34
-27
-15
11
33
35
19
-1
-27
-40
-54
-64
-63
-72
-75
-70
-58
-44
-27
-30
-23
-17
-28
-13
3
27
35
50
60
49
37
38
20
20
41
42
50
62
72
59
74
88
80
86
102
95
84
88
75
72
69
65
60
34
4
-19
-26
-15
-31
-52
-72
-86
-79
-67
-39
-45
-53
-65
-83
-82
-85
-86
-93
-103
-106
-107
-139
-149
-134
