SAMPLES:	12080
BITSPERSAMPLE:	16
CHANNELS:	1
SAMPLERATE:	16000
NORMALIZED:	FALSE
2
-2
-4
-4
-3
-4
-4
1
3
6
4
7
7
8
11
8
7
3
1
-1
-6
-6
-8
-4
-6
-4
0
-4
-4
-1
0
-1
-4
-3
-5
-5
-5
-7
-6
-8
-8
-4
0
3
6
7
7
4
6
7
4
5
4
4
3
2
-3
-1
-5
-7
-4
1
4
5
7
6
6
2
3
5
1
4
-1
-4
-7
-9
-12
-9
-6
-6
-3
-7
-4
-3
-1
1
-1
2
-1
-7
-11
-17
-22
-25
-24
-18
-14
-7
-1
0
1
0
-1
0
1
4
5
2
1
-3
1
1
2
5
7
5
3
4
8
9
11
12
10
8
8
8
4
1
2
2
2
0
2
3
-2
-2
2
8
8
10
12
11
5
2
4
4
3
4
4
1
5
3
5
6
5
4
7
7
5
4
4
3
2
4
4
2
0
-1
-4
-6
-6
-5
-2
1
1
-3
-2
-4
-12
-13
-15
-13
-16
-16
-17
-18
-16
-16
-13
-11
-5
-4
-4
-5
-9
-8
-10
-9
-5
-1
-1
-2
-3
-4
1
5
6
10
13
15
17
14
14
16
19
16
16
19
13
12
14
10
11
12
15
13
12
10
6
4
5
5
6
2
0
-5
-5
-1
-2
-1
-1
-1
-9
-9
-8
-7
-5
-12
-14
-18
-18
-16
-14
-11
-12
-10
-9
-8
-10
-12
-14
-15
-15
-13
-10
-4
-4
-3
1
3
3
7
10
8
7
9
7
4
8
4
6
4
4
6
1
2
4
8
10
10
5
6
5
5
6
3
7
5
2
5
7
7
5
4
2
-2
-2
-1
-1
1
-1
-3
-7
-7
-9
-7
-10
-10
-5
-3
-6
-1
-2
0
-2
-3
0
1
-1
-2
-1
-1
0
3
7
10
4
-2
-9
-13
-14
-15
-15
-12
-9
-5
-3
-2
-2
0
-1
-3
0
2
0
-3
-3
-7
-7
-5
-5
-4
-3
-2
2
3
9
9
8
8
5
9
14
11
16
16
12
10
7
8
14
17
18
20
15
17
18
20
23
24
20
17
13
9
8
5
2
4
4
3
-1
-2
2
-2
-1
1
-2
-7
-9
-16
-20
-20
-19
-19
-19
-17
-20
-25
-27
-27
-28
-27
-28
-28
-27
-27
-22
-21
-19
-19
-18
-19
-22
-20
-22
-20
-14
-11
-7
-5
0
3
4
4
7
11
9
6
7
8
6
8
16
20
24
29
31
36
33
33
31
34
38
42
44
43
47
46
43
44
44
44
42
42
39
34
30
27
23
17
9
6
2
-7
-15
-19
-21
-29
-33
-34
-40
-47
-50
-53
-55
-59
-60
-58
-61
-59
-60
-59
-62
-63
-69
-69
-66
-63
-57
-51
-47
-47
-42
-38
-36
-30
-23
-23
-20
-15
-15
-8
-3
2
8
19
28
33
39
43
51
57
66
72
80
87
90
88
89
95
94
98
105
104
103
100
100
97
95
94
88
74
73
69
57
50
36
21
7
1
-5
-15
-22
-37
-43
-55
-65
-74
-87
-99
-108
-114
-117
-123
-131
-136
-144
-146
-144
-135
-127
-123
-120
-120
-117
-105
-100
-92
-85
-78
-75
-73
-61
-52
-44
-32
-25
-11
0
13
26
34
46
54
64
73
84
95
99
112
121
130
144
153
164
175
177
184
189
188
193
195
188
179
174
163
158
146
136
128
113
96
87
70
60
44
25
8
-10
-37
-55
-76
-95
-109
-130
-141
-160
-178
-198
-212
-212
-218
-217
-221
-229
-228
-236
-233
-228
-229
-223
-214
-214
-206
-198
-188
-172
-164
-144
-125
-108
-98
-85
-69
-46
-25
-8
7
23
37
54
72
91
120
144
159
179
203
218
233
249
261
271
288
291
293
309
307
301
290
294
291
273
257
235
208
179
157
142
125
105
81
56
33
6
-23
-55
-87
-110
-141
-176
-193
-211
-232
-243
-262
-281
-292
-308
-309
-303
-306
-301
-301
-304
-301
-283
-277
-270
-260
-253
-252
-230
-208
-186
-165
-158
-135
-117
-99
-72
-45
-21
9
27
51
89
116
142
167
185
202
229
251
280
300
322
348
370
385
408
412
411
421
415
403
399
390
363
336
317
281
257
235
204
181
155
131
105
74
39
-4
-39
-70
-100
-129
-166
-191
-223
-251
-282
-311
-337
-380
-390
-404
-404
-409
-410
-419
-417
-404
-415
-420
-412
-400
-375
-360
-362
-354
-347
-334
-303
-272
-222
-187
-163
-120
-76
-32
0
27
43
74
101
141
172
224
269
300
322
339
364
382
416
436
453
468
483
478
469
472
476
457
461
450
437
428
406
388
370
349
317
289
245
188
134
85
49
20
-42
-77
-131
-200
-252
-295
-340
-364
-390
-428
-469
-483
-486
-504
-515
-543
-548
-567
-578
-561
-548
-529
-514
-497
-482
-465
-431
-416
-373
-340
-324
-274
-234
-200
-155
-110
-69
-32
8
37
74
136
187
229
264
295
350
375
394
448
477
501
538
571
592
608
617
602
606
616
625
616
583
566
549
549
536
488
467
416
358
337
298
238
189
125
67
21
-44
-98
-143
-210
-252
-283
-319
-339
-389
-430
-463
-497
-533
-562
-586
-622
-633
-668
-675
-661
-649
-633
-638
-646
-617
-589
-559
-510
-459
-429
-406
-344
-307
-299
-258
-221
-162
-115
-59
10
45
117
179
229
258
296
337
396
452
494
510
541
540
550
587
628
646
666
680
673
653
641
654
638
636
644
603
560
546
508
475
414
367
301
217
151
75
-13
-65
-119
-185
-235
-291
-359
-405
-459
-477
-493
-550
-585
-613
-622
-636
-672
-721
-733
-698
-687
-715
-722
-736
-724
-683
-649
-587
-534
-516
-469
-428
-375
-312
-281
-233
-192
-142
-111
-85
-59
9
102
183
279
336
372
440
503
507
529
562
608
619
633
665
646
641
677
638
611
624
648
646
645
654
639
637
597
573
542
496
439
431
393
286
221
164
122
61
13
-36
-80
-140
-176
-203
-246
-324
-377
-381
-424
-469
-545
-597
-630
-623
-656
-658
-632
-648
-638
-611
-604
-621
-606
-600
-557
-520
-533
-505
-478
-494
-463
-428
-370
-325
-286
-203
-178
-164
-108
-71
-3
92
163
208
299
387
369
383
377
381
427
485
548
542
503
482
476
478
517
555
548
579
586
544
510
485
455
468
482
435
425
390
325
305
316
257
203
191
148
87
19
-43
-103
-152
-184
-227
-245
-281
-348
-379
-433
-519
-533
-523
-506
-544
-563
-549
-565
-592
-580
-561
-565
-583
-550
-482
-492
-492
-488
-448
-424
-380
-346
-281
-238
-237
-202
-134
-106
-60
-12
21
106
138
186
222
255
327
354
388
424
435
491
517
488
477
490
531
606
649
608
610
623
524
461
440
466
471
432
407
361
333
341
316
242
198
238
246
166
95
64
3
-100
-174
-138
-81
-96
-174
-273
-295
-268
-282
-361
-375
-380
-369
-388
-450
-499
-510
-461
-432
-503
-534
-510
-496
-496
-516
-484
-436
-389
-395
-412
-388
-326
-269
-247
-212
-143
-114
-137
-154
-95
-20
-16
18
73
98
185
274
254
208
235
329
381
366
352
377
376
375
431
471
458
473
425
382
388
390
436
490
492
466
441
393
344
289
256
230
176
179
170
62
-12
-9
-6
33
42
-32
-127
-192
-168
-181
-215
-197
-165
-199
-253
-300
-350
-406
-418
-388
-395
-410
-408
-389
-439
-470
-437
-420
-416
-410
-413
-420
-426
-406
-366
-327
-279
-250
-230
-243
-260
-210
-140
-72
-3
71
164
163
181
214
212
241
247
266
265
271
297
285
289
294
323
328
355
388
378
340
362
431
431
445
486
468
408
364
346
342
292
276
311
280
231
215
205
132
100
99
85
15
-81
-102
-97
-65
-59
-69
-139
-205
-229
-260
-295
-273
-217
-225
-288
-310
-337
-388
-348
-385
-413
-415
-435
-425
-447
-466
-463
-451
-464
-387
-337
-310
-322
-350
-334
-275
-226
-173
-148
-80
-20
5
54
71
154
273
323
300
305
316
318
305
295
299
329
395
406
379
386
377
411
403
418
425
381
393
411
342
289
297
250
267
279
246
196
154
137
89
80
56
-1
-77
-102
-147
-143
-175
-225
-265
-313
-300
-292
-282
-290
-331
-348
-347
-338
-371
-381
-320
-315
-358
-415
-412
-418
-385
-336
-323
-318
-313
-333
-339
-293
-224
-206
-216
-154
-95
-39
-30
-46
-21
14
70
150
176
197
257
306
320
309
306
290
322
341
361
333
320
434
386
207
451
972
622
96
160
384
222
134
354
600
290
-218
-523
-329
189
260
105
492
587
-100
-356
-124
330
976
683
8
-74
-162
-324
-506
-6
536
-177
-530
-348
-967
-1070
-484
-381
-266
-379
-780
-914
-1312
-837
-292
-453
-201
-305
-619
-459
-393
17
304
115
295
231
-274
-253
191
354
372
266
96
-121
-407
-131
271
283
253
22
-156
-137
-90
182
277
199
160
181
461
494
913
1017
951
1293
1033
1336
1618
1719
2170
1645
1530
1443
972
1354
1220
1078
796
37
-172
-484
-697
-734
-1090
-1357
-1735
-2079
-2089
-2241
-2366
-2331
-2398
-2420
-2306
-2175
-1983
-1784
-1597
-1459
-1384
-1155
-785
-402
-110
11
47
89
225
429
558
560
374
458
235
157
-60
-53
-54
-145
-272
-166
418
470
1073
740
855
1441
1719
2829
3128
3060
3164
2494
2777
3025
2997
3075
2685
2158
1742
1198
878
810
416
-7
-545
-1308
-1660
-1869
-2005
-2013
-2538
-2932
-3204
-3187
-2746
-2589
-2518
-2572
-2539
-2148
-1674
-1274
-956
-712
-592
-330
-43
270
681
774
824
650
569
592
736
773
778
397
71
-27
-169
70
-121
-466
-683
-888
-729
-617
-552
-497
-749
-859
-595
305
585
1227
1039
976
1498
1637
2646
3034
3192
3222
2573
2616
2754
2910
2958
2550
1997
1338
1039
596
625
228
-364
-1034
-1768
-1853
-1925
-1968
-2112
-2732
-3047
-3167
-2946
-2501
-2223
-2071
-2164
-2108
-1856
-1374
-763
-381
-142
-115
-20
199
524
840
870
736
468
266
241
179
168
-27
-474
-858
-1138
-1127
-1052
-1061
-1318
-1523
-1725
-1766
-638
-356
228
32
-235
623
1038
2261
2825
2776
2939
2635
2832
3385
3500
3479
3116
2661
2326
2100
1690
1635
1234
565
-1
-689
-830
-807
-1288
-1631
-2373
-2816
-2691
-2541
-2246
-2329
-2596
-2616
-2359
-1892
-1286
-1069
-935
-699
-544
-115
202
502
801
764
730
648
652
728
656
567
294
-173
-407
-582
-788
-1062
-1433
-1600
-1922
-1792
-2025
-1686
-1091
-1109
-784
-1025
-401
458
1032
1866
1973
2239
2471
2639
3123
3454
3432
3126
3106
2883
2696
2551
2019
1751
1244
733
327
-105
-331
-780
-1375
-1786
-2199
-2270
-2223
-2312
-2423
-2624
-2615
-2343
-1926
-1577
-1341
-1241
-917
-571
-138
323
495
640
742
908
1056
1122
1167
1005
789
523
249
99
-56
-335
-687
-1075
-1547
-1470
-1655
-1845
-2091
-2011
-1434
-1281
-1133
-1110
-848
-130
498
1273
1617
1769
1861
2008
2517
2816
3004
2798
2733
2482
2219
2152
1841
1554
1241
643
259
-64
-294
-616
-999
-1419
-1860
-2144
-1924
-1963
-2103
-2323
-2350
-2048
-1755
-1371
-1214
-1151
-886
-412
-12
264
402
521
820
976
1159
1220
1111
1086
875
752
571
310
52
-223
-650
-998
-1330
-1492
-1559
-1890
-2091
-1862
-1469
-1207
-1185
-1302
-787
-41
690
1355
1492
1641
1730
1873
2578
2784
2736
2686
2488
2411
2158
2028
1761
1447
1088
632
149
-157
-462
-755
-1138
-1624
-2090
-2240
-2242
-2327
-2326
-2493
-2441
-2256
-1990
-1579
-1443
-1132
-758
-309
154
382
553
772
1129
1391
1530
1485
1371
1297
1150
1173
1022
772
405
163
-112
-467
-777
-968
-1139
-1640
-1668
-1292
-1093
-961
-1356
-1174
-630
-62
691
1082
1208
1414
1448
1841
2465
2503
2407
2334
2109
2097
1898
1781
1622
1148
739
227
-112
-229
-523
-842
-1203
-1753
-2060
-2102
-2026
-2040
-2276
-2424
-2377
-2208
-1876
-1627
-1488
-1312
-1076
-665
-234
12
255
490
791
1028
1123
1175
1195
1244
1288
1179
967
691
429
257
75
-172
-498
-957
-1173
-1256
-1546
-1355
-1033
-1026
-657
-1224
-851
-273
293
1276
1117
1239
1406
1520
2249
2643
2507
2308
2232
2052
2408
2318
1867
1529
940
770
505
254
-14
-578
-1047
-1445
-1812
-1919
-1922
-2122
-2277
-2509
-2557
-2346
-2074
-1620
-1514
-1531
-1446
-1074
-538
-230
-79
57
179
518
874
1040
1115
1007
912
847
737
693
463
307
12
-339
-683
-991
-1158
-1045
-1493
-1233
-1175
-1191
-818
-1242
-543
-260
382
1056
1129
1445
1364
1651
2163
2585
2551
2348
2345
2134
2436
2214
1872
1572
1053
1037
765
528
186
-373
-725
-1026
-1279
-1409
-1617
-1775
-1937
-2178
-2081
-2000
-1781
-1503
-1466
-1316
-1188
-895
-398
-119
-12
127
236
502
757
887
870
655
627
626
612
511
224
-20
-280
-568
-833
-985
-1123
-1197
-1622
-1273
-1336
-1099
-999
-1073
-654
-411
306
712
986
1193
1246
1569
1910
2255
2241
2164
2077
1926
2107
1926
1712
1437
1175
914
766
488
208
-247
-587
-865
-1164
-1296
-1410
-1613
-1741
-1900
-1862
-1810
-1700
-1546
-1464
-1249
-1037
-823
-533
-398
-263
-88
156
363
488
496
491
463
487
516
403
261
77
-160
-225
-561
-597
-896
-944
-1218
-1235
-989
-910
-616
-900
-571
-256
321
886
1117
1302
1314
1474
1859
2236
2304
2192
2056
1900
2055
1895
1760
1409
1151
902
639
466
193
-187
-482
-761
-1025
-1277
-1502
-1595
-1641
-1761
-1804
-1794
-1677
-1494
-1370
-1339
-1236
-1042
-682
-389
-291
-184
-80
152
358
480
497
471
456
413
469
323
180
-30
-172
-388
-462
-681
-936
-1082
-1247
-887
-931
-627
-796
-780
-393
-46
696
926
1195
1153
1216
1546
1819
2235
2040
1981
1722
1753
1927
1795
1593
1242
918
622
555
344
197
-176
-597
-826
-1082
-1127
-1222
-1317
-1409
-1570
-1636
-1561
-1282
-1079
-917
-928
-815
-638
-341
-74
-38
55
112
237
387
472
535
417
310
271
246
164
38
-238
-409
-724
-821
-1006
-1178
-1268
-1464
-1107
-1062
-812
-980
-876
-530
-31
578
854
1087
1108
1190
1532
1869
2117
1961
1823
1608
1667
1667
1621
1390
1046
759
431
323
147
-67
-399
-666
-957
-1130
-1173
-1277
-1379
-1487
-1606
-1564
-1442
-1321
-1088
-982
-891
-788
-687
-306
-64
139
287
326
441
518
582
714
707
621
531
365
304
139
-22
-125
-452
-605
-820
-980
-1001
-1123
-836
-881
-625
-797
-755
-372
49
674
874
1067
1160
1284
1505
1859
2037
1956
1897
1723
1785
1779
1652
1438
1026
802
486
326
121
-168
-482
-765
-1086
-1321
-1409
-1523
-1560
-1620
-1758
-1715
-1614
-1449
-1315
-1186
-1025
-919
-655
-348
-117
69
217
331
533
638
643
678
666
674
633
532
447
267
188
-7
-171
-408
-645
-880
-931
-967
-1006
-844
-891
-711
-814
-536
-234
195
703
890
1107
1134
1271
1559
1758
1892
1754
1693
1503
1538
1430
1257
1092
745
508
239
7
-228
-424
-644
-894
-1091
-1282
-1431
-1539
-1542
-1576
-1485
-1414
-1310
-1234
-1087
-895
-647
-383
-200
-37
66
213
368
600
668
628
599
530
607
548
438
307
31
-60
-196
-278
-473
-670
-864
-1062
-1054
-1167
-959
-878
-768
-688
-708
-400
-133
363
741
1021
1175
1238
1372
1589
1842
1875
1809
1760
1615
1531
1375
1226
1029
880
611
317
86
-161
-391
-546
-669
-844
-1038
-1170
-1240
-1216
-1165
-1104
-1103
-1047
-924
-807
-553
-307
-183
-103
-79
14
171
293
378
362
319
326
324
233
185
96
-21
-108
-270
-415
-577
-773
-889
-982
-1108
-1192
-1243
-1239
-1070
-984
-789
-584
-466
-199
20
392
773
1077
1337
1480
1539
1556
1723
1767
1852
1781
1578
1390
1230
1174
1124
907
717
365
163
23
-189
-284
-414
-604
-789
-888
-967
-928
-962
-937
-887
-811
-726
-636
-489
-429
-295
-197
-94
23
-35
17
36
94
132
121
37
-98
-266
-367
-445
-553
-616
-798
-847
-981
-1047
-1098
-1109
-1084
-1081
-1117
-1022
-820
-601
-412
-319
-110
170
534
901
1182
1330
1317
1360
1523
1696
1846
1792
1706
1532
1484
1376
1269
1096
896
733
522
439
235
7
-154
-302
-339
-388
-460
-564
-649
-650
-575
-508
-459
-477
-534
-462
-390
-264
-134
-110
-113
-117
-127
-84
-19
-39
-122
-277
-389
-459
-554
-608
-675
-762
-931
-1065
-1108
-1079
-1036
-1084
-1085
-1095
-1027
-979
-822
-615
-453
-290
-162
78
310
565
762
998
1211
1331
1420
1374
1464
1516
1580
1621
1500
1376
1148
1016
928
912
838
641
509
357
241
194
159
10
-123
-231
-302
-245
-221
-232
-342
-362
-352
-314
-244
-225
-205
-237
-242
-256
-293
-339
-383
-433
-517
-579
-697
-773
-869
-974
-1017
-1046
-1048
-1082
-1098
-1122
-1108
-1109
-1041
-1023
-977
-937
-898
-787
-609
-374
-188
-76
39
270
497
805
1014
1144
1249
1220
1306
1383
1433
1389
1364
1331
1288
1281
1155
1043
973
936
890
816
747
544
394
280
188
140
58
-48
-147
-204
-272
-230
-225
-231
-265
-342
-379
-328
-253
-225
-251
-328
-383
-469
-474
-484
-551
-639
-688
-710
-779
-829
-926
-948
-909
-864
-852
-880
-921
-918
-861
-785
-678
-659
-626
-551
-510
-361
-203
2
144
184
298
430
646
815
965
1039
1076
1070
1095
1189
1259
1313
1260
1245
1182
1151
1106
1010
974
865
778
688
646
511
340
225
97
-10
-185
-273
-392
-441
-486
-529
-533
-568
-556
-560
-537
-487
-451
-500
-597
-623
-622
-646
-712
-689
-756
-863
-867
-839
-760
-736
-739
-736
-698
-659
-603
-597
-594
-563
-615
-583
-545
-473
-402
-441
-395
-248
-110
81
184
292
501
644
846
1037
1223
1366
1403
1470
1458
1494
1505
1482
1459
1385
1346
1236
1205
1073
982
826
666
522
331
200
-33
-164
-329
-473
-595
-709
-782
-824
-839
-825
-776
-782
-776
-728
-667
-624
-591
-556
-604
-612
-581
-588
-572
-569
-643
-667
-650
-618
-509
-517
-558
-556
-568
-589
-573
-556
-579
-645
-611
-509
-421
-354
-293
-259
-272
-180
9
207
389
527
649
822
1049
1172
1276
1383
1421
1426
1415
1467
1469
1417
1297
1156
1032
950
896
740
614
438
279
189
67
-85
-295
-418
-506
-542
-579
-618
-610
-690
-687
-630
-587
-580
-555
-472
-418
-310
-318
-347
-316
-336
-275
-328
-318
-353
-377
-395
-514
-589
-634
-637
-729
-724
-755
-782
-805
-779
-658
-657
-667
-622
-584
-450
-303
-227
-121
-74
109
344
474
694
800
860
1063
1297
1433
1480
1500
1415
1401
1366
1340
1303
1214
1055
858
789
628
489
294
151
96
20
-28
-122
-189
-286
-390
-422
-428
-432
-488
-496
-471
-414
-383
-361
-321
-285
-299
-313
-311
-343
-345
-345
-358
-379
-485
-584
-736
-825
-899
-978
-1027
-1080
-1074
-1178
-1148
-1083
-1042
-868
-705
-553
-401
-321
-265
-189
-55
177
389
484
581
605
669
741
883
1058
1085
1123
1131
1218
1243
1183
1218
1211
1122
939
849
789
656
530
460
393
248
215
126
138
98
23
-36
-94
-151
-220
-195
-144
-157
-207
-246
-278
-249
-241
-280
-315
-383
-439
-512
-495
-542
-676
-723
-813
-780
-860
-857
-884
-950
-929
-925
-904
-852
-785
-706
-593
-510
-414
-328
-209
-21
101
151
200
253
412
510
609
593
551
519
521
518
580
741
738
614
549
513
539
574
643
710
690
646
585
557
537
444
386
390
376
397
404
409
369
353
342
313
291
234
177
131
103
19
-41
-137
-268
-299
-428
-437
-452
-523
-598
-704
-725
-802
-796
-755
-752
-777
-807
-815
-861
-840
-792
-714
-565
-447
-349
-285
-256
-211
-116
-9
23
95
131
121
84
31
39
-51
-67
-85
-98
-93
-57
-25
32
69
88
190
302
385
451
567
639
687
729
799
822
800
869
920
927
928
945
943
874
818
771
636
521
446
365
192
21
-86
-208
-324
-428
-498
-567
-637
-695
-701
-713
-724
-741
-782
-699
-658
-607
-535
-470
-447
-447
-426
-380
-396
-383
-329
-347
-350
-364
-359
-361
-368
-369
-322
-330
-347
-328
-348
-337
-329
-353
-302
-263
-204
-195
-171
-114
-57
45
101
248
426
561
604
701
829
955
1034
1169
1252
1251
1219
1153
1114
1046
962
918
799
705
603
503
410
256
130
24
-66
-195
-311
-453
-556
-594
-627
-644
-648
-647
-624
-531
-431
-344
-305
-313
-266
-203
-144
-79
-125
-143
-197
-207
-245
-338
-372
-451
-460
-466
-587
-636
-702
-759
-763
-752
-754
-736
-637
-578
-475
-389
-357
-321
-271
-76
78
155
263
348
499
675
823
962
1012
996
1055
1096
1158
1173
1151
1102
997
910
754
667
576
500
411
337
288
146
42
-12
-28
-122
-215
-238
-275
-313
-339
-322
-291
-277
-275
-247
-159
-70
-89
-112
-121
-131
-220
-302
-339
-396
-423
-493
-569
-643
-727
-829
-870
-873
-879
-943
-906
-822
-775
-750
-686
-623
-582
-469
-450
-343
-226
-125
-48
28
101
115
185
405
550
647
750
800
873
887
958
1076
1149
1123
1038
974
907
837
778
755
722
586
452
413
379
371
274
238
190
101
34
-58
-78
-120
-202
-277
-276
-243
-235
-239
-201
-249
-311
-329
-307
-293
-292
-345
-428
-469
-506
-537
-594
-626
-630
-706
-819
-870
-877
-840
-869
-846
-780
-728
-643
-470
-303
-214
-116
-50
-18
53
101
154
267
302
321
282
288
419
558
738
837
907
952
981
1069
1049
1067
1029
928
846
795
706
605
551
446
403
316
245
238
153
119
22
-88
-149
-246
-299
-342
-324
-385
-444
-470
-510
-479
-470
-460
-416
-362
-388
-391
-404
-407
-426
-472
-490
-541
-574
-580
-627
-656
-691
-772
-783
-687
-622
-604
-558
-497
-476
-405
-334
-284
-226
-232
-201
-215
-186
-141
-29
207
404
691
848
1018
1182
1349
1496
1581
1682
1582
1415
1268
1187
1035
877
708
488
321
91
59
-2
-70
-180
-317
-388
-527
-579
-629
-597
-538
-468
-441
-405
-310
-277
-180
-141
-60
-45
-72
-71
-75
-84
-181
-224
-319
-373
-452
-556
-663
-765
-848
-919
-919
-964
-954
-961
-911
-793
-760
-702
-671
-576
-534
-517
-432
-221
171
458
831
1093
1368
1609
1813
2098
2220
2325
2135
1952
1757
1504
1183
839
578
244
15
-248
-433
-594
-775
-904
-1011
-1020
-1085
-1059
-980
-824
-699
-603
-433
-270
-88
81
253
416
523
511
436
399
374
307
138
-8
-226
-504
-807
-1062
-1263
-1430
-1549
-1662
-1652
-1626
-1549
-1483
-1405
-1282
-1169
-1060
-851
-604
-178
340
827
1417
1730
2171
2521
2800
3171
3240
3275
3066
2694
2282
1734
1143
521
-151
-784
-1195
-1598
-1827
-1967
-2048
-1973
-2018
-1824
-1649
-1405
-1040
-680
-304
24
319
587
897
1102
1242
1239
1220
1045
802
622
398
209
-90
-402
-755
-1083
-1420
-1751
-1957
-2132
-2177
-2219
-2050
-1836
-1607
-1384
-1284
-1076
-862
-535
-215
445
1089
1990
2614
3086
3547
3710
3983
3962
3909
3720
3178
2455
1679
875
-93
-1063
-2061
-2679
-3163
-3296
-3198
-3049
-2626
-2397
-2066
-1651
-1174
-700
-198
379
891
1272
1475
1654
1671
1642
1458
1205
968
512
199
-85
-312
-589
-980
-1382
-1752
-1992
-2192
-2243
-2243
-2125
-2011
-1707
-1354
-1015
-736
-582
-361
-160
-32
299
1063
1861
2915
3402
3811
3959
3863
3894
3764
3773
3421
2585
1685
801
-239
-1340
-2360
-3301
-3690
-3879
-3638
-3115
-2527
-2004
-1770
-1301
-760
-243
271
857
1303
1562
1644
1487
1325
1069
648
211
-107
-412
-721
-967
-1037
-1079
-1271
-1445
-1682
-1762
-1779
-1676
-1418
-1112
-850
-624
-334
-101
101
110
85
23
123
24
594
1319
2420
3144
3275
3545
3234
3417
3312
3529
3674
3056
2284
1027
192
-1086
-2176
-3204
-3770
-3764
-3705
-2957
-2459
-1739
-1482
-1272
-868
-468
84
530
1161
1476
1637
1288
889
421
-156
-571
-1096
-1174
-1439
-1453
-1388
-1215
-1159
-1384
-1478
-1650
-1454
-1296
-897
-495
-143
65
37
128
129
146
-28
-51
136
100
532
1112
2108
3189
3516
3807
3532
3492
3550
3553
3961
3720
3041
1792
443
-896
-2300
-3376
-4112
-4084
-3795
-3111
-2493
-1837
-1460
-1392
-1053
-637
10
644
1239
1741
1911
1620
860
46
-677
-1258
-1668
-1708
-1685
-1700
-1707
-1718
-1599
-1685
-1814
-1935
-1798
-1401
-941
-352
143
431
365
212
173
111
57
24
166
431
486
1030
1706
2727
3358
3560
3752
3672
3859
3972
4140
4336
3815
2675
1123
-418
-1966
-3151
-3950
-4027
-3571
-3012
-2437
-1954
-1495
-1331
-1154
-674
-15
696
1320
1704
1806
1476
606
-411
-1206
-1818
-2119
-2294
-1927
-1720
-1678
-1845
-2126
-2055
-2174
-1988
-1679
-1098
-502
-249
22
98
63
-219
-381
-348
-148
25
45
390
363
487
966
1709
2869
3421
3946
4196
4433
4614
4468
4471
4290
3641
2349
825
-864
-2360
-3455
-3969
-3676
-3071
-2454
-2126
-1617
-1173
-885
-464
120
843
1485
1997
2158
1946
1142
-28
-1105
-1945
-2353
-2493
-2289
-2012
-1952
-2102
-2407
-2582
-2576
-2385
-1953
-1365
-755
-323
-58
51
41
-206
-497
-635
-668
-497
-286
-92
139
-51
244
844
1944
3072
3631
4209
4264
4387
4408
4427
4546
4054
3010
1412
-178
-1826
-3125
-3803
-3723
-3080
-2393
-1825
-1486
-1039
-704
-286
375
1062
1750
2150
2474
2362
1712
575
-885
-1982
-2605
-2641
-2368
-1919
-1842
-2115
-2416
-2664
-2556
-2260
-1709
-1045
-428
4
35
-55
-276
-563
-825
-1027
-1062
-1041
-871
-635
-361
-431
-574
-105
976
2641
3708
4621
4753
4589
4364
4074
4460
4323
3718
2198
418
-1346
-3177
-4137
-4397
-3545
-2615
-1704
-1153
-719
-211
65
713
1390
2052
2358
2516
2497
1969
998
-489
-1786
-2722
-3015
-2847
-2290
-1746
-1702
-2033
-2406
-2376
-2155
-1550
-882
-104
439
505
304
-83
-473
-919
-1108
-1173
-969
-806
-736
-712
-659
-825
-606
197
1492
2990
4010
4731
4926
4720
4494
4162
4175
3713
2642
1112
-630
-2270
-3592
-4202
-4165
-3377
-2531
-1784
-1061
-341
461
950
1616
2173
2381
2406
2180
1735
1006
-62
-1390
-2489
-3245
-3515
-3362
-2779
-2264
-1996
-2029
-2142
-1990
-1603
-929
-273
360
634
513
154
-286
-697
-1013
-1107
-1085
-998
-824
-761
-697
-618
-775
-155
852
2402
3809
4751
5253
5006
4641
4179
3949
3875
3341
2208
437
-1424
-3332
-4446
-4533
-3716
-2398
-1313
-457
-2
380
817
1224
1896
2378
2652
2573
2240
1492
317
-995
-2354
-3257
-3602
-3441
-2992
-2420
-2128
-2170
-2381
-2552
-2377
-1704
-731
123
692
741
248
-406
-907
-1209
-1274
-1180
-995
-920
-851
-792
-763
-705
-601
4
1174
2673
4028
4948
5213
5146
4636
4098
3782
3338
2657
1498
-71
-1716
-3242
-4199
-4246
-3422
-2190
-1075
-304
368
975
1543
2148
2649
2820
2668
2186
1584
824
-122
-1249
-2335
-3166
-3629
-3661
-3276
-2726
-2261
-2001
-2001
-1980
-1746
-1223
-459
218
599
433
-81
-664
-1074
-1161
-1112
-1075
-1108
-1223
-1307
-1386
-1201
-1067
-458
657
2122
3519
4548
5123
5116
4796
4317
3997
3781
3334
2329
753
-1086
-3037
-4379
-4662
-3784
-2268
-767
230
649
899
1110
1537
2270
2916
3193
2987
2297
1268
64
-1192
-2304
-2992
-3374
-3432
-3238
-2719
-2265
-2002
-1858
-1920
-1755
-1330
-711
24
601
712
239
-417
-1120
-1559
-1667
-1548
-1395
-1291
-1280
-1483
-1565
-1528
-1262
-384
982
2494
3861
4807
5191
5029
4574
4100
3703
3423
2801
1567
-19
-1882
-3658
-4682
-4623
-3616
-2081
-666
313
883
1233
1586
2076
2661
3122
3192
2868
2034
883
-440
-1726
-2707
-3262
-3369
-3196
-2743
-2225
-1865
-1662
-1521
-1364
-1072
-458
223
784
958
689
47
-714
-1175
-1403
-1334
-1260
-1267
-1427
-1630
-1780
-1749
-1525
-1156
-113
1206
2724
4078
4848
5068
4715
4296
3836
3738
3566
2903
1499
-403
-2435
-4289
-4974
-4522
-3146
-1561
-339
201
358
608
901
1728
2647
3232
3240
2697
1664
384
-730
-1739
-2326
-2632
-2721
-2723
-2639
-2440
-2398
-2200
-1886
-1564
-995
-302
364
791
806
328
-256
-675
-842
-717
-562
-643
-1034
-1535
-1920
-2042
-1754
-1224
-251
1161
2605
3793
4459
4728
4680
4544
4393
4180
3924
3197
1760
-172
-2186
-4014
-5101
-4991
-3914
-2281
-883
20
375
578
878
1372
2258
3099
3426
3094
2093
635
-919
-2156
-3027
-3301
-3275
-3145
-2941
-2696
-2462
-2406
-2170
-1818
-1211
-420
307
852
965
579
-164
-718
-982
-909
-673
-522
-635
-1018
-1405
-1776
-1696
-1264
-536
698
2173
3566
4482
4854
4850
4657
4433
4342
4231
4141
3319
1653
-407
-2592
-4233
-5016
-4510
-3130
-1413
-168
360
502
556
783
1284
2232
3039
3354
2940
1809
341
-1181
-2413
-3199
-3346
-3234
-3091
-2983
-2859
-2783
-2758
-2583
-2204
-1458
-597
207
679
672
280
-357
-765
-858
-688
-541
-638
-926
-1335
-1687
-1744
-1421
-902
-186
1087
2437
3840
4768
5019
4961
4682
4551
4518
4494
4179
3074
1154
-1159
-3284
-4654
-4810
-3933
-2317
-825
-39
54
-65
8
585
1640
2794
3600
3544
2705
1182
-437
-1810
-2723
-3013
-2942
-2731
-2744
-2851
-3102
-3240
-3070
-2638
-1848
-944
-104
338
446
165
-409
-830
-943
-732
-554
-563
-996
-1488
-1922
-2030
-1778
-1185
-540
216
1375
2538
3682
4387
4738
4861
4682
4610
4548
4410
3935
2624
649
-1515
-3421
-4495
-4212
-2992
-1393
-317
-155
-415
-729
-494
448
1754
3161
3851
3548
2457
912
-649
-1660
-2174
-2256
-2078
-2094
-2266
-2587
-2921
-3129
-3095
-2573
-1719
-706
219
732
686
217
-445
-859
-839
-553
-226
-203
-615
-1312
-2035
-2271
-2208
-1476
-544
778
2253
3203
3867
3927
4090
4247
4610
5010
5113
4686
3195
1148
-1203
-2957
-3947
-4034
-3108
-2052
-1155
-991
-1235
-1317
-930
60
1419
2813
3599
3557
2511
1054
-326
-1367
-1821
-1833
-1627
-1654
-2086
-2756
-3376
-3618
-3428
-2677
-1546
-360
486
649
368
-161
-653
-732
-368
267
620
389
-445
-1502
-2161
-2337
-1733
-819
-26
358
660
1320
2040
3025
3861
4536
4853
4756
4442
4098
3792
2972
1619
-23
-1629
-2893
-3544
-3286
-2527
-1769
-1455
-1600
-1670
-1191
-347
832
2118
2894
2928
2318
1459
516
-252
-875
-1299
-1640
-1901
-2334
-2867
-3245
-3537
-3513
-3167
-2477
-1512
-513
232
486
383
-39
-394
-380
-87
360
475
181
-480
-1222
-1610
-1662
-1261
-664
200
1369
2469
3386
3611
3561
3601
3868
4409
4797
4850
4135
2552
488
-1332
-2559
-2946
-2619
-2037
-1388
-1373
-1826
-2274
-2097
-1124
287
1705
2640
2860
2221
1239
256
-300
-549
-684
-792
-1184
-1816
-2732
-3471
-3876
-3773
-3232
-2464
-1580
-937
-586
-537
-560
-584
-498
-90
344
624
559
223
-378
-900
-1221
-1228
-819
-464
-42
544
1661
2650
3199
3568
3659
3971
4198
4560
4940
4859
3964
2076
181
-1362
-2305
-2564
-2201
-1479
-1313
-1730
-2452
-2677
-2082
-1031
434
1784
2635
2486
1560
631
-35
-255
-295
-216
-294
-923
-2019
-3161
-3853
-4027
-3715
-3001
-2062
-1247
-890
-967
-1217
-1287
-1163
-736
-36
590
817
455
-214
-889
-1313
-1347
-1084
-435
-86
170
787
1646
2585
2898
3257
3632
4086
4484
4517
4785
4487
3535
1940
457
-585
-1611
-2018
-2043
-1634
-1467
-1784
-2050
-2064
-1414
-746
42
975
1582
1659
1366
985
521
233
-60
-247
-449
-963
-1787
-2765
-3246
-3348
-3113
-2558
-2038
-1626
-1514
-1537
-1556
-1356
-972
-525
-58
248
239
-207
-637
-898
-906
-728
-529
-286
-302
-249
277
1451
2649
3154
3262
3071
3224
3491
3979
4727
4826
4134
2374
610
-670
-1454
-1573
-1309
-747
-796
-1407
-2303
-2670
-2088
-1187
49
1138
1803
1727
1146
729
458
412
389
267
33
-557
-1521
-2464
-2966
-3101
-2862
-2371
-1888
-1632
-1708
-1826
-1871
-1587
-1138
-629
-104
139
-15
-516
-943
-1093
-1007
-691
-243
57
-29
-56
455
1451
2547
2899
3085
3162
3293
3634
3889
4346
4138
3178
1792
452
-472
-1151
-1333
-1052
-754
-990
-1622
-2259
-2415
-1888
-990
185
1145
1488
1254
750
449
336
396
476
262
-186
-959
-1792
-2442
-2721
-2704
-2479
-2135
-1852
-1729
-1708
-1654
-1474
-1167
-780
-393
-88
17
-132
-380
-553
-638
-630
-465
-300
-88
-133
-118
314
1195
2072
2437
2578
2642
2916
3195
3680
4139
4103
3512
2267
1167
246
-516
-730
-578
-454
-810
-1569
-2271
-2438
-2125
-1337
-347
360
684
455
197
150
167
167
162
184
-14
-551
-1192
-1719
-1989
-2057
-1926
-1666
-1350
-1325
-1535
-1640
-1560
-1251
-898
-530
-271
-306
-508
-798
-891
-611
-383
-197
-14
130
100
-29
289
1154
2257
2830
2818
2706
2712
2976
3277
3822
4159
3795
2774
1414
499
-75
-391
-545
-505
-706
-1454
-2169
-2640
-2377
-1843
-1260
-496
-70
102
-159
-284
-127
53
243
190
14
-408
-1002
-1536
-1675
-1663
-1661
-1682
-1624
-1378
-1355
-1337
-1302
-1182
-979
-892
-690
-579
-574
-694
-709
-547
-364
-173
-130
40
221
357
288
594
1557
2415
2817
2536
2169
2234
2653
3464
4193
4374
3707
2240
1013
483
277
234
19
-346
-805
-1564
-2213
-2599
-2458
-1951
-1424
-722
-334
-405
-661
-826
-732
-532
-297
-166
-220
-538
-1014
-1424
-1561
-1392
-1144
-791
-597
-771
-1061
-1314
-1186
-884
-575
-396
-592
-799
-992
-1054
-856
-609
-395
-256
-175
27
228
392
486
785
1551
2285
2724
2482
2249
2352
2777
3522
4160
4337
3623
2559
1500
1010
747
379
285
-38
-447
-1222
-2197
-2680
-2810
-2332
-1529
-831
-538
-765
-1119
-1237
-1051
-787
-478
-358
-434
-647
-964
-1059
-1121
-1048
-852
-640
-501
-706
-899
-1029
-1047
-875
-841
-838
-939
-1128
-1234
-1210
-1078
-963
-778
-547
-314
-96
159
413
514
500
986
1716
2308
2438
2288
2518
2769
3314
3711
4024
3842
2897
2214
1564
1431
1032
574
353
-425
-917
-1795
-2339
-2318
-2224
-1720
-1455
-1154
-1211
-1501
-1540
-1320
-977
-855
-672
-612
-535
-563
-678
-640
-615
-425
-337
-400
-442
-526
-541
-570
-632
-647
-740
-873
-1009
-1094
-1115
-1196
-1165
-987
-650
-290
-132
-154
-143
-135
60
241
895
1776
2288
2414
2071
2161
2485
3001
3576
3849
3878
3200
2438
1931
1662
1327
626
71
-465
-857
-1289
-1555
-1644
-1780
-1851
-1910
-1816
-1816
-1923
-1853
-1651
-1398
-1268
-1128
-882
-774
-691
-518
-187
43
86
28
59
129
108
113
93
28
-340
-818
-1129
-1283
-1297
-1209
-1035
-860
-871
-1000
-1009
-870
-653
-437
-119
126
179
549
1235
1936
2134
1798
1931
2273
2895
3594
3860
4053
3300
2427
1895
1589
1492
1019
669
230
-301
-965
-1577
-1811
-2080
-2177
-2241
-2111
-2105
-2313
-2397
-2438
-2058
-1700
-1207
-724
-561
-513
-606
-369
21
398
702
701
576
373
276
268
239
63
-211
-454
-679
-823
-871
-829
-835
-971
-1048
-1043
-909
-687
-476
-199
-18
-6
-81
369
1092
1749
1923
1657
1978
2360
3072
3553
3599
3474
2614
2182
1974
1969
1822
1134
799
161
-436
-1046
-1664
-1931
-2294
-2405
-2382
-2399
-2558
-2870
-2888
-2647
-2228
-1854
-1348
-968
-824
-697
-475
89
467
766
949
989
1008
799
797
805
725
525
184
-15
-261
-524
-711
-838
-882
-978
-1065
-985
-820
-673
-690
-705
-665
-530
-512
-50
786
1317
1390
1061
1272
1892
2422
3098
3319
3319
2940
2461
2482
2449
2207
1577
986
405
-260
-982
-1583
-1968
-2429
-2624
-2654
-2745
-2866
-3105
-3047
-2809
-2383
-1882
-1352
-979
-759
-509
-139
323
636
906
1029
1072
1145
1285
1479
1493
1343
999
651
379
189
155
140
62
-198
-514
-776
-986
-1152
-1159
-1093
-1004
-938
-884
-828
-750
-255
293
762
851
880
1310
1887
2657
2997
3195
3126
2818
2761
2579
2443
1788
1127
629
119
-368
-1006
-1462
-1969
-2298
-2505
-2643
-2812
-3055
-3076
-2933
-2530
-2223
-1829
-1439
-1230
-1016
-819
-419
26
484
939
1154
1217
1194
1153
1157
1185
1176
1229
1238
1176
971
642
277
-132
-419
-538
-659
-943
-1182
-1383
-1497
-1607
-1647
-1471
-1308
-1114
-561
-3
581
698
796
1403
1940
2720
3139
3325
3294
2678
2496
2355
2207
1962
1338
1043
533
34
-389
-923
-1496
-1983
-2248
-2208
-2140
-2313
-2431
-2552
-2551
-2384
-2132
-1743
-1578
-1404
-1044
-628
-174
48
164
303
555
1040
1542
1861
1895
1699
1565
1545
1534
1410
1116
699
293
-111
-467
-845
-1289
-1526
-1718
-1757
-1739
-1753
-1660
-1516
-1317
-1230
-558
239
736
902
834
1270
1639
2060
2508
2609
2737
2304
2172
2247
2130
1942
1379
1160
870
495
147
-215
-610
-1021
-1274
-1478
-1696
-2145
-2394
-2444
-2437
-2256
-2217
-2070
-2100
-2099
-1727
-1213
-558
-86
300
775
1036
1261
1480
1621
1798
1833
1839
1829
1533
1128
649
254
-73
-385
-576
-816
-1101
-1373
-1573
-1692
-1740
-1758
-1541
-1317
-1066
-1086
-1040
-575
-313
177
142
487
1055
1434
2092
2092
2255
2123
2034
2413
2538
2862
2518
2217
1824
1401
1158
577
203
-349
-660
-942
-1337
-1767
-2408
-2775
-3058
-2904
-2603
-2313
-2063
-1984
-1711
-1354
-832
-370
60
473
824
1153
1423
1596
1585
1482
1328
1191
1099
1036
977
722
350
-128
-432
-633
-765
-797
-857
-950
-1243
-1471
-1810
-1952
-1946
-1768
-1553
-1265
-718
-628
-502
-500
-73
691
1290
2097
2498
2784
2829
2757
3014
3042
3039
2821
2547
2192
1744
1282
692
44
-646
-1076
-1379
-1570
-1832
-2143
-2289
-2533
-2494
-2387
-2246
-2026
-1907
-1544
-1179
-825
-474
-299
-44
134
378
761
1096
1253
1322
1331
1376
1343
1185
1123
995
898
701
326
-98
-619
-979
-1178
-1314
-1395
-1687
-1838
-2053
-2127
-2106
-2005
-1850
-1506
-782
-150
225
206
464
1018
1704
2475
2955
3156
3034
2776
2825
2769
2593
2182
1821
1525
1228
925
553
116
-350
-652
-837
-1026
-1295
-1681
-1831
-1933
-1972
-1991
-2039
-1988
-1993
-1882
-1566
-1190
-849
-562
-284
120
458
835
1156
1333
1490
1436
1371
1336
1219
1057
783
449
83
-213
-445
-757
-1113
-1432
-1724
-1806
-1741
-1703
-1784
-1820
-1737
-1561
-1517
-1211
-560
-4
346
371
664
1052
1356
1724
1962
2246
2337
2297
2503
2545
2508
2268
1973
1791
1534
1300
1039
618
231
-196
-637
-979
-1396
-1777
-1990
-2175
-2158
-2112
-2051
-2000
-1962
-1696
-1386
-1012
-523
-123
148
285
377
625
853
1054
1150
1145
1109
985
811
715
544
408
193
32
-96
-395
-665
-963
-1170
-1331
-1455
-1387
-1264
-1248
-1297
-1402
-1383
-1388
-1138
-633
-229
-9
-69
340
938
1429
1876
1946
2115
2147
2292
2529
2606
2549
2193
1947
1699
1417
995
631
300
-38
-256
-535
-643
-968
-1233
-1285
-1409
-1364
-1432
-1333
-1209
-1233
-1192
-1098
-953
-728
-573
-373
-245
-178
46
271
548
742
764
762
713
611
566
486
356
152
2
-25
-184
-466
-788
-1098
-1286
-1430
-1531
-1527
-1611
-1640
-1715
-1702
-1616
-1515
-1073
-664
-251
-137
-7
561
1060
1617
1772
1928
2028
1958
2186
2169
2254
2090
1922
1920
1784
1669
1383
1129
826
550
326
155
-42
-327
-531
-919
-1130
-1319
-1423
-1364
-1479
-1406
-1351
-1170
-911
-743
-547
-401
-222
16
243
457
616
772
926
877
742
579
353
249
142
-12
-211
-545
-842
-1096
-1241
-1320
-1449
-1573
-1689
-1751
-1749
-1781
-1766
-1686
-1645
-1483
-1090
-681
-407
-470
-355
150
758
1363
1660
1864
2052
2184
2488
2702
2788
2760
2605
2460
2271
2024
1700
1342
1073
774
377
52
-211
-425
-581
-740
-923
-991
-1077
-1070
-1014
-997
-945
-902
-640
-445
-310
-260
-319
-227
-35
183
295
308
258
118
-55
-65
-83
-135
-248
-416
-612
-807
-988
-1140
-1317
-1452
-1540
-1687
-1765
-1827
-1918
-2036
-2081
-1939
-1598
-1304
-1050
-671
-288
64
211
535
1099
1593
2078
2343
2484
2503
2410
2504
2648
2828
2735
2525
2269
2047
1924
1715
1522
1177
771
422
178
105
-23
-180
-483
-820
-994
-1083
-1088
-1133
-1170
-1145
-1062
-893
-848
-811
-821
-785
-646
-472
-280
-188
-207
-358
-485
-566
-532
-424
-406
-550
-857
-1086
-1282
-1353
-1339
-1380
-1419
-1499
-1593
-1587
-1484
-1400
-1245
-1070
-880
-639
-547
-453
-170
239
652
823
919
1168
1535
2048
2420
2621
2629
2481
2464
2545
2714
2736
2592
2345
2039
1831
1640
1378
1105
728
382
63
-117
-220
-424
-714
-997
-1211
-1300
-1225
-1154
-1155
-1243
-1365
-1371
-1313
-1156
-992
-929
-887
-848
-821
-789
-703
-670
-659
-656
-643
-607
-677
-758
-809
-795
-781
-802
-798
-833
-908
-1004
-1042
-1025
-1005
-903
-759
-623
-525
-473
-363
-167
27
304
598
926
1171
1246
1296
1465
1814
2166
2406
2436
2324
2115
2027
2035
2110
2059
1842
1515
1130
844
632
501
373
237
85
-190
-408
-524
-621
-689
-780
-909
-966
-960
-896
-899
-946
-1010
-1014
-869
-749
-746
-782
-788
-740
-601
-557
-533
-599
-673
-691
-721
-673
-731
-801
-819
-784
-761
-772
-772
-767
-719
-668
-630
-553
-466
-345
-222
-32
163
276
342
445
582
718
840
1001
1184
1281
1264
1155
1110
1104
1212
1326
1324
1203
958
769
646
656
702
684
558
318
184
80
47
11
13
51
-23
-113
-220
-208
-125
-23
41
46
0
-62
-142
-269
-410
-524
-574
-569
-646
-782
-880
-937
-866
-790
-746
-765
-828
-869
-815
-710
-664
-604
-536
-521
-526
-531
-446
-314
-151
-8
47
71
64
118
198
283
293
289
277
311
335
271
231
208
235
221
212
164
93
89
77
75
106
130
177
248
283
325
348
429
562
669
842
939
973
967
925
901
876
878
768
639
530
479
417
351
235
75
-19
-100
-164
-260
-361
-438
-499
-514
-581
-656
-746
-827
-778
-726
-719
-680
-629
-583
-526
-517
-534
-551
-570
-529
-465
-435
-461
-472
-491
-506
-487
-451
-418
-439
-450
-498
-493
-474
-479
-440
-457
-454
-436
-368
-220
-70
95
211
336
456
569
696
793
898
979
1080
1201
1252
1290
1288
1286
1308
1336
1295
1218
1122
1019
944
835
742
633
509
394
242
85
-39
-144
-198
-214
-273
-369
-474
-536
-532
-515
-511
-524
-557
-578
-557
-511
-530
-563
-584
-605
-566
-534
-541
-525
-531
-561
-656
-771
-792
-804
-808
-842
-885
-892
-882
-814
-753
-747
-753
-660
-526
-320
-174
-140
-68
1
182
343
485
617
667
724
835
919
1016
1079
1097
1129
1099
1091
1063
968
880
781
677
571
520
480
387
238
77
-20
-37
-64
-88
-113
-167
-221
-233
-174
-126
-107
-64
20
54
71
83
147
145
105
39
-44
-127
-168
-134
-146
-138
-233
-362
-439
-464
-457
-480
-564
-651
-700
-687
-670
-641
-613
-647
-605
-546
-473
-395
-329
-243
-99
41
147
230
282
341
391
431
456
466
488
495
453
409
360
303
234
189
114
41
-30
-139
-187
-255
-251
-241
-246
-239
-223
-219
-184
-86
-44
-9
-6
39
77
129
207
238
291
388
457
512
494
433
408
379
407
389
334
242
178
155
111
56
-7
-65
-121
-75
-72
-97
-136
-147
-137
-25
31
7
-30
-80
-37
71
147
197
204
177
135
95
66
13
-48
-68
-82
-136
-246
-384
-475
-536
-577
-593
-592
-596
-648
-686
-652
-640
-606
-548
-519
-485
-463
-375
-260
-167
-95
-63
-33
-12
75
196
278
296
336
361
392
413
440
458
458
474
487
480
462
426
354
292
285
291
315
315
302
261
183
198
273
321
406
425
432
383
305
289
254
218
176
164
146
81
-23
-109
-118
-138
-149
-167
-193
-238
-284
-309
-342
-390
-477
-544
-608
-631
-623
-608
-584
-530
-475
-399
-356
-311
-286
-255
-196
-126
-39
-19
-33
-66
-50
-29
10
102
112
116
124
95
108
145
172
193
204
203
178
175
162
183
198
225
272
279
218
178
164
168
177
173
190
194
196
199
179
150
155
152
171
202
225
191
180
132
78
16
-53
-75
-85
-75
-83
-88
-90
-91
-106
-65
-45
-64
-48
-41
-23
-22
-49
-119
-138
-157
-113
-74
-70
-95
-151
-146
-130
-78
-49
-46
-70
-132
-188
-239
-247
-209
-180
-182
-187
-182
-164
-171
-158
-137
-121
-142
-133
-115
-169
-223
-251
-243
-221
-190
-125
-105
-79
-1
24
48
56
70
113
107
55
35
16
21
77
71
61
85
138
199
288
370
362
357
343
332
359
384
410
400
376
394
419
419
383
375
404
418
447
409
332
246
185
152
153
145
65
-23
-114
-167
-243
-275
-322
-343
-325
-341
-342
-392
-428
-451
-446
-413
-418
-429
-427
-424
-408
-376
-391
-404
-384
-339
-305
-275
-270
-265
-198
-146
-103
-109
-84
-59
-75
-55
24
51
18
27
13
4
28
100
193
240
285
314
347
385
406
451
509
567
608
580
531
479
461
465
473
476
450
380
305
207
135
141
141
75
40
-30
-156
-273
-391
-438
-433
-418
-378
-358
-379
-426
-441
-450
-437
-381
-353
-331
-309
-271
-260
-219
-192
-166
-129
-92
-108
-124
-142
-95
-61
-29
-8
-55
-76
-97
-85
-63
-48
-17
-42
-37
3
37
57
85
145
190
230
232
239
270
318
384
477
542
506
459
425
421
421
423
392
321
237
145
47
-23
-86
-129
-165
-169
-198
-266
-319
-374
-398
-411
-388
-375
-340
-348
-352
-302
-283
-226
-145
-110
-60
4
49
110
143
176
186
176
138
110
121
107
121
107
79
43
14
16
61
72
29
13
-14
-41
-24
-5
42
59
78
98
119
173
190
201
248
325
352
328
301
238
158
106
89
63
28
-33
-107
-149
-210
-264
-300
-352
-377
-408
-413
-393
-398
-362
-320
-283
-229
-193
-174
-118
-83
-40
6
35
79
83
45
23
21
31
86
119
113
117
107
102
81
48
41
16
-21
-46
-78
-131
-116
-89
-40
17
3
29
62
73
128
180
245
273
248
263
237
170
151
160
189
190
187
165
123
67
44
26
9
8
-17
-83
-149
-207
-234
-209
-183
-132
-114
-138
-129
-107
-110
-99
-98
-98
-90
-84
-60
-31
-49
-12
10
7
8
-22
-45
-54
-25
-31
-90
-128
-156
-175
-166
-143
-101
-57
8
-14
1
17
-17
-9
44
80
74
37
7
-15
-32
21
74
133
174
198
196
180
159
148
177
213
220
240
225
191
143
105
89
87
74
83
89
64
84
100
125
149
110
82
28
-2
5
14
30
28
15
-21
-38
-35
10
3
34
39
-16
-87
-128
-142
-158
-161
-158
-180
-214
-228
-236
-260
-272
-257
-238
-182
-177
-206
-237
-236
-246
-217
-185
-185
-181
-172
-159
-140
-139
-133
-95
-74
-56
-49
-65
-73
-49
-36
31
73
91
109
131
159
163
197
257
273
291
324
284
301
339
362
385
352
342
335
340
372
381
377
301
234
184
155
215
193
170
145
111
12
-67
-61
-77
-89
-124
-169
-242
-289
-350
-356
-351
-347
-339
-320
-326
-317
-279
-280
-297
-284
-308
-311
-308
-322
-308
-319
-320
-307
-265
-226
-207
-191
-191
-166
-129
-79
-31
-15
7
17
64
73
109
178
192
241
261
275
310
336
357
408
438
411
404
396
393
397
414
440
419
383
351
322
292
263
249
247
199
111
75
42
-60
-126
-144
-136
-154
-177
-29
169
66
-172
26
652
572
-226
-329
-37
-282
-948
-944
-583
-1041
-1694
-1834
-1639
-1383
-1099
-714
-272
74
70
-102
173
779
1081
1136
1392
1495
903
216
222
406
200
183
541
371
-399
-828
-762
-665
-520
-131
91
-97
-284
-318
-395
-212
234
516
619
680
633
401
348
681
943
978
1065
999
668
375
352
341
221
174
167
-113
-470
-615
-732
-783
-665
-508
-493
-605
-655
-653
-612
-381
-185
-33
50
43
-25
-63
33
156
244
359
409
263
101
41
16
32
88
72
-62
-241
-369
-500
-552
-486
-411
-334
-301
-373
-489
-497
-406
-267
-155
-84
-19
-40
-65
-34
2
89
194
301
401
396
330
238
191
187
154
163
173
129
82
41
5
-59
-84
-51
-26
-22
2
66
125
173
158
109
121
169
263
321
353
351
313
252
244
232
167
188
234
190
82
40
19
-21
-25
14
46
21
36
36
-16
-29
-42
-36
36
52
9
-34
-59
-127
-188
-204
-186
-161
-170
-139
-146
-194
-263
-270
-246
-246
-272
-259
-310
-366
-393
-428
-365
-287
-237
-177
-58
-30
-59
-59
17
109
140
111
160
192
151
124
145
163
129
122
131
146
121
92
91
97
83
87
117
176
204
222
235
227
263
310
380
431
399
332
320
329
282
287
325
289
177
105
47
-38
-109
-100
-100
-164
-223
-266
-337
-408
-384
-357
-335
-307
-248
-230
-260
-251
-206
-174
-165
-120
-122
-156
-187
-238
-277
-279
-269
-215
-259
-271
-280
-324
-310
-284
-225
-185
-172
-178
-125
-64
-23
5
25
84
135
193
225
240
287
324
339
391
436
468
469
431
388
321
276
246
301
273
231
165
101
81
32
29
24
40
18
-20
-23
27
70
45
91
122
90
60
28
31
37
-15
-36
-84
-90
-162
-222
-219
-204
-187
-227
-239
-282
-294
-302
-319
-275
-258
-267
-284
-233
-186
-237
-258
-209
-102
-25
45
118
114
76
24
30
148
226
234
249
247
140
7
-51
-19
79
157
187
191
115
1
-53
-28
55
160
230
263
264
146
-5
-40
27
137
165
203
204
129
53
-5
-28
-26
17
56
78
1
-138
-224
-282
-277
-204
-145
-92
-121
-117
-170
-245
-221
-174
-113
-100
-26
-1
-5
-20
1
30
56
90
179
213
234
263
214
173
147
172
144
149
174
144
65
67
67
-43
-92
-63
-1
49
76
56
-30
-82
-102
-116
-116
-40
0
0
-17
-68
-128
-153
-97
-48
-9
-35
-56
-85
-149
-173
-199
-250
-211
-142
-101
-99
-162
-239
-316
-299
-275
-227
-163
-82
-69
-102
-120
-166
-156
-128
-20
83
104
161
173
118
64
90
146
213
310
412
404
357
278
227
213
254
307
315
303
250
208
123
94
152
194
205
234
197
105
5
7
19
-30
-29
7
40
40
4
-32
-57
-68
-78
-83
-121
-123
-105
-154
-233
-290
-311
-385
-383
-313
-303
-349
-329
-304
-345
-352
-322
-275
-248
-212
-151
-129
-150
-132
-128
-94
12
60
69
131
175
153
132
151
217
258
278
297
287
237
163
151
155
204
247
245
235
217
227
203
186
182
190
176
149
145
85
74
84
40
31
44
79
28
18
22
-15
-61
-82
-92
-132
-139
-143
-134
-110
-77
-77
-103
-102
-60
-71
-59
-65
-109
-141
-201
-224
-275
-306
-268
-199
-168
-164
-150
-166
-172
-167
-154
-46
54
113
137
74
45
73
101
114
171
234
237
202
160
110
95
79
77
118
162
148
118
70
-8
-15
-39
-21
-11
2
-5
-48
-49
-33
-20
16
95
149
140
149
98
54
57
64
84
94
110
48
-18
-27
-70
-94
-82
-101
-94
-117
-142
-141
-123
-101
-131
-111
-110
-132
-117
-90
-50
-29
-28
-51
-70
-69
-70
-84
-72
-17
9
-11
-18
-11
-46
-86
-63
-31
-9
-10
0
-12
-66
-55
-23
-27
-52
-54
-54
-70
-114
-111
-141
-120
-74
-50
-17
-23
-22
5
37
49
90
101
111
87
67
28
8
-17
-17
14
37
64
89
149
181
172
211
276
305
277
254
256
240
187
171
176
153
131
100
120
115
87
79
79
105
85
65
74
70
37
21
7
-27
-52
-51
-45
-56
-90
-107
-72
-65
-75
-105
-98
-142
-186
-199
-222
-237
-258
-274
-285
-315
-335
-324
-296
-212
-158
-136
-99
-67
-63
-34
-7
22
55
85
111
109
81
80
117
134
152
143
139
137
151
175
164
143
133
141
166
171
173
138
107
84
60
88
90
70
28
11
-4
-34
-78
-85
-85
-111
-109
-114
-120
-151
-188
-207
-192
-209
-185
-144
-162
-143
-154
-166
-156
-160
-156
-140
-145
-133
-105
-82
-60
-49
-17
6
6
24
44
70
79
81
94
119
143
190
226
228
212
193
191
189
189
180
176
170
149
112
107
98
86
92
99
102
79
57
58
21
-6
-26
-57
-77
-86
-103
-122
-126
-138
-130
-139
-126
-98
-108
-113
-108
-103
-145
-180
-175
-157
-153
-133
-104
-114
-109
-74
-38
-37
9
30
-17
-7
37
49
71
79
104
117
133
153
136
159
147
137
126
114
114
133
147
145
192
162
98
101
99
50
33
38
39
3
-28
-40
-48
-34
-14
25
40
37
3
-11
-24
-52
-57
-30
-46
-49
-69
-110
-90
-100
-118
-106
-87
-73
-52
-85
-127
-155
-150
-132
-122
-62
-64
-116
-137
-155
-140
-148
-126
-103
-99
-61
-40
3
32
88
107
123
145
137
143
154
172
188
170
114
125
142
130
117
93
102
113
97
117
91
61
35
31
32
29
65
51
41
34
23
20
42
48
33
24
17
6
-4
-8
-9
-19
-29
-40
-107
-150
-185
-219
-224
-200
-188
-184
-175
-198
-213
-211
-208
-212
-182
-156
-121
-132
-95
-106
-119
-95
-44
-35
-52
-29
-30
-10
6
27
38
102
128
143
152
142
138
96
81
110
136
157
149
164
153
130
141
133
112
108
111
98
79
70
71
68
49
54
64
38
26
8
19
14
22
54
80
84
83
74
68
45
40
45
24
-1
-49
-78
-71
-60
-87
-95
-97
-135
-165
-185
-167
-153
-151
-110
-89
-94
-92
-87
-87
-49
-36
-38
-17
-4
24
12
10
20
-2
-1
-21
7
0
-25
-13
5
-11
10
38
30
22
3
17
15
16
65
65
67
79
81
76
85
139
152
104
121
137
108
98
84
89
67
71
72
90
76
29
62
53
38
41
9
-25
-49
-63
-72
-55
-34
-23
-40
-38
-37
-58
-89
-81
-105
-134
-132
-144
-185
-235
-238
-245
-232
-177
-140
-102
-105
-127
-103
-104
-91
-53
-29
-33
-62
-72
-64
-85
-40
-24
-1
33
55
80
86
94
97
78
96
134
116
121
142
146
163
178
176
179
146
141
154
169
190
195
219
205
144
122
110
73
83
97
74
38
28
31
-9
-35
-41
-40
-54
-110
-99
-98
-134
-154
-152
-146
-167
-154
-136
-149
-140
-132
-126
-91
-104
-120
-128
-146
-140
-169
-172
-120
-123
-140
-124
-118
-112
-98
-81
-74
-79
-87
-89
-51
-20
17
48
58
53
53
52
53
109
139
142
167
162
128
115
132
159
169
191
236
214
196
195
185
148
145
138
113
126
103
85
83
72
74
62
48
43
24
11
-13
2
20
21
22
-19
-47
-73
-101
-132
-138
-140
-165
-190
-187
-167
-153
-135
-107
-59
-53
-63
-62
-42
-39
-52
-45
-30
-43
-55
-66
-70
-75
-54
-52
-24
4
25
41
23
40
39
33
8
15
22
41
57
60
80
80
104
101
93
86
53
48
65
66
45
60
46
61
42
30
17
-26
-49
-52
-25
-54
-64
-49
-31
-44
-60
-71
-72
-77
-71
-71
-73
-54
-60
-37
-15
-4
6
5
-6
14
16
-2
-11
-23
-18
-7
1
-6
-20
-13
-19
-23
-26
-17
-1
5
1
-6
-9
-39
-41
-17
3
21
4
2
3
5
32
34
45
54
62
52
23
13
8
1
9
33
43
19
2
9
1
-39
-62
-66
-71
-56
-31
-53
-48
-49
-65
-66
-30
-7
8
41
49
63
42
11
-11
-35
-27
23
19
54
82
81
80
69
30
34
74
74
84
63
52
39
15
13
49
45
19
22
0
8
23
45
70
83
63
73
78
33
31
44
37
12
22
11
5
-15
-37
-21
10
2
-14
13
1
4
-21
-20
3
-17
-57
-87
-79
-79
-82
-68
-53
-72
-49
-54
-69
-41
-37
-44
-37
-23
-49
-38
-41
-37
-55
-42
-21
-37
-42
-73
-66
-46
-74
-73
-48
-66
-72
-55
-40
-28
-42
-32
-8
-21
-3
-6
-13
-28
-33
-22
-9
-27
-43
-48
-51
-31
-34
-17
9
18
12
35
53
91
100
106
120
135
105
88
105
72
78
98
94
85
81
80
102
115
68
79
63
11
-4
-21
-30
-42
-5
-2
22
28
-6
-21
23
53
33
43
74
41
33
32
40
35
30
11
-9
-39
-62
-70
-83
-76
-77
-66
-88
-85
-104
-117
-120
-106
-110
-110
-96
-85
-73
-75
-49
-21
-1
16
21
61
95
84
74
99
118
112
128
149
149
102
96
97
75
75
76
67
59
46
30
24
15
0
-10
-6
13
10
17
36
64
57
18
9
3
-10
-13
13
11
-12
-35
-34
-73
-76
-65
-114
-129
-119
-133
-119
-134
-158
-168
-178
-193
-184
-166
-141
-133
-142
-140
-156
-143
-125
-102
-71
-36
-38
-35
-27
-39
1
4
5
40
46
40
38
27
4
35
68
73
87
110
108
116
107
115
128
116
137
153
164
158
150
142
126
124
126
123
98
116
112
77
82
44
40
30
30
33
40
43
-4
-27
-69
-90
-89
-88
-88
-90
-96
-124
-117
-115
-109
-84
-85
-77
-89
-78
-85
-61
-82
-81
-75
-79
-54
-55
-61
-54
-8
9
42
57
34
59
74
73
78
80
96
88
101
93
78
67
57
50
53
51
52
61
43
41
55
56
80
85
92
83
45
28
14
10
-9
6
-1
-29
-28
-30
-44
-22
-38
-37
-42
-70
-84
-87
-70
-68
-58
-33
-24
-54
-67
-74
-67
-69
-70
-62
-61
-82
-81
-86
-96
-59
-18
25
50
55
63
48
38
28
19
29
41
4
26
39
-2
-8
28
47
25
47
25
9
-4
-7
4
47
66
65
52
36
35
14
11
10
8
16
20
4
-2
-19
-31
-37
-28
-13
-14
-3
-20
-54
-55
-73
-56
-49
-65
-68
-70
-70
-87
-47
-44
-41
-48
-64
-40
-34
-32
-25
-9
-13
8
-4
16
1
-8
6
-2
-9
20
8
3
13
27
48
34
54
54
37
29
43
48
68
97
82
92
68
60
67
47
19
29
16
12
50
20
-2
-12
-23
-14
-27
-21
-28
-34
-35
-47
-36
-45
-43
-56
-51
-21
-15
1
-9
-11
13
6
-3
-28
-25
-42
-43
-28
-14
2
-9
4
12
19
15
35
42
49
41
45
37
35
61
63
64
76
76
74
81
62
63
60
52
44
66
68
64
58
43
50
35
18
11
7
-23
10
-23
-3
23
-3
-1
-42
-18
-32
-34
-16
-39
-44
-33
-73
-81
-75
-99
-84
-97
-98
-93
-78
-85
-98
-48
-57
-57
-31
-37
-65
-57
-28
-14
-33
-43
-31
-45
-61
-60
-43
-37
-39
-22
-1
1
5
-19
-40
-28
-14
7
28
29
14
19
15
21
8
22
28
15
18
21
42
52
50
39
30
-1
-8
15
5
15
9
17
29
35
38
14
20
10
8
24
20
19
20
20
38
46
62
59
83
73
39
28
9
-8
-4
18
29
-7
-31
-39
-26
-28
11
36
11
-8
7
4
-21
-17
-22
-22
-40
-10
6
-7
13
42
36
20
29
27
37
57
42
22
17
0
-19
-1
1
4
4
28
31
47
27
5
22
20
46
44
66
49
30
29
12
5
11
5
-11
-4
2
-37
-27
5
15
20
29
13
-6
-17
-25
-13
-23
-36
-74
-90
-112
-128
-110
-90
-81
-63
-50
-27
-29
2
16
27
22
10
-6
-30
-33
-51
-67
-76
-80
-71
-53
-27
-36
-16
-5
-10
-10
-18
-12
-23
-22
-14
-8
3
8
8
23
32
33
35
31
32
11
10
12
0
5
0
-17
-9
-7
-21
-12
6
17
-9
3
-4
-15
-17
-29
-34
-32
-37
-45
-16
-2
-4
-13
-26
-23
-31
-34
-29
11
9
-5
0
-5
-25
-36
-9
32
34
39
51
56
41
62
63
87
113
94
104
91
59
44
70
85
92
84
87
88
68
54
55
57
71
78
66
70
64
56
32
46
49
64
63
37
20
2
-5
-25
-19
-26
-27
-49
-39
-22
-29
-32
-38
-52
-43
-73
-99
-96
-100
-89
-81
-79
-83
-105
-112
-107
-86
-59
-61
-36
-24
-32
-59
-15
-24
-40
-23
-31
-20
-20
-15
-20
-28
-13
-26
-12
-11
-10
-5
3
12
17
-9
1
22
20
31
17
11
-8
17
-5
12
41
45
48
41
42
28
4
-1
25
41
62
52
27
13
20
10
5
16
34
25
9
9
-14
-18
-3
-4
-6
9
20
-2
-13
9
10
3
-14
-12
-12
-10
11
10
39
32
14
36
33
51
56
42
38
34
-5
15
37
14
18
-19
-36
-42
-58
-75
-75
-75
-68
-61
-39
-14
-20
-26
-5
-9
-10
-11
-5
-21
-44
-33
-37
-39
-15
3
-34
-45
-39
-58
-42
-38
-41
-56
-72
-78
-44
-37
-1
20
26
13
14
26
47
57
45
49
57
27
10
45
31
49
63
60
73
83
69
80
98
101
94
85
70
49
39
8
-7
-15
-37
-44
-46
-66
-52
-34
-13
25
23
51
43
42
63
21
0
-13
-9
-36
-55
-57
-79
-85
-53
-29
-23
-27
-17
-1
1
7
8
-9
-32
-36
-34
-39
-37
-39
-62
-43
-44
-36
-22
-28
-18
-15
5
13
43
44
48
17
-2
3
13
6
16
35
13
-1
9
-4
5
41
57
56
79
62
27
34
11
-6
10
27
38
37
32
13
-23
-26
-13
7
30
49
28
30
27
-1
17
15
-5
-4
-10
-16
-38
-49
-56
-46
-38
-16
-10
-22
-22
-15
-5
4
-2
2
-15
-14
-35
-50
-59
-64
-73
-94
-50
-40
-36
-19
6
-8
6
25
20
27
30
28
43
28
11
-1
-1
3
19
27
8
-12
-17
-18
-10
-2
13
6
3
8
-11
-11
-19
-19
-16
5
14
18
37
30
13
43
37
40
51
52
41
30
43
38
28
20
25
13
14
5
1
7
6
16
-6
-57
-52
-54
-53
-46
-14
-19
-21
-28
-27
-22
-41
-35
-1
11
-4
-5
3
-12
-20
19
9
-5
-5
-7
-15
1
-4
-17
-22
-27
-27
-21
-13
-12
-10
-20
-6
1
0
0
-12
-25
-43
-39
-2
-2
9
12
18
24
15
21
31
31
7
5
13
20
45
40
42
51
21
-4
1
9
2
10
5
17
-7
-9
-11
-25
-17
-28
-37
-33
-38
-35
-25
-31
-27
-20
-10
-3
11
2
-2
-27
-22
-17
-2
19
11
23
5
-23
-26
-13
3
3
18
26
-4
-3
6
-5
7
11
35
37
37
60
62
44
46
58
75
77
80
70
61
61
58
51
49
54
42
12
10
-5
-8
-14
-6
7
12
17
16
22
20
9
-1
-4
1
0
-15
-13
12
11
-28
-28
-22
-20
3
8
-13
-22
-40
-56
-45
-34
-24
-28
-36
-27
-29
-25
-42
-47
-44
-26
-16
-20
1
-18
-40
-39
-57
-80
-75
-72
-75
-59
-57
-49
-31
-8
2
-11
10
16
-2
-13
-27
-57
-68
-77
-79
-68
-60
-42
-25
-14
-5
12
31
38
69
76
70
65
38
37
35
44
25
19
8
9
5
-4
32
40
52
48
53
54
56
40
55
79
53
52
45
11
-18
-37
-64
-64
-31
-22
-26
-19
-19
-14
14
17
27
35
33
15
8
-1
-26
-38
-39
-53
-53
-37
-41
-20
-2
5
1
-1
2
7
2
11
23
21
13
14
9
-5
-6
-3
-7
-2
-6
3
21
29
35
49
72
79
61
46
38
26
19
21
21
-4
-9
-14
-25
-21
-4
0
21
30
27
35
38
40
42
35
24
15
0
-11
-32
-26
-28
-32
-3
12
17
14
21
12
22
32
13
11
-2
-25
-47
-49
-66
-57
-37
-60
-40
-43
-46
-19
2
-2
11
6
2
1
-1
-2
1
-7
-19
-16
-19
-14
-20
-17
-29
-26
-21
-11
-25
-34
-40
-46
-38
-30
-26
-20
-28
-28
-21
-20
-19
-12
9
3
8
8
-10
-5
-2
2
-3
5
16
7
-8
-6
-9
-15
-17
-1
1
9
8
3
10
18
17
21
33
24
42
39
34
33
32
25
23
29
25
18
11
30
38
32
26
34
22
15
25
31
30
23
11
1
2
-11
-31
-23
-23
-21
-23
-19
-25
-39
-30
-30
-40
-32
-26
-32
-29
-25
-43
-44
-41
-42
-23
-26
-33
-37
-42
-46
-37
-13
1
5
9
9
10
14
18
33
44
52
49
50
47
44
40
48
60
60
49
52
54
43
47
57
68
68
76
76
65
44
44
34
20
14
6
-4
-12
-8
-4
-7
-18
-14
-11
-12
-14
-11
-19
-26
-44
-57
-54
-63
-68
-59
-56
-51
-44
-42
-43
-54
-48
-39
-51
-44
-47
-55
-56
-51
-39
-36
-30
-29
-37
-39
-36
-41
-22
-20
-18
-2
14
16
19
20
23
15
25
39
48
47
40
45
38
43
48
56
48
56
48
41
28
18
29
11
15
18
15
11
12
10
5
-6
-3
-5
-22
-23
-25
-29
-36
-25
-25
-32
-31
-20
-7
-14
-14
-4
-5
-7
-11
-18
-23
-24
-33
-32
-26
-20
-19
-9
-12
-6
2
0
12
10
19
20
24
17
20
35
39
45
44
44
33
30
25
27
25
19
17
2
-7
-21
-2
-3
0
13
18
22
29
27
26
24
16
12
-2
0
-8
-4
-7
-8
-14
-6
-6
-1
8
13
8
7
9
-4
6
6
-16
-15
-1
-2
2
3
5
-2
-2
-2
3
18
21
9
-3
-3
-13
-12
4
3
-1
1
-17
-22
-11
-22
-31
-25
-35
-25
-19
-20
-23
-27
-41
-44
-44
-41
-33
-32
-30
-34
-37
-38
-25
-31
-28
-22
-19
-7
-5
-7
-9
-5
0
-14
-15
-10
-1
15
24
22
21
19
16
20
26
28
27
24
24
24
18
16
19
19
19
21
13
14
15
17
28
30
42
39
32
39
26
20
19
15
19
21
24
16
13
20
9
4
-6
-3
-16
-24
-27
-24
-27
-33
-34
-35
-28
-27
-26
-21
-18
-12
-11
-8
-4
-8
-9
-17
-13
-15
-14
-12
-4
-12
-14
-18
-31
-14
5
10
10
26
30
25
18
7
-4
-17
-24
-6
-2
7
10
12
12
13
18
27
32
35
44
38
33
28
20
11
4
-8
-8
-14
-15
-13
-19
-14
-14
-8
-8
-2
3
7
4
3
-1
-4
-7
-10
-11
-8
-12
-4
-7
-15
-8
-10
-4
3
9
16
22
27
26
22
23
21
14
3
5
6
8
6
15
21
12
11
12
12
20
16
15
7
-1
-1
-13
-12
-20
-29
-21
-16
-22
-25
-22
-22
-27
-30
-21
-23
-23
-27
-27
-26
-24
-25
-19
-19
-24
-23
-21
-13
-7
-4
-1
0
-4
2
6
5
-2
7
8
9
24
31
24
15
4
9
12
14
17
24
28
31
37
32
28
29
25
20
24
24
24
13
6
2
-7
-11
-11
-7
-12
-10
-12
-16
-14
-16
-20
-26
-22
-23
-27
-26
-34
-32
-35
-41
-38
-38
-43
-49
-46
-39
-33
-26
-23
-16
-16
-15
-19
-21
-22
-25
-20
-17
-13
-6
-4
-5
9
11
18
34
32
35
43
42
49
44
40
43
30
28
22
18
13
12
23
28
37
46
45
36
35
39
39
45
43
40
42
39
32
24
10
12
12
