SAMPLES:	10671
BITSPERSAMPLE:	16
CHANNELS:	1
SAMPLERATE:	16000
NORMALIZED:	FALSE
0
0
-1
-1
0
1
-2
-4
-3
-3
-3
-2
-3
-2
-1
-3
-2
-3
-3
-3
-3
-2
0
-1
0
2
1
1
-1
-1
-3
-2
0
1
2
3
2
3
5
7
6
4
3
1
1
1
4
2
1
1
-1
-1
-1
-1
1
2
1
3
6
5
5
5
6
3
3
1
1
1
1
2
1
2
1
2
3
2
3
3
2
1
1
1
2
4
3
3
2
4
3
1
1
1
0
1
0
0
-1
-1
-1
0
1
3
3
2
1
-1
-2
-2
-3
-2
0
-1
0
-1
-1
-1
-3
-4
-4
0
-2
-2
0
-1
-3
-3
-1
-2
-3
-1
-2
-2
-1
-2
-2
-3
-4
-6
-8
-8
-8
-7
-9
-9
-8
-8
-9
-8
-9
-9
-10
-11
-10
-9
-8
-7
-6
-5
-3
-4
-2
-2
1
2
4
3
1
3
3
4
6
6
7
8
8
9
7
5
5
9
10
12
13
12
12
9
6
4
6
6
8
7
6
5
1
0
0
1
0
1
2
1
-2
-3
-5
-6
-3
-3
-2
-3
-5
-7
-9
-8
-6
-6
-4
-6
-5
-6
-6
-4
-3
-2
-2
-2
0
0
1
1
5
8
11
11
13
13
13
13
11
12
13
14
13
11
10
6
6
7
9
9
10
10
8
5
3
2
2
0
0
1
1
1
0
-1
-2
-6
-8
-9
-8
-9
-9
-9
-11
-12
-12
-13
-13
-14
-15
-14
-14
-12
-9
-9
-8
-8
-9
-10
-8
-9
-9
-10
-10
-8
-7
-9
-7
-5
-3
-2
0
1
1
1
2
-1
0
1
1
3
2
2
0
1
0
0
0
2
3
2
-1
0
2
2
2
4
7
5
6
7
8
9
10
11
9
8
7
8
6
4
5
7
6
6
5
5
4
4
4
3
5
4
4
4
6
6
3
3
3
2
-2
-4
-5
-8
-12
-14
-15
-14
-11
-8
-7
-6
-6
-8
-6
-6
-4
-4
-3
-5
-7
-7
-8
-10
-12
-14
-12
-9
-6
-4
-3
0
4
7
8
8
8
5
3
1
1
2
5
9
11
13
16
16
18
21
25
26
27
30
30
30
31
33
32
31
29
26
23
19
19
19
18
17
13
7
2
-2
-6
-11
-14
-18
-20
-20
-26
-31
-35
-39
-41
-43
-45
-44
-45
-47
-50
-49
-49
-49
-49
-47
-48
-46
-46
-47
-48
-50
-50
-50
-46
-43
-39
-35
-30
-24
-21
-16
-12
-6
0
7
14
21
29
39
47
59
69
81
91
93
100
102
107
113
118
123
126
124
122
118
116
115
110
106
97
84
70
56
47
37
25
15
3
-11
-28
-43
-54
-67
-77
-82
-88
-95
-104
-112
-119
-129
-132
-138
-142
-148
-157
-160
-163
-163
-160
-160
-160
-159
-155
-152
-148
-148
-141
-133
-123
-110
-97
-81
-66
-50
-36
-19
7
43
77
112
138
161
176
196
219
240
266
286
305
316
326
334
338
347
355
350
336
318
301
277
245
214
186
154
126
90
53
14
-26
-60
-90
-118
-138
-157
-177
-196
-218
-242
-268
-288
-307
-326
-343
-353
-360
-367
-371
-368
-369
-364
-358
-358
-352
-348
-341
-329
-315
-303
-288
-266
-238
-208
-176
-146
-118
-89
-63
-39
-7
29
57
85
128
181
233
285
332
378
411
454
494
509
532
557
578
591
598
606
605
605
605
584
552
517
480
428
369
317
262
205
153
99
41
-14
-65
-111
-147
-186
-225
-243
-265
-294
-329
-357
-378
-397
-420
-441
-463
-489
-515
-546
-567
-583
-587
-581
-580
-586
-592
-604
-609
-604
-593
-571
-548
-507
-465
-421
-386
-349
-288
-226
-178
-129
-77
-29
9
79
180
283
392
483
567
624
687
740
782
844
916
965
992
1017
1022
1022
1034
1037
1002
972
915
844
759
654
553
457
369
300
222
133
33
-62
-156
-248
-314
-366
-395
-429
-465
-513
-572
-618
-655
-698
-731
-746
-764
-776
-814
-864
-908
-930
-919
-909
-903
-904
-911
-917
-920
-924
-904
-859
-800
-713
-627
-547
-480
-420
-349
-264
-158
-47
46
156
301
446
595
716
846
940
1044
1159
1206
1255
1310
1362
1394
1418
1434
1442
1453
1477
1459
1397
1306
1203
1084
916
762
618
463
359
251
123
-13
-158
-261
-383
-501
-565
-625
-675
-735
-774
-817
-848
-859
-866
-892
-953
-999
-1053
-1141
-1211
-1249
-1310
-1342
-1338
-1326
-1323
-1313
-1303
-1300
-1283
-1262
-1212
-1133
-1018
-895
-768
-654
-567
-475
-392
-295
-173
-49
117
365
591
783
936
1077
1215
1350
1487
1563
1636
1750
1821
1849
1866
1879
1892
1914
1960
1917
1808
1689
1554
1403
1223
1025
855
720
630
517
350
169
-14
-179
-325
-458
-544
-615
-694
-763
-852
-930
-1025
-1064
-1105
-1134
-1143
-1185
-1220
-1288
-1335
-1407
-1484
-1512
-1497
-1492
-1505
-1506
-1511
-1531
-1546
-1516
-1460
-1374
-1237
-1081
-940
-815
-709
-598
-489
-379
-232
-87
143
422
675
893
1071
1220
1323
1472
1608
1684
1817
1929
2003
2028
2009
2009
1992
2060
2109
2046
1957
1840
1666
1459
1243
1063
872
725
612
413
201
-17
-217
-395
-580
-713
-804
-865
-905
-975
-1059
-1117
-1167
-1193
-1232
-1248
-1295
-1357
-1427
-1521
-1597
-1656
-1649
-1604
-1562
-1522
-1518
-1526
-1531
-1555
-1550
-1494
-1409
-1283
-1124
-978
-817
-697
-565
-435
-332
-193
-47
185
433
659
865
1030
1172
1307
1502
1660
1761
1875
1988
2053
2118
2145
2145
2140
2193
2229
2152
2065
1930
1762
1567
1349
1151
975
822
687
509
289
53
-157
-326
-523
-652
-717
-802
-884
-987
-1099
-1207
-1252
-1242
-1280
-1314
-1332
-1375
-1434
-1524
-1607
-1684
-1735
-1682
-1614
-1568
-1547
-1546
-1569
-1620
-1616
-1553
-1462
-1307
-1143
-1007
-885
-810
-709
-607
-477
-313
-62
259
494
716
892
1039
1150
1312
1515
1637
1768
1996
2151
2208
2262
2280
2296
2316
2375
2332
2234
2146
2000
1806
1570
1348
1161
1022
877
703
458
206
-40
-245
-423
-595
-702
-766
-836
-925
-1026
-1133
-1252
-1296
-1322
-1396
-1411
-1421
-1451
-1501
-1617
-1710
-1772
-1809
-1781
-1740
-1733
-1728
-1737
-1755
-1788
-1785
-1699
-1565
-1387
-1237
-1090
-958
-854
-734
-616
-498
-266
83
403
689
913
1104
1249
1422
1640
1766
1918
2128
2317
2403
2385
2382
2368
2404
2526
2584
2542
2436
2304
2083
1764
1475
1232
1043
936
820
651
422
137
-151
-405
-617
-776
-835
-885
-976
-1080
-1235
-1378
-1482
-1534
-1586
-1621
-1606
-1591
-1655
-1767
-1861
-1926
-1942
-1898
-1814
-1773
-1771
-1776
-1797
-1849
-1863
-1808
-1666
-1478
-1269
-1082
-974
-848
-714
-573
-444
-233
142
493
804
1047
1208
1333
1473
1703
1895
2050
2261
2432
2509
2522
2495
2507
2540
2602
2609
2535
2443
2288
2085
1825
1561
1341
1160
1018
835
613
364
50
-224
-456
-679
-823
-902
-940
-1017
-1153
-1301
-1454
-1539
-1580
-1628
-1627
-1607
-1596
-1626
-1727
-1838
-1924
-1940
-1897
-1821
-1759
-1755
-1755
-1814
-1887
-1897
-1841
-1700
-1529
-1335
-1175
-1086
-1006
-942
-858
-711
-419
-37
347
669
850
1011
1124
1305
1538
1699
1931
2191
2409
2484
2497
2484
2435
2517
2639
2672
2650
2530
2344
2071
1717
1416
1177
1043
940
802
606
348
92
-169
-431
-604
-718
-769
-810
-884
-997
-1162
-1242
-1299
-1333
-1328
-1288
-1235
-1252
-1349
-1493
-1616
-1696
-1720
-1700
-1643
-1595
-1563
-1608
-1694
-1802
-1862
-1805
-1664
-1489
-1314
-1171
-1107
-1037
-966
-857
-661
-256
129
456
697
821
913
1014
1216
1421
1619
1885
2162
2350
2435
2439
2422
2444
2539
2604
2605
2539
2427
2214
1910
1590
1312
1123
1007
922
799
621
381
105
-211
-454
-605
-683
-695
-769
-847
-939
-1066
-1159
-1235
-1308
-1359
-1334
-1298
-1317
-1420
-1586
-1713
-1774
-1784
-1780
-1784
-1800
-1803
-1843
-1930
-2011
-2012
-1920
-1788
-1631
-1492
-1358
-1274
-1175
-1053
-956
-664
-258
136
457
643
806
910
1087
1250
1377
1604
1862
2116
2284
2340
2347
2410
2525
2608
2639
2637
2510
2322
2110
1794
1469
1236
1122
1024
889
759
553
291
30
-245
-449
-535
-539
-570
-612
-657
-739
-813
-925
-1048
-1150
-1191
-1171
-1202
-1267
-1362
-1485
-1549
-1640
-1670
-1680
-1669
-1612
-1587
-1648
-1793
-1885
-1891
-1816
-1702
-1531
-1386
-1279
-1212
-1131
-1042
-826
-477
-131
223
460
666
785
952
1178
1297
1521
1805
2093
2282
2335
2374
2369
2438
2513
2509
2490
2437
2406
2249
2007
1729
1449
1226
1030
871
690
502
289
84
-141
-348
-517
-608
-635
-670
-700
-756
-837
-933
-1038
-1186
-1262
-1220
-1185
-1198
-1227
-1317
-1442
-1552
-1643
-1678
-1713
-1671
-1625
-1645
-1692
-1770
-1801
-1802
-1733
-1643
-1523
-1393
-1281
-1145
-1076
-885
-581
-247
50
282
520
640
811
998
1118
1327
1597
1874
2073
2181
2241
2273
2344
2427
2463
2430
2382
2319
2149
1900
1593
1282
1043
892
742
597
463
305
92
-146
-371
-503
-571
-631
-684
-740
-825
-902
-954
-1056
-1176
-1257
-1230
-1162
-1163
-1237
-1369
-1490
-1544
-1559
-1576
-1589
-1558
-1479
-1458
-1509
-1595
-1625
-1622
-1608
-1535
-1439
-1310
-1194
-1043
-900
-675
-362
-26
237
434
613
707
925
1104
1261
1500
1806
2073
2225
2306
2296
2311
2377
2469
2490
2448
2389
2308
2117
1857
1548
1295
1130
1015
899
744
562
351
139
-165
-426
-579
-687
-731
-713
-733
-763
-820
-905
-1045
-1186
-1263
-1241
-1154
-1103
-1129
-1207
-1306
-1392
-1464
-1503
-1504
-1466
-1425
-1439
-1509
-1604
-1643
-1640
-1586
-1463
-1350
-1247
-1138
-1047
-928
-655
-336
-2
235
424
496
576
776
920
1107
1358
1660
1846
1977
2001
1998
1986
2047
2152
2154
2153
2088
1987
1778
1510
1196
921
769
595
454
319
154
-39
-272
-474
-649
-737
-769
-782
-798
-829
-876
-916
-976
-1063
-1156
-1188
-1160
-1104
-1082
-1136
-1170
-1256
-1322
-1401
-1415
-1355
-1290
-1247
-1256
-1259
-1259
-1236
-1195
-1137
-1115
-1046
-942
-821
-684
-373
-28
301
593
740
831
801
924
1074
1269
1554
1853
2109
2223
2219
2135
2048
2021
2066
2137
2180
2148
2097
1866
1575
1231
867
630
430
330
211
72
-57
-245
-435
-633
-773
-891
-958
-959
-947
-949
-1002
-1059
-1181
-1313
-1376
-1322
-1201
-1103
-1064
-1061
-1130
-1209
-1269
-1326
-1364
-1342
-1248
-1206
-1208
-1213
-1186
-1155
-1118
-1038
-952
-848
-746
-614
-232
143
438
722
935
1011
936
1006
1123
1208
1420
1742
2045
2163
2192
2174
2045
1969
1876
1867
1882
1826
1820
1757
1607
1274
881
547
300
97
-41
-132
-291
-465
-658
-889
-1111
-1204
-1237
-1250
-1285
-1336
-1332
-1367
-1442
-1479
-1471
-1511
-1467
-1310
-1254
-1245
-1291
-1348
-1399
-1492
-1535
-1521
-1435
-1300
-1171
-1054
-927
-777
-876
-993
-992
-1087
-1127
-764
5
714
1182
1619
1998
2162
2009
1817
1889
1972
2099
2406
2615
2533
2362
2043
1745
1501
1353
1495
1640
1559
1489
1251
805
291
-180
-408
-510
-632
-541
-392
-596
-776
-830
-926
-1009
-997
-842
-677
-793
-957
-901
-924
-1182
-1344
-1442
-1500
-1585
-1666
-1664
-1779
-1852
-1763
-1710
-1717
-1718
-1541
-1394
-1366
-1263
-981
-698
-390
-43
195
121
21
-38
253
1345
2372
3189
3663
3872
3696
2755
1773
1677
1563
1608
1844
1967
1784
1088
455
141
-96
-55
610
1247
1334
1133
928
697
124
-340
-158
-73
-307
-532
-788
-1359
-2034
-2125
-1833
-1800
-1808
-1590
-1517
-1992
-2325
-1962
-1693
-1710
-1717
-1468
-1424
-1860
-1865
-1429
-1375
-1275
-919
-537
-511
-735
-659
-436
-456
-395
105
481
585
646
620
326
-198
-157
1402
2921
3844
4424
4523
3956
2598
1185
971
1157
1388
1793
1765
1199
390
-299
-645
-476
15
1153
2069
1970
1348
853
289
-245
-538
-549
-630
-1006
-1552
-2113
-2748
-3104
-2737
-2151
-1755
-1684
-1809
-1822
-1940
-2076
-1420
-738
-576
-871
-1314
-1645
-1949
-1785
-962
-209
67
-20
-361
-737
-1246
-1294
-726
26
486
749
815
532
111
-230
-242
-164
677
2607
4077
4573
4794
4576
3798
2243
976
940
1070
1000
903
857
550
117
-224
-156
189
713
1620
2356
2134
1744
1551
989
34
-879
-1386
-1784
-2146
-2400
-2392
-2326
-2381
-2312
-2285
-2433
-2410
-2057
-1470
-1128
-583
-329
-691
-1610
-2454
-2496
-2300
-1901
-746
80
47
-501
-1295
-1579
-1693
-1638
-1035
-204
177
311
349
164
-8
-36
-89
-118
-44
1566
3671
4779
5050
5018
4368
2618
526
-146
178
444
731
1148
1168
433
-179
-271
-6
445
1581
2926
3320
2771
2222
1435
226
-975
-1544
-1604
-1730
-1857
-1850
-1955
-2355
-2525
-2356
-2256
-2121
-1828
-1101
-658
-434
-356
-725
-1770
-2748
-2971
-2667
-2163
-1234
-190
125
-462
-1441
-1853
-1955
-1862
-1343
-434
267
426
365
351
209
119
19
118
160
1528
3510
4761
5250
5129
4585
2829
461
-564
-235
144
459
895
1279
851
120
-177
185
789
1741
3164
3787
3342
2611
1694
482
-860
-1675
-1718
-1461
-1484
-1661
-1676
-1960
-2198
-2160
-2015
-1654
-1203
-637
-159
-139
-686
-1412
-2464
-3293
-3427
-2930
-1917
-848
-254
-195
-744
-1518
-1893
-1930
-1674
-1167
-642
-269
19
46
72
224
241
125
-83
-205
1384
3388
4698
5100
5142
4674
2684
280
-1037
-935
-602
-6
612
1169
895
351
-29
186
649
1880
3372
3958
3593
2743
1717
336
-1191
-2063
-2065
-1678
-1503
-1512
-1524
-1828
-2031
-2050
-1801
-1439
-947
-247
-61
-165
-712
-1604
-2624
-3418
-3490
-2846
-1993
-1096
-384
-222
-704
-1484
-1891
-1957
-1760
-1412
-883
-352
-4
157
185
130
-50
-185
-339
15
1929
4172
5172
5267
4940
3945
1776
-676
-1356
-697
-167
56
748
1339
991
203
60
686
1610
2668
3813
4224
3510
2284
998
-433
-1831
-2307
-1838
-1161
-880
-966
-1075
-1379
-1775
-1732
-1242
-587
-9
345
65
-422
-1125
-1983
-2896
-3468
-3113
-2226
-1416
-791
-340
-287
-904
-1764
-2107
-2029
-1701
-1334
-903
-343
3
58
88
-26
-164
-393
-680
456
2762
4476
5199
5301
4659
2952
343
-1378
-1436
-782
-170
495
1204
1234
709
110
33
645
1924
3404
4290
4065
2885
1457
-55
-1665
-2424
-2146
-1459
-714
-546
-726
-1125
-1547
-1596
-1170
-607
67
721
994
403
-788
-2116
-3043
-3429
-3493
-2753
-1473
-379
14
-327
-1052
-1715
-2119
-2128
-1774
-1236
-815
-594
-608
-827
-931
-765
-636
-383
-452
374
2567
4132
4759
4727
4404
3033
794
-1287
-1618
-972
-490
-77
733
871
525
200
58
806
1925
3197
4121
4022
2781
1398
64
-1427
-2261
-2138
-1445
-622
-463
-594
-775
-1039
-1088
-699
-81
566
1032
1227
709
-544
-1981
-2989
-3265
-3151
-2527
-1329
-78
498
318
-412
-1226
-1837
-2079
-1974
-1531
-1106
-946
-839
-890
-745
-404
-245
10
-42
-72
1458
3372
4417
4560
4563
3833
1820
-836
-2195
-1924
-1394
-975
123
1137
1276
948
462
542
1154
2099
3025
3372
2682
1575
411
-1012
-2154
-2316
-1723
-827
-316
-239
-374
-639
-819
-687
-256
278
744
1164
1108
119
-1162
-2258
-2858
-2970
-2584
-1530
-3
915
952
275
-817
-1769
-2306
-2328
-1789
-987
-510
-283
-373
-603
-673
-513
-223
-82
-271
994
3222
4434
4429
4201
3793
2142
-573
-2426
-2167
-1429
-1165
-396
691
908
589
118
278
965
1729
2667
3339
2817
1535
234
-1033
-2222
-2719
-2372
-1371
-542
-439
-654
-929
-1107
-955
-460
143
643
958
881
50
-1163
-2314
-2948
-2910
-2366
-1454
-134
965
1212
651
-398
-1315
-1820
-1899
-1608
-1030
-700
-408
-210
-256
-93
74
64
127
-157
698
2789
4366
4869
4835
4179
2466
-440
-2770
-2799
-1773
-1161
-227
1120
1717
1336
378
27
688
1573
2400
2947
2679
1648
349
-1214
-2736
-3305
-2786
-1537
-444
-82
-118
-429
-939
-1325
-1042
-281
544
979
857
299
-805
-1886
-2705
-2965
-2475
-1378
-7
1251
1705
1281
203
-1062
-1953
-2227
-1931
-1157
-324
90
285
294
171
185
142
137
-37
166
2117
4035
4889
4755
3904
2328
2
-2373
-2902
-1891
-990
-117
785
1030
899
467
-92
299
1261
2151
2905
2620
1435
143
-1164
-2396
-2919
-2621
-1859
-807
-322
-524
-882
-1284
-1305
-864
-323
312
744
751
280
-519
-1765
-2370
-2650
-2410
-1589
-597
562
1338
1329
154
-634
-1481
-1712
-1652
-1077
-629
-177
114
144
364
165
-107
-129
-139
414
2311
4134
5496
5301
4125
2072
-379
-2488
-2982
-2132
-852
208
872
1012
731
78
-285
328
1345
2502
2975
2729
1648
75
-1662
-3052
-3424
-3055
-2030
-987
-382
-397
-842
-1294
-1302
-948
-350
183
801
827
123
-1145
-2448
-2962
-2926
-2321
-1271
163
1237
1581
1011
-25
-1095
-1717
-1825
-1470
-833
-403
-197
-42
235
422
699
730
736
445
1262
3089
4531
5307
5148
4247
2299
-619
-2751
-2797
-1700
-628
502
1558
1903
1577
565
255
942
1709
2505
2937
2325
929
-616
-1990
-3068
-3291
-2850
-1672
-567
-305
-462
-872
-1259
-1361
-1179
-863
-419
136
100
-623
-1683
-2713
-3098
-2905
-2227
-1105
205
1054
1163
470
-699
-1823
-2339
-2336
-1795
-1092
-540
-86
156
253
479
572
593
482
579
2357
4423
5410
5263
4533
3059
887
-1794
-2893
-1825
-491
319
978
1361
1280
955
142
356
1325
2423
3256
3255
2012
253
-1199
-2439
-3076
-3031
-2356
-1133
-352
-622
-1178
-1631
-1728
-1409
-959
-598
-150
-112
-487
-1039
-1942
-2609
-2850
-2542
-1759
-859
-86
718
850
144
-1023
-1955
-2221
-2012
-1551
-991
-197
308
640
773
700
445
281
26
1336
3800
5410
5886
5548
4448
2036
-1319
-3299
-2429
-561
588
1364
2176
1961
989
-325
-521
644
2209
3468
4087
3362
1463
-649
-2267
-3360
-3362
-2480
-1121
-8
-91
-1008
-1878
-2159
-1937
-1400
-618
44
455
176
-947
-2225
-3228
-3541
-3120
-2108
-859
325
1032
929
-25
-1436
-2525
-2741
-2321
-1592
-762
-102
208
117
-33
74
110
241
166
1245
3571
5208
5577
5211
4264
2622
-65
-2559
-2129
-433
604
1039
1703
1682
1137
-15
-396
854
2310
3368
4006
3423
1593
-353
-2098
-3017
-3012
-2342
-1169
-99
-213
-1219
-2063
-2490
-2128
-1358
-513
162
327
-415
-1451
-2320
-2906
-3104
-2892
-2232
-1202
-366
-11
195
-25
-716
-1727
-2429
-2453
-1936
-1409
-1064
-476
64
353
482
351
251
23
409
2566
4814
5839
5621
4722
3242
684
-2021
-2459
-628
1087
1631
1783
1730
1208
209
-604
230
2055
3582
4278
3979
2596
563
-1275
-2625
-2962
-2339
-1302
-88
265
-598
-1902
-2739
-2671
-1828
-805
83
649
629
-380
-1737
-2896
-3569
-3387
-2682
-1635
-488
373
726
349
-982
-2419
-3165
-2976
-2308
-1360
-617
-93
157
40
-216
-469
-277
-23
632
2481
4564
5615
5439
4339
2980
791
-1608
-2096
-630
946
1538
1528
1211
802
-31
-379
633
2424
3972
4721
4100
2515
359
-1486
-2455
-2537
-1798
-694
314
365
-714
-2118
-2899
-2660
-1684
-271
849
1231
624
-729
-2007
-2923
-3288
-3045
-2176
-1163
-502
-294
-190
-206
-815
-1877
-2643
-2672
-2151
-1660
-1422
-892
-363
-65
-124
-554
-642
-604
573
3044
4968
5379
5010
4239
2450
-258
-2484
-2145
-113
1109
1221
1353
1059
297
-645
-767
751
2842
4377
4753
3948
1858
-261
-1651
-2458
-2335
-1443
-195
646
294
-1103
-2365
-2696
-2232
-1201
-59
852
1134
604
-610
-1990
-3094
-3613
-3160
-2000
-892
-127
364
388
-196
-1324
-2284
-2553
-2255
-1695
-1167
-788
-498
-392
-417
-686
-642
-390
238
2374
4686
5741
5244
4341
3203
1220
-1416
-2297
-705
1106
1408
959
582
241
-497
-907
307
2712
4606
5179
4470
2743
489
-1384
-2225
-2046
-1333
-528
207
160
-841
-2193
-2889
-2376
-1320
-187
743
1115
634
-474
-1889
-2814
-3136
-2904
-2168
-1293
-724
-521
-422
-453
-766
-1450
-1909
-1961
-1855
-1843
-1637
-1166
-713
-589
-656
-558
-262
-264
1075
3712
5438
5179
4082
3243
2205
44
-1902
-1200
516
1090
585
241
54
-329
-775
-102
1794
3588
4547
4627
3527
1498
-482
-1487
-1603
-1360
-947
-336
-64
-703
-1823
-2502
-2125
-1287
-466
-58
176
-2
-454
-1015
-1885
-2457
-2671
-2158
-1555
-1302
-1146
-656
-333
-598
-1247
-1680
-1799
-1895
-2036
-2011
-1441
-675
-331
-227
-421
-345
-266
815
3082
4614
4922
4517
3881
2381
234
-1344
-753
520
838
576
538
229
-499
-1232
-686
1157
3038
4288
4662
3951
2285
473
-829
-1346
-1242
-685
-64
76
-799
-1938
-2516
-2277
-1477
-550
239
706
818
152
-972
-2158
-2654
-2459
-1865
-1154
-581
-283
-492
-1104
-1617
-1731
-1460
-924
-663
-810
-1119
-1373
-1427
-1500
-1341
-916
-101
320
1696
3490
4578
4647
3914
3472
2357
924
-94
484
844
523
-187
-550
-737
-1056
-924
178
1800
2891
3507
3416
2729
1661
583
61
-102
-345
-716
-827
-1177
-1956
-2672
-2701
-1823
-792
-153
10
-227
-520
-1227
-1715
-2044
-1899
-1627
-1498
-1385
-1315
-1151
-1043
-885
-919
-1046
-1192
-1122
-1077
-1219
-1474
-1294
-1023
-895
-911
-798
-346
-167
1326
3417
4973
4994
4164
3297
2331
725
-426
355
1514
1513
277
-744
-1145
-1209
-1243
-351
1536
3230
3855
3268
2181
1122
397
217
334
355
31
-490
-1222
-2187
-2958
-3034
-2097
-762
14
2
-488
-765
-1267
-1858
-2209
-1995
-1384
-1115
-1203
-1359
-1284
-1256
-1222
-1193
-1200
-1260
-1260
-1270
-1315
-1322
-989
-680
-524
-800
-863
-633
560
2832
4457
4934
4344
3679
2760
1431
615
1239
2383
2475
1432
233
-683
-1314
-1287
-197
1439
2887
3570
3290
2113
629
-135
278
1165
1646
1384
656
-375
-1741
-2810
-2790
-1883
-767
-93
-184
-550
-1195
-1812
-2182
-2348
-1977
-1492
-1154
-1061
-1172
-1425
-1579
-1658
-1579
-1432
-1310
-1183
-1331
-1642
-2011
-1938
-1455
-1157
-997
-890
-675
-474
803
2877
3994
3740
3271
3015
2244
1022
499
1657
2504
1822
461
-117
-159
-539
-753
-5
1449
2327
2460
1993
1357
716
275
317
734
844
499
225
-286
-1193
-2029
-1979
-1319
-779
-808
-1139
-1440
-1354
-1204
-1524
-1767
-1905
-1691
-1439
-1358
-1250
-872
-510
-622
-1083
-1431
-1471
-1462
-1428
-1384
-1333
-819
-408
-168
-544
-932
-985
86
2407
4023
4232
3683
3368
2692
1612
614
1347
3016
3342
2080
624
124
72
-178
3
1010
2106
2534
2071
1025
301
104
242
668
977
784
326
-228
-966
-1629
-1841
-1537
-822
-440
-778
-1410
-1922
-2246
-2585
-2610
-2200
-1647
-1286
-1220
-1386
-1516
-1624
-1613
-1331
-932
-796
-852
-1081
-1521
-1906
-1924
-1602
-998
-631
-288
-131
318
1818
3135
3427
2972
2770
2860
2465
1667
1495
2170
2230
1379
571
432
701
872
1143
1516
1921
2076
1975
1295
547
232
408
718
656
264
-33
-349
-940
-1335
-1222
-830
-447
-359
-711
-1264
-1426
-1498
-1689
-2213
-2559
-2578
-2429
-2153
-1816
-1329
-946
-1054
-1457
-1493
-1288
-1028
-908
-903
-1148
-1388
-1476
-1417
-1283
-1314
-1077
-486
1457
3486
4033
3266
2408
2136
1726
1021
1154
2397
3128
2087
377
-203
178
484
872
1635
2425
2696
2299
1588
794
367
395
596
541
181
-266
-428
-703
-1217
-1296
-830
-418
-201
-124
-638
-1241
-1713
-1791
-1907
-2144
-2318
-2361
-2250
-2203
-1980
-1574
-1117
-1082
-1257
-1226
-1150
-1030
-842
-833
-984
-1178
-1234
-1059
-898
-807
-636
774
2619
3235
2925
2920
3209
3008
2103
1524
2037
2278
1638
770
781
1065
1062
962
1353
1809
2079
2136
1921
1561
1319
1071
893
664
103
-526
-754
-808
-945
-936
-745
-717
-753
-964
-1196
-1102
-1026
-1216
-1769
-2188
-2488
-2770
-2911
-2611
-2105
-1709
-1654
-1697
-1575
-1325
-1182
-1097
-1031
-961
-930
-1156
-1254
-1181
-907
-715
-629
636
2252
2899
2591
2410
2731
2821
2390
2114
2541
2860
2032
943
483
779
1106
1335
1646
1806
2028
2035
1713
1358
1288
1276
1185
939
361
-297
-672
-893
-1201
-1418
-1351
-1109
-797
-694
-1171
-1651
-1817
-1864
-1917
-2092
-2306
-2514
-2654
-2769
-2738
-2492
-2113
-1992
-1887
-1715
-1553
-1347
-1176
-1105
-1088
-1180
-1352
-1274
-1000
-578
-384
773
2134
2509
2210
2192
2800
3183
2750
2310
2712
2856
2234
1437
1387
1680
1547
1330
1587
2007
2256
2384
2166
2021
1796
1622
1644
1590
962
207
-129
-239
-390
-686
-862
-949
-984
-1229
-1558
-1355
-1061
-1181
-1714
-2190
-2320
-2411
-2566
-2586
-2379
-2251
-2410
-2524
-2359
-2107
-2015
-1677
-1354
-1230
-1196
-1185
-1302
-1423
-1493
-1292
-862
210
1634
2246
2048
1619
1890
2449
2416
2135
2380
2729
2248
1257
1151
1677
1952
1672
1493
1584
1931
2083
2060
1966
1773
1710
1702
1549
1038
458
188
49
-236
-429
-480
-561
-676
-1084
-1302
-1295
-1392
-1521
-1794
-1898
-2085
-2347
-2563
-2571
-2420
-2248
-2225
-2244
-2130
-2026
-2032
-1957
-1793
-1565
-1425
-1278
-1275
-1238
-1216
-1256
-1131
-461
1025
2028
2018
1688
1898
2410
2444
2213
2457
2723
2279
1465
1359
1834
2125
1962
1721
1725
1679
1966
2159
2042
1547
1270
1585
1760
1399
656
256
50
-145
-390
-318
-54
-129
-463
-1062
-1437
-1670
-1748
-1742
-1899
-2150
-2386
-2521
-2573
-2507
-2327
-2141
-2116
-2170
-2168
-2162
-2031
-1914
-1969
-1886
-1510
-1246
-1198
-1360
-1267
-1120
-634
545
1570
1907
1713
1918
2248
2514
2224
2217
2404
2151
1530
1226
1755
2190
2182
2010
2088
2234
2417
2505
2205
1844
1634
1602
1601
1293
810
505
380
219
-46
-120
67
76
-203
-530
-885
-1094
-1376
-1696
-1908
-2168
-2372
-2599
-2720
-2684
-2506
-2370
-2301
-2222
-2184
-2162
-2144
-2122
-2090
-1987
-1809
-1674
-1653
-1575
-1442
-1329
-942
300
1342
1439
1082
1399
2206
2331
1891
1761
2217
2251
1555
1172
1538
1972
1835
1671
1815
2121
2345
2511
2348
1910
1669
1801
1844
1532
927
486
434
346
112
-22
33
-21
0
-193
-521
-860
-1128
-1214
-1492
-1859
-2191
-2372
-2593
-2843
-2872
-2554
-2227
-2071
-1948
-1980
-2090
-2004
-1879
-1852
-1727
-1644
-1581
-1584
-1595
-1531
-1385
-298
827
1190
1029
1315
2129
2499
2201
1911
2117
2149
1705
1437
1647
1918
1787
1653
1772
1944
2161
2369
2456
2133
1941
2017
1998
1645
1176
841
544
339
134
83
-74
-110
-75
-196
-362
-674
-912
-1160
-1306
-1545
-1702
-1937
-2331
-2703
-2752
-2642
-2608
-2496
-2221
-2074
-2049
-2075
-2042
-1870
-1661
-1627
-1733
-1674
-1633
-1345
-1269
-741
321
973
1082
1016
1614
2053
2166
2056
1948
1949
1801
1693
1658
1628
1628
1568
1817
1968
1949
2198
2389
2211
1920
2008
2025
1835
1479
1051
701
562
437
197
-105
-243
17
21
-285
-800
-937
-985
-1137
-1390
-1640
-1817
-2151
-2512
-2683
-2560
-2547
-2612
-2503
-2340
-2305
-2214
-2162
-2198
-2106
-1818
-1626
-1610
-1625
-1565
-1537
-1476
-497
589
796
580
797
1714
2161
1782
1587
2090
2327
1915
1540
1818
2062
1823
1493
1691
2012
2257
2393
2257
2075
2081
2249
2211
1847
1500
1347
1113
764
577
424
207
93
225
336
-135
-709
-974
-944
-1150
-1551
-1713
-1728
-1977
-2425
-2571
-2449
-2491
-2632
-2615
-2419
-2360
-2288
-2260
-2219
-2075
-1919
-1705
-1565
-1480
-1474
-1493
-1269
-284
557
567
406
939
1845
1992
1576
1552
2117
2272
1844
1726
1963
2282
1957
1646
1779
2050
2221
2290
2122
1837
1925
2052
2001
1729
1419
1293
1174
909
622
388
166
346
301
-85
-518
-816
-802
-999
-1339
-1546
-1579
-1755
-2132
-2427
-2423
-2368
-2518
-2601
-2490
-2479
-2474
-2414
-2442
-2303
-2118
-1883
-1777
-1830
-1820
-1607
-1374
-858
-51
305
415
534
1189
1741
1724
1517
1658
1990
1973
1863
1881
2100
2054
1751
1816
1934
2044
2053
2029
1842
1753
1831
1918
1815
1556
1346
1311
1268
1087
820
565
448
303
243
40
-322
-712
-1040
-1176
-1425
-1647
-1790
-1949
-2186
-2326
-2383
-2371
-2400
-2479
-2521
-2554
-2565
-2453
-2366
-2255
-2052
-1944
-1932
-1929
-1844
-1587
-1345
-940
-155
421
483
563
1250
1790
1650
1417
1723
2017
1941
1786
1945
2057
1943
1832
2031
2223
2170
2160
2204
2100
1996
2115
2200
2004
1664
1504
1483
1290
1094
916
809
688
699
641
290
-110
-432
-537
-834
-1184
-1370
-1548
-1834
-2123
-2255
-2275
-2416
-2637
-2601
-2409
-2462
-2560
-2524
-2480
-2383
-2244
-2191
-2228
-2322
-2097
-1764
-1568
-1469
-800
-58
171
169
553
1262
1612
1543
1496
1663
1869
1903
1792
1762
1937
2045
2023
2044
2011
2139
2291
2285
2134
2045
2023
1925
1751
1504
1332
1221
1211
1199
1010
850
785
743
452
51
-239
-432
-654
-951
-1348
-1611
-1777
-1949
-2098
-2203
-2293
-2421
-2503
-2566
-2584
-2520
-2364
-2292
-2342
-2234
-2238
-2307
-2297
-2081
-1782
-1554
-1436
-1030
-341
4
122
385
969
1367
1388
1346
1589
1853
1777
1572
1562
1838
1994
1958
1927
1927
2072
2216
2194
2065
1965
1949
1959
1855
1632
1373
1243
1114
898
739
597
517
556
515
225
43
-120
-343
-785
-1252
-1439
-1516
-1682
-1913
-2129
-2261
-2388
-2509
-2507
-2463
-2342
-2199
-2130
-2198
-2259
-2088
-1997
-1980
-1995
-1662
-1283
-1222
-1251
-755
78
392
309
510
1305
1909
1772
1538
1707
2020
2106
1898
1869
1903
1977
2047
2113
2145
2244
2414
2263
2035
1911
2020
2135
1841
1467
1276
1205
1113
853
642
464
425
448
301
-9
-271
-449
-679
-1008
-1292
-1479
-1658
-1907
-2149
-2306
-2411
-2549
-2644
-2627
-2562
-2457
-2433
-2443
-2393
-2235
-2097
-2079
-2149
-2074
-1824
-1710
-1629
-1450
-715
-10
174
105
498
1309
1681
1529
1380
1696
2040
2087
1834
1687
1793
2001
2085
2116
2110
2223
2299
2203
1940
1866
2092
2163
1862
1421
1304
1214
996
737
533
379
261
289
163
-121
-388
-522
-691
-963
-1275
-1488
-1644
-1834
-2112
-2248
-2299
-2347
-2476
-2532
-2512
-2511
-2451
-2356
-2276
-2241
-2039
-1966
-1999
-1948
-1657
-1346
-1229
-1171
-808
-49
405
434
497
1143
1758
1891
1803
1901
2125
2163
2046
1938
2070
2326
2513
2482
2330
2353
2583
2657
2393
2078
2060
2172
2063
1670
1266
1123
995
893
742
500
261
168
50
-232
-566
-651
-694
-945
-1364
-1655
-1711
-1801
-2051
-2326
-2493
-2563
-2607
-2663
-2759
-2769
-2711
-2645
-2525
-2426
-2320
-2147
-1968
-1905
-1753
-1490
-1246
-1103
-971
-490
27
327
535
935
1424
1699
1752
1821
1979
2145
2190
2207
2235
2369
2487
2405
2312
2272
2464
2577
2448
2194
2032
2020
1949
1655
1385
1204
1060
935
712
460
256
74
-52
-283
-551
-836
-1055
-1274
-1466
-1681
-1798
-1892
-2038
-2296
-2528
-2615
-2598
-2525
-2563
-2630
-2603
-2546
-2503
-2488
-2453
-2290
-2034
-1797
-1651
-1518
-1286
-1136
-967
-763
-227
335
745
975
1292
1687
1953
2033
1999
2065
2333
2536
2465
2377
2381
2552
2596
2631
2553
2611
2622
2539
2357
2205
2121
2027
1765
1379
1033
897
782
613
283
-12
-120
-76
-248
-631
-1009
-1160
-1278
-1440
-1681
-1928
-2129
-2278
-2473
-2580
-2557
-2546
-2529
-2630
-2658
-2615
-2560
-2556
-2527
-2465
-2279
-1981
-1785
-1702
-1512
-1226
-968
-778
-484
-177
223
582
863
1126
1474
1740
1875
2014
2265
2431
2516
2567
2587
2562
2574
2610
2612
2558
2573
2625
2543
2360
2205
2100
1910
1685
1397
1178
949
703
396
206
62
-167
-422
-590
-761
-991
-1201
-1364
-1591
-1845
-1988
-2055
-2136
-2242
-2364
-2477
-2491
-2507
-2557
-2618
-2646
-2625
-2593
-2570
-2454
-2201
-1988
-1817
-1662
-1422
-1135
-908
-720
-570
-417
-56
424
812
1062
1336
1660
1869
1965
2158
2404
2459
2480
2488
2520
2520
2568
2568
2481
2396
2457
2553
2475
2283
2048
1806
1639
1421
1067
812
615
369
9
-225
-382
-548
-657
-811
-1083
-1315
-1365
-1430
-1622
-1782
-1876
-1966
-2076
-2187
-2214
-2247
-2268
-2341
-2430
-2456
-2390
-2325
-2273
-2193
-2020
-1812
-1548
-1313
-1140
-928
-754
-592
-401
-166
53
275
656
989
1152
1399
1716
2000
2107
2312
2480
2503
2528
2490
2511
2455
2468
2492
2488
2456
2461
2451
2310
2073
1913
1655
1410
1183
912
674
456
267
26
-155
-356
-672
-872
-937
-1023
-1249
-1553
-1690
-1808
-1906
-2014
-2049
-2104
-2176
-2264
-2325
-2408
-2445
-2435
-2418
-2395
-2306
-2166
-2043
-1953
-1909
-1759
-1540
-1314
-1089
-913
-686
-411
-176
-3
170
408
685
936
1159
1421
1690
1903
2069
2202
2252
2294
2336
2376
2343
2376
2474
2582
2573
2533
2415
2286
2173
2004
1809
1642
1434
1159
874
601
340
62
-141
-268
-386
-621
-817
-942
-1139
-1380
-1519
-1566
-1625
-1717
-1832
-1977
-2101
-2158
-2248
-2310
-2327
-2315
-2294
-2289
-2209
-2152
-2087
-1998
-1950
-1822
-1643
-1336
-1135
-987
-779
-594
-428
-266
-58
117
267
567
933
1168
1319
1475
1698
1875
2019
2145
2253
2373
2402
2410
2434
2484
2452
2379
2352
2361
2332
2211
1988
1776
1584
1387
1213
961
736
503
279
83
-127
-336
-539
-698
-811
-916
-1078
-1309
-1484
-1636
-1786
-1867
-1910
-1983
-2020
-2059
-2076
-2046
-2022
-1977
-1986
-1971
-1894
-1762
-1621
-1497
-1365
-1208
-1076
-959
-784
-594
-408
-257
-94
109
284
399
508
700
915
1099
1300
1515
1744
1883
1919
1952
1953
1921
1946
1969
2004
1963
1894
1853
1769
1708
1612
1501
1362
1159
1036
872
670
497
273
85
-93
-282
-467
-639
-772
-949
-1133
-1282
-1401
-1519
-1601
-1659
-1694
-1683
-1642
-1668
-1741
-1819
-1837
-1796
-1732
-1667
-1559
-1361
-1239
-1156
-1105
-1026
-874
-735
-609
-467
-356
-226
-89
-3
52
95
152
220
363
536
738
996
1174
1297
1370
1472
1620
1705
1646
1550
1552
1588
1611
1631
1596
1529
1429
1408
1401
1287
1145
997
899
761
625
481
298
144
-28
-160
-264
-382
-467
-637
-829
-939
-1057
-1174
-1257
-1306
-1342
-1350
-1316
-1332
-1368
-1369
-1308
-1203
-1177
-1078
-952
-868
-803
-760
-731
-730
-701
-648
-571
-466
-407
-322
-261
-223
-217
-202
-66
52
155
251
385
569
672
779
836
931
1026
1081
1181
1193
1204
1240
1228
1286
1290
1333
1439
1386
1330
1242
1126
990
876
792
643
520
413
248
95
-53
-173
-269
-441
-566
-689
-771
-805
-849
-877
-916
-940
-902
-919
-880
-825
-828
-801
-785
-767
-725
-684
-673
-700
-727
-725
-704
-645
-647
-701
-723
-678
-581
-522
-483
-436
-354
-277
-204
-203
-226
-150
-40
115
267
430
558
660
712
727
827
895
938
1019
1027
1008
1008
1015
1011
954
985
1003
943
869
758
657
592
510
406
297
167
97
44
-57
-131
-181
-267
-369
-379
-366
-372
-366
-338
-283
-299
-293
-288
-368
-467
-514
-557
-538
-533
-581
-623
-671
-688
-732
-780
-818
-812
-821
-789
-736
-686
-620
-593
-570
-536
-512
-494
-412
-284
-223
-138
1
127
230
357
483
575
657
699
705
690
725
827
891
887
916
991
978
963
990
975
922
895
869
775
699
662
588
502
456
453
423
360
340
288
233
211
155
80
-46
-93
-113
-172
-197
-271
-365
-455
-524
-589
-711
-779
-843
-887
-892
-904
-915
-925
-939
-995
-1069
-1092
-1052
-995
-972
-952
-897
-851
-815
-844
-807
-725
-679
-562
-446
-316
-173
-24
142
223
285
342
420
459
510
612
716
817
851
897
960
1039
1135
1196
1215
1246
1284
1290
1232
1187
1171
1132
1114
1043
945
839
721
581
443
395
350
258
163
40
-81
-234
-354
-421
-511
-558
-619
-688
-773
-892
-1008
-1079
-1110
-1176
-1232
-1278
-1327
-1365
-1420
-1476
-1467
-1430
-1379
-1339
-1275
-1177
-1086
-1009
-946
-900
-843
-749
-627
-479
-334
-133
84
278
422
550
682
782
916
1081
1199
1307
1442
1517
1584
1636
1711
1807
1888
1970
1950
1902
1840
1760
1643
1526
1419
1299
1202
1100
950
760
550
394
259
116
-17
-128
-240
-334
-444
-528
-619
-725
-825
-999
-1174
-1268
-1351
-1433
-1514
-1576
-1617
-1705
-1769
-1777
-1815
-1851
-1814
-1764
-1726
-1666
-1616
-1571
-1491
-1386
-1246
-1086
-964
-870
-742
-608
-471
-272
-70
155
467
743
942
1081
1217
1355
1507
1629
1723
1852
1961
2015
2033
2007
2014
1999
1963
1952
1895
1808
1691
1553
1377
1196
1055
906
758
651
526
395
236
85
-39
-203
-370
-492
-614
-748
-895
-1006
-1121
-1255
-1358
-1439
-1510
-1559
-1607
-1653
-1672
-1694
-1771
-1848
-1904
-1942
-1918
-1874
-1807
-1739
-1679
-1576
-1442
-1309
-1150
-984
-790
-610
-435
-248
-40
191
444
639
783
921
1099
1304
1499
1648
1775
1860
1885
1915
1963
1980
1956
1932
1936
1939
1895
1848
1749
1672
1617
1499
1367
1229
1122
982
826
707
571
429
269
117
-37
-188
-320
-493
-660
-788
-896
-994
-1101
-1167
-1256
-1350
-1425
-1474
-1516
-1575
-1646
-1680
-1707
-1744
-1732
-1722
-1692
-1639
-1592
-1528
-1427
-1334
-1204
-1038
-845
-677
-505
-361
-253
-123
30
184
293
413
530
655
778
845
908
987
1087
1177
1253
1267
1260
1267
1270
1299
1320
1340
1359
1333
1320
1278
1197
1148
1075
1015
994
917
807
694
568
425
256
159
68
-43
-95
-183
-305
-417
-496
-620
-758
-807
-824
-840
-907
-1018
-1138
-1266
-1274
-1222
-1206
-1131
-1076
-1026
-984
-965
-937
-891
-815
-731
-697
-693
-663
-621
-608
-535
-411
-286
-160
-57
34
100
124
161
217
248
285
332
397
446
468
504
572
633
695
766
811
815
825
838
821
822
845
890
911
867
799
748
659
600
556
483
505
514
480
400
298
235
171
130
56
-52
-113
-150
-207
-254
-264
-264
-246
-231
-239
-260
-258
-256
-267
-263
-280
-322
-378
-411
-400
-442
-443
-405
-392
-419
-479
-544
-579
-577
-534
-536
-531
-477
-467
-453
-422
-398
-370
-322
-259
-211
-208
-248
-228
-192
-188
-166
-105
-26
19
33
42
43
96
145
185
217
280
350
393
397
384
442
483
515
577
614
653
689
682
682
690
714
693
689
720
705
648
582
517
485
465
435
391
344
306
228
147
53
-20
-105
-177
-202
-292
-393
-451
-525
-623
-727
-795
-820
-833
-849
-921
-989
-1024
-1011
-1037
-1095
-1105
-1139
-1145
-1136
-1131
-1090
-1039
-1012
-984
-950
-873
-760
-622
-497
-409
-321
-214
-100
39
132
219
350
462
594
725
847
963
1061
1165
1253
1306
1367
1401
1443
1549
1638
1728
1774
1742
1664
1588
1532
1444
1371
1291
1150
1028
947
821
711
620
511
403
288
155
21
-109
-236
-340
-478
-624
-742
-810
-940
-1111
-1230
-1299
-1381
-1468
-1534
-1571
-1619
-1651
-1644
-1682
-1716
-1719
-1650
-1597
-1524
-1439
-1355
-1273
-1202
-1139
-1066
-938
-779
-616
-467
-315
-155
-12
142
302
467
653
816
942
1050
1148
1231
1315
1370
1438
1534
1627
1726
1763
1745
1720
1703
1679
1649
1656
1654
1597
1540
1409
1248
1107
957
823
702
585
436
279
141
3
-148
-281
-435
-586
-724
-847
-960
-1084
-1180
-1315
-1416
-1524
-1627
-1652
-1701
-1765
-1774
-1790
-1815
-1849
-1865
-1825
-1755
-1687
-1625
-1542
-1482
-1424
-1325
-1205
-1046
-845
-644
-455
-277
-152
-56
87
258
411
560
727
863
953
1046
1147
1283
1416
1513
1602
1639
1646
1646
1649
1645
1647
1672
1675
1686
1670
1620
1533
1393
1282
1211
1132
1061
975
894
791
649
474
317
193
69
-39
-165
-304
-456
-556
-637
-709
-752
-840
-963
-1055
-1134
-1246
-1310
-1347
-1369
-1349
-1334
-1323
-1302
-1246
-1175
-1122
-1044
-976
-940
-903
-863
-804
-730
-652
-536
-425
-331
-243
-128
-17
44
103
141
200
256
292
352
398
434
503
554
598
677
719
762
811
811
805
780
732
716
691
691
713
690
667
613
573
538
522
494
439
395
338
281
239
170
118
65
26
-19
-49
-62
-131
-205
-242
-275
-328
-355
-390
-423
-423
-449
-454
-429
-437
-462
-470
-470
-473
-459
-436
-418
-407
-384
-382
-385
-427
-465
-474
-497
-504
-476
-454
-435
-391
-346
-263
-187
-142
-109
-93
-67
-37
-54
-37
-1
29
35
22
26
41
64
136
232
313
359
383
389
386
374
351
403
445
448
476
500
509
515
534
574
601
624
645
642
613
592
555
506
482
479
470
471
432
363
306
260
219
178
161
161
145
123
65
-25
-119
-186
-270
-306
-317
-336
-360
-423
-498
-586
-640
-672
-677
-699
-731
-766
-806
-850
-907
-951
-939
-878
-804
-724
-644
-619
-620
-635
-650
-626
-559
-480
-405
-286
-186
-117
-37
28
112
193
276
376
438
477
506
561
633
705
768
802
814
840
840
837
849
865
881
898
901
876
842
812
772
725
693
653
625
572
507
470
434
377
292
205
103
-10
-118
-227
-312
-371
-438
-509
-596
-652
-729
-825
-858
-892
-909
-921
-916
-924
-947
-967
-992
-981
-951
-926
-906
-858
-798
-731
-687
-625
-556
-479
-393
-284
-179
-134
-96
-58
9
90
187
275
367
473
549
587
575
602
652
729
809
837
844
828
790
755
761
779
806
824
797
765
711
638
567
500
462
402
313
267
243
159
86
54
-9
-88
-145
-186
-210
-218
-244
-309
-417
-496
-553
-589
-581
-560
-546
-531
-526
-517
-526
-532
-505
-455
-405
-360
-288
-250
-229
-225
-192
-151
-84
-11
59
100
105
99
118
120
103
141
174
224
295
352
356
344
321
306
274
252
247
220
192
148
103
46
-34
-91
-88
-85
-91
-124
-171
-212
-245
-256
-277
-288
-294
-295
-312
-335
-363
-407
-407
-386
-378
-319
-272
-235
-207
-178
-143
-119
-77
-36
-7
23
61
118
200
241
261
302
350
397
441
496
521
540
563
563
584
607
612
591
609
620
617
623
627
613
527
482
441
386
351
318
276
214
132
38
-66
-158
-252
-324
-393
-487
-544
-582
-632
-709
-781
-843
-875
-877
-878
-884
-896
-901
-902
-912
-916
-905
-877
-817
-756
-699
-635
-589
-553
-523
-466
-360
-258
-117
5
82
179
229
269
353
439
540
664
757
804
818
840
891
930
957
982
1019
1057
1069
1047
1057
1082
1077
1068
1037
979
912
850
793
712
634
564
480
394
310
221
113
10
-107
-229
-318
-427
-539
-630
-745
-836
-910
-975
-1008
-1070
-1116
-1159
-1209
-1241
-1279
-1300
-1301
-1290
-1239
-1181
-1146
-1121
-1094
-1046
-992
-941
-872
-783
-676
-565
-448
-348
-262
-167
-57
54
168
303
448
570
648
714
779
860
947
1039
1144
1229
1285
1326
1355
1391
1413
1424
1438
1422
1389
1369
1336
1272
1202
1107
1040
982
907
832
727
594
476
314
188
106
-11
-126
-212
-289
-399
-514
-629
-729
-831
-916
-991
-1054
-1125
-1168
-1207
-1252
-1253
-1272
-1294
-1299
-1286
-1275
-1250
-1222
-1183
-1147
-1124
-1086
-1028
-968
-920
-835
-736
-639
-514
-376
-267
-172
-67
18
121
229
322
399
480
553
620
695
755
819
877
914
929
952
965
966
952
952
974
1004
1036
1045
1010
942
865
781
718
689
684
671
630
560
486
418
372
301
232
183
119
49
10
-57
-145
-226
-274
-327
-405
-454
-514
-568
-647
-687
-716
-722
-720
-707
-661
-668
-690
-689
-672
-685
-655
-582
-528
-519
-497
-459
-424
-454
-347
-127
-66
-181
-210
-101
-154
-269
-210
-10
53
-76
-84
54
100
18
63
215
227
201
249
271
210
175
174
218
248
320
407
426
387
349
305
268
271
303
341
363
343
345
330
273
263
303
316
304
266
255
227
174
115
81
99
128
103
118
143
75
-16
-51
-52
-67
-77
-52
-30
-78
-146
-189
-210
-237
-245
-235
-222
-204
-197
-200
-205
-216
-195
-182
-221
-235
-244
-256
-290
-301
-274
-234
-198
-186
-155
-117
-113
-115
-110
-123
-109
-98
-85
-71
-77
-102
-99
-48
-23
-24
16
72
100
105
91
97
135
131
97
124
140
107
44
15
25
48
79
124
141
131
121
113
125
97
89
97
95
75
47
76
86
63
84
120
156
180
200
184
147
134
118
95
78
68
68
80
78
89
104
105
109
102
104
75
32
-18
-52
-62
-69
-84
-85
-74
-76
-76
-72
-65
-67
-26
8
23
25
6
-43
-139
-202
-193
-157
-146
-164
-141
-147
-173
-161
-170
-193
-196
-186
-194
-254
-276
-252
-218
-180
-150
-109
-93
-142
-165
-153
-170
-137
-82
-22
-5
-40
-60
-62
-59
-50
-33
11
46
63
68
84
152
237
282
294
280
258
211
169
148
157
207
255
292
276
302
347
347
320
313
293
256
246
207
168
139
105
103
104
41
28
48
45
92
162
211
187
94
-1
-37
-86
-106
-110
-149
-166
-198
-217
-224
-253
-252
-195
-146
-175
-190
-175
-211
-264
-296
-325
-336
-341
-344
-339
-306
-237
-190
-192
-211
-194
-154
-157
-154
-102
-32
-6
-47
-72
-106
-125
-115
-36
8
47
124
167
155
110
90
85
102
94
138
214
215
184
164
125
123
149
178
221
276
303
290
298
297
279
267
266
279
296
286
267
230
190
160
156
150
169
203
220
200
121
33
-67
-111
-119
-100
-51
21
41
-6
-59
-140
-198
-205
-227
-242
-236
-237
-246
-282
-329
-329
-303
-288
-249
-236
-222
-241
-310
-367
-376
-371
-369
-358
-333
-311
-307
-333
-333
-280
-228
-159
-81
-40
-17
-18
-59
-69
-89
-83
-30
-5
52
118
139
139
148
190
211
246
272
316
328
284
278
275
264
234
226
243
258
251
283
354
383
377
371
345
306
262
255
274
255
245
253
232
205
171
152
120
137
176
160
105
36
-45
-127
-186
-218
-171
-94
-89
-95
-97
-114
-141
-167
-159
-162
-175
-198
-232
-273
-308
-324
-307
-273
-245
-206
-155
-144
-170
-214
-226
-240
-249
-243
-232
-230
-271
-255
-248
-241
-175
-118
-73
-55
-55
-45
-43
-45
-21
34
95
111
102
79
67
41
53
143
189
213
226
249
253
231
213
196
180
171
208
217
214
214
186
178
186
207
234
239
223
237
228
188
143
141
153
117
84
73
65
16
-27
-35
-41
-76
-112
-93
-98
-143
-173
-164
-172
-203
-175
-132
-146
-187
-222
-232
-277
-344
-359
-302
-245
-244
-216
-160
-152
-173
-176
-154
-121
-121
-139
-149
-168
-181
-185
-206
-195
-126
-57
14
51
41
59
67
64
83
146
192
163
115
106
133
117
94
134
169
183
222
286
314
302
272
257
236
219
251
243
206
169
137
86
72
101
121
114
80
100
105
74
70
83
53
21
10
1
-5
-18
-45
-44
-28
-6
-3
-2
11
20
-20
-83
-102
-93
-98
-114
-70
-38
-24
-14
-20
9
22
6
-16
-69
-99
-78
-79
-89
-87
-85
-92
-133
-154
-141
-113
-83
-76
-51
-24
-47
-107
-168
-181
-166
-172
-134
-93
-95
-54
-28
-39
-43
-31
-14
-14
-48
-63
-43
-53
-88
-115
-125
-103
-67
-61
-55
-18
36
28
-1
-6
0
10
0
40
86
98
102
94
82
96
102
104
97
80
96
94
65
62
62
88
102
92
102
112
100
91
106
103
93
70
74
55
3
-38
-39
-25
-28
-15
15
25
4
-23
-28
-7
-8
-4
13
21
12
-11
-58
-95
-118
-123
-66
-3
5
10
6
-49
-88
-106
-102
-71
-53
-32
-25
-36
-65
-119
-112
-44
11
58
127
155
134
83
22
-15
-39
-28
13
43
83
117
102
56
7
-9
22
47
66
91
115
97
34
-12
-8
16
52
116
140
118
87
57
37
16
5
46
76
80
116
136
123
75
10
-2
3
14
72
124
100
69
40
-13
-74
-92
-37
31
60
54
46
-11
-99
-138
-98
-46
-17
17
-7
-85
-156
-180
-188
-178
-165
-147
-124
-143
-187
-205
-210
-203
-207
-190
-177
-214
-235
-232
-213
-178
-149
-132
-112
-125
-163
-181
-173
-149
-143
-135
-118
-99
-81
-48
-21
1
37
72
109
98
115
115
74
53
36
55
101
126
157
171
163
180
169
156
179
191
172
188
217
200
199
180
140
128
175
240
264
284
310
300
241
202
140
72
46
28
27
33
35
21
15
-9
-2
-7
22
67
57
65
50
-13
-93
-128
-112
-105
-92
-78
-83
-104
-143
-184
-171
-144
-121
-111
-88
-99
-119
-144
-156
-156
-108
-67
-72
-70
-117
-158
-169
-152
-114
-92
-59
-28
-37
-61
-68
-35
-12
-1
24
22
19
19
16
37
88
133
174
231
280
301
290
258
221
207
191
176
166
136
115
123
92
79
77
47
38
45
3
-40
-18
1
-11
-25
-29
-22
-61
-108
-137
-125
-122
-141
-166
-177
-174
-209
-234
-275
-303
-301
-281
-265
-230
-200
-179
-193
-233
-238
-231
-214
-201
-193
-173
-169
-181
-189
-179
-175
-165
-133
-106
-80
-47
2
14
48
102
129
157
186
206
212
210
190
180
182
218
265
294
313
321
323
311
283
275
275
254
245
241
215
188
175
202
217
220
235
240
210
195
167
135
92
65
80
64
38
49
70
47
-9
-45
-54
-75
-89
-109
-126
-133
-160
-183
-215
-202
-188
-195
-184
-161
-148
-139
-172
-214
-220
-232
-222
-214
-190
-152
-150
-163
-119
-87
-73
-62
-54
-78
-90
-88
-81
-70
-75
-61
-37
-24
1
33
40
53
77
96
110
130
129
114
113
116
113
101
83
75
79
86
62
43
31
36
56
75
91
99
99
86
67
63
69
92
89
68
56
35
5
-21
-19
-2
37
61
50
27
-3
-51
-79
-77
-74
-67
-86
-110
-128
-150
-163
-165
-151
-131
-138
-123
-81
-60
-77
-91
-99
-112
-121
-98
-75
-89
-104
-113
-125
-145
-143
-148
-142
-117
-107
-92
-85
-101
-105
-111
-92
-58
-34
-25
-32
-43
-61
-66
-57
-22
38
93
117
141
155
141
129
138
135
141
155
191
222
235
223
221
228
239
276
291
291
293
300
266
248
273
280
280
274
259
249
240
232
202
169
163
148
131
152
161
140
110
58
0
-59
-110
-151
-182
-169
-173
-191
-190
-192
-199
-207
-199
-196
-206
-236
-252
-275
-314
-336
-370
-391
-381
-364
-335
-313
-291
-290
-296
-277
-249
-216
-173
-116
-85
-63
-62
-49
-42
-43
-33
0
44
49
66
78
87
99
135
174
223
262
280
295
291
274
232
210
212
197
189
190
180
170
158
133
128
114
91
77
46
25
18
-4
-28
-38
-34
-39
-42
-42
-66
-93
-116
-130
-170
-175
-138
-114
-99
-98
-124
-142
-140
-145
-127
-93
-115
-112
-82
-87
-97
-97
-99
-109
-109
-96
-75
-61
-45
-9
4
-10
-1
-23
-31
-26
-20
-13
-7
-5
9
30
30
43
52
72
89
90
127
146
136
135
144
152
158
164
171
150
138
127
123
128
130
140
156
180
178
179
168
176
195
192
193
174
145
127
117
109
108
95
89
75
48
28
8
4
-6
4
-14
-57
-89
-124
-161
-157
-147
-152
-129
-122
-110
-106
-104
-117
-144
-163
-178
-178
-199
-205
-193
-180
-178
-159
-161
-171
-160
-155
-127
-99
-107
-112
-117
-133
-129
-129
-125
-93
-79
-62
-45
-39
-42
-48
-35
-15
1
29
39
39
35
17
13
-5
-4
29
83
124
124
122
109
79
53
51
83
109
117
123
110
97
84
50
40
57
74
110
115
101
90
70
58
56
36
6
-20
-30
-28
-33
-25
-27
-38
-53
-73
-79
-55
-25
-19
-26
-49
-52
-59
-74
-70
-64
-54
-79
-110
-101
-115
-136
-117
-75
-23
1
25
30
15
0
-23
-24
-13
-6
-2
10
34
69
86
104
123
132
132
127
131
132
122
125
125
112
107
110
120
135
150
162
167
162
145
126
88
58
53
60
86
103
98
93
50
26
41
46
64
72
72
63
37
9
-15
-62
-90
-98
-93
-80
-60
-67
-86
-86
-108
-113
-115
-116
-121
-118
-149
-170
-167
-157
-155
-143
-111
-98
-90
-103
-113
-122
-117
-105
-88
-51
-51
-55
-61
-57
-74
-69
-42
-21
-8
9
17
5
19
14
2
2
16
25
14
4
18
8
-7
-14
15
31
54
74
84
84
59
45
35
30
15
10
-5
-33
-52
-66
-80
-68
-37
-27
-5
-37
-73
-96
-98
-108
-99
-82
-77
-61
-71
-66
-73
-72
-77
-70
-70
-69
-58
-41
1
44
69
78
79
75
59
79
88
94
102
93
73
62
66
62
66
90
116
124
126
142
149
150
150
135
111
71
51
45
43
61
79
84
81
80
98
105
101
106
101
88
68
68
53
51
58
59
54
45
55
49
30
39
28
0
17
22
23
35
31
34
29
34
35
20
6
1
-33
-38
-38
-40
-35
-40
-20
-2
-6
-15
-32
-56
-63
-74
-59
-38
-39
-59
-79
-84
-115
-135
-150
-169
-169
-166
-156
-164
-154
-143
-134
-124
-106
-101
-125
-154
-163
-166
-141
-128
-115
-101
-105
-120
-117
-102
-83
-67
-78
-57
-69
-85
-94
-101
-107
-108
-86
-53
-30
-10
2
10
11
-15
-34
-31
-29
-15
28
77
89
91
111
128
141
152
150
146
148
147
136
146
154
158
154
176
196
185
169
129
103
103
122
119
104
79
61
66
79
92
102
83
70
53
30
40
32
31
23
22
21
-2
-25
-39
-45
-41
-36
-52
-57
-56
-66
-78
-57
-44
-51
-31
-17
-4
-4
-4
-19
-14
-6
10
22
23
44
41
32
40
43
29
24
12
8
6
-4
4
12
0
6
-4
-30
-52
-63
-50
-20
9
25
25
9
-19
-39
-35
-48
-51
-50
-58
-63
-54
-65
-60
-65
-76
-70
-60
-28
2
-20
-34
-37
-46
-45
-48
-35
-15
-8
-16
-18
-22
-26
-40
-33
-24
-15
-35
-43
-35
-34
-32
-18
-15
-25
-12
-20
-21
-10
6
9
34
45
30
10
25
29
14
15
7
4
1
-18
-24
-21
-39
-53
-32
-18
4
12
19
20
12
-3
-6
-2
-1
7
16
20
3
3
10
23
34
48
55
40
23
25
30
34
41
54
66
46
35
14
-6
-13
-28
-36
-31
-5
19
37
39
32
12
-12
-9
-3
2
-3
-8
-14
1
40
54
48
59
67
63
44
37
42
41
34
44
38
16
4
4
6
23
21
31
29
1
-23
-45
-45
-27
-5
12
36
35
29
26
15
15
4
7
18
2
6
-3
9
20
13
22
14
-11
-16
-40
-61
-48
-31
-7
4
14
22
28
29
43
53
67
78
60
42
23
0
3
8
12
27
25
13
5
6
10
6
-5
-26
-41
-88
-110
-97
-90
-87
-85
-80
-96
-110
-124
-152
-192
-190
-187
-180
-159
-136
-126
-144
-127
-113
-120
-104
-90
-63
-35
-33
-28
-34
-40
-27
-12
0
2
6
-3
12
23
26
46
41
31
20
33
35
54
96
124
114
90
71
62
55
60
88
102
102
107
116
106
93
86
96
103
113
113
112
111
100
79
67
48
37
43
34
42
44
37
34
22
21
10
-6
-11
-2
-14
5
11
-1
8
9
15
2
4
0
-20
-24
-18
6
20
22
30
37
53
54
50
56
47
22
-3
-10
-12
-9
-8
-5
-13
-13
-8
-20
-34
-28
5
5
10
39
48
20
25
21
13
5
-27
-42
-55
-66
-74
-69
-62
-54
-55
-53
-63
-84
-97
-100
-83
-75
-72
-85
-102
-117
-120
-123
-117
-84
-63
-48
-41
-31
-33
-47
-54
-79
-74
-46
-31
-48
-27
-26
-17
4
-3
10
0
-25
-32
-12
-4
14
13
12
12
22
34
-1
-24
-36
-39
-33
-14
3
18
40
56
63
70
82
84
82
85
85
55
38
25
0
-12
-30
-48
-44
-25
5
36
47
68
61
46
59
59
65
55
54
52
37
42
80
87
82
79
60
48
56
74
76
83
89
95
96
63
42
34
30
18
20
10
-22
-49
-53
-65
-42
-6
-4
37
55
58
69
49
14
-5
-11
3
-1
0
9
3
-22
-41
-53
-42
-34
-41
-39
-41
-39
-49
-53
-52
-30
-20
-10
-20
-41
-63
-83
-81
-60
-30
-24
-18
-16
-34
-40
-21
-2
1
-5
-3
-11
-31
-32
-30
-45
-42
-36
-25
-4
-3
10
2
-1
1
-3
0
-5
-2
1
-7
-6
-14
-21
-13
-3
-6
4
-4
-17
-11
-27
-67
-91
-92
-117
-108
-90
-77
-62
-60
-52
-39
-22
-12
0
13
13
-1
-3
-7
-8
-10
-3
29
58
78
78
64
53
36
27
19
33
33
18
18
19
30
33
50
76
97
103
97
70
36
13
-1
2
-12
-18
-22
-52
-54
-49
-38
-19
4
25
38
45
52
43
22
12
7
2
14
22
48
62
74
58
50
68
72
77
111
151
168
164
138
136
123
116
113
106
84
59
48
36
35
42
56
75
79
78
62
31
-18
-47
-47
-54
-75
-101
-121
-135
-129
-125
-120
-121
-134
-142
-177
-184
-181
-172
-158
-163
-165
-169
-172
-178
-162
-165
-178
-172
-159
-148
-112
-96
-81
-78
-94
-96
-85
-70
-47
-10
0
20
45
47
67
89
93
98
104
107
116
99
61
47
39
57
71
70
75
82
69
44
41
47
51
47
51
46
41
12
-15
-18
-12
13
18
18
33
18
-9
-11
6
0
17
31
48
64
50
29
6
-13
-27
-26
-23
-24
-20
-27
-41
-51
-43
-21
8
36
55
39
17
3
-15
-23
-17
14
28
46
50
66
75
92
121
132
157
153
126
115
95
85
82
94
117
106
92
79
63
74
73
77
102
103
93
91
86
85
82
86
85
84
69
42
27
2
-30
-50
-52
-79
-83
-79
-78
-78
-101
-122
-148
-152
-168
-173
-157
-161
-160
-168
-173
-167
-163
-158
-152
-150
-156
-158
-149
-154
-139
-107
-76
-53
-39
-37
-41
-49
-53
-57
-69
-69
-64
-51
-45
-40
-30
-20
-18
-21
-18
2
44
66
89
97
91
74
62
66
77
76
74
78
85
99
122
135
129
143
141
126
108
82
53
34
34
43
42
28
39
44
6
-12
-20
-24
-12
-1
16
-4
-33
-37
-60
-84
-83
-74
-81
-64
-62
-61
-59
-66
-68
-79
-105
-115
-113
-129
-128
-105
-78
-82
-88
-87
-109
-107
-89
-64
-34
-21
-9
-9
-15
-29
-17
4
15
38
53
60
58
59
71
99
115
135
158
150
159
176
179
189
184
188
181
185
199
194
212
214
203
194
182
178
157
148
143
138
126
111
107
104
84
24
-23
-26
-30
-26
-16
-12
-35
-51
-65
-80
-79
-66
-71
-77
-73
-92
-120
-152
-166
-174
-177
-175
-171
-166
-157
-146
-143
-135
-133
-153
-165
-161
-158
-126
-87
-65
-42
-42
-42
-59
-69
-69
-53
-29
-3
14
10
18
20
22
32
38
23
-3
-18
-15
-16
1
16
-3
-15
-30
-34
-40
-20
8
18
24
32
10
-24
-54
-72
-59
-35
-9
-16
-14
-8
-7
5
17
20
-3
-21
-38
-36
-25
6
39
59
75
67
48
24
-3
-17
-37
-51
-25
-7
5
40
68
65
59
74
82
76
72
60
49
24
17
-3
-16
6
17
2
0
14
2
-30
-47
-41
-22
4
19
39
24
6
-6
-18
10
35
43
45
37
23
12
14
38
50
64
84
100
110
110
104
98
89
90
100
112
120
114
120
115
104
102
115
129
109
99
81
44
33
27
12
18
38
30
36
42
28
15
10
4
-4
-14
-51
-74
-69
-64
-60
-50
-60
-86
-88
-81
-80
-88
-114
-141
-154
-154
-164
-161
-176
-174
-171
-165
-138
-116
-91
-90
-106
-119
-122
-137
-137
-121
-108
-95
-91
-91
-101
-110
-110
-80
-59
-43
-19
-14
-19
-36
-42
-38
-31
-19
-6
19
25
20
22
32
47
64
95
107
121
127
108
100
92
90
101
107
119
136
142
139
123
119
122
127
116
111
113
90
67
48
29
27
20
6
27
47
42
22
3
-28
-39
-50
-59
-47
-34
-29
-46
-60
-73
-71
-81
-66
-31
-17
-11
-8
-19
-36
-35
-28
-20
-3
-4
3
7
-5
8
9
16
31
31
33
33
22
25
34
26
36
66
69
71
92
85
64
58
35
15
10
6
11
20
35
28
18
26
34
40
43
49
39
42
26
23
23
30
47
40
34
16
1
-22
-36
-46
-52
-58
-45
-51
-60
-57
-57
-49
-52
-64
-79
-98
-114
-119
-108
-92
-81
-68
-55
-57
-65
-72
