SAMPLES:	9923
BITSPERSAMPLE:	16
CHANNELS:	1
SAMPLERATE:	16000
NORMALIZED:	FALSE
-6
-7
-6
-6
-5
-6
-6
-5
-6
-4
-5
-5
-3
-2
-3
-2
-1
-1
-1
0
-1
-1
0
1
1
1
1
2
3
3
3
5
7
5
5
4
3
2
3
4
3
4
5
3
2
2
1
-1
-1
-3
-2
-4
-5
-3
-2
1
4
3
1
-4
-5
-5
-3
-2
-2
-3
-7
-8
-5
-3
-1
0
1
-2
-3
-4
-5
-1
2
4
3
0
-2
-3
-1
3
5
4
2
0
-1
-1
0
3
5
7
6
5
1
2
3
3
5
7
5
3
2
1
0
3
4
3
1
2
1
-1
1
2
1
1
0
-1
-1
-2
-3
-1
-3
-3
-2
-3
-4
-3
-3
-3
-2
-2
0
1
1
1
1
0
1
0
1
2
3
4
4
2
1
0
0
0
1
1
2
1
3
3
3
3
3
3
3
1
1
1
-3
-1
-1
-1
1
1
0
-2
-3
-3
-1
-1
-1
-1
-2
-3
-2
-1
-3
-3
-3
-4
-3
-4
-5
-4
-5
-6
-5
-5
-7
-7
-6
-6
-5
-5
-5
-4
-4
-4
-3
-5
-5
-4
-5
-5
-4
-3
-1
1
2
1
1
0
2
4
5
5
3
2
2
3
3
5
5
5
5
3
3
4
3
4
4
4
4
4
2
2
2
1
2
3
4
3
2
1
0
0
0
-1
-2
-3
-3
-4
-3
-3
-3
-3
-3
-3
-4
-2
-3
-3
-2
-3
-2
0
0
1
1
1
1
0
0
3
3
5
6
5
5
4
4
6
5
6
6
7
6
5
6
6
7
6
5
4
2
3
2
0
2
2
3
3
0
0
0
-1
0
-1
0
0
-4
-4
-6
-7
-7
-4
-5
-4
-5
-5
-5
-6
-5
-3
-4
-4
-5
-5
-3
-4
-3
-3
-3
0
1
2
2
1
1
1
1
1
2
1
1
0
3
3
4
5
4
4
2
3
5
5
7
6
5
3
5
4
4
3
0
-1
-1
-3
-1
-2
-2
-2
-3
-3
-3
-5
-1
-3
-3
-2
-4
-4
-6
-5
-4
-4
-2
-2
-5
-4
-4
-5
-3
-3
-3
-5
-5
-5
-5
-5
-4
-2
-2
-3
-3
-4
-4
-3
-2
-1
-1
-2
-2
-3
-1
0
1
3
3
5
3
1
1
2
2
3
3
4
4
3
2
2
2
4
6
5
2
1
1
-1
1
5
6
5
3
1
-1
-1
4
8
8
5
4
1
-4
-6
-5
-1
-3
1
3
2
0
-2
-1
1
2
2
0
-4
-6
-8
-3
-1
1
2
-1
-4
-8
-6
-1
0
4
4
1
-5
-7
-6
2
9
8
-2
-11
-13
-9
1
10
10
4
-4
-4
0
9
12
7
6
2
-1
1
6
6
5
-1
-2
1
1
3
2
3
-2
-5
-7
-5
-2
-2
-5
-8
-9
-4
-1
4
4
-3
-7
-17
-16
-8
0
11
6
-1
-8
-7
2
6
13
15
3
-9
-15
-12
1
7
10
6
-6
-10
-10
1
13
12
13
3
-1
-2
-2
10
13
13
8
-1
-2
-5
-1
6
11
11
5
-4
-7
-6
1
6
9
9
0
-5
-6
0
9
9
2
-8
-15
-10
-2
9
14
10
2
-4
-5
-1
-1
1
0
-1
1
1
-1
2
0
-1
-3
-2
-6
-12
-13
-5
4
3
-1
-4
1
-2
-4
0
0
1
-9
-12
-5
0
0
-7
-9
-3
-3
1
5
-1
1
-9
-9
-2
-1
11
3
5
3
-7
1
-1
2
4
-5
3
6
11
12
5
1
-4
-9
-4
-3
3
0
-3
-1
-2
3
2
3
3
-1
4
-2
-4
-5
-4
7
4
9
4
1
1
-2
0
5
5
8
10
16
18
8
9
7
10
15
10
7
-11
-19
-15
-3
16
8
0
-9
-17
-10
-15
-4
6
6
1
-13
-11
-15
-14
3
3
6
-8
-25
-22
-23
-7
3
3
2
-18
-17
-16
-5
2
-3
-2
-14
-25
-29
-31
-19
-13
-5
2
-8
1
11
20
29
2
-5
-27
-47
-30
-31
40
129
189
228
139
49
-24
-70
5
59
85
31
-118
-203
-193
-93
60
134
128
53
-53
-80
-49
30
110
117
77
-13
-108
-145
-117
-55
8
16
-31
-94
-139
-123
-52
28
72
60
17
-16
-20
16
54
67
44
-15
-72
-90
-52
-19
-7
-36
-74
-91
-91
-19
52
98
89
30
7
16
54
96
101
77
14
-40
-43
-41
-23
-2
4
-2
-17
-19
-2
28
71
110
117
80
32
9
22
65
74
45
5
-38
-54
-36
-2
26
13
-21
-50
-46
-15
5
24
31
33
37
21
14
1
-16
-16
-9
-4
-21
-42
-50
-39
-22
-13
-10
-21
-22
-25
-17
-4
-2
-2
-19
-27
-19
-14
-6
-6
-20
-43
-67
-72
-57
-25
-2
-2
-15
-43
-62
-45
7
49
59
29
18
10
0
25
34
50
38
-12
-29
-54
-48
-15
15
63
87
137
178
166
109
43
22
7
9
22
5
-42
-137
-162
-113
-23
71
87
59
5
-45
-31
5
67
81
34
-14
-75
-110
-101
-68
1
33
21
-16
-64
-74
-66
-39
-20
-42
-68
-113
-133
-101
-71
-31
-24
-47
-68
-80
-54
-30
-15
-24
-32
-29
-24
14
58
90
81
50
4
-32
-1
57
127
131
55
-9
-45
-4
58
153
342
419
389
251
97
40
-30
39
183
202
120
-132
-315
-307
-173
72
219
218
89
-118
-169
-71
89
215
236
133
-37
-193
-258
-213
-114
-26
-26
-125
-234
-317
-296
-158
-8
63
52
109
117
87
9
-52
-74
-171
-213
-204
-257
-307
-424
-426
-259
-102
50
111
137
131
26
46
75
123
131
70
51
-31
-75
-68
-53
3
20
10
-8
6
50
96
152
190
328
584
826
858
561
193
-42
-102
13
169
216
-20
-441
-694
-593
-185
229
413
409
233
28
-46
44
277
402
373
164
-143
-432
-557
-455
-265
-115
-140
-317
-483
-500
-262
-22
283
401
246
-74
-421
-367
-176
-72
-20
-255
-512
-732
-809
-492
-125
109
79
-200
-302
-347
-166
66
184
206
17
-2
31
82
230
255
321
234
117
95
49
73
181
204
640
1120
1302
1232
689
355
83
-15
384
508
334
-187
-883
-976
-606
-44
491
559
412
36
-230
-17
269
522
516
294
-96
-471
-699
-618
-431
-222
-159
-345
-543
-656
-599
-376
3
298
330
135
-176
-359
-398
-327
-225
-266
-452
-808
-1177
-1229
-948
-506
-89
80
57
-106
-136
-24
217
443
502
367
189
60
-11
-34
26
131
208
213
67
74
100
302
428
1140
1946
2398
2129
1255
628
240
140
462
531
343
-452
-1394
-1609
-1137
-320
443
605
626
219
-35
0
267
732
883
774
287
-313
-803
-1038
-893
-585
-527
-732
-1056
-1263
-1148
-766
-160
308
375
116
-376
-622
-675
-497
-210
-206
-488
-1116
-1654
-1701
-1354
-751
-384
-388
-661
-970
-811
-249
498
836
712
176
-237
-424
-134
415
857
1121
1192
974
1153
2342
3483
3912
2675
1043
26
-498
-13
806
1040
325
-1409
-2526
-1881
-252
1318
1894
1410
661
-420
-480
172
1063
1374
854
11
-909
-1631
-1738
-1146
-411
300
295
-502
-1334
-1893
-1399
-441
202
400
-169
-581
-635
-504
-8
89
-246
-987
-1772
-1791
-1601
-1240
-1089
-1280
-1162
-1087
-789
-326
52
442
368
245
321
131
30
-196
-12
283
329
528
632
997
1213
1461
2844
4080
4460
3023
1069
27
-386
-22
865
1117
352
-1640
-3130
-2482
-604
1389
2152
1608
745
-408
-622
-33
951
1436
968
163
-771
-1584
-1911
-1426
-474
192
40
-769
-1441
-1525
-948
-64
537
544
-14
-579
-789
-694
-497
-512
-782
-1292
-1781
-1929
-1846
-1548
-1101
-715
-510
-536
-725
-509
-168
377
456
265
23
-506
-698
-793
-444
119
420
759
893
916
1055
2471
4308
5381
4330
2007
194
-771
-387
701
1427
701
-1588
-3611
-3582
-1624
679
1981
1926
1238
23
-474
-50
959
1702
1467
701
-516
-1598
-2210
-1901
-986
-48
-19
-809
-1791
-2076
-1600
-513
483
956
569
-222
-826
-865
-349
154
157
-495
-1370
-1999
-2127
-1659
-891
-281
-253
-708
-1164
-1079
-342
431
821
675
365
-159
-413
-395
103
767
1175
1431
1073
692
578
2077
4064
5149
4064
1639
-330
-1096
-444
965
1880
1127
-1159
-3342
-3424
-1512
735
2118
1862
1000
-379
-1044
-621
543
1531
1554
712
-544
-1786
-2428
-1952
-789
201
149
-797
-1719
-1933
-1383
-389
340
501
132
-373
-747
-766
-588
-358
-457
-898
-1352
-1727
-1721
-1553
-1049
-426
-166
-345
-853
-864
-330
233
680
537
222
-391
-743
-488
119
781
1120
1181
1147
974
1861
3635
4953
4677
2709
578
-575
-658
520
1573
1366
-461
-2879
-3507
-2007
215
1825
1839
1191
16
-807
-591
359
1303
1481
789
-224
-1297
-2026
-1924
-1003
-3
178
-589
-1575
-1988
-1700
-737
141
559
124
-638
-1152
-1073
-628
-231
-323
-739
-1262
-1806
-1959
-1664
-901
-296
-152
-420
-875
-989
-676
-27
521
619
264
-482
-1027
-908
-99
777
1399
1579
1463
936
1527
3389
5133
5418
3467
1135
-585
-922
83
1254
1444
-213
-2751
-3742
-2383
42
1820
1949
1289
267
-454
-252
534
1493
1526
953
-138
-1277
-2131
-2310
-1552
-346
166
-398
-1404
-1941
-1656
-826
175
688
325
-540
-935
-773
-319
-159
-376
-808
-1366
-1792
-1886
-1638
-1180
-947
-819
-733
-837
-889
-650
-133
491
632
582
115
-492
-690
-445
324
1094
1369
1398
858
1358
2910
4555
5143
3806
1878
178
-506
142
1159
1411
143
-2159
-3418
-2655
-637
1300
1864
1598
601
-385
-480
92
1096
1385
906
-173
-1397
-2232
-2381
-1755
-672
-44
-415
-1296
-1804
-1535
-583
284
694
277
-539
-904
-819
-288
-109
-379
-969
-1587
-1856
-1721
-1501
-1202
-1108
-978
-653
-497
-419
-402
-186
201
322
413
-40
-619
-1045
-739
95
839
1131
1224
827
1370
3097
4926
5619
4072
2041
307
-230
439
1312
1465
-56
-2453
-3715
-2764
-479
1418
1907
1481
376
-548
-429
415
1649
1789
1116
-161
-1424
-2239
-2365
-1633
-517
-52
-708
-1745
-2191
-1808
-738
302
718
190
-526
-834
-444
180
363
38
-889
-1578
-1902
-1784
-1517
-1401
-1343
-1309
-969
-641
-453
-180
73
303
357
339
103
-395
-624
-284
467
1059
1317
1203
933
1896
3699
5219
5031
3212
1287
136
159
1064
1728
1383
-428
-2699
-3420
-2147
-28
1481
1644
1173
209
-462
-318
498
1350
1517
874
-272
-1515
-2404
-2481
-1721
-637
-329
-1038
-2068
-2378
-1833
-730
273
588
91
-631
-910
-571
-44
-5
-508
-1323
-1841
-1985
-1843
-1531
-1410
-1355
-1333
-991
-661
-293
-8
238
445
379
217
-277
-796
-820
-389
351
869
1154
1012
1146
2559
4258
5350
4473
2809
1143
324
613
1423
1709
692
-1507
-3164
-2942
-1156
796
1571
1474
796
-26
-122
396
1428
1787
1497
580
-588
-1533
-2044
-1771
-977
-241
-393
-1269
-2121
-2289
-1712
-395
923
1401
667
-659
-1396
-1326
-597
179
253
-438
-1767
-2865
-2843
-1852
-631
-80
-351
-793
-1217
-951
-271
545
987
747
102
-794
-1407
-1259
-499
536
1164
1276
750
1230
2945
4937
5619
4182
2167
412
35
978
2015
1864
-91
-2760
-3860
-2676
-360
1306
1400
806
-114
-451
107
1118
2003
2068
1502
504
-667
-1671
-2026
-1612
-760
-417
-977
-2057
-2538
-2436
-1455
-536
145
158
-251
-332
-254
-147
-273
-568
-695
-986
-1432
-1895
-2287
-2214
-2010
-1628
-1170
-975
-828
-490
70
607
556
339
-121
-505
-532
-365
85
234
390
415
680
2447
4242
5352
4472
2576
1161
470
1119
2165
2360
1172
-1430
-3517
-3338
-1477
707
1552
1180
390
-680
-555
287
1641
2370
2142
1420
239
-811
-1540
-1515
-800
-266
-420
-1355
-2318
-2601
-2124
-928
-11
202
-122
-509
-579
-180
328
592
200
-607
-1273
-1716
-1778
-1790
-1694
-1505
-1368
-1309
-1316
-1052
-337
289
790
872
563
-115
-597
-467
104
746
877
830
449
1355
3057
4662
4742
3241
1481
336
439
1617
2474
2031
-38
-2443
-3242
-1963
94
1375
1156
378
-705
-986
-378
838
1757
1827
1177
234
-582
-1189
-1137
-602
-120
-90
-910
-1843
-2180
-2095
-1435
-917
-563
-756
-1096
-1106
-766
38
571
382
-234
-906
-1333
-1543
-1419
-1157
-1111
-1526
-2038
-2054
-1388
-455
243
379
245
6
-306
-399
-262
117
514
666
902
726
912
2247
3795
4824
3873
2209
708
173
896
1928
2289
1166
-1180
-2917
-2719
-894
905
1411
948
-23
-769
-670
75
1224
1631
1523
809
-15
-749
-1172
-828
-20
392
-22
-1215
-2128
-2318
-1726
-782
-244
-250
-882
-1267
-1051
-323
192
81
-467
-892
-1101
-1062
-1038
-897
-1007
-1362
-1609
-1547
-1119
-645
-350
-26
139
65
-235
-708
-697
-435
277
913
1313
1000
810
2106
3918
5153
4410
2658
1004
116
505
1697
2357
1284
-1311
-3281
-2880
-827
1082
1501
879
-117
-1010
-766
176
1441
1795
1429
811
82
-587
-1110
-914
-214
278
81
-777
-1742
-2228
-2026
-1112
-430
-387
-1035
-1532
-1253
-610
16
72
-264
-736
-1182
-1239
-1023
-874
-873
-1259
-1553
-1655
-1516
-1037
-449
21
174
-19
-249
-540
-431
-165
285
624
866
942
906
2123
3590
4694
4229
2709
1263
448
672
1675
2155
1286
-942
-2810
-2798
-1047
805
1548
1059
-11
-1024
-993
-13
1308
1815
1527
843
107
-439
-811
-566
7
393
154
-603
-1495
-2044
-2001
-1220
-454
-229
-813
-1476
-1556
-1051
-353
47
-46
-559
-1150
-1408
-1252
-924
-804
-922
-1111
-1318
-1464
-1360
-913
-305
127
137
-65
-533
-683
-497
-4
570
914
1050
1112
2204
3402
4264
3609
2345
1229
789
1180
1973
2119
1035
-1068
-2533
-2196
-517
1009
1260
558
-384
-1151
-910
-85
1020
1435
1205
603
-4
-300
-392
-28
626
941
597
-283
-1066
-1479
-1390
-898
-735
-942
-1567
-1715
-1448
-829
-371
-280
-414
-737
-872
-714
-362
-146
-453
-904
-1275
-1278
-1047
-675
-366
-189
-338
-570
-686
-827
-607
-356
157
379
695
678
1342
2845
4261
4516
3341
1812
693
349
1063
2081
2021
332
-2145
-3458
-2529
-465
1107
1293
428
-736
-1513
-1129
56
1260
1569
1171
330
-356
-848
-722
-41
891
1018
401
-649
-1265
-1323
-913
-415
-335
-779
-1434
-1758
-1566
-1022
-574
-508
-788
-988
-1124
-1148
-922
-592
-240
-159
-457
-797
-949
-614
-222
55
10
-257
-725
-1123
-1110
-607
-10
478
791
906
1800
3081
4076
3963
2993
1840
1025
815
1465
2037
1543
-337
-2534
-3222
-1966
-130
906
669
-222
-1258
-1415
-601
712
1462
1394
910
292
31
-325
-187
270
888
1005
444
-346
-878
-1038
-663
-188
-59
-748
-1384
-1553
-1166
-737
-547
-597
-825
-934
-898
-752
-597
-501
-551
-449
-339
-398
-452
-194
235
409
175
-152
-583
-767
-666
-318
-29
338
421
1074
2504
3791
3848
2786
1806
1441
1356
1669
2170
1900
392
-1766
-2899
-2131
-623
346
127
-544
-1455
-1942
-1560
-370
705
888
608
148
-31
-260
-184
253
868
950
491
-327
-820
-941
-760
-476
-350
-661
-1334
-1765
-1618
-1075
-691
-600
-866
-1122
-1241
-1162
-893
-459
-216
-227
-405
-620
-770
-416
196
608
504
3
-498
-805
-529
56
401
541
417
613
1753
3271
3845
3119
2026
1389
1245
1451
1986
2157
1267
-519
-2130
-2147
-999
113
399
-118
-933
-1786
-1913
-1143
44
592
412
-104
-385
-351
-249
133
682
1007
860
416
11
-251
-321
-202
-142
-452
-973
-1354
-1368
-1248
-1134
-1104
-1113
-1239
-1140
-1118
-929
-765
-620
-405
-149
-44
-137
-126
184
512
687
567
183
-214
-391
-59
267
393
211
204
1352
3037
3902
3211
1870
1077
1115
1541
2418
2770
1869
-121
-1978
-2066
-680
603
791
53
-952
-1925
-2217
-1504
-221
389
177
-688
-1179
-1092
-717
-113
691
1159
884
160
-250
-183
103
309
333
-42
-864
-1651
-1922
-1442
-917
-836
-1187
-1631
-1865
-1910
-1589
-972
-496
-382
-572
-623
-474
-135
399
898
1155
891
301
-230
-394
-33
321
644
417
498
1332
2602
3161
2539
1579
1211
1399
1966
2475
2343
1227
-565
-1607
-1103
220
911
330
-569
-1284
-1571
-1511
-939
-254
-84
-472
-1121
-1381
-1301
-869
-161
577
870
418
-265
-373
73
610
755
591
-13
-795
-1375
-1368
-904
-638
-903
-1364
-1742
-1948
-1960
-1651
-1091
-603
-499
-635
-809
-822
-314
434
1183
1553
1252
614
49
143
702
1148
1214
881
941
1799
2696
2782
2021
1223
1062
1308
1955
2446
2144
834
-752
-1319
-420
727
1034
352
-563
-1168
-1337
-1108
-482
-199
-303
-707
-1087
-1339
-1531
-1358
-638
171
510
85
-424
-483
-64
492
844
690
160
-535
-1024
-996
-838
-765
-1017
-1397
-1722
-2014
-2114
-1939
-1462
-1013
-726
-709
-897
-879
-518
249
1147
1656
1495
899
490
575
1062
1453
1434
1128
1287
2078
2672
2471
1579
954
851
1256
1934
2232
1762
350
-1101
-1363
-242
953
1091
247
-665
-1255
-1350
-962
-395
-54
-216
-774
-1252
-1387
-1404
-1324
-871
-238
-18
-398
-902
-916
-256
461
773
571
162
-287
-634
-595
-293
-261
-762
-1468
-1823
-1945
-1903
-1900
-1742
-1374
-1160
-1257
-1330
-1017
-404
328
921
1338
1384
995
564
721
1295
1846
1893
1584
1888
2531
2804
2220
1301
1019
1054
1349
1708
1844
1441
244
-863
-911
192
1116
915
11
-662
-883
-881
-575
-186
-87
-434
-1087
-1459
-1493
-1329
-1167
-819
-398
-298
-689
-1034
-855
-191
496
653
235
-313
-627
-525
-179
114
-194
-927
-1586
-1829
-1635
-1385
-1401
-1633
-1872
-1821
-1631
-1393
-945
-386
117
550
897
1151
1192
1124
1275
1621
1985
1936
1972
2543
3174
3071
2058
1151
1028
1335
1658
1760
1567
800
-272
-926
-328
855
1302
628
-503
-1080
-964
-628
-232
-115
-241
-722
-1291
-1613
-1555
-1247
-995
-713
-563
-705
-1111
-1249
-854
-60
516
345
-234
-709
-764
-508
-147
24
-226
-885
-1536
-1698
-1452
-1157
-1219
-1615
-1801
-1824
-1715
-1565
-1121
-518
-17
331
471
659
910
1189
1572
1971
2214
1957
1835
2352
3171
3341
2358
1189
688
990
1621
1898
1696
896
-220
-977
-602
532
1277
847
-302
-1045
-1030
-539
-160
-32
-102
-446
-944
-1457
-1621
-1390
-1017
-746
-592
-699
-957
-1193
-1120
-625
110
395
154
-233
-425
-392
-343
-298
-194
-301
-664
-1232
-1607
-1577
-1389
-1271
-1157
-1126
-1225
-1491
-1519
-1020
-239
385
628
606
585
819
1290
1724
2050
2058
1990
2329
2876
3262
2759
1715
1077
1049
1536
1952
1851
1239
226
-623
-734
-31
821
1002
197
-772
-1228
-947
-397
-130
-111
-362
-691
-1201
-1598
-1560
-1132
-740
-693
-847
-1039
-1198
-1234
-1006
-342
302
411
-100
-606
-652
-369
-5
39
-205
-686
-1267
-1637
-1654
-1355
-1081
-1095
-1385
-1733
-1888
-1688
-1172
-496
101
353
334
222
363
927
1651
2278
2376
2234
2275
2649
3105
2993
2346
1709
1382
1541
1810
1844
1477
779
-7
-432
-208
346
617
140
-697
-1244
-1216
-825
-577
-531
-616
-763
-1021
-1353
-1461
-1252
-849
-581
-625
-821
-963
-1056
-991
-666
-223
65
-47
-404
-720
-753
-447
-188
-97
-386
-855
-1342
-1572
-1485
-1156
-872
-890
-1209
-1638
-1784
-1482
-778
-47
329
255
160
216
646
1315
2015
2466
2473
2451
2681
3052
3147
2673
2097
1757
1856
2216
2226
1856
1161
481
90
99
450
690
425
-274
-999
-1301
-1048
-734
-613
-614
-769
-994
-1288
-1442
-1374
-1113
-828
-727
-791
-938
-1078
-1148
-939
-523
-237
-200
-454
-660
-720
-579
-345
-259
-264
-602
-994
-1288
-1370
-1212
-1053
-1002
-1222
-1552
-1776
-1672
-1245
-584
-116
-31
-206
-297
20
696
1516
1995
2073
2099
2358
2889
3231
2986
2448
2050
2080
2366
2478
2188
1547
896
443
353
534
723
520
-55
-672
-1011
-950
-817
-782
-853
-954
-1093
-1294
-1494
-1523
-1284
-897
-612
-618
-861
-1102
-1152
-917
-556
-282
-170
-278
-421
-602
-646
-496
-291
-177
-275
-612
-1095
-1380
-1327
-1068
-781
-793
-1085
-1514
-1736
-1457
-891
-367
-164
-245
-370
-261
161
699
1301
1721
1933
2273
2687
3009
2935
2524
2283
2382
2704
2819
2507
1911
1313
942
809
900
971
804
302
-327
-823
-918
-740
-666
-775
-1030
-1235
-1379
-1410
-1344
-1190
-967
-788
-767
-896
-1059
-1180
-1051
-739
-532
-397
-395
-498
-584
-656
-608
-439
-222
-123
-307
-687
-1034
-1191
-1122
-915
-833
-985
-1365
-1598
-1446
-1065
-604
-418
-472
-567
-503
-199
185
593
904
1164
1571
2199
2734
2737
2378
2074
2137
2571
2923
2888
2465
1861
1324
1092
1109
1175
1175
850
261
-362
-808
-913
-869
-804
-908
-1156
-1357
-1569
-1622
-1545
-1292
-998
-882
-993
-1214
-1356
-1260
-997
-762
-570
-529
-529
-567
-634
-535
-331
-73
3
-132
-378
-647
-728
-683
-543
-570
-788
-1097
-1208
-1039
-789
-622
-625
-711
-656
-506
-304
-100
99
391
762
1190
1625
2031
2163
2039
2012
2204
2484
2760
2802
2637
2366
1999
1647
1481
1451
1424
1246
831
263
-290
-604
-682
-657
-774
-952
-1191
-1417
-1500
-1473
-1315
-1175
-1060
-1119
-1224
-1297
-1291
-1184
-995
-812
-680
-597
-630
-716
-701
-508
-183
89
122
-69
-333
-540
-547
-389
-301
-334
-588
-870
-919
-769
-599
-535
-585
-589
-532
-476
-362
-278
-96
208
528
904
1217
1485
1602
1658
1821
1970
2129
2268
2406
2494
2400
2061
1634
1314
1236
1351
1348
1097
555
-37
-450
-586
-525
-510
-597
-854
-1129
-1287
-1328
-1229
-1119
-1115
-1192
-1295
-1393
-1454
-1398
-1268
-1107
-1024
-1040
-1122
-1092
-829
-443
-106
-60
-280
-449
-442
-276
-107
-47
-168
-466
-728
-730
-467
-189
-118
-290
-448
-490
-477
-401
-252
-161
-41
128
272
504
771
1088
1326
1426
1441
1405
1539
1870
2203
2356
2142
1711
1275
1133
1311
1590
1692
1342
692
59
-273
-238
-47
70
-95
-471
-838
-1050
-1038
-920
-802
-804
-918
-1121
-1331
-1458
-1415
-1271
-1088
-1039
-1177
-1307
-1205
-884
-489
-352
-398
-430
-395
-244
-80
-37
-105
-204
-291
-262
-132
-49
-21
-73
-119
-113
-131
-141
-141
-75
9
65
49
44
74
178
381
710
1057
1231
1138
965
933
1108
1373
1503
1409
1101
848
700
790
1009
1178
1106
780
419
165
107
181
337
364
224
-71
-363
-570
-640
-587
-543
-571
-708
-962
-1230
-1390
-1385
-1254
-1095
-933
-878
-894
-951
-956
-784
-468
-183
-100
-265
-498
-594
-491
-214
43
201
135
-71
-206
-174
-33
105
152
97
33
-52
-108
-163
-111
29
95
115
121
96
162
356
584
830
879
719
485
347
374
567
774
825
731
537
387
457
678
889
950
864
698
617
603
593
591
495
392
231
44
-190
-359
-473
-532
-588
-688
-822
-933
-856
-743
-715
-764
-812
-705
-521
-439
-427
-470
-513
-485
-358
-235
-144
-137
-192
-185
-124
-62
-17
3
4
-17
-39
-59
-113
-120
-92
-96
-148
-164
-168
-146
-38
57
144
174
164
100
47
128
284
370
353
271
160
90
108
245
418
526
534
517
575
688
837
907
885
862
781
751
716
632
481
321
134
-23
-125
-182
-155
-171
-213
-344
-405
-332
-257
-222
-252
-309
-358
-367
-341
-267
-223
-221
-212
-253
-311
-350
-377
-325
-290
-321
-348
-418
-503
-536
-538
-511
-491
-509
-532
-574
-593
-572
-566
-495
-472
-514
-553
-552
-505
-424
-350
-284
-219
-193
-136
-47
49
135
197
263
367
496
653
765
776
713
665
724
907
1012
975
828
636
566
623
725
789
792
703
570
485
506
513
443
385
284
193
166
143
157
135
138
169
114
36
-18
-59
-61
-42
-113
-205
-310
-430
-532
-583
-603
-631
-686
-725
-743
-745
-754
-785
-767
-733
-732
-793
-851
-851
-803
-746
-695
-621
-585
-573
-532
-460
-343
-281
-202
-97
49
226
326
372
392
367
436
613
755
776
641
505
421
413
506
652
747
697
550
508
618
726
767
722
623
548
536
597
666
669
624
567
512
430
364
335
316
306
223
90
-37
-166
-271
-319
-298
-302
-350
-459
-568
-618
-604
-610
-643
-659
-724
-780
-851
-907
-869
-824
-813
-744
-713
-739
-763
-761
-709
-629
-583
-542
-510
-451
-344
-249
-185
-150
-105
21
191
278
274
175
89
97
179
328
452
464
405
317
329
448
540
549
502
467
438
435
429
488
563
600
590
595
602
628
716
765
768
732
616
521
499
502
509
439
386
280
152
121
106
86
43
-38
-119
-227
-295
-334
-379
-377
-356
-390
-478
-530
-565
-546
-510
-513
-517
-562
-610
-605
-537
-458
-409
-391
-382
-317
-243
-185
-174
-219
-287
-319
-278
-236
-190
-153
-164
-180
-125
-55
-48
-80
-157
-161
-146
-140
-83
-54
-23
43
84
132
118
96
185
268
328
334
279
242
237
259
301
316
330
383
417
431
463
510
546
540
503
435
405
370
334
357
377
368
297
204
120
77
80
83
74
41
-34
-90
-102
-106
-88
-101
-112
-103
-129
-181
-236
-307
-321
-303
-260
-194
-196
-216
-248
-305
-359
-372
-390
-447
-511
-574
-598
-606
-621
-634
-611
-595
-562
-535
-510
-501
-480
-428
-346
-297
-332
-340
-283
-216
-165
-140
-94
-51
2
100
173
256
339
394
415
454
502
508
513
530
568
619
619
618
604
600
653
715
763
781
765
718
683
666
639
654
629
575
526
420
332
271
220
217
248
253
227
171
130
83
64
76
38
-13
-130
-283
-410
-493
-522
-529
-560
-630
-688
-728
-751
-750
-748
-740
-752
-744
-750
-772
-790
-798
-811
-844
-801
-732
-658
-577
-525
-461
-419
-379
-303
-213
-89
25
96
101
108
130
181
231
281
332
376
418
486
568
597
603
599
598
621
650
656
680
625
591
566
552
573
628
680
729
727
694
673
641
653
687
696
650
545
382
264
207
193
173
142
30
-120
-245
-344
-370
-411
-438
-472
-536
-571
-631
-701
-735
-796
-841
-881
-939
-946
-963
-953
-917
-875
-827
-793
-749
-684
-629
-551
-514
-486
-473
-483
-450
-421
-349
-245
-191
-149
-94
-55
-5
51
94
135
192
269
342
377
371
344
316
307
365
457
513
542
569
600
634
721
813
858
862
851
805
759
715
691
709
745
799
747
649
584
535
517
499
429
310
238
168
117
90
24
-44
-115
-181
-203
-279
-354
-361
-371
-402
-454
-499
-510
-482
-460
-480
-530
-577
-577
-635
-656
-652
-645
-610
-573
-537
-542
-520
-483
-446
-417
-405
-379
-329
-313
-311
-336
-364
-364
-345
-265
-191
-130
-71
-27
19
82
169
234
270
293
331
381
454
493
513
518
523
507
450
451
449
449
482
518
502
481
462
451
437
409
358
295
281
277
282
246
216
239
239
203
162
120
69
68
82
46
7
-44
-126
-184
-213
-223
-218
-216
-232
-255
-322
-377
-395
-420
-432
-432
-425
-443
-455
-496
-518
-534
-574
-558
-523
-525
-542
-558
-533
-442
-383
-324
-287
-283
-261
-217
-155
-110
-52
-24
-5
31
69
92
130
181
199
214
212
228
263
309
340
324
311
328
364
398
421
410
377
402
432
461
499
512
509
480
447
404
344
308
300
326
347
341
313
268
278
294
280
257
222
175
156
114
61
31
2
-20
-32
-63
-102
-131
-170
-198
-222
-279
-337
-363
-340
-337
-357
-363
-370
-403
-388
-348
-342
-327
-345
-368
-358
-332
-318
-301
-271
-288
-304
-344
-362
-339
-342
-333
-323
-316
-262
-213
-198
-167
-143
-93
-45
-32
-33
-23
0
58
89
133
128
99
142
192
227
273
289
325
369
382
408
412
407
419
460
468
472
456
400
386
365
356
355
296
264
249
215
228
215
211
201
121
68
8
-45
-48
-15
13
37
57
40
-9
-57
-69
-93
-159
-189
-210
-235
-270
-302
-314
-335
-369
-384
-362
-365
-396
-446
-459
-447
-405
-314
-284
-270
-276
-289
-287
-269
-264
-278
-299
-310
-272
-220
-176
-125
-54
-25
26
63
87
102
108
122
164
196
201
210
193
183
180
216
238
239
253
258
259
239
228
239
255
234
227
252
252
258
290
317
302
285
273
269
264
281
273
232
224
190
171
136
70
46
32
2
1
11
-13
-47
-69
-82
-83
-87
-93
-112
-152
-191
-201
-172
-167
-177
-195
-220
-239
-290
-307
-324
-331
-316
-280
-234
-207
-217
-215
-219
-226
-213
-192
-177
-205
-205
-205
-200
-188
-173
-152
-147
-130
-98
-107
-93
-83
-97
-98
-75
-32
-5
14
29
55
48
43
97
168
195
211
225
222
261
306
272
253
239
239
247
247
273
264
245
243
265
305
329
332
325
309
266
231
231
247
255
241
218
155
130
86
44
41
41
27
-23
-25
-28
-39
-42
-43
-63
-87
-82
-87
-122
-137
-146
-194
-196
-187
-218
-250
-281
-339
-360
-372
-370
-344
-320
-320
-324
-323
-305
-271
-256
-226
-205
-188
-215
-222
-189
-172
-147
-112
-108
-76
-86
-98
-52
-18
29
50
59
70
86
139
197
234
261
277
305
318
347
360
385
355
310
297
269
258
263
300
334
367
347
330
320
305
292
296
303
278
239
199
168
135
102
72
75
68
58
23
-37
-90
-126
-184
-254
-306
-305
-270
-314
-326
-343
-384
-427
-426
-382
-373
-372
-413
-457
-479
-464
-449
-406
-344
-303
-332
-359
-373
-374
-341
-312
-263
-212
-152
-99
-37
17
52
89
104
155
181
202
225
205
185
180
186
205
256
293
339
349
340
307
294
324
348
369
385
359
345
323
302
312
301
304
288
249
182
126
107
103
93
79
60
61
43
20
2
-51
-108
-167
-193
-188
-179
-191
-196
-223
-266
-292
-289
-253
-262
-303
-299
-327
-339
-320
-289
-249
-119
96
212
33
-234
-298
-172
-92
-127
-41
91
-4
-267
-371
-157
157
248
110
32
16
-24
-146
-80
305
592
493
190
74
117
30
-69
104
348
313
-16
-246
-105
163
182
86
119
229
146
-58
-113
40
179
186
195
236
218
99
38
64
205
311
269
153
112
52
-91
-190
-152
-50
-18
-70
-100
-136
-191
-214
-185
-105
-19
46
34
28
30
20
13
63
187
257
242
160
78
-16
-62
-43
-28
-5
26
-14
-150
-242
-282
-295
-268
-252
-196
-195
-258
-268
-295
-339
-302
-225
-198
-165
-123
-124
-162
-169
-135
-97
-71
-21
-26
-72
-109
-116
-153
-122
-49
-58
-60
-104
-156
-190
-206
-199
-142
-63
2
22
19
22
35
43
112
206
252
278
272
284
321
374
423
478
499
505
501
489
460
434
442
460
488
478
455
399
319
268
232
241
249
240
222
179
131
101
55
22
52
71
36
-49
-117
-183
-223
-245
-246
-283
-350
-394
-454
-477
-519
-535
-550
-548
-530
-502
-493
-522
-528
-549
-522
-505
-462
-401
-380
-405
-445
-466
-445
-400
-370
-321
-265
-236
-193
-131
-100
-78
-18
111
197
251
288
328
374
422
484
549
544
544
564
568
599
635
648
676
701
704
703
685
685
691
671
628
565
496
453
423
403
361
266
168
75
-25
-88
-120
-132
-157
-199
-272
-347
-391
-442
-501
-521
-515
-514
-541
-590
-636
-666
-680
-649
-600
-582
-607
-663
-726
-740
-725
-701
-635
-574
-547
-554
-583
-592
-531
-440
-376
-286
-226
-208
-197
-171
-116
-8
93
189
274
313
359
416
443
501
563
589
652
693
706
739
745
706
738
781
800
825
810
835
811
762
753
728
722
698
610
549
503
420
346
276
220
162
102
43
12
-7
-75
-153
-217
-288
-324
-364
-409
-446
-485
-527
-558
-586
-587
-562
-554
-587
-600
-620
-658
-668
-661
-643
-609
-598
-603
-566
-574
-584
-552
-532
-496
-442
-399
-353
-324
-271
-187
-102
-55
21
98
118
156
195
234
286
359
404
446
470
451
471
524
543
547
553
573
594
600
591
600
620
597
561
518
493
474
482
455
411
383
326
290
256
223
211
154
74
38
18
1
-39
-66
-90
-118
-194
-275
-327
-368
-376
-370
-367
-362
-353
-400
-449
-455
-470
-479
-467
-453
-436
-425
-437
-465
-460
-453
-433
-426
-420
-395
-403
-430
-436
-410
-350
-310
-270
-213
-160
-123
-83
-41
10
49
63
88
91
100
96
100
128
153
196
230
241
257
252
246
278
301
322
368
406
404
382
384
414
454
481
466
433
394
360
367
375
369
338
332
304
285
269
229
175
131
93
85
87
62
46
33
7
-31
-53
-51
-61
-127
-185
-190
-194
-238
-268
-287
-289
-323
-333
-336
-320
-292
-289
-301
-310
-335
-368
-367
-346
-311
-328
-348
-345
-316
-302
-270
-230
-178
-162
-188
-181
-180
-159
-125
-98
-46
-24
-43
-35
-4
33
69
84
102
149
160
155
158
174
233
257
269
316
346
369
386
384
400
435
433
401
388
395
382
356
343
357
341
338
305
279
271
239
211
185
188
208
189
176
161
134
78
9
-15
-49
-56
-86
-116
-132
-172
-205
-223
-237
-272
-303
-345
-370
-398
-445
-493
-528
-527
-510
-503
-514
-512
-505
-529
-566
-545
-513
-486
-470
-447
-401
-399
-400
-391
-338
-288
-248
-201
-163
-116
-108
-85
-53
-8
47
95
169
220
241
250
269
296
361
460
496
506
522
549
579
581
627
622
596
594
583
571
572
575
573
578
562
532
493
452
431
413
383
358
342
291
235
201
136
110
89
39
11
-29
-93
-144
-206
-291
-327
-336
-382
-386
-384
-417
-437
-456
-483
-491
-503
-531
-556
-568
-578
-583
-572
-558
-506
-491
-471
-461
-462
-421
-412
-406
-371
-330
-308
-276
-249
-200
-151
-128
-109
-64
-16
-9
24
57
78
133
172
187
221
244
246
269
303
332
376
399
437
459
461
468
450
453
463
464
459
460
470
464
426
386
358
351
331
295
255
195
152
127
107
105
56
1
-37
-83
-93
-117
-154
-162
-169
-199
-237
-275
-297
-273
-291
-307
-333
-363
-356
-378
-381
-361
-359
-398
-410
-386
-358
-343
-319
-309
-295
-285
-290
-266
-270
-241
-214
-230
-222
-147
-73
-30
25
78
96
127
180
210
232
257
256
273
285
302
320
313
316
330
345
351
355
386
385
356
370
360
344
339
321
313
318
288
261
252
244
253
249
256
227
163
109
59
43
17
-10
-17
-42
-44
-26
-61
-90
-119
-162
-182
-192
-202
-215
-275
-306
-319
-355
-346
-325
-330
-359
-365
-360
-364
-364
-355
-331
-331
-353
-345
-324
-321
-294
-273
-235
-210
-191
-163
-160
-140
-121
-125
-113
-95
-89
-51
-33
-22
10
54
91
100
115
117
136
121
121
152
151
157
184
216
260
291
305
315
303
279
281
278
276
283
276
271
264
245
236
236
236
220
196
153
130
117
143
130
119
131
105
87
50
22
12
16
1
-18
-15
-30
-60
-87
-101
-116
-135
-129
-117
-101
-133
-148
-155
-153
-158
-174
-171
-162
-135
-135
-144
-185
-215
-220
-229
-226
-223
-209
-194
-159
-132
-118
-108
-108
-93
-83
-76
-50
-30
-22
-7
-3
23
8
15
45
68
97
101
81
76
96
81
114
138
160
171
166
153
146
138
144
164
159
178
162
135
110
133
149
149
148
151
140
98
97
95
80
94
84
70
54
32
11
-20
-31
-62
-65
-60
-61
-65
-100
-125
-136
-148
-136
-136
-133
-130
-140
-164
-185
-190
-201
-217
-215
-188
-175
-173
-181
-178
-159
-161
-171
-169
-136
-131
-121
-109
-109
-71
-62
-51
-66
-57
-43
-47
-44
-42
-27
-3
18
53
81
87
102
109
106
120
111
128
133
152
172
171
173
175
178
198
210
213
232
221
213
206
202
194
182
170
175
173
163
163
130
122
116
104
103
90
87
62
32
22
16
4
-15
-25
-23
-55
-63
-75
-81
-93
-83
-89
-109
-130
-160
-194
-201
-196
-188
-188
-207
-217
-223
-225
-223
-214
-224
-226
-196
-198
-200
-191
-209
-211
-197
-192
-175
-139
-136
-161
-167
-162
-159
-137
-86
-37
1
15
37
53
87
105
106
126
112
105
111
122
172
209
239
266
274
288
277
257
269
264
263
267
277
303
303
299
286
270
258
232
223
225
212
218
221
221
200
159
133
120
84
65
55
31
9
-22
-32
-77
-107
-117
-123
-138
-154
-190
-215
-237
-261
-249
-251
-261
-277
-282
-296
-334
-353
-350
-351
-316
-309
-300
-280
-288
-298
-289
-280
-277
-261
-216
-196
-185
-159
-137
-108
-84
-56
-9
18
33
67
82
95
117
138
174
207
225
237
219
202
224
228
217
241
259
254
243
238
227
234
232
239
246
221
198
165
131
98
102
109
100
105
118
101
76
47
44
52
22
-2
-20
-40
-98
-137
-160
-166
-160
-172
-156
-177
-206
-233
-234
-222
-228
-232
-207
-189
-190
-199
-202
-193
-213
-194
-173
-164
-144
-120
-115
-109
-106
-115
-101
-68
-25
-2
24
28
19
29
61
73
113
141
154
139
123
148
159
173
214
246
273
285
260
256
249
265
259
237
232
205
167
147
162
184
193
189
161
153
132
112
93
71
47
13
-12
-19
8
-16
-62
-75
-74
-78
-81
-88
-103
-115
-135
-173
-196
-190
-172
-154
-163
-163
-178
-207
-229
-236
-231
-214
-219
-203
-187
-198
-178
-183
-191
-169
-140
-140
-148
-153
-164
-166
-163
-144
-135
-107
-105
-84
-59
-46
-42
-49
-44
12
57
63
81
93
88
94
112
120
146
157
172
182
193
193
202
211
214
227
242
238
244
228
229
248
236
234
210
198
189
187
193
205
226
216
207
188
171
157
140
130
114
99
62
56
38
-18
-32
-38
-53
-45
-47
-61
-83
-122
-135
-143
-152
-179
-204
-206
-219
-229
-246
-271
-284
-292
-272
-249
-257
-263
-262
-263
-260
-262
-270
-260
-232
-206
-180
-134
-117
-110
-100
-116
-128
-97
-66
-54
11
25
29
46
67
76
89
111
122
145
163
173
178
170
165
178
200
202
199
215
209
187
194
205
183
187
204
211
207
180
174
145
127
118
104
96
84
79
48
23
-20
-61
-61
-54
-37
-52
-95
-95
-119
-142
-132
-139
-134
-142
-163
-181
-186
-199
-232
-231
-214
-223
-231
-225
-212
-191
-184
-165
-150
-141
-142
-155
-158
-147
-134
-130
-111
-75
-42
-23
0
20
38
48
53
83
97
99
136
160
183
199
204
227
239
257
253
248
244
234
232
242
261
289
309
301
292
271
252
237
204
186
164
135
121
115
115
96
69
72
61
43
18
-32
-43
-57
-81
-83
-79
-87
-113
-125
-151
-155
-152
-155
-145
-154
-162
-151
-169
-193
-211
-230
-253
-263
-232
-222
-242
-255
-261
-243
-228
-232
-240
-213
-192
-183
-158
-157
-151
-135
-123
-94
-80
-104
-117
-105
-92
-58
-4
33
66
63
60
66
73
74
83
110
124
157
159
143
136
141
141
162
174
168
169
176
183
179
189
199
177
173
171
170
168
159
161
149
147
133
123
95
79
79
68
76
70
63
61
63
54
31
29
26
-13
-9
-30
-64
-69
-99
-102
-124
-133
-138
-165
-169
-185
-176
-147
-149
-137
-132
-138
-157
-166
-162
-157
-158
-153
-134
-132
-131
-118
-106
-91
-85
-96
-90
-88
-97
-52
-20
7
46
56
55
53
57
50
55
77
99
121
120
108
121
143
160
197
212
189
220
230
229
245
261
274
281
272
252
236
203
183
165
146
147
123
96
92
65
51
30
-3
-9
-25
-41
-32
-56
-70
-91
-106
-115
-151
-142
-153
-171
-167
-185
-226
-236
-242
-233
-215
-225
-224
-240
-257
-270
-268
-240
-223
-222
-235
-249
-264
-261
-248
-240
-192
-172
-174
-168
-162
-136
-114
-79
-68
-53
-31
-28
5
52
76
84
139
155
163
180
184
173
189
190
196
206
221
220
209
229
228
240
247
260
281
282
253
246
225
201
203
191
146
135
108
63
56
38
27
24
-9
-25
-33
-40
-35
-50
-67
-66
-92
-104
-109
-137
-141
-169
-158
-153
-169
-169
-182
-182
-159
-129
-105
-91
-92
-99
-84
-98
-86
-68
-69
-65
-52
-65
-65
-50
-46
-29
-11
3
17
15
20
54
51
66
77
101
121
134
123
109
93
76
70
97
104
113
137
125
98
82
83
81
100
107
111
98
78
68
62
47
47
30
21
23
15
6
-5
9
7
19
40
33
26
-8
-25
-29
-41
-37
-39
-38
-47
-46
-56
-55
-39
-43
-37
-21
-20
-45
-65
-90
-103
-98
-90
-80
-75
-78
-108
-124
-161
-170
-167
-192
-175
-164
-157
-139
-148
-138
-129
-135
-120
-110
-102
-74
-53
-61
-58
-36
-21
-14
-1
35
37
47
60
47
51
69
79
98
118
130
110
93
86
71
83
97
104
119
143
126
104
118
130
148
163
151
141
154
131
135
127
121
125
130
157
163
160
138
116
102
91
75
91
86
73
51
4
-37
-48
-65
-73
-71
-72
-89
-126
-101
-106
-112
-101
-116
-124
-112
-122
-143
-170
-188
-186
-203
-184
-163
-174
-151
-152
-156
-133
-131
-117
-114
-122
-109
-118
-118
-102
-81
-61
-41
-29
-16
-11
-5
15
27
32
47
58
72
106
101
129
137
127
136
144
145
165
178
185
195
189
195
174
173
173
168
135
102
96
94
105
100
111
91
61
38
20
-3
-20
-40
-57
-45
-59
-72
-78
-107
-117
-127
-137
-135
-172
-176
-170
-184
-179
-184
-195
-201
-196
-196
-186
-183
-181
-164
-174
-187
-175
-162
-157
-126
-118
-133
-121
-116
-119
-77
-41
-33
-11
3
18
33
49
57
74
91
107
141
159
149
151
146
159
189
219
251
258
247
244
254
247
262
286
251
203
206
201
210
217
211
207
202
183
176
169
138
119
109
113
104
96
91
81
54
34
12
-4
-12
-33
-37
-47
-69
-84
-90
-102
-107
-87
-87
-93
-111
-121
-132
-138
-152
-161
-147
-114
-142
-150
-147
-172
-177
-182
-179
-163
-155
-147
-147
-177
-182
-164
-154
-151
-140
-125
-125
-119
-97
-86
-84
-78
-77
-63
-31
-34
-38
-3
5
24
36
63
72
66
85
79
92
112
104
97
95
73
67
58
72
79
96
110
111
94
64
58
36
30
36
39
55
43
31
20
8
3
-28
-43
-67
-77
-71
-77
-71
-76
-102
-116
-115
-102
-87
-92
-106
-125
-138
-147
-156
-140
-117
-104
-93
-76
-65
-85
-111
-109
-101
-67
-45
-14
-5
9
-3
-14
0
10
29
52
70
89
79
68
75
79
99
116
134
139
138
153
154
147
156
164
157
147
162
177
176
180
177
169
150
139
132
128
116
130
137
142
144
132
106
106
102
87
87
73
62
43
45
52
51
52
40
28
2
-3
-14
-18
-16
-32
-50
-61
-73
-75
-70
-88
-100
-111
-114
-128
-132
-125
-114
-135
-135
-140
-135
-138
-167
-164
-150
-145
-133
-115
-96
-86
-98
-100
-92
-83
-69
-54
-43
-61
-90
-88
-77
-71
-56
-37
-45
-53
-29
-14
-7
6
30
30
39
51
47
68
96
98
105
109
92
69
52
56
64
60
79
78
68
62
46
34
12
10
7
19
31
25
8
-6
-2
-3
-15
-33
-52
-59
-49
-51
-43
-60
-59
-56
-69
-71
-69
-68
-92
-96
-86
-70
-80
-77
-70
-60
-77
-98
-87
-103
-116
-102
-99
-105
-85
-81
-52
-17
1
12
35
47
52
38
36
33
49
62
42
40
24
28
26
38
58
66
75
79
79
96
111
106
129
147
138
134
129
141
139
141
145
145
141
125
112
113
127
130
139
136
134
133
132
119
107
108
101
102
102
96
72
52
39
42
42
31
26
24
7
3
-12
-48
-50
-54
-49
-49
-54
-41
-60
-82
-90
-105
-129
-136
-133
-149
-134
-129
-144
-131
-114
-100
-121
-117
-120
-130
-119
-122
-122
-89
-79
-85
-63
-64
-63
-79
-79
-65
-64
-44
-40
-60
-69
-72
-56
-44
-43
-30
-17
-28
-16
11
7
18
19
-4
7
32
30
28
32
19
-1
-3
0
8
22
25
18
16
8
4
19
23
13
35
23
6
2
-9
-11
-11
-4
-7
-1
-3
2
5
11
13
-1
-9
-26
-18
-26
-39
-37
-26
-43
-62
-66
-72
-71
-76
-72
-80
-84
-81
-95
-94
-91
-75
-63
-73
-67
-50
-32
-26
-5
14
25
37
38
41
41
70
91
92
95
86
93
117
134
152
164
175
170
150
154
171
185
180
195
209
185
177
166
170
159
155
154
149
160
162
154
149
141
121
113
120
122
118
98
55
23
-4
-5
7
-15
-36
-63
-91
-98
-102
-129
-149
-142
-135
-141
-148
-127
-122
-120
-134
-142
-154
-161
-149
-150
-170
-171
-173
-165
-151
-127
-121
-124
-123
-133
-134
-129
-87
-68
-55
-47
-27
-31
-33
-22
-11
10
32
34
20
28
30
21
9
10
16
27
39
53
62
47
52
45
34
20
17
9
9
48
43
26
18
-6
-10
9
28
39
22
13
12
-9
-1
21
5
4
16
4
-20
-43
-59
-53
-49
-27
-31
-38
-38
-45
-33
-8
14
-9
-30
-24
-20
-18
-15
-16
-13
-5
-8
7
23
25
12
-3
7
14
17
4
-1
-10
-8
5
8
10
8
-13
-4
4
6
30
16
11
16
12
29
34
41
47
46
49
55
63
66
53
73
75
70
83
95
97
80
84
75
72
60
57
65
70
77
86
97
94
87
84
77
81
73
67
86
76
57
57
40
9
13
13
5
13
9
-20
-37
-46
-52
-55
-58
-64
-81
-77
-77
-90
-106
-123
-123
-111
-110
-80
-78
-106
-125
-148
-154
-146
-140
-122
-106
-111
-125
-137
-152
-128
-132
-136
-105
-116
-130
-109
-94
-75
-61
-49
-34
-22
-12
-17
-13
-1
5
16
34
42
49
45
37
38
52
68
77
83
90
93
95
98
102
135
149
142
140
142
130
135
136
124
116
106
88
74
84
96
93
101
102
84
71
52
45
31
6
-10
-33
-38
-51
-54
-41
-43
-60
-77
-89
-94
-106
-104
-83
-81
-80
-73
-61
-61
-70
-87
-91
-94
-87
-68
-68
-62
-63
-49
-27
-17
-21
-16
-4
3
25
44
54
46
39
39
47
57
70
71
71
112
114
113
126
129
123
120
113
91
77
58
54
61
54
40
45
42
39
52
66
57
28
17
3
5
-1
-10
-29
-43
-46
-55
-65
-69
-75
-87
-99
-102
-93
-75
-68
-65
-67
-57
-61
-76
-81
-75
-68
-61
-60
-72
-77
-86
-91
-75
-71
-74
-60
-63
-61
-37
-34
-32
-31
-25
-16
-28
-39
-28
-20
-30
-15
-1
-7
-13
-13
-15
-16
-20
-13
-16
-10
3
15
34
40
44
44
35
29
36
36
39
50
40
31
17
10
28
31
32
32
17
12
23
42
51
57
53
34
30
32
24
41
67
77
68
58
61
57
58
48
49
58
61
65
60
56
58
34
19
23
15
17
13
3
-7
-21
-24
-23
-13
-10
-19
-24
-36
-47
-45
-39
-43
-46
-26
-27
-31
-41
-52
-52
-50
-52
-51
-45
-43
-50
-45
-36
-40
-31
-19
-23
-6
7
2
-6
-1
2
18
32
43
66
56
52
51
53
51
59
58
44
35
38
42
34
44
52
55
53
54
39
38
35
35
61
67
55
42
20
8
-6
-4
-5
-11
-4
-13
-26
-43
-62
-52
-45
-60
-50
-45
-66
-86
-96
-98
-103
-109
-97
-87
-97
-102
-133
-146
-143
-144
-139
-122
-110
-96
-84
-64
-51
-59
-47
-44
-39
-30
-27
-28
-16
-2
6
8
8
11
13
10
8
29
45
55
63
68
76
87
91
98
95
101
100
111
125
122
129
130
123
116
117
113
106
96
100
105
98
83
72
67
66
61
59
50
46
35
29
25
12
-3
-7
-20
-28
-30
-29
-29
-42
-33
-37
-36
-31
-37
-53
-60
-62
-80
-85
-85
-73
-63
-56
-33
-38
-50
-51
-42
-33
-24
-30
-29
-20
-12
-2
-4
1
1
5
17
16
18
2
-25
-36
-24
5
11
22
33
18
13
19
12
10
17
12
-3
-4
0
6
24
23
12
1
-7
-1
-6
-3
1
-19
-26
-14
-19
-33
-27
-20
-27
-29
-36
-38
-31
-38
-38
-45
-57
-60
-69
-61
-41
-41
-38
-25
-23
-23
-20
-20
-16
-21
-13
6
2
-1
-6
-14
-23
-19
7
13
10
17
2
-11
-3
-5
9
14
19
25
10
2
-2
-2
4
13
19
26
33
26
18
10
-4
-6
-1
7
21
25
28
37
34
20
17
19
12
11
12
5
18
33
40
33
35
36
31
24
16
30
42
42
46
60
61
57
56
51
51
51
55
53
50
58
53
57
50
38
41
40
35
36
28
33
27
25
15
1
-6
-13
-10
-13
-21
-22
-28
-40
-36
-33
-32
-40
-58
-70
-68
-78
-69
-71
-73
-65
-62
-64
-78
-69
-73
-76
-71
-70
-71
-66
-49
-39
-34
-20
-28
-42
-38
-34
-33
-24
-10
-1
6
9
19
14
-2
1
-2
-1
16
26
33
42
44
44
47
48
40
44
56
58
63
59
49
46
44
39
35
34
33
36
37
25
18
14
3
2
8
5
-4
-8
-13
-13
-20
-14
-17
-28
-28
-33
-41
-41
-56
-54
-48
-44
-42
-45
-39
-47
-51
-53
-50
-45
-33
-20
-14
-20
-29
-21
-11
-3
9
26
22
22
22
22
23
26
19
17
23
26
25
30
34
44
46
45
48
40
39
34
29
23
28
44
55
59
51
36
33
27
27
31
31
38
38
31
16
4
-5
-6
-9
-5
-3
-6
-18
-24
-20
-24
-31
-36
-40
-48
-57
-57
-58
-58
-49
-52
-45
-38
-41
-49
-48
-31
-25
-24
-16
-14
-8
-9
-3
-15
-19
-22
-31
-28
-20
-16
-13
-10
-8
0
-2
-3
1
7
5
5
2
-9
-3
7
14
22
28
23
25
16
13
16
6
9
4
9
24
25
19
18
12
5
4
7
14
10
19
25
19
14
9
11
12
9
9
8
10
14
13
17
15
21
28
35
27
21
22
19
25
35
36
23
16
4
3
4
3
6
3
0
-2
-1
-12
-25
-29
-33
-31
-25
-22
-22
-28
-32
-30
-28
-37
-23
-20
-30
-38
-42
-42
-46
-38
-30
-34
-31
-22
-29
-29
-26
-22
-20
-8
3
10
15
15
12
15
22
33
43
45
52
51
45
46
53
51
59
58
43
43
50
50
52
57
60
50
36
26
21
13
7
14
25
29
20
10
-5
-14
-12
-6
-5
-6
-13
-17
-15
-18
-28
-37
-44
-46
-50
-44
-45
-51
-44
-46
-48
-49
-41
-36
-32
-32
-34
-35
-40
-37
-35
-26
-19
-19
-28
-32
-36
-35
-33
-31
-31
-29
-19
-12
-4
-2
-6
-4
2
1
8
17
19
21
14
11
8
8
16
17
21
18
13
16
18
27
29
31
38
32
22
27
28
22
19
26
32
21
27
32
34
30
28
28
21
17
22
26
31
30
25
24
18
10
4
-1
-9
-6
-1
-5
-9
-11
-9
-8
-13
-13
-14
-24
-33
-33
-31
-29
-23
-23
-20
-19
-26
-29
-34
-28
-24
-27
-28
-25
-26
-27
-18
-11
-4
4
10
5
-2
-10
-16
-12
-11
-3
13
21
19
16
17
22
27
36
43
43
31
18
16
18
16
23
31
28
31
31
27
24
22
17
12
3
-4
-3
-1
-1
1
3
1
-4
-8
-9
-17
-20
-27
-28
-32
-37
-33
-28
-26
-31
-29
-35
-32
-30
-31
-24
-17
-23
-28
-27
-27
-28
-19
-18
-19
-17
-16
-13
-9
-9
-8
0
-3
5
11
12
7
0
3
6
7
15
21
14
10
2
0
2
2
9
12
15
16
13
17
21
19
15
12
9
5
7
6
9
14
20
23
26
33
31
23
22
20
17
15
24
22
15
17
17
11
9
11
18
26
23
26
23
25
23
25
20
14
13
5
10
12
5
8
2
-3
-6
-15
-16
-16
-19
-17
-16
-14
-17
-23
-18
-18
-24
-25
-27
-32
-32
-33
-28
-28
-36
-30
-28
-29
-18
-10
-11
-8
-10
-8
-11
-15
-13
-11
-7
-3
-1
1
4
6
4
0
1
9
8
16
20
16
17
21
26
29
28
24
24
16
13
15
9
6
6
7
9
3
0
-4
-5
-3
1
-1
4
-2
-5
-13
-22
-24
-21
-17
-15
-10
-12
-13
-21
-17
-13
-13
-9
-10
-12
-19
-26
-28
-29
-26
-27
-21
-17
-14
-19
-25
-28
-31
-24
-12
-8
-6
-6
-5
-11
-9
-9
-11
-9
-1
2
0
4
3
6
7
15
20
16
18
23
20
21
26
21
22
22
21
22
16
15
18
23
26
28
37
32
27
22
22
18
16
17
12
12
10
12
12
8
7
5
-1
0
-2
-7
-14
-14
-16
-17
-6
-2
-3
-5
-5
-1
3
3
3
4
5
-2
-5
-7
-12
-11
-8
1
2
-1
6
5
-1
2
2
-3
2
3
2
8
8
7
10
11
10
11
11
8
3
1
3
6
13
14
10
6
-4
-4
-4
-6
0
2
-1
0
1
-6
-9
-15
-19
-16
-15
-11
-10
-10
-13
-13
-11
-10
-10
-8
-6
-8
-12
-11
-11
-13
-5
-1
2
3
4
5
3
4
5
1
4
0
-1
-1
0
-4
0
6
10
13
11
12
10
12
9
6
5
6
2
3
-1
-8
-7
-6
-9
-5
-7
-10
-1
2
-2
-1
-2
-8
-12
-14
-14
-12
-13
-15
-15
-17
-16
-14
-13
-6
-9
-12
-10
-15
-15
-14
-11
-7
-5
-4
-5
-1
-1
-3
-3
2
8
9
13
17
17
18
20
18
22
20
19
17
18
15
13
22
17
20
24
26
18
15
9
4
0
-3
1
2
4
-2
0
2
-1
-2
-5
-7
-6
-7
-7
-5
-11
-12
-10
-8
-9
-7
-10
-12
-14
-16
-16
-14
-11
-9
-9
-13
-16
-18
-20
-20
-16
-15
-12
-8
-5
-2
-2
0
1
4
7
10
10
8
9
7
6
6
5
9
8
9
10
0
-4
-4
-3
1
8
11
9
8
1
-1
-1
4
7
6
2
0
-1
-6
-6
-2
0
-3
