SAMPLES:	12748
BITSPERSAMPLE:	16
CHANNELS:	1
SAMPLERATE:	16000
NORMALIZED:	FALSE
-9
-9
-16
-9
-13
-15
-16
-12
-15
-18
-23
-22
-15
-22
1
1
-11
-4
-14
-23
-8
-11
-13
-11
-11
-17
-11
-5
-9
-4
-9
2
-11
-12
-4
-19
-13
-8
-13
-4
12
-3
4
12
-3
-4
-4
-2
1
6
0
6
1
9
9
9
18
13
8
14
20
15
30
19
16
19
5
3
12
0
10
15
4
19
15
12
21
20
18
23
15
11
13
12
10
19
13
15
21
13
3
5
11
5
16
11
9
7
-6
-4
-5
5
7
5
2
-3
-5
-2
2
4
-1
8
-3
-1
4
-8
-5
-5
-6
-19
4
-1
-15
3
-1
-19
-3
-16
-12
-3
-9
-12
-10
-4
-15
-10
-11
-8
-11
-5
-16
-9
-9
-11
-15
-19
-7
-24
-5
-12
-17
-7
-22
-15
-19
-15
-13
-22
-4
-19
-19
-7
-9
-10
-2
0
-26
-1
-2
-36
-2
-9
-22
-9
-6
-8
-18
8
-8
-16
16
-4
-3
15
0
-2
4
13
2
17
14
-3
9
-6
3
18
6
20
25
14
13
6
12
0
18
0
12
6
-7
19
0
11
3
12
12
7
22
-1
21
15
9
22
9
35
6
18
21
8
21
3
22
-1
21
2
6
25
2
18
4
20
9
20
14
-9
13
3
-3
-3
18
7
8
25
-9
22
2
-1
17
7
4
14
-1
-12
29
-31
0
9
-33
2
-5
-5
2
-3
-2
-11
1
-14
-2
-12
-19
6
-24
-7
-11
-11
-17
-4
-24
-7
-27
-19
-4
-19
-10
-29
-10
-28
-12
-27
-16
-17
-22
-25
-15
-21
-15
-17
-30
-14
-22
-23
-9
0
-20
-10
-10
-21
-15
2
-25
-3
9
-27
-8
-2
-13
1
4
-4
6
17
4
-17
13
-13
-2
27
6
11
11
15
-4
12
24
-5
42
17
20
33
-8
27
13
11
22
1
27
-3
2
30
-2
23
22
5
11
15
-5
-7
26
-4
-4
32
-9
15
7
2
-5
12
3
-7
14
-23
8
2
-14
1
9
-4
-5
7
7
-9
43
3
-5
31
-16
-2
18
-8
17
29
-9
12
-6
10
2
11
8
1
23
-16
9
-3
-10
21
-27
1
2
-6
1
-11
31
-34
19
8
-24
14
-29
1
-10
-11
7
-11
-6
-20
1
-47
2
8
-46
26
-34
10
-17
2
-7
-31
34
-36
16
-6
5
-7
10
-9
-31
22
-42
-8
-12
-26
-2
-13
-3
-3
6
12
-9
-11
6
-9
18
15
0
16
-10
-4
0
5
3
7
21
-26
10
-14
-17
13
-8
11
5
-3
10
-11
4
-5
-22
18
-19
-2
-4
16
-13
1
12
-26
32
-26
5
12
-10
-1
-4
14
-2
-7
-4
-7
-7
0
3
-4
27
-4
7
25
-8
25
-4
-3
26
-10
5
6
-30
18
-33
8
11
-17
26
-1
5
-6
18
-16
5
12
-11
10
6
-13
6
5
-4
10
4
20
-8
28
0
-6
20
-20
10
7
3
9
4
17
5
29
11
21
-2
0
5
0
16
-8
36
-15
17
18
-30
36
5
3
22
15
-25
1
-4
-55
26
-8
-39
44
-7
-37
39
-26
-30
27
-42
-7
0
-24
-33
-2
-10
-29
28
-5
1
13
-22
-9
-2
-8
10
10
1
15
-1
2
12
11
-11
18
-18
-6
23
-43
5
0
-44
9
-2
-38
30
-11
-20
34
-26
-4
10
-26
1
-5
-18
-11
-9
-24
4
-20
-14
3
2
-13
13
3
-17
15
-25
-10
-11
7
-5
5
-2
-11
1
9
-13
28
3
-1
34
-16
19
9
14
19
17
17
4
20
1
13
33
-22
24
-30
-2
11
-27
23
-20
14
1
-1
-10
15
-11
-4
6
15
-2
9
27
-26
44
-31
14
6
-21
21
-41
28
-22
5
17
-14
18
-9
11
0
10
15
13
-2
22
-3
15
25
1
6
15
12
-13
22
-9
-14
14
-13
6
15
-12
11
-13
-23
-11
-19
-7
-13
19
-25
-3
15
-65
23
-7
-23
42
-46
28
-18
-12
6
-37
10
-42
17
-45
4
4
-32
39
-7
2
20
-14
16
-27
-2
-7
-35
41
-59
37
-17
-7
23
-32
38
-23
27
-1
-3
22
-13
10
6
-8
7
8
1
-9
20
-11
-8
22
-10
5
18
19
15
14
35
-36
48
-25
4
13
-12
5
-2
42
-33
68
-30
3
20
-10
-26
29
-19
-4
16
-28
-11
14
-14
-19
32
-27
8
12
-31
10
7
-36
31
-21
5
4
-22
-22
-12
-36
-7
-12
-12
-1
-5
2
-18
38
-36
16
-2
3
-10
20
18
-33
45
-17
-2
40
9
-7
51
11
-12
29
3
1
20
5
-14
7
7
-4
7
35
2
2
8
-16
-17
12
5
-10
20
-15
0
23
-28
50
-18
6
14
-41
22
-43
21
-7
-16
7
-9
-13
1
-6
-9
-8
-20
-20
-22
-18
-39
28
-39
19
-18
-4
13
-43
24
-46
22
-8
-13
-6
6
-35
-20
-22
-17
-31
22
-19
-34
48
-56
17
-14
-35
17
-17
-32
35
-34
23
1
-7
28
-23
49
-43
32
8
-4
26
3
25
20
32
9
25
21
13
25
6
10
48
-20
61
-23
54
21
-8
44
-31
65
-23
29
23
15
34
8
20
17
-13
23
-13
-28
34
-24
3
11
-5
-26
24
14
-53
74
-59
18
34
-31
39
-28
29
-59
33
-35
4
7
9
5
-3
15
-37
26
-25
4
6
-2
-7
33
-19
27
0
-8
26
-19
23
-19
-12
8
-7
-58
6
-12
-24
-36
3
-11
-50
34
-45
-25
14
-20
-52
19
-36
-37
1
-43
-16
-27
-20
-20
-35
5
-32
-21
5
-38
0
-12
-10
-2
0
2
-5
11
0
-1
38
-48
39
-27
16
-9
-6
7
-3
63
-53
89
-13
11
32
-18
-2
17
3
17
1
-22
45
-38
34
37
-25
68
-10
34
-10
14
18
-33
53
-22
-1
23
-24
22
-8
-8
16
-5
4
4
37
-4
-13
46
-42
14
21
-56
63
-40
38
-25
-17
86
-94
108
-25
21
14
17
17
-48
71
-63
18
49
-24
15
28
-36
40
-37
35
-23
-4
28
-56
14
-10
2
6
36
-33
-8
1
-32
-13
10
-38
-3
13
-23
35
-29
28
-15
-5
43
-47
47
-38
-8
-4
-38
21
-20
2
18
-16
3
9
-24
22
-4
-14
11
-20
11
2
-10
62
-54
61
-27
-36
44
-35
20
-16
11
-2
-31
12
2
-85
69
-97
28
-13
-26
63
-76
78
-77
6
5
-71
17
-11
-38
40
-34
34
-20
34
-22
-7
16
-37
39
-38
57
-49
51
-58
37
-22
18
44
-6
33
-23
42
-64
50
-20
-44
53
-7
-13
33
-28
26
-28
23
-7
12
42
-12
14
7
1
-51
4
-13
-15
19
-40
4
25
-24
-19
24
-22
-9
42
-64
64
-9
-28
-2
-30
16
-39
43
-27
17
45
-15
48
15
28
4
-9
2
-51
25
0
23
14
21
8
-10
5
-35
38
33
18
-10
71
-40
21
18
-55
41
18
-22
6
-11
-9
-29
2
3
-26
60
-37
19
12
28
19
8
-4
15
5
-39
36
-41
58
-28
-13
-6
1
14
14
-22
20
48
-53
68
-45
63
-20
-16
31
-52
40
-20
-31
59
-29
-9
61
-98
-20
23
-45
-8
23
-55
15
51
-32
-68
32
-7
-87
84
-29
-55
125
-88
-46
49
-50
46
-13
48
-13
-13
27
-65
38
33
-49
48
16
-2
57
-24
-15
7
-16
-44
12
-48
21
45
-32
-12
26
-13
-31
15
-35
18
4
3
19
-18
15
19
-39
12
-19
-34
8
-7
-13
-17
-17
20
-12
16
13
-1
-14
-2
-18
-71
24
-11
-14
16
22
-38
6
30
-113
23
-20
-40
49
5
28
-38
40
-57
-87
51
-23
26
30
2
-58
8
9
-148
135
-39
10
49
-1
44
-73
111
-125
53
25
-63
16
-4
-23
31
4
-39
18
-22
63
-9
17
-32
103
-67
59
7
-7
60
-30
-20
10
62
-58
74
4
81
-4
52
-15
-2
18
-21
76
-65
99
66
-107
45
16
-65
148
15
-13
58
39
-56
-4
97
-49
9
44
25
-66
143
-106
-45
232
-221
6
77
-23
-71
128
-33
-90
196
-59
-138
120
-70
-91
118
-136
94
38
-32
-18
21
-69
2
36
-100
102
-9
-39
8
-27
-28
23
-120
56
-43
90
12
15
-23
-68
35
-191
72
-59
-31
62
-42
-40
89
-88
-123
91
-132
-10
151
-122
-14
128
-150
-29
-59
-53
25
101
40
-65
61
-107
-16
-25
10
2
-32
78
-68
3
-7
-37
-29
-29
35
-157
135
-112
-51
130
-183
24
-34
100
-145
33
77
-74
114
-88
-15
42
-3
-10
30
56
32
64
-55
-38
96
-201
109
91
-148
127
83
-73
17
48
-60
103
-4
-6
151
-83
38
53
19
39
119
-59
62
172
-102
177
23
1
89
76
196
300
58
-10
154
-143
-124
-18
-117
-22
141
-172
-191
-96
-287
-157
-60
-160
-79
108
-148
-67
85
-220
118
108
42
203
145
186
93
167
107
102
13
42
-23
-113
46
-90
-80
15
-85
-96
-19
-213
-7
91
-84
-49
-59
-50
2
163
52
217
184
82
78
34
-11
22
-15
86
51
-3
125
-76
-4
-63
-185
-146
-23
-192
-93
35
-251
-152
20
-282
-87
81
-129
-48
134
-86
-88
243
-102
-37
197
-24
13
179
-69
3
116
-175
-78
69
-69
-59
82
-143
-16
-14
-236
-17
12
-113
-3
5
-40
28
-13
-91
55
84
-37
87
104
25
-12
55
-53
53
28
-10
19
105
53
-40
16
77
-1
-129
53
-119
-60
58
57
31
68
43
-67
78
-7
-12
77
49
-13
49
61
-29
57
66
36
91
73
43
32
51
2
-37
30
-2
5
26
34
-31
-24
-32
10
16
39
100
78
25
22
21
-69
-8
64
82
68
83
51
67
-11
-14
31
-80
30
61
-63
-30
8
-74
-15
4
-32
-1
13
19
2
-7
-9
-48
-10
-25
-52
-21
-32
20
16
-8
20
-4
-29
-51
-13
-10
-87
-43
-27
-70
-98
-65
-31
-34
-41
-11
-14
-22
-24
11
-10
-16
-28
-21
-19
-16
24
-64
-49
-53
-58
-7
-16
16
21
0
-30
-45
-76
-13
-22
-37
2
-43
-47
-27
-54
-57
-43
-82
-47
-44
-39
-16
-16
-48
-5
0
-14
-47
-35
-2
-37
-10
8
40
16
-17
-12
-32
-52
13
11
51
111
64
63
42
27
20
44
30
71
66
84
126
156
121
150
181
104
178
176
135
165
190
145
183
172
148
147
115
97
33
32
26
-10
-8
-33
-54
-38
-84
-72
-111
-130
-141
-144
-103
-116
-83
-106
-71
-100
-158
-156
-192
-223
-182
-153
-196
-147
-184
-224
-240
-238
-223
-206
-181
-116
-129
-146
-112
-168
-101
-87
-90
-55
-10
-9
104
200
493
982
1243
1348
1361
1297
964
758
400
136
123
178
106
189
116
-171
-308
-440
-601
-691
-607
-584
-329
-157
-191
-159
-203
-369
-243
-254
-302
-201
-108
-49
-77
-91
-328
-397
-493
-646
-689
-677
-734
-736
-678
-718
-823
-895
-954
-1019
-1076
-1141
-979
-717
-491
-209
24
225
358
403
421
534
630
848
945
1286
2266
2818
3033
2987
2870
2246
1590
737
-48
-155
-215
-232
8
91
-269
-539
-681
-750
-989
-931
-777
-256
227
396
437
365
-75
-234
-94
-147
-19
101
231
299
270
-246
-628
-1001
-1235
-1360
-1414
-1534
-1486
-1380
-1294
-1217
-1187
-1279
-1302
-1041
-1047
-867
-895
-918
-914
-449
122
495
808
980
1015
1043
780
454
480
535
828
926
2299
3590
3985
3925
3674
3273
2092
999
-200
-456
-446
-452
-143
152
-162
-674
-902
-880
-1161
-1216
-850
-285
565
808
952
747
211
-346
-453
-484
-584
-545
-279
-138
-116
-369
-889
-1294
-1655
-1914
-1876
-1823
-1821
-1654
-1465
-1189
-1154
-1096
-1183
-1168
-1031
-958
-857
-947
-875
-835
-671
-306
188
338
495
593
403
473
119
-46
-93
300
529
1419
3093
4006
4358
3913
3850
2763
1567
323
-638
-651
-601
-404
80
188
-423
-982
-994
-1013
-1121
-886
-402
516
936
1202
1108
584
-156
-602
-705
-858
-893
-730
-512
-85
-189
-509
-830
-1399
-1827
-1942
-1649
-1714
-1449
-1104
-806
-457
-371
-645
-741
-905
-989
-819
-820
-800
-605
-436
-327
-69
279
555
502
356
342
214
-2
54
89
630
844
2042
3628
4521
4507
4082
3806
2594
1453
-86
-636
-725
-612
-496
5
13
-913
-1275
-980
-883
-833
-554
93
952
1233
1324
968
377
-477
-754
-738
-559
-802
-845
-485
-422
-682
-863
-1262
-1668
-1887
-1886
-1461
-1082
-946
-849
-383
-248
-433
-920
-1098
-1057
-1171
-1035
-736
-695
-703
-539
-399
-323
-423
-356
-145
90
30
65
223
193
45
302
503
1328
2786
3805
4671
4522
4303
3222
1994
474
-668
-1107
-1192
-1105
-839
-229
-658
-1105
-806
-689
-606
-177
-92
472
1059
954
552
649
-206
-769
-678
-805
-992
-975
-929
-864
-566
-840
-1164
-1267
-1514
-1650
-1359
-1006
-908
-942
-718
-687
-691
-875
-965
-1170
-1092
-974
-977
-733
-673
-745
-531
-267
-212
-141
117
209
373
490
369
277
212
233
495
859
2086
3469
4576
4936
4934
4463
3161
1870
216
-466
-887
-1101
-1151
-787
-579
-854
-910
-550
-365
-167
-10
373
616
741
592
368
259
-340
-672
-805
-764
-1097
-1175
-983
-959
-954
-936
-1103
-1098
-1343
-1514
-1345
-1111
-1207
-1189
-1075
-934
-739
-823
-850
-839
-848
-984
-963
-814
-757
-675
-481
-110
132
88
284
559
741
608
431
298
219
181
302
474
1155
2685
3968
4834
5016
4758
3637
2463
916
-272
-834
-1227
-1408
-1229
-753
-912
-1085
-987
-710
-556
-427
-400
-236
-113
-43
-146
-99
-343
-728
-911
-703
-706
-867
-924
-1018
-971
-1018
-1221
-1392
-1371
-1394
-1336
-879
-758
-740
-716
-766
-676
-711
-861
-1154
-1039
-980
-979
-858
-659
-565
-496
-100
288
480
643
663
813
814
619
399
204
176
-1
210
393
1403
2675
3794
4586
4711
4507
3403
2287
859
-57
-568
-893
-1077
-1075
-833
-1003
-1205
-1068
-1016
-970
-1005
-898
-685
-297
-37
-71
167
97
-70
-169
-110
-286
-378
-464
-525
-423
-419
-524
-536
-567
-645
-852
-805
-892
-1085
-1044
-1104
-1067
-1067
-1085
-1177
-990
-881
-745
-619
-408
-176
-13
294
630
920
1085
935
850
918
628
262
93
31
-79
-142
12
257
1164
2104
2956
3549
3725
3417
2678
2000
1214
792
282
-86
-408
-558
-717
-1057
-1266
-1395
-1513
-1422
-1354
-1259
-1099
-960
-823
-685
-600
-539
-554
-621
-460
-349
-168
-45
177
390
427
340
171
-127
-525
-921
-1151
-1334
-1513
-1555
-1415
-1368
-1349
-1326
-1346
-1239
-1106
-1009
-739
-405
-112
206
647
867
989
1020
977
1017
961
888
689
466
332
238
113
128
93
88
635
1271
1734
2139
2396
2396
2178
1757
1274
925
565
210
-147
-374
-586
-766
-791
-633
-533
-532
-497
-559
-630
-707
-936
-1061
-988
-823
-604
-449
-210
7
156
188
231
240
226
78
-72
-85
-235
-395
-494
-581
-640
-739
-792
-762
-747
-804
-779
-729
-705
-716
-702
-531
-284
-19
325
660
893
877
889
844
670
648
644
718
788
748
748
739
606
526
514
570
747
897
1026
1146
1185
1095
832
534
214
-133
-344
-321
-266
-203
-45
86
280
375
350
341
216
17
-150
-321
-402
-467
-541
-543
-451
-448
-597
-710
-831
-896
-919
-918
-887
-777
-751
-691
-546
-474
-393
-409
-485
-470
-475
-457
-514
-532
-499
-576
-512
-422
-448
-364
-286
-278
-254
-187
-75
-50
63
264
435
452
464
485
459
439
520
691
803
747
604
485
352
197
-17
-135
-152
-245
-319
-200
-127
-32
174
460
726
861
825
629
424
277
65
-33
-19
-46
119
302
305
334
349
270
152
77
-27
-167
-256
-272
-227
-186
-153
-42
-28
-32
46
40
-47
-193
-259
-268
-186
-172
-186
-206
-215
-281
-287
-212
-207
-267
-244
-109
-7
55
167
264
364
399
335
333
224
154
18
36
22
-81
-138
-222
-298
-261
-300
-398
-236
-120
-57
89
268
379
528
670
661
634
426
105
-161
-264
-315
-304
-200
-118
68
248
321
311
354
243
24
-174
-149
-58
38
85
157
296
337
372
339
182
30
27
43
71
86
38
26
130
172
169
147
61
6
-51
-169
-197
-202
-234
-182
-211
-216
-247
-398
-487
-499
-599
-600
-550
-572
-487
-462
-566
-581
-628
-703
-737
-711
-619
-480
-321
-103
128
126
27
-29
-126
-215
-302
-389
-327
-172
-69
79
141
166
204
192
254
276
234
262
232
206
243
272
235
328
540
551
504
444
427
382
427
453
444
477
521
549
513
478
393
327
306
234
205
224
207
162
184
200
75
-36
-128
-195
-199
-190
-233
-192
-106
-99
-86
-142
-292
-374
-393
-419
-306
-206
-116
66
200
238
242
200
171
67
-71
-100
-184
-261
-226
-201
-212
-209
-240
-189
-57
0
113
182
170
223
294
305
270
263
228
220
210
151
155
120
122
141
91
100
38
-86
-130
-204
-258
-186
-107
-8
176
211
159
194
147
79
-4
-207
-300
-354
-435
-506
-475
-548
-558
-467
-474
-404
-379
-408
-394
-365
-353
-271
-199
-101
32
109
227
334
364
386
359
255
150
67
-42
-136
-174
-215
-232
-220
-235
-123
-9
23
76
137
210
234
272
306
290
293
309
278
290
264
210
222
187
53
-66
-138
-265
-367
-431
-477
-448
-289
-166
-3
185
259
278
341
262
136
51
-68
-186
-301
-361
-438
-462
-388
-335
-247
-102
-101
-53
18
85
116
132
128
182
295
364
441
454
479
458
417
405
321
220
157
92
29
-8
7
36
15
27
66
93
144
227
327
372
386
361
298
216
168
116
45
18
-34
-1
6
-40
-82
-135
-168
-235
-259
-259
-284
-241
-163
-137
-18
54
141
202
184
123
-42
-127
-272
-404
-493
-624
-641
-601
-555
-409
-291
-235
-118
-46
21
105
80
52
10
-53
-35
45
21
38
11
-10
10
-63
-96
-91
-100
-99
-9
47
138
232
267
335
349
328
342
317
286
304
278
253
244
239
248
220
131
25
-27
-72
-99
-147
-173
-159
-152
-151
-147
-188
-197
-140
-119
-72
26
73
70
88
4
-81
-166
-245
-335
-422
-511
-571
-588
-620
-565
-495
-455
-329
-169
-76
8
38
70
67
23
1
-57
-111
-22
14
54
131
99
106
154
186
225
267
287
320
361
441
519
486
475
452
393
382
348
307
333
372
319
369
362
262
248
178
83
56
-20
-75
-27
-17
0
58
100
102
79
62
71
68
8
-67
-132
-221
-309
-341
-302
-304
-284
-263
-253
-299
-352
-328
-400
-419
-314
-251
-166
4
64
118
164
90
59
-6
-113
-196
-251
-265
-284
-257
-214
-132
-18
19
19
57
66
68
178
229
231
277
266
234
246
160
52
37
-24
-36
26
26
-26
-6
55
62
88
60
46
72
67
92
160
198
200
219
250
156
64
15
-70
-172
-257
-308
-291
-254
-158
-10
83
52
28
10
-75
-122
-134
-123
-43
1
55
136
156
84
47
-82
-144
-206
-351
-351
-333
-330
-234
-132
-139
-91
-72
-75
-101
-133
-157
-74
-31
11
86
95
73
45
42
26
-3
-24
-44
-11
-23
-15
49
34
42
58
59
111
191
243
281
275
281
263
214
190
170
99
55
21
-29
9
36
20
59
113
139
136
221
244
230
201
136
113
125
109
152
181
89
12
-36
-142
-271
-255
-255
-259
-230
-189
-111
-23
15
66
119
108
110
91
80
46
-5
-56
-83
-100
-148
-145
-154
-163
-149
-113
-102
-89
-117
-167
-188
-183
-150
-99
-44
11
72
95
62
68
42
-51
-99
-146
-133
-140
-124
-63
-54
-55
-54
-51
-17
81
118
128
165
135
140
117
33
-12
-66
-80
-33
39
67
120
142
127
107
61
-30
-65
-68
-74
-73
-26
28
65
170
248
279
262
184
91
73
-12
-105
-134
-157
-191
-203
-166
-145
-135
-174
-169
-139
-134
-165
-136
-85
-32
29
42
32
30
-7
-3
32
5
-28
-61
-96
-111
-106
-130
-116
-70
-21
91
176
225
290
352
390
389
348
269
143
37
-24
-22
-14
-38
0
38
64
56
68
112
93
37
68
48
15
28
23
48
82
102
112
115
78
11
-4
-87
-190
-188
-201
-233
-200
-193
-205
-160
-187
-212
-199
-215
-224
-206
-177
-102
-4
22
44
65
28
-12
22
45
19
24
2
-71
-135
-156
-176
-194
-181
-124
-18
117
238
304
378
374
336
341
270
214
224
170
131
133
139
108
121
103
-2
-62
-75
-144
-118
-97
-111
-41
-10
39
108
142
139
122
88
2
-70
-129
-187
-205
-250
-269
-278
-262
-259
-236
-226
-283
-302
-342
-347
-286
-248
-180
-136
-144
-75
-44
-41
17
38
64
105
69
82
119
76
61
60
56
77
104
113
128
172
179
195
310
388
418
472
457
409
401
342
270
268
214
145
155
131
119
132
126
60
10
-49
-91
-81
-67
-78
-97
-72
-91
-95
-120
-177
-272
-298
-348
-369
-321
-328
-313
-292
-288
-257
-247
-270
-247
-241
-252
-221
-192
-178
-153
-122
-132
-151
-147
-181
-185
-141
-67
9
73
164
176
202
254
258
269
309
281
323
361
318
329
344
335
351
387
395
436
395
330
317
240
159
143
102
54
74
49
10
10
-35
-85
-72
-73
-81
-63
-117
-140
-140
-184
-235
-245
-253
-303
-323
-287
-297
-312
-287
-321
-310
-263
-284
-279
-213
-189
-149
-78
-83
-129
-156
-223
-258
-273
-263
-273
-262
-195
-122
-24
79
147
153
145
172
221
256
263
267
272
255
221
202
162
97
130
133
187
253
291
313
306
298
218
178
143
95
101
63
9
13
31
43
63
49
3
18
-3
-55
-73
-101
-188
-242
-298
-304
-266
-245
-247
-214
-179
-168
-106
-69
-30
41
42
51
108
41
39
47
-12
-12
-35
-89
-116
-122
-148
-93
-17
14
140
192
231
301
267
286
336
318
317
339
302
265
225
175
148
96
70
71
84
63
104
104
125
138
70
29
-5
-53
-133
-142
-154
-164
-141
-137
-126
-84
-102
-122
-129
-194
-234
-252
-330
-352
-333
-384
-411
-378
-359
-342
-250
-220
-215
-140
-138
-128
-26
8
-22
-14
4
-13
-7
-41
-79
-88
-138
-121
-69
-36
32
96
158
182
201
218
202
231
264
271
272
292
294
301
305
297
223
171
169
158
156
170
161
142
172
164
139
99
33
-48
-111
-137
-167
-176
-153
-105
-76
-65
-49
-44
-86
-88
-99
-148
-210
-243
-270
-251
-226
-251
-215
-198
-207
-186
-185
-177
-166
-124
-76
-49
-6
52
79
79
116
110
71
84
93
55
84
117
96
149
151
156
177
197
187
214
257
283
324
324
335
340
293
283
266
206
198
171
149
161
151
130
124
82
5
10
-2
-17
-18
-66
-72
-49
-78
-87
-85
-125
-139
-175
-208
-221
-248
-282
-308
-352
-358
-379
-405
-410
-405
-408
-415
-358
-318
-303
-230
-177
-205
-196
-176
-146
-95
-78
-86
-77
-99
-96
-68
-86
-73
-30
-25
-20
49
82
125
203
240
269
305
360
309
310
321
260
267
294
271
275
284
242
249
222
161
129
99
64
104
134
108
155
174
137
120
83
31
2
-32
-24
-11
-43
-61
-64
-83
-111
-162
-196
-247
-269
-264
-261
-234
-213
-206
-189
-166
-112
-126
-68
-35
-105
-82
-91
-100
-92
-68
-88
-79
-79
-111
-94
-64
-66
-21
7
16
96
114
147
199
215
220
239
231
239
228
193
186
199
180
185
202
177
198
177
151
190
132
119
176
122
121
163
138
154
147
92
80
50
16
43
40
33
60
30
-53
-78
-104
-174
-179
-179
-225
-258
-256
-297
-285
-252
-281
-265
-218
-204
-201
-184
-235
-268
-242
-248
-239
-244
-281
-275
-275
-259
-197
-174
-141
-91
-64
-14
36
29
68
105
98
126
107
47
0
11
-3
17
81
87
93
138
137
138
159
156
142
160
176
163
190
204
183
202
218
212
199
173
172
132
135
132
101
103
75
43
46
44
11
17
2
-61
-103
-120
-135
-110
-55
-45
-20
-1
-8
-12
-42
-81
-66
-86
-73
-73
-56
-19
-28
-26
-34
-49
-47
-73
-43
0
-15
-3
43
62
88
98
75
65
62
0
34
-2
-50
-68
-124
-125
-81
-83
-84
-1
-29
-5
53
16
21
63
32
48
96
56
16
43
20
-48
-32
-39
-57
-37
-11
-12
6
11
-28
-43
-26
-55
-75
-61
-72
-46
-12
-1
6
9
-17
-71
-66
-92
-122
-87
-89
-47
28
70
118
168
139
122
134
70
50
58
25
4
3
17
60
76
79
125
137
105
108
95
101
95
62
49
4
-18
-15
-46
-59
-45
-87
-124
-93
-126
-82
-9
-55
-33
-11
-58
-58
-53
-95
-76
-94
-91
-51
-55
-38
-16
-19
-75
-75
-50
-59
-32
7
-22
-15
-15
-42
-57
-81
-136
-132
-145
-164
-98
-43
2
63
69
87
141
133
107
123
115
74
93
91
75
84
119
73
80
114
107
96
110
88
70
86
66
65
63
6
-10
17
-16
-42
-44
-56
-35
-38
-42
-53
-71
-76
-109
-107
-103
-163
-134
-110
-150
-134
-122
-151
-155
-135
-139
-133
-117
-93
-75
-67
-63
-6
-13
-18
-2
-9
-7
-10
-18
-43
-55
-28
-14
6
66
117
135
171
177
140
171
194
175
206
222
161
203
210
193
229
226
192
171
189
174
172
153
154
122
125
159
164
175
161
129
96
82
82
85
67
19
12
-15
-87
-56
-89
-178
-150
-164
-203
-159
-158
-182
-152
-165
-209
-202
-214
-218
-204
-188
-148
-154
-178
-157
-175
-205
-181
-216
-230
-189
-222
-223
-171
-153
-109
-49
-58
-6
8
-17
3
6
12
54
52
43
50
61
39
88
114
125
140
118
108
98
78
98
87
65
95
43
53
95
75
44
65
44
25
42
18
0
16
-31
-57
-52
-51
-46
-55
-37
-60
-89
-111
-93
-89
-75
-40
-52
-46
15
25
2
19
-27
-87
-78
-120
-113
-77
-77
-72
-40
-48
-17
31
-11
40
94
9
15
118
92
110
144
100
84
112
114
166
192
197
195
191
240
221
188
179
147
113
149
148
87
156
160
107
162
130
89
116
104
91
88
45
16
-17
-49
-52
-52
-63
-82
-50
-59
-37
-13
-18
-53
-54
-64
-85
-40
-26
-28
-15
-35
-71
-100
-122
-170
-196
-195
-203
-156
-99
-87
-68
-86
-103
-81
-49
-44
-19
-14
-29
-30
-36
-25
-31
-24
-42
-39
-33
-30
6
3
18
15
-5
-21
-76
-95
-84
-87
-103
-83
-38
-30
-13
-15
-49
-36
-35
-42
-35
-46
-49
-61
-84
-69
-42
-89
-64
-66
-102
-85
-81
-95
-57
-27
-48
-38
-43
-9
9
33
9
21
-13
-32
-29
-46
-23
-35
-46
-13
11
42
75
102
108
126
158
175
165
160
122
78
75
67
42
45
55
61
105
125
115
115
126
140
132
92
67
65
46
40
28
11
25
22
25
56
37
41
58
20
18
69
40
12
6
-41
-39
-58
-52
-19
-19
-17
10
12
5
28
8
-11
8
-32
-17
-5
14
4
-15
-22
-9
-21
-33
-1
5
-12
-24
3
0
53
81
94
105
95
54
52
49
51
48
15
5
24
63
39
76
51
42
53
30
18
25
3
-41
-46
-41
-41
-71
-49
-61
-72
-92
-84
-66
-61
-35
-41
-60
-81
-87
-97
-85
-93
-123
-122
-114
-124
-130
-88
-52
-52
-47
-50
-85
-82
-100
-111
-92
-55
-41
-28
1
-21
-14
-26
-46
-51
-61
-76
-77
-90
-77
-70
-56
-36
-33
-31
-49
-103
-123
-112
-89
-68
-35
-8
-30
-7
17
3
48
49
40
41
59
63
38
60
65
42
63
87
58
84
88
91
101
110
118
121
129
129
117
102
117
104
99
106
108
104
128
138
144
147
91
53
41
11
7
51
28
18
49
17
11
39
5
9
13
-16
17
20
8
29
22
-7
4
-17
-55
-29
-19
-61
-39
-4
-16
-5
0
-13
-13
-29
-18
17
40
35
18
42
18
-10
37
50
31
54
66
27
49
26
3
-11
-12
-18
-19
-10
-15
0
-17
-23
-12
-17
-30
0
-14
-43
-39
-45
-58
-57
-96
-103
-68
-97
-88
-76
-71
-63
-72
-84
-72
-77
-94
-50
-55
-36
-25
-65
-65
-45
-65
-100
-92
-134
-142
-105
-124
-82
-38
-71
-44
-23
-44
-12
-18
-61
-45
-55
-88
-43
-47
-66
-56
-63
-58
-28
-33
-23
25
-24
-41
6
-17
-3
31
17
34
58
20
24
59
32
64
81
60
73
75
71
101
120
125
125
128
156
175
167
178
179
138
157
177
160
150
156
138
116
121
117
134
110
80
89
86
62
66
74
43
56
53
22
6
3
-36
-35
-34
-49
-33
-24
-51
-52
-53
-95
-98
-81
-92
-110
-109
-126
-128
-120
-120
-93
-98
-78
-82
-75
-40
-51
-38
-9
-23
-45
-10
-23
-33
-22
-34
-25
-39
-50
-24
-26
-40
-33
-16
-7
6
15
32
43
43
51
70
64
73
63
32
43
14
-13
-1
-14
-30
-16
-33
-44
-14
-1
0
16
1
-6
-37
-45
-55
-69
-65
-53
-64
-51
-4
-22
-53
-50
-66
-70
-25
-41
-53
-36
-73
-97
-61
-76
-85
-78
-108
-122
-98
-116
-75
-19
-39
3
27
-10
-19
-2
-19
-5
-2
-16
31
27
18
32
26
24
58
58
63
97
70
85
97
93
108
147
146
136
133
125
126
83
102
117
104
111
129
141
149
138
125
122
91
71
54
58
56
47
42
21
5
-2
3
4
13
4
2
-4
-26
-23
-25
-43
-62
-53
-74
-81
-82
-77
-69
-85
-78
-69
-74
-65
-65
-58
-37
-43
-32
-2
-17
-1
-1
-28
-40
-33
-16
-16
-13
6
4
1
17
6
-25
6
3
-6
5
15
0
-5
-3
-20
12
18
-4
-1
-8
-14
-28
-29
-26
-26
-46
-40
-41
-65
-56
-35
-33
-54
-59
-94
-76
-64
-66
-47
-38
-66
-55
-42
-55
-33
-30
-32
-8
-18
-35
-22
-8
-33
-19
-2
-21
10
15
-4
8
24
-4
16
43
35
29
39
30
39
45
53
59
49
52
16
22
6
10
14
15
20
-4
-22
-18
-23
-30
-11
-9
-17
-21
-33
-1
17
34
46
45
48
65
77
53
50
34
17
31
64
60
46
49
33
-4
20
56
46
65
69
39
54
64
56
59
65
52
20
28
21
6
19
15
3
12
14
15
9
13
2
-3
-16
-19
14
39
135
296
449
497
319
-51
-428
-717
-837
-775
-572
-341
-115
159
445
699
853
819
544
182
-292
-722
-939
-976
-813
-540
-262
17
235
389
408
376
299
121
13
-123
-256
-458
-336
-59
89
160
117
233
281
324
140
57
-99
-188
-87
148
197
0
-33
-123
61
133
77
205
200
100
99
-137
-500
-586
-262
-145
-262
105
248
601
405
132
232
-82
-81
-315
36
-66
48
62
-96
122
75
48
-114
-58
-43
182
-201
41
357
398
18
-135
-67
-352
-164
-327
-404
-6
340
-136
248
478
-78
-278
-366
-441
-506
321
247
219
212
162
-102
-486
-370
-294
6
191
262
81
228
-13
-397
-321
-146
-152
93
320
255
54
-232
-241
-235
-194
-94
148
378
273
-37
-239
20
198
-164
-140
146
87
1
182
260
456
197
32
100
234
150
-177
13
145
335
327
284
11
-217
-86
100
33
33
22
32
219
225
104
-4
-92
-10
104
26
-144
-190
-68
-18
239
237
212
127
-166
-154
-59
-123
-110
137
68
43
4
-117
-241
-231
-173
-148
-44
-139
-62
-39
-108
-166
-252
-243
-82
-58
51
167
-5
-122
-61
-48
-71
-7
-3
-122
-20
139
101
96
23
25
-18
-45
-89
-37
44
-166
-315
-74
131
191
100
-26
11
-46
-169
-300
-156
102
146
230
204
114
68
-111
-232
-122
-46
-60
-56
-35
29
66
17
-62
-126
-151
60
211
78
23
-99
-102
82
202
172
126
36
-57
-121
-170
-247
-242
48
21
2
84
128
197
167
79
-31
26
62
-51
-138
-77
101
107
90
123
10
-79
59
-22
21
384
263
182
175
58
-224
-252
-209
-93
179
245
343
246
196
-30
-254
-313
-197
46
97
177
271
312
256
32
-140
-127
-109
-75
-58
245
283
405
216
-46
-129
-239
-21
-112
-17
-84
4
100
57
10
-204
-330
-388
-149
-134
-40
28
-153
-129
-122
-147
-81
64
-159
-252
-260
-361
-161
32
142
43
-49
-28
138
137
-298
-489
-508
-297
-69
-94
84
227
316
181
39
-190
-304
-223
-234
-93
117
433
503
406
163
-186
-182
-197
22
156
139
141
114
58
134
115
-95
122
215
264
325
258
2
-20
-38
-116
51
72
52
82
110
-131
-177
-43
20
163
286
266
177
36
-184
-312
-453
-304
-14
280
341
223
-69
-139
63
-165
-248
-201
-46
-9
-8
-1
35
163
232
246
-20
-194
-203
-239
-179
32
111
90
205
118
45
-108
-151
-43
262
344
166
98
-94
-98
-54
47
156
190
305
284
121
-84
-174
-20
10
194
261
226
169
-68
-72
-58
-14
1
63
111
71
5
-39
-106
-58
-29
32
6
-35
-94
-219
-212
-191
-18
102
87
-123
-334
-496
-545
-351
-161
-5
41
16
-166
-228
-270
-278
-295
-358
-195
-140
-193
-201
-239
-103
-99
-280
-355
-303
-336
-373
-218
20
241
333
271
87
20
-143
-209
-116
133
465
532
504
457
431
399
336
350
453
596
684
708
637
567
551
465
385
370
334
239
181
55
-12
-22
-20
-100
-205
-204
-295
-382
-434
-451
-431
-352
-381
-438
-430
-480
-530
-621
-631
-643
-660
-610
-498
-372
-233
-222
-278
-274
-360
-519
-600
-617
-431
-238
-215
-68
17
-8
-13
-79
-43
67
55
69
320
699
976
1293
1550
1656
1639
1527
1410
1320
1219
1139
1160
1162
1223
1242
1281
1160
771
400
136
-55
-301
-388
-300
-167
-105
-269
-575
-929
-1194
-1402
-1425
-1251
-1032
-770
-625
-579
-597
-630
-740
-709
-745
-815
-812
-853
-825
-816
-782
-887
-1024
-1034
-1092
-1162
-1213
-1104
-975
-842
-781
-833
-779
-528
-268
-218
-157
-71
146
476
795
953
1305
1812
2109
2374
2433
2332
2091
1782
1550
1440
1349
1302
1440
1583
1536
1301
853
346
-79
-410
-564
-600
-524
-342
-345
-605
-921
-1170
-1338
-1397
-1269
-1000
-754
-602
-499
-453
-407
-301
-230
-213
-268
-461
-732
-853
-948
-1036
-1025
-990
-1039
-1110
-1376
-1706
-1824
-1752
-1625
-1351
-922
-457
-177
-50
-72
-101
-67
141
427
677
907
1115
1351
1633
2072
2552
2942
2951
2629
2151
1557
1129
1013
1178
1562
1947
2162
1930
1267
345
-500
-945
-958
-584
12
491
491
120
-519
-1219
-1750
-1906
-1672
-1150
-547
-157
4
-68
-341
-688
-968
-1052
-913
-704
-522
-490
-588
-693
-894
-1126
-1329
-1484
-1581
-1638
-1669
-1664
-1670
-1634
-1448
-1164
-837
-555
-428
-286
-155
-42
193
444
623
732
956
1498
2262
2835
3287
3407
3080
2558
2019
1514
1164
1098
1321
1791
2038
1713
925
64
-713
-1191
-1259
-875
-396
74
342
115
-513
-1241
-1739
-1863
-1599
-996
-299
143
389
228
-163
-531
-819
-898
-835
-715
-656
-692
-796
-970
-1143
-1440
-1649
-1742
-1844
-1940
-2026
-1965
-1724
-1420
-1089
-858
-743
-615
-502
-382
-194
147
497
752
906
1013
1199
1690
2520
3353
3839
3697
3173
2440
1635
1016
719
858
1337
1890
2113
1694
686
-407
-1215
-1521
-1235
-545
282
889
990
454
-411
-1290
-1869
-1783
-1241
-469
210
599
512
93
-452
-950
-1151
-1053
-868
-756
-725
-836
-1053
-1444
-1773
-1995
-2058
-1866
-1765
-1830
-1849
-1797
-1585
-1292
-1114
-948
-679
-507
-252
-41
137
456
732
913
965
921
1018
1587
2440
3239
3652
3522
3045
2418
1764
1142
762
917
1550
2204
2359
1805
743
-313
-1026
-1191
-839
-201
429
909
1002
469
-343
-1110
-1524
-1452
-966
-330
160
305
57
-433
-933
-1233
-1329
-1214
-1001
-937
-993
-1177
-1490
-1848
-2127
-2207
-2131
-1960
-1848
-1868
-1864
-1739
-1596
-1403
-1175
-997
-704
-474
-372
-252
-120
106
438
602
542
498
661
1377
2395
3321
3830
3743
3074
2282
1494
888
678
974
1731
2441
2530
1852
622
-608
-1301
-1317
-698
193
1051
1531
1360
595
-492
-1417
-1797
-1476
-692
149
704
676
209
-537
-1231
-1618
-1652
-1385
-982
-665
-489
-558
-1010
-1573
-2091
-2336
-2218
-1899
-1681
-1593
-1382
-1110
-959
-1105
-1290
-1301
-991
-374
155
459
474
419
395
357
134
-7
170
901
2080
3274
3982
3818
3072
2198
1493
966
760
1041
1757
2550
2777
2119
794
-566
-1319
-1421
-893
-43
743
1334
1355
775
-143
-1111
-1715
-1708
-1143
-337
337
539
233
-403
-1132
-1595
-1749
-1601
-1234
-813
-553
-491
-711
-1155
-1736
-2204
-2257
-2016
-1661
-1389
-1214
-1098
-1000
-1050
-1293
-1494
-1317
-767
-106
330
486
453
390
371
313
77
-136
86
848
2054
3252
3911
3807
3215
2382
1580
867
435
636
1358
2229
2454
1877
672
-637
-1484
-1603
-1175
-276
661
1265
1314
831
-118
-1154
-1780
-1865
-1219
-273
482
672
234
-574
-1312
-1780
-1900
-1836
-1477
-993
-599
-474
-718
-1199
-1644
-1825
-1899
-1832
-1631
-1418
-1061
-871
-856
-895
-961
-887
-709
-369
-76
196
420
527
545
505
420
251
69
90
556
1465
2605
3548
3950
3724
3023
2115
1268
687
756
1401
2242
2689
2273
1132
-287
-1373
-1842
-1530
-595
522
1291
1408
843
-186
-1303
-1997
-2037
-1380
-319
500
662
112
-757
-1529
-1929
-1968
-1618
-1000
-355
-72
-331
-1002
-1814
-2333
-2356
-1959
-1413
-963
-753
-741
-824
-1067
-1204
-1167
-905
-370
149
405
317
25
-208
-229
-63
232
488
625
719
927
1534
2520
3419
3772
3660
3146
2473
1717
881
507
889
1683
2263
1963
936
-341
-1373
-1772
-1576
-878
127
1032
1331
901
-160
-1383
-2182
-2189
-1479
-347
473
574
50
-807
-1621
-2101
-2209
-1945
-1296
-620
-291
-439
-1093
-1863
-2216
-2143
-1794
-1326
-996
-822
-732
-719
-782
-942
-1065
-1007
-674
-180
245
415
364
217
90
132
263
312
251
374
654
1294
2215
3159
3755
3784
3399
2641
1844
1122
855
1137
1786
2296
2118
1130
-173
-1312
-1805
-1605
-778
318
1204
1618
1231
214
-977
-1876
-2087
-1346
-266
638
896
303
-672
-1585
-2129
-2167
-1794
-1215
-565
-211
-438
-1040
-1730
-1988
-1702
-1092
-655
-508
-620
-855
-1009
-1174
-1245
-1057
-753
-436
-214
-215
-280
-281
-196
1
207
261
202
186
47
36
149
609
1657
3113
4129
4264
3674
2680
1768
999
619
741
1421
2019
2072
1238
-79
-1435
-2257
-2273
-1352
11
1227
1697
1309
307
-810
-1723
-2138
-1752
-750
436
994
736
-150
-1154
-1944
-2261
-2125
-1560
-952
-472
-430
-714
-1066
-1378
-1524
-1391
-1074
-786
-559
-622
-827
-948
-1023
-971
-860
-778
-624
-349
-132
-11
37
42
11
35
3
28
-9
35
194
649
1563
2717
3781
4141
3822
3063
2198
1265
690
732
1319
1895
1904
988
-279
-1495
-2255
-2209
-1284
149
1334
1821
1379
329
-851
-1712
-1977
-1414
-247
844
1197
742
-430
-1609
-2330
-2399
-1909
-1094
-469
-140
-258
-689
-1121
-1507
-1608
-1204
-584
-195
-151
-540
-994
-1233
-1295
-1204
-942
-678
-395
-192
-155
-191
-331
-413
-194
162
457
538
404
111
79
141
556
1497
2866
4197
4642
4103
2921
1607
542
109
219
951
1710
1869
1072
-173
-1534
-2310
-2213
-1227
341
1651
2045
1439
196
-1019
-1679
-1828
-1193
-115
760
957
410
-738
-1818
-2438
-2410
-1853
-1060
-363
-42
-211
-606
-1080
-1514
-1552
-1143
-556
-124
-185
-701
-1183
-1475
-1576
-1432
-1082
-568
-96
110
-3
-289
-524
-583
-339
138
604
704
378
15
-221
-125
164
1025
2423
3918
4676
4388
3355
2106
948
116
43
642
1403
1529
1069
154
-950
-1965
-2326
-1785
-393
1057
1772
1587
844
-157
-1066
-1564
-1468
-696
189
640
414
-332
-1303
-2099
-2475
-2187
-1406
-630
-167
-7
-137
-484
-1033
-1560
-1685
-1342
-767
-378
-364
-618
-895
-1182
-1401
-1332
-996
-557
-113
229
336
201
-88
-281
-247
-37
225
332
397
385
365
375
611
1540
2905
4163
4647
4213
3097
1728
496
-103
137
911
1622
1637
810
-502
-1802
-2620
-2351
-1044
696
1996
2224
1503
269
-1062
-1890
-1873
-1044
139
892
810
-9
-1255
-2387
-2793
-2400
-1409
-272
327
272
-167
-796
-1502
-1880
-1651
-962
-303
58
45
-279
-798
-1373
-1772
-1690
-1168
-588
-22
338
511
339
-96
-480
-449
-165
311
682
828
725
438
-95
-460
-252
329
1564
3003
4143
4400
3775
2622
1470
491
93
343
901
1298
1096
197
-888
-1866
-2537
-2252
-1184
255
1394
1718
1204
307
-795
-1512
-1601
-1184
-409
201
322
-47
-765
-1576
-1966
-1864
-1285
-492
11
82
-191
-657
-1059
-1318
-1312
-948
-464
-141
-206
-661
-1190
-1445
-1341
-1031
-613
-128
156
205
89
-75
-179
-109
204
573
827
760
414
-10
-334
-324
-42
453
1168
2191
3184
3965
3967
3234
2298
1440
921
730
691
760
735
301
-533
-1588
-2344
-2482
-1812
-603
724
1541
1549
837
-97
-830
-1166
-1059
-500
227
615
469
-274
-1244
-1982
-2127
-1638
-755
-10
238
-13
-479
-980
-1296
-1347
-1060
-585
-243
-270
-651
-1100
-1408
-1343
-912
-386
4
218
95
-49
-33
20
136
300
429
481
368
70
-149
-251
-180
101
399
728
1032
1505
2323
3186
3665
3554
2796
1896
877
23
-423
-359
-72
24
-278
-940
-1756
-2344
-2221
-1324
60
1267
1767
1470
682
-377
-1109
-1305
-882
-92
585
707
257
-626
-1504
-1976
-1859
-1235
-442
103
193
-192
-837
-1333
-1492
-1310
-815
-228
95
79
-236
-603
-758
-658
-383
-40
204
323
269
148
16
-23
-20
84
211
277
253
121
69
113
143
152
178
182
377
554
1021
1822
2806
3365
3271
2516
1414
369
-473
-856
-717
-245
118
86
-415
-1086
-1675
-1719
-1157
-24
1072
1743
1689
990
79
-664
-1070
-934
-397
251
631
453
-227
-1046
-1636
-1812
-1448
-701
-50
192
7
-527
-1015
-1195
-1057
-579
90
457
501
162
-552
-1123
-1257
-978
-369
197
457
359
-45
-567
-842
-754
-347
276
755
934
726
178
-318
-480
-388
-43
293
555
721
956
1524
2292
2749
2673
2088
1355
651
-12
-533
-540
-25
391
413
-73
-777
-1318
-1479
-983
82
1035
1487
1356
888
186
-418
-807
-747
-189
339
488
153
-545
-1183
-1505
-1478
-1053
-560
-175
-9
-84
-365
-726
-1001
-993
-653
-195
188
280
24
-440
-902
-1100
-997
-725
-431
-172
-91
-206
-461
-575
-460
-165
220
510
525
278
-69
-397
-494
-275
-47
128
164
81
25
268
945
1799
2483
2738
2384
1620
709
-2
-173
170
591
758
562
-128
-1001
-1586
-1603
-873
310
1210
1632
1458
859
132
-438
-642
-343
172
560
594
264
-374
-1009
-1238
-1004
-447
52
284
144
-104
-465
-812
-869
-704
-345
43
134
-171
-687
-1164
-1304
-1047
-610
-195
64
46
-203
-493
-672
-562
-274
98
367
381
121
-327
-631
-709
-501
-226
-45
-50
-119
-175
-54
360
1191
2319
3197
3391
2708
1744
839
253
88
366
835
971
482
-448
-1337
-1851
-1750
-910
385
1566
2018
1566
685
-187
-656
-677
-194
473
845
760
201
-612
-1250
-1477
-1219
-586
3
151
-204
-845
-1471
-1792
-1643
-1142
-513
-77
7
-331
-925
-1367
-1453
-1088
-514
-91
-57
-334
-767
-1073
-1073
-791
-374
-32
117
34
-195
-435
-467
-329
36
297
240
119
-59
-130
142
649
1363
2193
2802
2933
2649
2025
1372
877
605
598
634
589
403
97
-447
-830
-844
-523
90
702
1061
1233
969
465
175
112
130
241
329
346
242
-178
-684
-1020
-1217
-1136
-963
-826
-706
-699
-782
-782
-699
-661
-626
-568
-569
-628
-734
-850
-921
-942
-889
-822
-733
-616
-544
-462
-369
-179
-31
25
22
14
-19
-45
43
191
480
766
826
788
642
382
258
122
103
211
431
908
1577
2192
2468
2387
1832
1277
914
788
935
1135
1203
943
250
-575
-1147
-1240
-676
145
871
1156
743
-79
-741
-1069
-888
-368
76
251
-41
-624
-1194
-1522
-1382
-940
-393
-57
-170
-606
-1128
-1524
-1691
-1504
-1146
-914
-831
-957
-1152
-1322
-1336
-1005
-564
-133
51
-63
-249
-461
-453
-245
126
487
563
464
211
58
65
205
523
810
901
742
403
3
-294
-215
175
689
1095
1238
1476
1762
2100
2136
1988
1923
1730
1418
916
435
215
33
-193
-356
-517
-739
-898
-825
-638
-262
-79
-157
-186
-248
-249
-211
-154
-74
39
-8
-197
-389
-654
-856
-917
-890
-894
-940
-1007
-1064
-1092
-1048
-900
-753
-614
-466
-282
-147
-79
-139
-196
-99
-20
167
314
308
274
186
121
138
161
239
445
661
736
691
529
376
316
346
468
498
418
300
84
14
87
234
514
820
1148
1367
1446
1367
1271
966
543
269
197
207
147
-20
-206
-401
-707
-978
-966
-686
-302
35
152
101
-73
-324
-399
-301
-180
-176
-298
-466
-647
-803
-939
-999
-861
-643
-459
-358
-290
-263
-300
-331
-294
-260
-198
-245
-356
-404
-480
-433
-371
-289
-183
-102
-94
-142
-115
41
279
581
735
694
525
273
83
14
91
155
170
154
103
-50
-268
-459
-465
-161
191
504
602
588
593
750
1051
1198
1187
954
713
568
410
286
91
-117
-249
-382
-410
-425
-283
-88
155
288
139
-129
-346
-368
-292
-177
-98
-178
-288
-345
-325
-217
-206
-166
-77
-43
-79
-193
-345
-450
-394
-390
-374
-372
-479
-618
-643
-568
-392
-201
-56
-2
44
71
-8
-34
22
88
212
254
180
12
-161
-244
-158
29
110
164
103
57
25
-25
-24
-32
97
294
401
383
289
241
360
537
711
1025
1062
889
661
649
744
832
849
871
782
418
132
21
7
143
294
314
302
29
-294
-476
-488
-379
-259
-151
-124
-249
-407
-438
-403
-366
-274
-227
-200
-231
-315
-368
-448
-523
-574
-638
-652
-658
-597
-617
-643
-679
-760
-766
-752
-755
-751
-655
-542
-431
-316
-215
-66
55
158
259
340
332
275
213
83
58
57
8
8
90
69
110
99
145
358
434
534
590
628
684
755
823
928
1103
1012
1012
878
796
765
704
677
444
251
19
5
13
39
109
55
-82
-281
-448
-449
-433
-364
-369
-388
-522
-724
-846
-809
-610
-342
-112
-52
-104
-299
-513
-609
-604
-501
-377
-323
-332
-452
-593
-717
-697
-562
-374
-188
-123
-173
-227
-244
-222
-97
58
184
284
328
369
368
382
387
407
545
617
603
560
479
434
420
396
365
440
484
444
407
306
252
182
156
231
407
531
503
425
370
415
423
509
589
725
720
547
341
163
23
-105
-163
-297
-398
-576
-793
-849
-851
-805
-671
-508
-366
-305
-270
-292
-260
-213
-123
-37
-83
-196
-369
-416
-392
-302
-235
-218
-261
-344
-402
-445
-418
-330
-259
-184
-52
-52
-155
-188
-200
-106
10
51
110
96
62
45
83
135
217
306
377
518
523
361
262
186
96
67
-37
-167
-179
-225
-256
-216
-232
-199
-146
-72
54
156
150
127
187
266
343
424
351
189
17
-73
-95
-19
103
169
274
343
276
137
27
-55
-24
58
99
75
-31
-133
-205
-218
-213
-238
-225
-139
-11
137
249
286
289
267
266
272
254
209
199
125
29
-27
-69
-144
-205
-225
-260
-268
-305
-331
-277
-170
-146
-128
-36
-50
-76
-44
1
45
46
2
-84
-117
-132
-98
-23
41
103
87
40
-2
-69
-65
-1
64
88
97
23
-79
-130
-114
-60
-16
59
149
130
105
90
66
141
257
320
382
331
248
226
200
203
207
215
186
184
173
163
207
265
305
349
404
344
205
92
-38
-130
-166
-192
-213
-239
-298
-367
-407
-483
-497
-422
-351
-226
-154
-120
-97
-177
-260
-304
-358
-406
-447
-456
-470
-538
-620
-619
-598
-549
-366
-211
-94
-25
-67
-71
-77
-112
-96
-72
-80
-67
-93
-100
-50
-33
31
141
179
272
383
419
420
395
376
348
323
247
230
260
203
150
198
183
279
421
506
650
717
674
659
652
576
488
388
295
257
236
150
49
-29
-106
-182
-155
-108
-67
-32
-33
-63
-92
-144
-192
-194
-170
-160
-167
-178
-248
-340
-388
-443
-459
-423
-376
-312
-251
-180
-111
-110
-112
-58
-62
-71
-82
-143
-226
-275
-320
-334
-289
-246
-169
-44
56
153
222
255
300
301
300
291
290
260
213
175
137
108
103
169
242
312
399
406
369
358
313
250
223
251
260
231
206
141
54
-30
-80
-82
-55
-59
-110
-190
-267
-326
-334
-330
-243
-165
-166
-139
-156
-219
-278
-291
-294
-300
-295
-306
-337
-372
-415
-444
-446
-408
-349
-287
-224
-176
-142
-143
-175
-186
-192
-202
-207
-161
-147
-206
-183
-136
-67
26
105
162
172
205
222
211
249
243
240
312
281
228
251
207
190
273
292
321
363
323
304
339
285
281
370
383
419
469
386
306
275
183
107
106
66
-10
-75
-82
-123
-180
-98
-58
-36
77
117
74
58
-17
-118
-115
-141
-191
-221
-263
-315
-330
-364
-380
-330
-249
-158
-85
-18
-2
-18
-13
-7
32
64
69
56
61
40
1
-24
-36
-43
-47
-4
12
24
43
51
74
156
190
176
251
212
136
152
105
76
90
70
36
67
109
94
111
168
178
129
142
106
53
31
-4
-94
-147
-159
-217
-259
-225
-230
-297
-272
-240
-227
-136
-64
-49
8
23
-28
-9
-39
-126
-132
-179
-270
-257
-284
-340
-303
-289
-295
-200
-115
-54
14
51
74
70
94
118
89
109
93
42
39
-18
-49
-24
-30
-78
-64
-55
-36
17
75
102
116
99
66
70
82
119
116
125
136
140
119
112
68
11
-21
-28
11
23
14
5
-38
-29
-29
-28
5
10
0
-5
-42
-72
-72
-51
-59
-48
10
23
65
68
38
14
2
-4
19
60
71
68
61
74
113
131
132
156
145
150
172
164
157
142
119
130
130
161
186
184
212
229
216
167
121
115
125
151
182
152
121
39
-12
-9
-35
-34
39
66
80
109
70
6
-26
-76
-119
-119
-184
-238
-303
-416
-459
-452
-467
-439
-340
-294
-262
-204
-182
-179
-142
-126
-122
-123
-145
-175
-182
-190
-212
-208
-166
-166
-144
-85
-34
-4
45
114
163
207
238
253
250
227
219
201
197
185
200
202
148
149
154
139
142
175
188
201
234
238
232
198
168
144
91
63
35
27
14
-7
-76
-141
-186
-221
-221
-212
-192
-213
-230
-237
-255
-297
-325
-326
-342
-297
-248
-205
-193
-216
-249
-295
-316
-291
-244
-179
-108
-90
-81
-103
-95
-96
-70
-10
65
108
137
149
112
108
120
153
225
301
330
378
394
352
366
400
402
421
429
371
357
336
250
231
235
183
147
179
156
151
171
155
132
138
114
102
120
118
82
59
32
-47
-64
-91
-140
-184
-240
-299
-301
-321
-306
-264
-236
-240
-241
-215
-248
-260
-228
-249
-247
-216
-261
-272
-251
-248
-226
-163
-147
-108
-40
-48
18
21
2
45
46
56
109
126
138
161
149
128
100
95
72
86
100
126
167
200
214
242
238
208
193
197
177
154
140
129
78
20
-1
-10
-54
-53
-85
-99
-91
-106
-77
-55
-95
-72
-70
-72
-63
-93
-82
-85
-116
-118
-110
-155
-174
-163
-146
-149
-127
-165
-194
-248
-280
-245
-189
-134
-91
-64
-83
-108
-93
-85
-59
-8
24
36
86
112
109
154
165
164
191
188
184
203
179
176
194
146
94
109
88
59
94
67
87
121
114
137
177
165
155
167
112
68
55
24
-7
-1
-43
-59
-85
-113
-108
-116
-100
-83
-39
-35
-34
-10
-26
-44
-40
-53
-74
-58
-91
-129
-122
-171
-185
-161
-137
-125
-66
-31
-40
3
16
-9
21
42
36
65
88
61
41
22
29
68
121
213
258
292
289
243
229
210
177
168
142
117
74
28
-9
-61
-83
-69
-36
-59
-31
9
-17
-8
-45
-56
-60
-53
-43
-74
-73
-87
-121
-122
-112
-94
-106
-99
-88
-94
-75
-74
-109
-101
-84
-166
-180
-190
-258
-261
-244
-269
-252
-213
-218
-177
-82
-62
-18
41
71
115
154
161
159
147
94
88
91
48
25
19
-8
1
18
39
75
97
85
97
150
166
185
177
165
151
115
88
48
4
9
54
33
54
65
53
59
60
50
69
80
68
92
64
32
18
-7
-30
16
34
29
54
34
14
-18
-56
-60
-71
-54
-17
-25
-31
-29
-120
-167
-179
-220
-169
-134
-128
-58
-40
-83
-30
-4
16
64
70
65
55
50
37
26
-12
-12
-19
-50
-49
-61
-65
-43
-1
23
55
69
71
64
41
52
55
53
73
65
15
-2
-52
-110
-113
-96
-67
-59
0
14
28
52
71
87
72
57
43
48
41
49
24
-16
-21
-73
-79
-66
-48
-25
4
42
55
61
52
33
8
12
18
10
-5
-17
-50
-55
-37
-49
-35
-22
-39
-28
24
8
-10
21
-25
-36
-26
-69
-82
-78
-102
-111
-102
-89
-52
-37
-8
2
1
1
-22
-76
-85
-91
-107
-99
-99
-105
-105
-101
-98
-60
-35
-39
-1
-15
-16
29
66
75
140
162
183
201
158
123
103
87
56
85
91
98
113
107
100
100
75
94
100
119
167
182
197
178
135
93
82
48
50
89
60
61
90
100
76
67
40
3
32
7
-25
-25
-40
-93
-115
-110
-108
-114
-117
-106
-75
-60
-87
-96
-100
-124
-135
-99
-101
-129
-128
-164
-180
-150
-133
-147
-147
-142
-147
-125
-145
-128
-131
-141
-93
-92
-81
-13
-11
-13
22
22
25
48
51
62
71
72
104
96
94
131
139
143
133
115
106
114
114
105
123
137
104
119
128
105
141
161
155
159
170
166
146
143
119
99
66
44
8
-7
-22
-46
-42
-60
-76
-40
-48
-73
-43
-78
-114
-129
-183
-212
-221
-212
-215
-188
-197
-203
-192
-208
-217
-192
-178
-155
-137
-126
-145
-171
-146
-161
-157
-121
-109
-119
-85
-81
-55
-3
-4
12
59
68
97
158
152
138
157
110
78
113
97
121
146
141
132
132
147
184
216
236
224
214
249
234
224
234
193
153
125
87
67
77
45
54
68
24
81
85
68
70
24
-18
-23
-35
-35
-31
-40
-38
-70
-92
-106
-154
-167
-153
-147
-130
-100
-78
-96
-85
-124
-142
-120
-152
-122
-97
-118
-123
-106
-146
-105
-84
-107
-84
-61
-78
-44
-35
-69
-21
-4
-35
16
38
2
52
34
9
8
-8
1
49
34
56
89
60
87
127
95
123
136
81
94
90
66
103
128
122
146
111
80
113
113
97
81
54
41
36
28
50
35
-15
-32
-32
-51
-60
-42
-38
-43
-73
-63
-38
-51
-70
-84
-79
-55
-94
-102
-88
-131
-159
-173
-189
-196
-181
-201
-199
-198
-177
-159
-125
-117
-130
-95
-91
-95
-82
-65
-58
-34
-20
-19
-23
-12
-29
-16
29
32
61
91
87
138
154
136
161
195
208
244
254
212
179
165
170
159
203
238
220
190
195
168
145
191
150
151
171
143
150
128
88
80
73
40
43
53
28
16
13
-8
-19
2
-9
-48
-54
-59
-111
-154
-135
-135
-109
-108
-156
-187
-202
-215
-232
-201
-179
-171
-150
-135
-119
-127
-159
-143
-147
-137
-115
-95
-98
-119
-121
-113
-95
-65
-20
-5
-2
-7
-11
-14
-3
3
34
47
48
42
54
74
65
90
120
99
106
153
141
125
106
68
84
85
71
95
81
68
56
56
69
67
45
52
60
41
14
5
-21
0
-12
-37
-26
-51
-80
-100
-106
-76
-60
-67
-34
-10
-48
-61
-52
-108
-93
-99
-138
-97
-141
-162
-114
-119
-121
-84
-71
-84
-44
-41
-42
-11
6
29
38
21
15
12
43
50
81
110
72
78
50
42
82
111
131
178
149
155
157
122
138
130
96
122
121
89
115
88
51
61
59
74
108
94
92
75
45
40
61
30
29
27
-18
-20
-31
-35
-40
-44
-31
-33
-65
-59
-48
-48
-63
-42
-17
60
92
72
6
-156
-296
-377
-424
-392
-272
-134
-5
111
129
93
50
-74
-192
-250
-176
-88
54
176
178
125
31
-89
-145
-164
-148
-109
-22
60
74
128
125
85
81
42
9
4
-22
-20
-15
21
17
-9
12
0
-14
-3
-20
-31
-11
57
106
148
152
132
77
20
-31
-62
-96
-105
-90
-82
-7
-4
26
64
31
12
38
32
34
62
48
25
40
24
35
21
-19
-25
-31
-32
-8
38
54
94
126
109
115
105
87
89
23
-7
-5
-38
-24
-19
-15
-7
-23
-26
-5
-3
-20
-13
-23
-8
18
15
23
6
-24
-34
-55
-78
-53
-74
-89
-92
-89
-62
-60
-45
-32
-31
-18
-32
-25
-8
-23
-34
-39
-66
-97
-77
-80
-76
-49
-35
-36
3
35
33
38
55
58
49
81
79
71
95
86
58
51
8
-29
24
40
44
109
82
72
118
80
88
126
61
13
58
26
0
24
15
-32
-20
-29
-44
-9
-19
-22
-48
-43
-33
-47
-75
-82
-104
-134
-109
-132
-135
-87
-93
-125
-88
-72
-58
-13
-7
-2
-2
-22
-32
-11
-18
-24
-18
-34
-14
19
34
12
23
15
-18
5
10
28
34
26
12
32
57
53
90
92
65
58
57
72
80
94
100
85
72
70
36
19
38
20
26
78
85
68
80
48
24
45
15
1
40
46
39
52
5
-48
-56
-65
-78
-40
-40
-53
-29
-17
-25
-26
-40
-46
-20
-26
-40
-48
-83
-78
-52
-69
-55
-44
-54
-52
-45
-47
-2
-22
-23
-7
-21
-45
-47
-54
-51
-14
-35
-23
-43
-91
-47
-25
-35
-10
3
-1
11
15
24
16
-5
6
12
23
42
38
36
50
54
55
72
100
112
119
113
85
82
61
77
73
69
56
37
31
24
26
12
8
-1
0
-11
18
26
-8
31
38
32
65
52
21
-2
-34
-49
-55
-54
-39
-29
-50
-75
-98
-70
-55
-59
-18
-12
-42
-19
-47
-66
-16
-54
-65
-50
-88
-69
-24
-37
-34
-5
-47
-57
-25
-62
-77
-59
-77
-80
-60
-52
-47
-32
-35
-17
36
11
5
8
9
9
4
15
9
-2
-7
-13
-37
-51
-27
-22
23
30
46
82
86
103
130
118
91
77
29
27
33
13
20
34
29
21
44
68
87
75
75
65
49
28
36
57
43
41
59
48
33
26
2
-4
-23
-27
-33
-24
-24
-51
-51
-57
-55
-36
-14
-12
-4
-17
-57
-24
-21
-45
-5
-11
-46
-29
-25
-13
-15
26
39
0
17
41
11
-2
22
9
5
45
47
56
69
38
59
94
94
115
141
115
129
92
45
66
73
73
90
94
60
74
52
37
51
-13
-63
-55
-87
-69
-42
-54
-28
-16
-27
-21
-37
-86
-100
-131
-168
-167
-161
-174
-165
-153
-189
-199
-187
-181
-190
-156
-169
-196
-177
-165
-159
-126
-120
-124
-143
-135
-133
-127
-109
-95
-87
-67
-40
-19
-7
4
0
-9
3
-18
-17
16
24
35
83
69
52
90
73
69
110
97
95
129
127
148
159
140
134
138
137
152
159
158
141
121
157
126
132
169
126
114
154
132
121
164
161
158
195
155
124
130
110
94
80
60
83
81
83
106
100
82
78
57
36
39
6
-7
0
-33
-43
-7
-49
-58
-44
-65
-72
-69
-71
-62
-48
-51
-47
-55
-50
-73
-91
-88
-113
-108
-74
-63
-79
-66
-94
-108
-65
-59
-32
4
-33
-47
-55
-76
-77
-79
-87
-78
-84
-82
-80
-104
-101
-96
-83
-75
-62
-83
-65
-49
-79
-104
-102
-112
-119
-91
-80
-68
-45
-34
-43
-41
-21
-29
-24
-20
-18
-8
0
10
34
28
28
25
1
13
13
27
21
17
32
46
59
66
65
58
50
57
65
59
48
34
32
29
5
-13
-25
-42
-68
-35
-37
-36
-3
-10
-27
-49
-52
-72
-67
-76
-62
-86
-89
-93
-95
-87
-59
-31
-40
-11
-17
6
26
7
22
41
41
66
65
71
102
99
111
147
117
151
192
165
187
207
161
172
173
150
192
177
167
198
200
187
193
154
144
163
119
140
137
92
90
81
38
62
42
0
10
-14
-33
-29
-50
-64
-59
-99
-99
-88
-113
-110
-94
-133
-115
-93
-107
-98
-91
-119
-119
-86
-128
-111
-88
-120
-126
-115
-130
-135
-133
-140
-120
-100
-94
-82
-85
-77
-49
-53
-42
-36
-51
-48
-33
-27
-3
-3
-3
12
9
8
12
4
8
-8
0
52
18
31
82
8
0
46
15
14
48
10
9
17
-14
12
37
5
-3
1
-33
-44
-32
-21
-19
-22
-21
-31
-42
-25
-29
-51
-55
-64
-61
-42
-40
-52
-51
-77
-101
-75
-76
-75
-61
-69
-87
-59
-52
-75
-34
-7
-14
10
18
8
25
33
29
48
55
60
47
41
70
68
66
91
97
111
124
127
143
164
169
161
194
192
183
163
144
128
121
131
135
142
120
102
103
104
91
100
91
54
42
44
10
12
7
-27
-34
-37
-50
-57
-54
-51
-37
-54
-58
-72
-98
-85
-105
-111
-104
-92
-93
-67
-53
-60
-50
-49
-60
-39
-7
-35
-24
-11
-27
-28
-25
-36
-33
-17
-42
-20
20
-4
36
35
4
7
1
2
8
13
-12
-20
-15
-12
13
16
46
53
14
41
37
12
41
14
-27
-21
-42
-77
-45
-50
-69
-52
-65
-59
-53
-58
-76
-67
-56
-43
-22
-24
-37
-29
-46
-74
-61
-64
-76
-57
-51
-41
-30
-24
-27
-23
-14
-13
-4
-4
-2
-11
-31
-23
-41
-53
-59
-61
-55
-56
-36
-33
-45
-38
-30
-27
3
5
-9
11
11
21
21
6
16
33
23
34
74
52
43
44
46
30
63
53
57
70
59
71
67
58
58
68
43
61
70
52
58
74
72
49
47
48
50
46
61
74
22
48
70
25
48
49
26
42
18
7
38
35
34
48
31
26
41
35
39
49
20
23
24
-9
2
12
-10
3
7
-28
-12
19
9
7
18
8
5
16
11
23
26
10
5
4
14
6
-9
4
-2
-9
-21
-20
-12
-34
-37
-50
-55
-54
-45
-30
-42
-68
-67
-69
-69
-37
-42
-35
-49
-65
-60
-60
-75
-94
-90
-80
-77
-87
-69
-55
-72
-66
-40
-49
-68
-44
-48
-43
-34
-44
-26
-16
-41
-29
-37
-69
-34
-13
-20
9
3
-27
-10
-15
-33
-5
-4
-26
-15
-25
-23
-5
-13
8
9
10
20
6
12
32
19
31
33
7
33
43
24
37
66
57
75
83
71
77
55
48
59
62
58
65
59
40
45
65
65
74
75
43
49
35
37
50
50
49
39
6
16
30
17
28
49
27
27
25
7
15
15
8
-8
6
-2
-1
-1
19
12
-19
-4
-12
-3
25
16
15
22
10
12
26
23
15
11
-7
-2
12
-19
-14
6
-12
2
37
19
-17
-7
-10
-39
-3
9
-5
-7
-14
-39
-45
-38
-31
-45
-43
-57
-84
-82
-78
-59
-39
-22
-19
-29
-34
-41
-52
-42
-59
-65
-53
-52
-44
-17
-25
-52
-17
-23
-31
-22
-13
-11
-4
-4
-24
6
7
-23
-10
-9
-29
-10
12
-6
8
25
-9
0
10
-6
-8
-10
-13
2
1
5
-7
-24
-24
-25
-33
-22
-8
-21
-12
-2
-8
13
23
40
40
22
36
28
-11
2
11
-1
-4
8
-3
-3
16
8
14
41
43
31
51
52
52
46
37
31
25
19
30
33
25
21
28
40
43
58
61
56
30
29
32
18
24
25
24
1
1
9
-10
-5
4
-3
-4
-4
4
-8
-15
-14
-25
-19
-36
-27
-31
-41
-9
-9
-33
-33
-10
-26
-11
-12
-20
-5
-11
-11
16
7
-7
11
7
-2
12
11
4
12
-5
0
19
10
21
34
25
16
25
36
21
24
2
-5
15
23
26
39
31
17
24
7
14
35
14
14
35
21
9
20
-5
-31
3
-13
226
610
517
-65
-485
-417
-231
-263
-361
-117
274
236
-303
-629
-422
-110
-77
-50
207
370
180
-32
-14
-87
-243
-238
35
336
361
151
31
6
-223
-485
-408
-37
205
170
42
-19
-138
-378
-451
-257
14
151
170
183
126
3
-88
-102
-37
93
189
299
331
201
34
-92
-124
-82
-36
80
241
183
-7
-76
-87
-146
-152
-16
161
192
115
51
-2
27
12
-28
48
201
203
121
151
79
-70
-73
33
115
152
104
87
71
-24
-125
-169
-102
-8
32
47
54
15
-66
-110
-59
-29
-35
-4
61
83
67
61
28
-34
-40
21
22
22
67
106
117
61
-40
-86
-55
-52
-24
71
93
49
-18
-92
-119
-102
-93
-56
22
71
39
-31
-97
-117
-104
-68
-34
-10
-10
-25
-50
-60
-57
-60
-34
-29
-48
-43
-72
-146
-118
-43
15
18
-29
-58
-105
-144
-134
-79
6
80
71
38
25
-44
-108
-93
-25
89
132
99
58
33
-25
-92
-123
-71
36
87
119
99
-12
-75
-94
-95
-50
22
110
133
81
10
-42
-50
-26
5
44
69
74
45
14
1
-58
-98
-50
16
33
45
60
71
46
-3
-14
-13
5
51
84
68
42
40
16
-29
-24
-2
12
71
113
115
90
24
-32
-46
-25
6
57
107
122
91
33
-45
-32
14
30
67
104
64
28
2
-46
-25
6
-6
5
53
53
13
-38
-30
15
30
19
40
55
52
38
37
48
43
44
45
36
15
-27
-36
-30
-9
-17
-27
0
-20
-47
-51
-47
-17
-9
-34
-40
-45
-67
-71
-80
-63
-22
-37
-31
-19
-43
-73
-79
-85
-81
-36
-14
-27
-20
-35
-65
-79
-56
-50
-41
-14
-13
-12
-31
-41
-36
-43
-36
-28
-4
6
6
5
0
-1
-21
-11
9
17
24
32
19
17
9
7
29
16
1
0
-17
-29
-20
-16
-15
-18
-30
-22
-18
-38
-52
-59
-60
-22
-4
-22
-2
-2
-33
-47
-51
-33
-4
8
22
32
-13
-14
-3
-17
15
25
29
57
60
33
21
3
5
2
4
55
104
103
66
37
54
66
43
60
68
64
63
40
48
86
74
40
51
54
40
25
22
61
63
19
12
43
49
27
2
5
20
-10
-29
-10
22
24
4
-9
9
-2
-32
-5
27
28
23
16
-1
4
-13
-47
-30
-10
-17
-12
3
21
27
-4
-29
-17
-2
-17
-13
-3
20
4
-35
-16
-17
-24
-20
-16
-12
-18
-42
-51
-37
-40
-42
-50
-49
-17
-24
-46
-17
-15
-37
-42
-24
-23
-40
-38
-23
-12
-7
-1
-20
-23
-6
-19
-40
-5
12
-1
3
13
-6
-23
-17
-4
19
4
-31
-15
8
-3
-4
-5
-13
-8
-11
-38
-26
-9
-25
-15
9
18
6
4
-18
-4
7
-6
2
16
10
-8
-12
-6
-20
-8
11
8
19
12
-1
8
20
7
0
-3
-22
-5
-3
-5
2
-9
-2
-3
-3
18
19
7
2
-1
2
10
17
18
16
13
11
10
25
29
35
33
16
16
31
36
47
36
27
29
35
34
22
34
16
-7
0
7
20
15
14
26
25
30
33
25
23
27
11
8
10
7
5
-4
-11
-32
-45
-43
-2
18
12
2
-11
-14
-2
7
4
5
7
-4
-8
-13
-24
-14
-10
-11
-7
-23
-27
5
11
-9
-6
-8
-18
-24
-19
-23
-19
-28
-29
0
6
-3
-4
4
7
0
-8
-6
3
2
10
13
6
0
-7
9
8
-4
-20
-28
-19
-19
-24
-14
6
19
19
11
18
11
-15
-23
-13
-29
-27
-14
-17
-7
-15
-39
-27
-17
-19
-3
-11
-3
-2
-19
-5
5
-13
-15
2
2
9
11
0
5
13
0
13
22
12
25
27
13
2
8
14
20
33
33
25
14
4
8
7
-6
-10
-14
2
7
-15
-17
-14
-15
1
-1
-5
-4
-15
-30
-24
-16
-21
-21
-19
-13
-21
-30
-38
-34
-31
-24
-18
-10
-1
-4
9
5
-4
-4
-7
1
13
2
1
6
11
17
31
22
19
28
24
36
39
26
24
24
30
22
19
11
8
22
23
12
-6
-2
4
15
20
23
19
16
11
5
-8
-9
-1
-8
-8
5
-4
-9
-6
-3
1
1
-7
-15
1
-1
-30
-18
-5
-15
-1
13
6
13
5
-10
10
12
6
17
21
12
5
-7
-7
12
13
-8
-2
13
11
13
22
13
15
21
9
4
9
-3
-13
-2
5
-12
0
8
-2
-10
-4
3
-1
0
0
-6
-10
-11
-19
-3
-9
-11
-14
-13
-9
-3
0
0
-14
-29
-22
-20
-11
-9
-5
-16
