SAMPLES:	7436
BITSPERSAMPLE:	16
CHANNELS:	1
SAMPLERATE:	16000
NORMALIZED:	FALSE
-9
-25
-20
-7
2
-10
-3
11
-58
0
-18
-25
-9
-6
-14
-8
-30
15
-16
-32
50
-21
-34
57
-29
-10
21
-21
40
-11
-2
44
-37
39
3
-20
58
2
25
88
-5
52
75
-7
47
40
53
19
41
48
-10
21
44
-24
56
38
6
58
30
26
49
41
20
30
28
50
-42
25
13
-53
-20
-1
-26
-11
0
-16
-45
23
-6
-29
29
-44
4
-68
-50
1
-120
0
-45
-77
-27
-42
-26
-39
-38
-18
-22
-42
-1
-23
-37
-7
-69
14
-107
17
-51
-58
-18
-18
-55
-10
32
-42
-31
57
-59
-10
27
-7
36
-5
75
-62
-9
34
-38
-41
80
-25
3
81
29
37
44
28
58
10
48
18
4
87
16
4
84
-25
22
20
3
60
9
62
50
1
67
-13
39
10
51
19
-6
28
28
-28
18
13
-8
11
-24
23
-62
18
-51
-3
-4
27
-77
54
-44
-12
-45
-46
17
-92
26
-14
-57
-15
26
-91
34
-60
-10
-13
27
-49
-18
-32
12
-56
-5
2
-35
-13
10
-30
-13
10
-49
7
-30
11
-3
-21
50
-46
28
12
-47
40
-16
-5
47
-32
95
-54
68
6
-3
57
23
62
-30
47
21
0
43
92
0
75
4
74
-11
59
25
65
9
42
62
-6
22
13
10
-2
12
12
9
-6
67
-41
3
6
-1
-46
6
18
-29
19
-81
-45
-29
-95
-59
-6
-63
14
-77
29
-50
-68
-63
-59
-60
-61
-22
-85
-46
14
-140
-56
-40
-37
-8
-54
13
-19
-56
-11
-48
-26
-9
1
13
-2
23
-46
-42
33
-36
9
26
21
17
27
18
33
7
97
-4
80
9
75
-4
89
43
36
94
60
73
36
30
92
61
9
146
-9
155
2
93
51
32
113
-9
20
79
-9
80
0
36
47
-49
57
-64
34
21
-62
44
-20
-41
25
-40
-41
-25
-37
-48
-76
-104
-61
-136
4
-111
-39
-94
-45
-8
-158
-17
-58
-116
-7
-26
-56
-26
-90
30
-120
-76
-13
-113
-104
50
-145
-2
-43
-8
22
-20
18
23
-23
14
96
-32
54
48
34
16
114
-91
64
16
23
123
60
58
156
-37
148
99
-53
234
16
55
149
-74
63
76
-56
166
-12
5
141
-124
148
-26
50
166
-41
107
63
-93
37
-38
-53
-27
-26
-2
-71
43
-9
-64
-2
-106
-6
12
-114
23
-118
10
-36
-113
-23
-87
-98
9
-124
-20
-67
-183
65
-117
-5
-26
-60
34
-79
18
-12
-154
39
-113
-36
-36
-5
-76
20
-46
-67
-7
-123
58
-59
47
28
43
32
63
35
0
21
14
59
7
57
28
-3
175
24
108
70
118
61
39
96
87
50
81
146
43
85
125
49
42
76
85
33
50
177
-34
29
100
-45
25
79
-14
31
-3
-28
32
-55
-24
17
-19
6
56
-134
21
-110
-94
-24
-210
55
-97
-80
-4
-77
-137
-37
-38
-168
-42
-80
-138
-157
-2
-203
-89
-36
-99
-111
-15
-115
-47
-43
-93
-49
-150
67
-178
78
-89
61
-78
-4
-74
7
0
-113
121
10
-62
97
32
-59
98
56
58
8
135
145
-4
79
172
10
102
180
7
166
88
117
128
66
162
93
159
79
221
58
27
178
-24
135
-51
174
32
20
103
-45
44
25
-47
46
-89
36
-21
-55
-5
-54
-77
-33
-113
-94
117
-303
99
-105
-114
-23
51
-168
-22
-84
-197
2
-239
94
-160
22
-75
-165
29
-172
-172
114
-192
-113
36
-31
-203
32
-24
-200
35
-7
-54
-106
55
-33
-94
-2
23
-147
185
-103
-7
33
-135
166
-53
145
85
137
64
228
4
147
-56
105
111
78
76
256
-78
172
133
61
38
343
-30
269
103
96
110
87
181
90
44
161
-61
104
17
-104
69
16
7
-55
148
-162
13
39
-84
-30
-56
-20
-58
-102
-123
-84
-195
-119
-136
-130
-61
-204
74
-152
10
-148
7
-54
-248
-9
-235
-140
-64
-276
20
-261
-53
9
-261
-11
-211
-95
-80
-36
-267
211
-266
136
-126
-90
-52
-132
-16
207
-259
203
129
-92
122
-11
-26
75
119
42
141
14
244
136
148
281
141
60
286
67
105
280
56
285
227
208
162
36
159
171
73
379
153
122
207
156
52
49
26
156
-110
74
-9
-74
-58
26
44
-128
98
-120
-120
-22
-116
-33
-60
-221
87
-297
4
-327
-160
-59
-277
-91
30
-277
-112
-27
-376
-138
-300
-70
-237
-190
-21
-271
-264
54
-328
-78
20
-327
-28
-98
-217
37
-185
4
52
-211
378
-359
42
118
-158
220
-39
271
161
205
98
214
200
118
222
45
262
318
132
439
135
235
434
184
225
238
175
260
280
226
315
-59
153
380
-258
265
154
-8
281
8
23
-6
-234
182
-25
-246
148
-349
-19
-237
-198
-79
-198
-393
303
-323
-264
-113
-171
-400
-295
1
-463
-181
-266
2
-433
-175
-365
-300
-248
-286
-324
-321
-113
-487
-128
-45
-696
32
-133
-387
-10
-456
57
-410
52
118
-283
210
75
-183
104
-50
-11
284
-127
672
-152
454
177
218
465
334
311
644
290
553
582
276
427
474
448
541
475
342
557
276
536
326
370
607
470
274
744
77
126
608
-349
495
-56
175
135
-302
334
-162
-384
152
-234
-459
272
-487
-209
-284
-444
-237
-509
-201
-400
-568
-400
-285
-723
-130
-576
-567
-346
-419
-813
-376
-588
-865
-284
-491
-927
-193
-697
-485
-347
-1035
64
-754
-233
-93
-504
-243
29
-695
244
-307
-180
441
-359
331
267
-253
324
414
80
553
339
722
254
716
727
340
849
694
540
730
562
930
731
698
1080
447
762
1117
347
923
504
330
854
387
619
914
424
449
462
264
-77
276
132
63
154
191
-135
-282
-67
-61
-551
-163
-146
-670
-545
-39
-1382
-515
-628
-1235
-510
-902
-1076
-811
-980
-844
-1006
-880
-563
-1056
-628
-910
-1120
-1188
-773
-1392
-536
-914
-1016
-394
-801
-383
-1043
83
-892
-24
139
-316
296
120
-4
111
404
546
322
1014
832
342
1491
186
1045
1014
1345
1010
1511
1077
1033
1120
898
1365
815
1748
1059
1453
916
1340
488
1005
1120
548
1180
959
781
954
680
647
976
228
1344
-19
220
261
-488
-399
33
-822
-115
-189
-668
-561
-839
-972
-1024
-725
-1103
-976
-1011
-934
-1359
-1453
-1102
-1874
-1104
-1837
-1452
-1263
-1672
-1046
-1386
-1239
-1255
-992
-1157
-1144
-808
-1204
-775
-967
-810
-697
-885
-314
-793
-296
-51
-365
38
529
296
81
1178
267
413
1469
394
1074
1168
956
1446
594
1383
959
643
1724
1246
893
1863
1554
1270
1692
1392
1589
1620
1583
1329
1871
1013
776
1658
930
454
1321
951
317
420
730
-129
-69
195
-180
-308
-639
338
-1094
-870
-301
-1642
-1171
-1151
-1809
-1125
-1348
-1750
-659
-1793
-1380
-1109
-1349
-1665
-1053
-1249
-1429
-1349
-842
-1939
-1590
-1199
-1478
-1109
-1421
-715
-874
-1119
-779
-104
-1334
-155
-76
196
-290
574
641
-215
442
667
467
265
1076
932
252
983
1077
742
1351
1545
1936
2473
1172
1716
2347
909
1351
2187
1392
2127
2025
2284
1248
1284
1674
1004
1247
1620
1218
839
1105
306
121
330
-354
-168
283
-673
-860
-406
-1056
-1244
-676
-1254
-1621
-878
-1542
-1716
-1680
-2305
-1632
-1440
-1681
-1289
-1667
-1327
-1518
-1748
-1493
-1772
-1742
-1513
-1650
-2107
-764
-1673
-1704
-898
-1181
-817
-665
-443
-597
-304
168
-524
98
495
-343
262
815
-71
208
484
55
706
662
1289
1355
1467
1797
1751
1586
2134
2120
1936
2730
2401
2259
2573
2005
2397
2588
2041
2423
2601
1916
1650
1512
1168
777
758
591
132
7
-350
-745
-911
-737
-1350
-1271
-1352
-1816
-1561
-1542
-2065
-2071
-2024
-2036
-1691
-1907
-1955
-1894
-1827
-1989
-1839
-1846
-2092
-1960
-1669
-1613
-1559
-1816
-1310
-1420
-1517
-870
-973
-1156
-754
-210
-160
-355
375
544
32
61
179
336
84
657
1608
1305
1353
2251
1524
1434
1992
1995
1827
2149
2369
2636
2434
2435
2615
2484
2314
2576
2511
2168
2021
1733
1629
1220
772
1063
684
-103
-81
-178
-1145
-1179
-763
-1127
-1370
-1253
-1474
-2031
-1875
-1821
-1993
-2103
-1717
-1552
-1614
-1572
-1602
-1626
-1778
-1503
-931
-1411
-1492
-1301
-1468
-1613
-1352
-926
-1278
-1020
-1104
-1132
-1379
-1304
-858
-837
-101
385
-319
-337
19
-47
-468
12
193
929
1601
1540
1612
1449
1360
1651
2172
2190
2587
2934
2773
2384
2456
2359
2064
2559
2820
2657
2232
1873
1639
1187
990
992
531
-17
-177
-492
-1250
-1435
-1272
-1758
-1692
-1775
-2032
-2290
-2649
-2354
-1934
-2391
-2115
-1824
-1966
-1766
-1880
-1594
-1672
-1683
-1111
-1048
-1557
-1410
-1139
-1406
-1237
-662
-896
-1301
-647
-706
-1094
-700
-297
-293
58
228
697
334
298
665
565
607
1504
1927
1942
1927
2159
2233
2093
2408
2543
2776
3009
3335
3136
3170
2728
2993
3095
2672
2832
2636
2092
1671
1428
903
461
82
-9
-740
-1188
-1478
-2020
-2238
-2305
-2238
-2674
-2533
-2607
-2737
-2954
-3025
-2833
-2626
-2486
-2206
-2120
-2271
-2220
-1839
-1721
-1591
-1433
-1512
-1566
-1473
-1016
-927
-959
-857
-804
-990
-828
-489
-453
-277
47
269
-82
196
171
9
331
957
1491
1767
2291
2146
2182
2032
2423
2706
2785
3304
3520
3480
3399
3535
3356
3292
3349
3552
3270
2871
2384
1986
1484
1053
741
273
-275
-775
-1104
-1747
-2333
-2538
-2640
-3089
-3108
-3045
-3316
-3202
-3117
-3126
-3174
-3182
-2891
-2742
-2689
-2541
-2406
-2287
-2128
-1862
-1793
-1723
-1637
-1461
-1327
-1119
-1050
-1238
-916
-611
-654
-435
-275
-56
391
493
236
178
397
469
1103
1698
2021
2404
2415
2294
2468
2558
2846
3370
3687
4079
3979
4078
3839
3716
3920
4095
3995
3837
3398
2656
2182
1745
1246
1075
526
-4
-496
-1225
-1964
-2418
-2706
-2970
-2988
-3045
-3218
-3437
-3239
-3344
-3556
-3207
-3193
-3055
-2855
-2732
-2612
-2442
-2377
-2140
-1937
-2021
-2007
-1725
-1500
-1372
-1270
-1300
-1085
-953
-745
-538
-844
-641
-330
-430
31
92
-36
90
735
1554
1723
2078
1991
1759
2362
2538
2935
3226
3187
3854
3982
4003
3727
3597
3691
3928
4090
4080
3268
2768
2439
1898
1509
1084
692
-112
-656
-1115
-2017
-2428
-2744
-3001
-2945
-3086
-3291
-3345
-3432
-3337
-3350
-3268
-3287
-3100
-2743
-2631
-2551
-2314
-2314
-2111
-1785
-1854
-1743
-1302
-1234
-992
-1019
-1129
-999
-809
-466
-314
-327
-402
-170
-275
-143
73
128
787
1649
2147
2032
2061
1936
2030
2804
2908
3077
3347
3629
3861
4041
4061
3851
3906
3964
4179
4095
3884
3075
2727
2266
1553
1125
299
-67
-580
-1205
-1836
-2703
-2925
-3242
-3299
-3229
-3294
-3269
-3430
-3499
-3488
-3584
-3513
-3382
-3222
-2896
-2828
-2874
-2618
-2367
-2028
-2146
-1833
-1449
-1316
-1268
-1037
-1018
-1160
-783
-518
-411
-452
-565
-669
-182
-95
-20
410
1148
1525
1900
1989
1860
1930
2484
2914
3066
3501
3794
3949
4241
4581
4270
4217
4382
4406
4279
3997
3651
3205
2873
2309
1873
1171
512
61
-356
-1089
-1845
-2266
-2810
-3134
-3105
-3253
-3558
-3457
-3678
-3788
-3754
-3668
-3529
-3240
-2934
-2763
-2890
-2999
-2865
-2642
-2444
-2052
-1632
-1611
-1680
-1813
-1925
-1680
-1334
-868
-569
-705
-893
-607
-703
-488
-432
-4
1032
1343
1606
1281
1088
1518
2063
2577
2812
2951
3172
3364
3899
4287
4152
4290
4390
4353
4413
4083
3756
3555
3363
2885
2293
1657
626
222
-10
-560
-1064
-1871
-2525
-2816
-2819
-2735
-2878
-2778
-2928
-3106
-3148
-3340
-3213
-2635
-2428
-2279
-2281
-2500
-2520
-2303
-2006
-1707
-1380
-1232
-1374
-1530
-1670
-1549
-1065
-716
-372
-554
-650
-869
-1071
-563
-599
381
1073
1118
916
839
829
1129
1963
2453
2386
2683
2934
2772
3343
3610
3758
3879
4025
3852
3650
3376
3280
3170
3046
2317
1499
1017
54
-325
-428
-908
-1530
-2072
-2668
-3052
-2959
-2668
-2601
-2616
-2641
-3085
-3299
-3232
-2802
-2265
-1974
-1902
-1907
-2088
-2061
-1765
-1560
-1238
-772
-663
-896
-1216
-1407
-1226
-577
-117
-260
-515
-775
-780
-778
-499
453
1415
1567
1366
1148
624
1072
1669
2309
2387
2564
2823
2563
2918
3155
3050
3530
3725
3570
3400
2980
2770
2982
2889
2312
1531
595
-210
-720
-740
-1374
-1815
-2288
-3004
-3285
-3340
-3373
-3202
-2949
-2797
-2993
-3047
-3083
-2943
-2338
-1819
-1794
-1770
-1783
-1767
-1625
-1496
-1403
-1110
-693
-673
-677
-811
-779
-284
164
428
54
-29
-73
5
84
901
1678
1854
1757
1292
1129
1402
1871
2353
2692
2975
3124
3148
3280
3226
3556
3846
3780
3756
3606
3141
2872
2848
2616
1947
1406
760
-77
-565
-970
-1543
-1792
-2559
-2993
-3256
-3492
-3446
-3367
-3415
-3461
-3573
-3557
-3782
-3393
-2922
-2834
-2630
-2567
-2462
-2291
-1894
-1724
-1548
-1105
-925
-839
-905
-1000
-729
-230
-94
147
67
-191
-19
437
248
1030
1735
2027
1807
1684
1763
1721
2307
2920
2959
2995
3280
3370
3699
3775
3849
3765
3736
3692
3473
3362
3079
2957
2754
1963
1248
663
-379
-701
-725
-1212
-2123
-2879
-3247
-3577
-3489
-3381
-3527
-3555
-3457
-3570
-3615
-3657
-3426
-3103
-2734
-2533
-2521
-2500
-2470
-2096
-1720
-1568
-1227
-949
-988
-896
-765
-624
-447
-195
19
115
179
183
464
465
1315
1927
2210
1994
1699
1640
1936
2464
2859
2806
3130
3295
3475
3639
3682
3619
3625
3688
3715
3388
3074
2880
2651
2455
1807
1227
342
-486
-854
-1101
-1573
-2152
-2825
-3054
-3360
-3311
-3425
-3534
-3576
-3295
-3246
-3335
-3307
-3204
-2896
-2607
-2414
-2369
-2293
-2138
-1990
-1852
-1569
-1243
-1105
-927
-786
-936
-563
-413
-43
99
61
-13
-88
-101
859
1930
2293
2244
1952
1746
1997
2520
2845
3017
3089
3526
3636
3784
3695
3848
3855
4116
3913
3661
3097
2921
2811
2692
2145
1692
570
-88
-460
-885
-1519
-2173
-2672
-3019
-3345
-3386
-3598
-3727
-3674
-3723
-3658
-3736
-3622
-3409
-3239
-3227
-3189
-3083
-2758
-2346
-2010
-2210
-2176
-1903
-1656
-1552
-1283
-1305
-1219
-1001
-655
-592
-679
-519
-274
-151
600
1592
1975
2279
1995
2272
2194
2730
3056
3120
3123
3675
3833
4096
4258
4290
4203
4028
4096
4233
4171
3923
3696
3349
2586
2015
1298
287
59
-352
-847
-1732
-2566
-3121
-3483
-3315
-3179
-3392
-3431
-3603
-3438
-3300
-3131
-3043
-2977
-2989
-2929
-3023
-2777
-2528
-2146
-2340
-2415
-2137
-1861
-1650
-1517
-1564
-1448
-1260
-1149
-1024
-950
-787
-482
-448
-293
850
1312
1497
1464
1568
1510
2016
2805
2943
2832
3388
3559
3877
4157
4200
4224
4233
4258
3945
3913
3748
3494
3562
3126
2213
1499
533
98
-5
-406
-1470
-2227
-2607
-2952
-2983
-2959
-3250
-3259
-3146
-3135
-3161
-3016
-2988
-2815
-2641
-2575
-2737
-2629
-2313
-1860
-1797
-1916
-1791
-1612
-1284
-1259
-1193
-1337
-1327
-1003
-892
-1019
-981
-854
-858
-40
893
1079
1248
1026
1337
1217
1681
2134
2153
2572
3256
3415
3504
3604
3811
3863
3933
3863
3687
3479
3490
3306
3110
2490
1855
1009
364
93
-354
-873
-1844
-2407
-2793
-3078
-3105
-3079
-3044
-3087
-3079
-2974
-3015
-2767
-2591
-2492
-2420
-2386
-2242
-1992
-1540
-1318
-1474
-1366
-1099
-804
-602
-752
-782
-801
-712
-616
-689
-665
-437
-231
-352
499
910
1296
1462
1416
1444
1246
1752
1890
2007
2550
2858
3046
3185
3261
3454
3316
3593
3486
3247
2964
2818
2635
2519
1896
1414
557
-58
-434
-961
-1618
-2383
-2634
-2844
-2952
-3133
-3436
-3343
-3237
-3098
-2952
-2816
-2486
-2395
-2199
-2235
-2250
-2006
-1573
-1055
-884
-1140
-1074
-923
-518
-161
-204
-340
-441
-253
-164
-112
-229
153
-29
429
1497
1741
1530
1495
1687
1676
1890
2196
2168
2000
2960
3105
3268
3169
3290
3077
3259
3362
3287
2955
2932
2578
2388
1937
1061
542
140
-283
-754
-1385
-2173
-2952
-3049
-3094
-3394
-3466
-3405
-3393
-3531
-3565
-3525
-3272
-2752
-2454
-2580
-2566
-2623
-2220
-1698
-1261
-1388
-1611
-1316
-942
-523
-432
-390
-385
-321
-109
-178
-318
-235
157
423
1338
1619
1813
1790
1809
2210
2228
2668
2531
2600
3075
3526
3628
3550
3466
3616
3491
3463
3338
3199
2865
2651
2549
2267
1475
718
229
-95
-640
-1287
-2069
-2717
-3056
-3246
-3439
-3655
-3674
-3443
-3344
-3457
-3571
-3535
-3171
-2765
-2563
-2580
-2622
-2476
-1948
-1601
-1457
-1674
-1407
-1023
-453
-446
-633
-665
-478
-22
171
-21
-355
-38
229
1315
1973
2057
1850
1897
2367
2654
2868
3208
2883
3300
4100
4120
3932
3815
3849
3954
3877
3606
3114
2829
2782
2447
2343
1485
530
177
6
-382
-1191
-2077
-2769
-3130
-3261
-3524
-3771
-3962
-3995
-3783
-3675
-3789
-3742
-3451
-3073
-2973
-2973
-2953
-2744
-2042
-1641
-1622
-1778
-1809
-1404
-867
-513
-668
-825
-797
-547
-337
-380
-522
-30
78
867
1823
1913
2023
2045
2488
2708
2795
3127
2956
3056
3852
3864
3964
3885
3920
3890
3732
3652
3355
3201
3282
2861
2620
1951
910
321
-98
-422
-1153
-2117
-2834
-3433
-3469
-3580
-3834
-3932
-3828
-3731
-3637
-3517
-3365
-3111
-2769
-2627
-2789
-2888
-2853
-2439
-1944
-1665
-1782
-1884
-1490
-878
-683
-673
-753
-568
-362
-262
-123
-272
-212
-147
790
1973
1927
1872
1928
2164
2610
2885
3128
3072
3375
4041
4239
4316
4261
4160
4319
4409
4157
3720
3291
3132
2998
2806
1936
877
291
-155
-371
-996
-1967
-2674
-3196
-3413
-3624
-3757
-3798
-3645
-3545
-3741
-3860
-3725
-3453
-3195
-3009
-3103
-3232
-3027
-2506
-2042
-1768
-1969
-2125
-1678
-1018
-815
-946
-1005
-865
-653
-641
-705
-817
-495
-339
1017
1676
1565
1541
1751
2379
2598
2857
2868
2738
3497
4095
4124
4270
4196
4307
4480
4511
4320
3765
3524
3299
3232
2901
1839
1109
523
199
-321
-1141
-1952
-2486
-2819
-3104
-3688
-3769
-3896
-3698
-3564
-3748
-3789
-3614
-3342
-2939
-2952
-3078
-3237
-2923
-2437
-2023
-1920
-2260
-2020
-1594
-1281
-1314
-1279
-1285
-1186
-901
-770
-1010
-954
-898
-399
1043
1470
1498
1291
1593
2084
2569
2855
2714
2844
3591
4082
4314
4357
4388
4386
4542
4660
4270
3886
3678
3612
3588
2801
1996
1300
809
546
-15
-1005
-1730
-2283
-2456
-2831
-3217
-3478
-3403
-3079
-3164
-3544
-3639
-3390
-2888
-2480
-2510
-2902
-3111
-2716
-2184
-1740
-2032
-2465
-2259
-1623
-1353
-1486
-1677
-1540
-1273
-1132
-1349
-1681
-1493
-1318
316
1162
1223
1032
806
1512
2089
2562
2640
2324
2850
3378
3776
4159
3943
4037
4191
4294
4243
3651
3447
3386
3456
3200
2112
1343
775
468
221
-624
-1365
-2169
-2538
-2644
-2963
-2959
-3160
-2862
-2602
-2888
-3165
-3108
-2843
-2147
-1956
-2111
-2554
-2487
-2107
-1637
-1491
-1750
-1827
-1373
-991
-994
-1212
-1340
-1191
-1028
-910
-1281
-1459
-1363
-59
1153
1205
1114
729
1112
1678
2242
2520
2149
2407
3198
3467
3620
3601
3714
3941
3986
3979
3305
3002
3018
3134
3007
2065
1087
504
207
-65
-776
-1503
-2145
-2533
-2579
-2976
-3186
-3105
-2812
-2467
-2519
-2818
-2887
-2705
-2149
-1800
-1771
-2109
-2282
-1923
-1490
-1270
-1368
-1488
-1130
-882
-1036
-1136
-1117
-873
-705
-754
-1173
-1369
-1414
-216
1080
1459
1472
843
893
1407
1855
2387
2479
2433
3009
3308
3757
3594
3503
3830
3887
3820
3170
2666
2600
2522
2790
2273
1244
439
-102
-195
-694
-1356
-1855
-2571
-2606
-2862
-3154
-3088
-2832
-2413
-2337
-2743
-2772
-2777
-2268
-1901
-1604
-1681
-2033
-1999
-1708
-1425
-1302
-1275
-1040
-756
-992
-1133
-1175
-934
-757
-668
-800
-1226
-1445
-595
817
1190
1301
1016
837
1013
1602
2283
2256
2352
2902
3316
3433
3566
3507
3599
3695
3924
3614
2988
2589
2396
2575
2384
1602
875
218
-152
-422
-950
-1571
-2306
-2444
-2480
-2912
-3193
-3020
-2540
-2337
-2598
-2699
-2638
-2369
-1986
-1957
-1882
-1886
-1750
-1587
-1567
-1487
-1354
-1099
-765
-731
-973
-1238
-1311
-842
-510
-689
-965
-1266
-983
90
928
1352
1081
752
991
1430
1892
1956
1944
2339
2837
3079
2950
2787
3036
3355
3552
3479
3257
2878
2532
2429
2269
1862
1199
566
187
57
-388
-1063
-1813
-2089
-2092
-2169
-2481
-2646
-2361
-1858
-1657
-1829
-2154
-2179
-1942
-1853
-1799
-1755
-1594
-1430
-1303
-1210
-1250
-1381
-1087
-958
-813
-554
-466
-550
-519
-230
-54
-298
-943
-1149
-588
462
1006
826
723
1036
1275
1287
730
539
1129
1761
2101
2252
2321
2370
2225
1970
1764
1720
1813
1820
1957
2044
1885
1623
1301
853
382
294
274
-77
-544
-742
-698
-589
-749
-1033
-1212
-1243
-1129
-1181
-1525
-1719
-1444
-1028
-902
-1196
-1339
-1323
-1400
-1494
-1603
-1609
-1296
-1034
-914
-1160
-1131
-860
-740
-653
-764
-858
-640
-222
-145
-379
-621
-545
-352
-44
21
43
212
308
278
251
486
631
818
828
829
967
1211
1228
1243
1520
1966
2197
2011
1756
1753
1871
1832
1712
1658
1497
1154
935
802
666
481
338
274
115
-197
-443
-379
-408
-564
-680
-797
-852
-974
-1203
-1330
-1257
-1127
-1162
-1326
-1286
-1377
-1385
-1264
-1226
-1335
-1564
-1554
-1258
-872
-834
-812
-891
-841
-591
-587
-728
-778
-686
-168
112
179
359
235
480
871
828
646
703
988
1392
1537
1688
1597
1552
1574
1469
1357
1338
1300
1282
1371
1309
1161
1094
1101
864
782
723
495
246
135
168
83
-77
-405
-764
-940
-853
-805
-817
-943
-1095
-1145
-1104
-1218
-1371
-1439
-1266
-968
-1117
-1329
-1202
-1086
-1041
-1125
-982
-988
-769
-563
-638
-367
-551
-609
-293
99
-36
53
152
786
986
672
184
-241
618
1352
1050
622
771
1337
1513
618
109
206
981
1240
1031
592
587
776
847
515
102
84
204
250
412
313
57
157
193
-69
-372
-467
-332
-108
-122
-255
-470
-651
-612
-695
-680
-586
-427
-475
-700
-791
-727
-888
-868
-594
-266
-95
-416
-336
-39
36
-141
-275
-174
352
549
600
462
185
419
593
207
-175
336
831
816
622
624
490
136
379
283
-372
-86
206
-45
-118
-72
118
91
-24
-17
-465
-430
-304
-44
141
68
-153
-114
241
289
-111
-594
-582
-292
30
-61
-388
-358
34
272
55
-264
-233
-217
-98
44
197
39
22
179
350
264
178
140
192
496
635
409
278
506
962
852
646
351
277
613
519
338
277
237
381
-29
-189
-213
-315
-568
-586
-314
-216
-595
-626
-239
-59
-143
-746
-1479
-1335
-1070
-537
-707
-945
-404
-21
-123
-615
-870
-1044
-938
-562
-318
-488
-489
-291
-36
-244
-134
110
134
236
124
-148
-93
297
589
869
1046
1385
1490
1379
973
300
189
530
1053
1451
1644
1578
1396
1276
1139
463
-372
-359
486
1378
1436
631
89
64
169
38
-490
-600
-605
-590
-241
-429
-865
-1350
-1154
-1055
-1039
-1189
-1257
-1437
-1484
-1209
-1291
-1585
-1565
-1232
-1239
-1382
-1256
-1340
-1240
-1199
-859
-202
-285
-140
-127
-315
-520
-391
256
782
1027
1195
1350
1473
1472
1264
775
679
1245
2104
2381
2235
2091
2252
2154
1694
1290
924
923
1306
1623
1719
1538
1122
782
473
221
-86
-305
-265
-204
-135
-230
-548
-502
-478
-618
-1012
-1676
-1918
-1738
-1551
-1645
-1887
-1941
-1824
-1625
-1638
-2177
-2465
-2336
-2082
-2170
-1937
-1555
-1187
-873
-635
-713
-954
-1119
-1299
-881
-405
69
665
1285
1561
1667
1526
1172
905
1139
1534
1759
2058
2451
2693
2726
2539
2005
1525
1426
1649
1762
1912
1941
2063
2016
1584
1244
820
622
446
232
21
-18
-104
-89
-279
-492
-869
-1088
-1505
-1716
-1881
-1909
-1548
-1227
-1357
-1357
-1145
-1374
-2245
-3200
-3447
-3172
-2461
-1946
-1892
-1837
-1336
-1369
-1905
-2419
-2260
-1911
-1259
-699
-52
573
1010
1111
843
621
845
1227
1534
1833
2077
2341
2764
3023
2877
2631
2527
2571
2443
2288
2007
1954
2358
2810
2838
2309
1695
1396
1131
780
358
33
151
456
665
535
103
-530
-1113
-1615
-2009
-2309
-2314
-1902
-1442
-1239
-1292
-1595
-2069
-2566
-2969
-3239
-3343
-3058
-2443
-1823
-1680
-1715
-1753
-1778
-1769
-1947
-1962
-1664
-1106
-645
-564
-614
-437
-46
256
593
931
1345
1792
2111
2092
2156
2334
2556
2730
2860
2797
2802
2984
3042
2964
2940
3041
2980
2739
2288
1877
1535
1387
1344
1217
913
509
191
-76
-486
-1150
-1633
-1785
-1742
-1629
-1623
-1681
-1640
-1606
-1734
-1938
-2198
-2339
-2354
-2154
-2144
-2194
-2226
-2167
-2087
-2149
-2348
-2367
-2135
-1840
-1529
-1380
-1154
-942
-920
-1125
-1566
-1781
-1371
-591
341
1199
1903
2374
2465
2177
1788
1432
1438
1753
2360
3099
3589
3746
3769
3688
3342
2848
2321
1939
1654
1593
1692
1824
1780
1595
1222
676
22
-769
-1398
-1679
-1796
-1745
-1509
-1259
-1088
-1078
-1167
-1438
-1724
-2183
-2419
-2438
-2261
-2038
-1780
-1501
-1374
-1364
-1553
-1847
-2262
-2374
-2418
-2137
-1758
-1421
-1134
-921
-763
-902
-1280
-1551
-1475
-1036
-235
651
1610
2434
2967
3217
3084
2562
1921
1618
1814
2276
2827
3398
3813
4049
3890
3420
2803
2063
1331
875
720
755
747
699
634
477
126
-545
-1234
-1815
-2204
-2338
-2276
-2015
-1681
-1326
-951
-750
-809
-1050
-1431
-1868
-2177
-2286
-2239
-2063
-1714
-1399
-1279
-1356
-1484
-1587
-1698
-1868
-1908
-1872
-1785
-1689
-1546
-1458
-1380
-961
-366
438
992
1593
1941
2305
2356
2240
2012
1897
2140
2535
2988
3260
3430
3483
3517
3217
2794
2215
1841
1439
1163
804
590
429
321
280
29
-295
-860
-1387
-1944
-2123
-2215
-2028
-1722
-1294
-930
-721
-732
-778
-926
-1242
-1583
-1893
-1910
-1801
-1636
-1526
-1385
-1319
-1341
-1400
-1288
-1455
-1697
-1918
-1951
-1968
-1846
-1682
-1550
-1132
-518
372
891
1266
1484
1853
2305
2592
2424
2221
2286
2638
3081
3283
3288
3235
3393
3438
3211
2578
1978
1591
1311
964
594
324
198
176
42
-224
-648
-1090
-1650
-1979
-2050
-1943
-1683
-1356
-1057
-920
-820
-748
-825
-1236
-1579
-1809
-1942
-2035
-2092
-2093
-1955
-1811
-1722
-1726
-1753
-1738
-1766
-1912
-2028
-2069
-2084
-2028
-1948
-1533
-762
310
1165
1747
2018
2357
2575
2621
2342
2077
2209
2543
2999
3274
3435
3469
3628
3590
3289
2681
2102
1575
1176
801
446
172
120
133
55
-192
-500
-797
-1235
-1537
-1831
-1752
-1649
-1352
-1045
-661
-413
-317
-524
-831
-1238
-1608
-1875
-2127
-2293
-2414
-2278
-2113
-1926
-1910
-1863
-1822
-1889
-2105
-2221
-2329
-2370
-2479
-2296
-1771
-841
116
977
1631
2113
2433
2615
2499
2188
2021
2111
2500
2689
2961
3126
3448
3568
3417
2971
2473
2018
1498
924
445
59
-110
-154
-112
-1
-42
-86
-357
-698
-1049
-1174
-1236
-1117
-932
-617
-193
222
289
94
-185
-488
-815
-1232
-1660
-2075
-2224
-2281
-2139
-2053
-1914
-1827
-1702
-1673
-1769
-2008
-2186
-2407
-2526
-2340
-1802
-966
-185
691
1378
2080
2514
2680
2442
2179
1979
1909
1886
1919
2014
2354
2776
2948
2892
2541
2226
1710
1138
399
-138
-463
-537
-587
-513
-413
-229
-194
-328
-443
-556
-577
-632
-640
-584
-330
-9
229
305
250
141
20
-257
-698
-1149
-1525
-1789
-1984
-2095
-2086
-1965
-1740
-1680
-1730
-1818
-1829
-1883
-2177
-2313
-2058
-1454
-785
-148
494
1185
1805
2241
2238
2137
2024
2048
2016
1814
1624
1587
1791
1975
1981
1901
1768
1614
1300
810
321
-137
-430
-672
-771
-781
-585
-376
-319
-338
-366
-282
-185
-180
-175
-24
187
353
408
343
322
253
99
-230
-570
-800
-1010
-1305
-1628
-1850
-1813
-1694
-1590
-1624
-1618
-1565
-1547
-1734
-1948
-1908
-1457
-859
-404
64
612
1344
1840
2001
1824
1735
1763
1876
1728
1550
1381
1450
1571
1628
1638
1592
1500
1244
914
577
199
-313
-724
-885
-776
-623
-503
-436
-351
-218
-38
28
-56
-137
-17
264
446
472
402
341
298
147
-123
-419
-629
-805
-986
-1161
-1321
-1406
-1446
-1432
-1407
-1430
-1502
-1620
-1705
-1819
-1678
-1369
-980
-561
-145
495
1030
1593
1841
1865
1768
1726
1729
1619
1427
1250
1235
1310
1395
1354
1379
1352
1233
1002
631
235
-120
-491
-720
-878
-881
-808
-741
-627
-561
-412
-247
-133
-82
-77
41
224
294
285
274
193
61
-156
-393
-630
-809
-1000
-1211
-1309
-1375
-1415
-1391
-1344
-1368
-1383
-1432
-1507
-1633
-1787
-1620
-1282
-693
-275
181
828
1417
1839
1934
1907
1898
1823
1716
1495
1336
1352
1275
1321
1235
1221
1172
1153
1006
739
447
154
-177
-562
-798
-877
-783
-852
-881
-741
-471
-313
-185
-100
40
174
295
337
330
331
230
144
-11
-151
-419
-603
-806
-952
-1176
-1234
-1272
-1265
-1163
-1120
-1109
-1134
-1157
-1270
-1396
-1445
-1303
-997
-551
-168
390
933
1511
1945
2111
2072
2014
1930
1766
1466
1198
1076
1128
1162
1153
1088
1143
1160
1010
797
502
230
-230
-599
-816
-867
-932
-923
-816
-561
-287
-161
-76
61
216
250
230
222
248
220
123
-13
-149
-420
-687
-853
-995
-1152
-1294
-1290
-1220
-1202
-1229
-1207
-1199
-1215
-1338
-1468
-1568
-1532
-1380
-973
-556
-89
418
956
1504
1755
1838
1845
1840
1659
1409
1038
915
797
742
759
858
938
946
933
920
774
413
140
-122
-296
-514
-576
-651
-608
-565
-390
-181
22
219
415
581
650
558
415
343
194
60
-153
-296
-440
-512
-677
-742
-898
-1048
-1092
-1094
-1075
-1125
-1161
-1196
-1222
-1382
-1581
-1720
-1579
-1310
-863
-484
87
609
1055
1359
1489
1541
1569
1532
1388
1197
979
808
633
551
509
620
722
801
815
855
789
572
230
-29
-224
-376
-502
-627
-612
-554
-437
-244
-10
201
440
621
760
754
665
503
299
124
-70
-291
-504
-584
-688
-749
-842
-867
-910
-963
-968
-969
-966
-927
-990
-1088
-1230
-1292
-1221
-1011
-762
-479
-10
491
975
1209
1386
1492
1565
1452
1287
1015
761
620
448
372
291
330
417
552
632
619
548
299
56
-173
-369
-429
-540
-649
-656
-582
-515
-414
-206
104
424
619
777
824
792
674
458
261
57
-158
-309
-436
-583
-684
-685
-640
-639
-638
-680
-663
-691
-741
-825
-900
-987
-1060
-1018
-851
-700
-485
-62
378
852
1113
1324
1434
1520
1372
1110
827
635
433
255
168
123
147
149
231
301
296
194
90
-57
-174
-421
-645
-809
-849
-933
-975
-874
-654
-359
-123
170
363
528
641
777
781
657
404
169
-1
-191
-385
-514
-489
-475
-498
-500
-451
-407
-364
-317
-313
-441
-603
-798
-818
-713
-574
-416
-184
190
554
880
1039
1269
1443
1602
1560
1385
1115
815
543
324
199
63
14
-11
25
3
-38
-92
-131
-172
-282
-400
-539
-709
-835
-987
-1101
-1063
-912
-666
-371
-127
89
331
564
717
720
661
537
335
142
-60
-290
-502
-586
-542
-439
-423
-366
-259
-170
-150
-195
-244
-388
-485
-450
-390
-360
-283
-67
237
595
856
984
1180
1370
1471
1456
1324
1145
912
640
386
222
93
6
-36
-36
-102
-215
-270
-304
-354
-492
-592
-676
-760
-892
-995
-1097
-1098
-974
-810
-588
-319
-53
180
413
591
602
498
407
263
89
-162
-386
-538
-640
-660
-580
-417
-276
-151
-27
48
-8
-130
-290
-436
-452
-475
-376
-185
82
358
662
954
1135
1234
1346
1441
1433
1322
1127
974
754
530
294
121
-7
-156
-237
-219
-150
-160
-171
-215
-312
-416
-563
-745
-953
-1148
-1220
-1218
-1135
-1003
-761
-488
-224
75
270
427
481
489
443
324
79
-191
-411
-599
-740
-812
-737
-568
-400
-273
-115
31
78
-14
-65
-160
-179
-208
-150
-42
113
355
616
954
1188
1404
1587
1744
1742
1629
1504
1275
992
698
418
255
138
5
-98
-80
-21
-35
-23
-74
-100
-177
-307
-520
-747
-972
-1127
-1162
-1148
-1048
-897
-700
-393
-149
47
145
215
259
156
-17
-274
-488
-770
-941
-1039
-991
-895
-804
-641
-466
-356
-311
-227
-205
-238
-312
-310
-200
-119
-47
114
341
544
735
1006
1301
1508
1605
1647
1689
1619
1419
1194
959
709
446
215
50
-68
-79
-15
84
168
157
102
23
-145
-430
-686
-939
-1086
-1160
-1155
-1084
-944
-738
-521
-281
-54
115
151
156
116
-18
-173
-394
-585
-746
-866
-919
-915
-808
-692
-566
-445
-305
-245
-264
-244
-235
-231
-203
-143
39
196
348
546
754
1000
1140
1278
1376
1503
1552
1505
1384
1237
1041
770
518
348
212
149
141
170
216
163
112
14
-68
-250
-403
-563
-724
-878
-999
-1017
-984
-879
-721
-467
-189
39
182
272
216
144
5
-189
-438
-617
-780
-838
-880
-911
-819
-687
-523
-416
-281
-189
-133
-132
-143
-146
-115
-124
-46
90
238
405
618
872
1049
1159
1235
1388
1461
1456
1337
1169
970
747
471
252
116
-33
-54
-21
52
57
60
80
63
-26
-203
-412
-630
-860
-1027
-1086
-1038
-939
-799
-580
-342
-134
20
159
221
207
68
-165
-392
-605
-783
-893
-927
-926
-870
-730
-601
-514
-432
-353
-316
-258
-226
-216
-203
-162
-82
2
109
252
419
602
788
907
1041
1217
1307
1314
1333
1285
1131
888
630
375
162
12
-31
18
77
144
178
267
256
134
29
-103
-222
-389
-587
-711
-747
-714
-615
-410
-194
15
160
262
316
283
146
-16
-184
-331
-491
-593
-609
-622
-631
-586
-535
-486
-442
-429
-372
-317
-296
-265
-214
-125
-10
122
318
473
512
573
685
823
919
1001
1107
1170
1139
992
842
647
429
155
24
-86
-164
-216
-188
-50
13
33
-6
-71
-117
-217
-434
-628
-778
-919
-955
-861
-657
-452
-300
-145
5
123
150
106
16
-103
-244
-366
-486
-558
-574
-566
-540
-519
-460
-462
-450
-404
-290
-206
-171
-127
-74
-26
5
50
197
348
463
554
697
852
876
861
912
1046
1003
936
869
781
596
335
166
34
-102
-193
-170
-99
-25
4
-10
-32
-84
-233
-396
-498
-630
-735
-785
-747
-665
-537
-324
-146
55
204
286
272
218
122
-23
-154
-299
-381
-427
-461
-432
-370
-323
-318
-337
-274
-212
-171
-107
30
102
187
240
314
396
405
419
451
550
639
720
790
841
880
873
847
796
684
543
362
238
76
-101
-216
-243
-232
-197
-185
-206
-231
-297
-324
-356
-430
-526
-622
-656
-643
-602
-506
-362
-193
-80
-28
-14
-40
-95
-153
-187
-216
-303
-405
-446
-441
-441
-400
-310
-240
-151
-135
-92
-15
31
81
123
221
267
286
317
383
455
489
562
638
691
767
811
852
818
750
661
533
386
229
112
-27
-131
-205
-205
-212
-242
-250
-243
-226
-247
-315
-338
-448
-556
-637
-635
-613
-535
-449
-351
-265
-206
-160
-164
-110
-102
-101
-135
-114
-225
-274
-318
-357
-362
-340
-263
-211
-148
-73
2
63
153
210
291
374
418
419
434
434
446
454
472
492
546
569
580
620
603
560
505
436
332
245
144
47
-43
-138
-213
-229
-220
-227
-275
-292
-306
-347
-378
-391
-411
-432
-463
-431
-411
-395
-371
-347
-287
-234
-195
-214
-178
-156
-172
-187
-188
-171
-163
-160
-140
-92
-96
-113
-65
26
74
143
184
249
328
372
420
498
577
624
660
708
744
682
636
576
561
520
485
438
403
295
199
110
15
-43
-85
-116
-163
-201
-275
-346
-408
-436
-469
-481
-514
-491
-484
-494
-500
-472
-424
-381
-329
-290
-282
-283
-297
-315
-255
-201
-184
-161
-105
-39
-7
-65
-103
-142
-146
-125
-82
-25
37
109
168
256
353
433
490
525
599
624
603
572
569
542
487
456
399
360
305
264
175
109
7
-80
-165
-210
-212
-259
-310
-328
-395
-455
-514
-552
-531
-548
-574
-575
-503
-490
-470
-444
-414
-391
-387
-361
-309
-280
-250
-168
-55
29
56
133
159
167
101
71
50
35
49
146
256
362
419
491
601
718
791
833
866
884
819
729
676
622
588
493
487
457
379
237
173
156
125
58
-23
-26
-80
-161
-239
-270
-363
-502
-618
-644
-659
-695
-716
-691
-630
-571
-519
-434
-333
-329
-353
-403
-430
-518
-588
-637
-582
-494
-440
-340
-199
-87
-41
27
77
138
176
224
271
323
331
327
350
424
506
560
620
689
755
776
774
784
758
684
594
558
511
450
363
254
171
83
9
-8
-4
-14
-80
-125
-138
-175
-220
-296
-352
-445
-539
-603
-616
-599
-546
-493
-444
-388
-364
-408
-441
-454
-495
-544
-591
-593
-582
-585
-549
-479
-358
-255
-161
-51
44
85
84
96
116
142
142
221
325
394
408
440
500
540
558
616
701
724
709
690
649
575
472
366
328
285
213
126
93
71
46
15
51
65
36
-57
-108
-176
-276
-372
-422
-422
-472
-530
-547
-498
-444
-385
-319
-240
-219
-262
-296
-314
-352
-371
-397
-329
-282
-270
-247
-146
-53
27
83
161
188
176
179
222
290
320
398
423
477
479
462
501
547
549
544
572
619
619
611
596
555
450
333
232
175
96
49
38
72
39
0
-32
-39
-83
-157
-196
-261
-283
-360
-412
-513
-562
-629
-682
-692
-588
-520
-519
-494
-483
-493
-514
-513
-530
-566
-581
-548
-488
-425
-363
-262
-189
-133
-129
-69
-14
32
78
161
217
257
268
309
371
416
433
468
504
478
465
436
455
451
408
406
450
433
379
332
323
308
255
206
229
208
165
173
205
203
145
54
-18
-104
-215
-292
-345
-345
-346
-335
-315
-260
-231
-239
-294
-321
-346
-398
-457
-452
-440
-426
-419
-357
-310
-253
-219
-181
-88
-18
69
112
176
191
207
194
206
230
267
273
331
372
402
422
456
486
486
466
450
473
484
464
419
372
286
226
180
180
191
194
161
145
90
34
-24
-69
-95
-118
-162
-198
-232
-290
-301
-326
-343
-352
-378
-409
-459
-505
-532
-543
-563
-569
-521
-487
-448
-388
-341
-324
-306
-260
-189
-132
-56
-9
29
45
54
90
108
121
156
222
259
272
287
302
340
336
382
394
428
451
488
480
443
381
299
242
199
183
148
98
90
107
69
71
54
39
-24
-40
-104
-150
-248
-321
-359
-336
-337
-350
-373
-393
-379
-400
-399
-403
-364
-389
-406
-384
-346
-362
-360
-323
-267
-236
-209
-169
-93
-58
-48
7
123
175
176
194
224
205
193
188
230
249
274
348
417
463
467
456
463
468
424
417
402
351
290
254
234
250
250
252
236
255
237
178
134
84
50
20
-37
-88
-126
-158
-202
-215
-245
-249
-234
-198
-162
-158
-152
-183
-231
-277
-303
-318
-319
-328
-319
-297
-263
-233
-216
-157
-120
-61
-38
-22
-18
-29
-25
-40
-5
12
48
75
104
131
159
209
252
273
270
240
223
194
242
252
232
183
137
97
35
25
21
57
51
66
72
85
44
18
-19
3
-36
-106
-168
-181
-181
-222
-216
-183
-131
-203
-234
-256
-223
-252
-212
-178
-126
-153
-206
-235
-207
-165
-182
-172
-150
-124
-162
-104
-49
55
77
105
100
99
46
35
61
80
118
121
144
188
249
276
285
293
254
177
120
103
127
87
76
52
70
51
41
56
95
88
48
9
-2
14
-46
-38
-44
-42
-115
-157
-183
-181
-170
-161
-108
-54
-41
-70
-82
-101
-135
-163
-159
-124
-66
-23
-19
-11
-1
-29
-33
18
90
158
201
192
175
148
112
80
102
127
143
172
233
265
213
190
216
230
239
208
243
225
170
114
111
115
74
43
10
-20
-70
-73
-44
1
26
13
27
29
-25
-108
-153
-166
-195
-213
-222
-178
-197
-239
-231
-204
-187
-172
-190
-188
-177
-176
-200
-174
-147
-138
-138
-106
-68
-75
-121
-166
-158
-163
-106
-65
6
9
43
42
42
43
32
45
37
44
26
20
16
4
-28
-14
-13
20
30
62
50
63
64
88
107
139
162
115
104
59
32
-3
17
27
84
82
87
59
37
-18
-62
-85
-82
-51
-46
-9
-39
-73
-121
-97
-106
-78
-75
-43
-50
-56
-56
-48
-65
-27
19
62
108
111
110
82
83
62
59
46
53
73
104
104
118
126
123
139
156
166
148
141
123
112
110
129
158
154
147
154
131
97
68
68
75
75
44
46
21
-14
3
9
17
-1
17
-27
-45
-88
-158
-214
-217
-207
-180
-141
-90
-80
-111
-140
-153
-135
-117
-91
-70
-46
-76
-75
-69
-22
14
28
56
72
30
-28
-2
4
-6
9
21
70
49
50
32
41
30
34
43
7
-17
-61
-43
-33
5
13
24
23
14
-14
-5
-33
-55
-83
-89
-95
-129
-119
-144
-160
-177
-176
-140
-102
-78
-71
-53
-65
-80
-90
-88
-56
-56
-59
-52
-13
14
5
50
56
65
41
60
90
76
94
78
84
57
23
5
24
12
6
38
52
18
-14
-41
-28
-45
-52
-33
-27
-16
-32
20
71
116
98
79
75
38
-2
-22
-8
31
54
84
86
84
18
1
38
57
79
63
53
51
54
32
54
82
108
114
140
169
168
118
97
113
125
129
137
154
151
121
107
88
71
57
26
9
1
-18
-57
-102
-83
-31
-40
-23
2
-33
-39
-54
-64
-74
-80
-88
-89
-82
-80
-89
-81
-68
-89
-103
-105
-91
-103
-92
-74
-90
-99
-142
-167
-166
-179
-174
-131
-80
-63
-45
-80
-59
-46
-8
23
58
101
119
97
60
30
11
-24
-33
-6
40
56
47
51
78
65
19
41
68
73
38
-2
-4
-30
-81
-87
-68
-67
-70
-36
20
68
50
28
13
18
-11
-33
-38
-46
-50
-55
-61
-33
-7
-32
-20
-10
1
16
15
20
-23
-41
-76
-53
-7
39
50
44
35
24
1
20
103
132
141
126
127
78
69
31
47
85
71
50
29
41
-15
-30
-19
18
-12
-32
-67
-103
-124
-121
-108
-104
-51
-71
-54
-59
-23
-46
-22
-20
-28
-52
-78
-74
-63
-29
8
52
42
61
48
54
38
40
41
93
118
111
103
84
58
66
106
127
135
129
144
135
120
108
152
169
173
155
167
135
84
41
21
7
-12
-20
7
42
18
11
8
4
-21
-60
-77
-118
-176
-211
-179
-169
-179
-160
-131
-100
-114
-108
-112
-135
-167
-192
-178
-138
-106
-86
-46
-22
-40
-46
-37
5
