SAMPLES:	7935
BITSPERSAMPLE:	16
CHANNELS:	1
SAMPLERATE:	16000
NORMALIZED:	FALSE
-97
-140
-117
-103
-157
-176
-113
-189
-113
-165
-102
-65
-135
-136
-186
-138
-175
-85
-117
-68
-95
-107
-181
-111
-109
-65
-36
-65
-32
-54
-81
-31
-66
-48
6
-47
-18
20
-11
78
-15
70
-42
72
21
79
21
113
76
117
66
31
84
15
55
53
83
53
45
0
53
8
89
61
115
122
115
64
46
40
-23
51
-9
38
24
-4
-50
-28
-29
-8
7
-2
106
21
44
20
27
9
2
50
14
77
-24
60
7
28
-25
61
42
118
68
102
81
77
65
30
69
84
44
11
43
-22
-16
-47
102
107
59
73
52
17
1
-23
2
34
65
-42
11
-71
36
-59
-23
-1
19
1
-20
-4
6
20
22
21
-33
-12
-60
18
39
66
68
-15
-25
-11
-79
-69
-26
-69
-10
-76
-31
-28
-13
38
5
-53
11
-76
-57
-43
2
-49
-70
-65
-73
-64
-128
-39
-98
66
-126
6
-203
-19
-172
-61
-129
4
-53
-79
-61
-82
-30
-125
-53
-60
44
-127
-55
-115
-37
-53
-49
-11
26
-26
-96
-19
-21
-8
23
-3
37
-24
-33
-28
-33
-80
0
-47
76
21
27
-8
39
-49
2
30
91
108
31
61
64
57
22
88
63
108
-8
36
6
65
15
87
-26
95
-26
25
-16
52
52
100
7
82
2
68
12
105
81
81
43
101
147
91
127
18
135
-49
77
-16
109
-39
47
-19
3
-10
-1
6
39
-12
6
-27
-10
-47
-32
-38
41
8
-24
-7
1
-77
34
4
-28
3
-3
9
-16
16
-83
50
-112
87
-16
122
79
81
48
20
77
26
153
2
128
5
90
38
71
52
100
-42
61
49
44
56
-34
8
-15
-52
-29
-11
0
38
22
-91
-50
-93
-33
-144
-79
-56
-89
-92
-216
-112
-177
-90
-133
-30
-148
-66
-159
-127
-163
-89
-170
-147
-212
-175
-212
-141
-155
-187
-99
-217
-55
-98
-71
-109
-71
-99
-37
-95
-29
-8
32
-32
77
109
76
115
96
63
58
122
62
191
115
211
131
28
123
55
150
92
156
201
58
78
49
59
32
125
106
174
53
120
5
36
92
66
67
64
13
89
6
42
65
-29
151
6
121
35
120
66
88
34
145
93
102
26
-10
96
-21
30
54
48
43
2
-55
-13
0
-153
34
-86
81
-92
105
-110
79
-223
-58
-73
-10
47
-59
-73
-58
-62
-167
84
-162
42
-126
-66
-5
-49
-54
-16
-92
-88
15
-209
47
-196
-34
-159
-90
-122
-149
-110
-27
-8
-121
42
-185
46
-83
56
26
36
27
27
25
114
78
-100
159
-41
192
38
183
138
112
1
203
-18
180
166
-6
146
-30
37
30
27
-70
85
-144
7
-104
-63
-21
-21
-19
-139
6
-200
-36
-207
-65
-130
-126
-182
-239
-95
-143
-104
-162
27
-185
-114
-103
-11
-90
-159
-190
-34
-160
-55
69
17
8
58
-5
9
-77
-31
108
4
63
162
28
156
41
121
106
176
238
260
196
195
175
72
242
176
281
241
206
92
54
150
83
98
154
19
81
91
70
29
-36
66
-15
-88
-43
-29
-57
-99
-168
-6
-133
-56
18
-40
2
-13
-219
26
-76
-120
-92
-128
-120
-187
-269
17
33
-29
10
6
38
1
-104
-29
52
-20
40
-26
181
80
23
60
85
4
76
171
68
85
-19
-37
-88
32
22
172
118
84
14
54
-121
39
27
-115
-14
-167
-102
-218
-275
-128
-96
-226
-98
-76
-198
-32
-220
-41
-183
-141
-62
-227
-92
-66
-190
-135
-69
-45
-96
-148
-28
-43
-31
26
40
-90
-45
27
131
57
176
147
77
115
4
4
163
33
221
-2
107
152
62
71
130
117
41
49
99
293
176
284
246
137
158
-1
95
98
86
103
86
115
60
66
-8
93
172
130
126
206
-67
-82
-125
-206
-85
-125
-56
84
-142
-94
59
-241
-82
72
-99
-72
-60
-60
-78
-142
-35
86
-35
171
94
-38
73
28
-45
-94
-3
-121
-95
-29
126
15
112
214
57
94
131
205
25
16
42
40
-26
27
-21
-30
-133
-117
-156
-232
-142
-232
-175
-179
-229
-300
-220
-209
-87
-110
75
182
-40
-9
-101
-56
-48
3
79
144
-58
-94
-151
59
131
151
219
164
-24
-190
-212
-4
62
137
232
58
163
53
-173
-116
-167
-43
33
-42
65
108
-39
13
-39
-22
42
-67
-14
-108
-166
-123
-184
-127
-79
-163
-67
-84
-8
48
49
69
5
-149
-69
-223
-74
-32
-6
105
51
122
96
9
99
249
48
121
-49
-133
-153
-134
69
107
301
383
292
161
126
-30
3
-91
52
100
93
283
203
127
259
124
132
360
262
371
189
109
169
-30
52
69
17
65
66
35
101
36
124
178
75
171
3
-18
-64
-258
-169
-158
-53
45
-9
-19
-106
-281
-200
-385
-244
-124
-261
-231
-294
-386
-365
-449
-368
-170
-147
91
26
-31
-47
-184
-210
-176
-89
68
110
83
87
-68
-9
-39
-33
93
222
274
318
328
229
95
37
158
258
318
351
335
134
48
42
36
80
93
102
17
-128
-299
-434
-536
-417
-286
-203
-120
-209
-385
-511
-482
-420
-314
-189
-74
-128
-188
-325
-442
-492
-403
-190
-78
-5
-26
-104
-283
-241
-174
-57
-70
-29
-112
-173
-162
277
731
1184
1430
1418
1312
1117
1176
1364
1542
1702
1729
1431
1079
723
412
214
177
381
358
106
-308
-724
-1215
-1486
-1618
-1634
-1633
-1649
-1669
-1728
-1822
-1904
-1943
-1864
-1582
-1323
-1054
-750
-786
-899
-916
-1076
-1098
-1155
-1140
-1031
-1262
221
1693
2567
3137
2890
2099
1355
1106
2413
3619
4084
4549
3203
1580
387
-153
216
938
2019
2594
1784
598
-1008
-2816
-3168
-2222
-951
-17
79
-951
-2530
-3692
-3529
-2700
-1471
310
893
706
-143
-1110
-2017
-1656
-190
1385
1826
1585
206
-1938
-2914
-2851
-2261
-1460
-851
-733
-1658
-2875
-2119
-1552
-107
1482
2579
2509
1795
1066
1672
2191
3321
4364
3989
3644
2917
2226
1874
1730
2158
2563
2441
2023
496
-1110
-2300
-2694
-2498
-2072
-1923
-2320
-3172
-3519
-3745
-3868
-3111
-2199
-1369
-512
-325
-596
-1152
-1080
-254
307
556
534
-314
-1263
-1512
-1542
-1587
-1355
-968
-926
578
1551
1967
1538
1323
997
753
1054
2639
3444
3651
4064
2994
1865
1226
1787
2457
3089
3804
3540
1829
457
-818
-1891
-2108
-1184
-312
-211
-679
-2263
-3930
-4732
-3969
-2746
-1392
-325
-151
-1207
-1883
-1954
-2107
-888
861
1684
1750
914
-690
-2380
-3035
-2134
-1140
-502
-99
-557
-2116
-2853
-1438
-112
1462
2663
2843
1795
688
283
1385
2679
4240
5259
4362
3287
2072
1472
1600
2372
3352
3609
2730
1074
-1157
-2827
-3197
-2460
-1262
-733
-1319
-2922
-4392
-5010
-4517
-3446
-1780
-760
-536
-654
-1326
-1728
-1707
-512
1061
1871
1883
1064
-589
-1887
-1868
-1221
-421
119
5
-774
-2316
-1450
-211
1128
2286
2653
1947
1066
436
1358
2814
3824
4919
4085
2583
1605
1089
1359
2393
3274
3488
2511
1076
-633
-1938
-2311
-1374
-573
-593
-1438
-3071
-4650
-5029
-4264
-2962
-1829
-1193
-1734
-2046
-2115
-1828
-1197
-257
1035
1490
1085
357
-514
-1657
-1253
-365
-92
96
-548
-1317
-2226
-2362
-257
1236
2450
2494
1825
296
-394
-21
2213
3836
4922
4707
2682
1062
496
1115
2523
3896
4278
3418
1570
-407
-1764
-2047
-1349
-66
219
-759
-2632
-4584
-5296
-4451
-2765
-1284
-808
-1415
-2779
-2828
-2503
-1231
62
1267
1656
1290
213
-398
-890
-812
442
900
559
-200
-1600
-2311
-2527
-1828
585
1838
2386
1597
533
-631
-547
511
3168
4652
4955
3743
1532
252
498
2076
3839
4570
3981
2240
163
-1294
-1571
-977
-187
649
-113
-1874
-3884
-5182
-4885
-3358
-1720
-742
-1374
-2731
-3695
-3082
-1677
176
1171
1499
1053
252
-464
-427
-20
490
1398
1154
138
-860
-1862
-1887
-1387
-627
1241
1656
1448
738
98
-379
263
1361
3445
4209
3967
2695
1042
528
1370
2993
4197
4006
2783
1129
-307
-774
-597
-310
-488
-618
-1736
-3021
-4055
-4477
-3970
-2817
-1925
-1579
-2167
-3188
-3377
-2341
-995
565
1016
835
281
-159
-244
356
778
986
1088
402
-518
-1084
-1570
-1102
-845
-123
1329
1363
1142
497
102
-76
551
1556
3417
3522
3102
1895
652
761
1973
3451
4160
3565
2313
875
23
-170
93
-43
-420
-806
-2006
-3180
-3972
-4139
-3592
-2686
-2191
-2334
-3137
-3904
-3413
-2026
-400
820
712
287
-294
-334
150
1083
1630
1575
1040
110
-921
-1116
-903
-165
371
-178
305
387
608
822
991
684
487
751
2130
2940
3013
2602
1385
1056
1671
2772
3437
3220
2448
1559
893
724
479
22
-477
-787
-1549
-2410
-3070
-3594
-3539
-2982
-2405
-2461
-3034
-3422
-3226
-1839
-435
480
232
-343
-592
-493
174
1009
1322
908
524
-152
-723
-754
-441
-75
231
-432
-202
122
501
885
1074
697
309
389
1390
2660
3012
2752
1641
1115
1467
2435
3276
3274
2614
1832
1214
968
664
211
-361
-781
-1310
-2014
-2682
-3256
-3451
-3089
-2648
-2660
-2989
-3272
-3235
-2039
-779
-7
-33
-456
-625
-382
420
1169
1563
1047
457
-93
-420
-295
185
281
353
-412
-1229
-819
-90
781
1121
956
28
-314
32
1559
2681
3098
2482
1489
1079
1455
2479
3216
3319
2844
1981
1252
714
304
83
-154
-491
-1282
-2007
-2527
-3013
-2839
-2384
-2329
-2508
-2885
-3004
-2381
-1345
-558
-254
-800
-986
-833
-296
662
1370
1080
355
-219
-632
-325
-58
222
19
-399
-1371
-1126
-280
565
1067
907
92
-781
-633
244
1920
2712
2788
1775
902
729
1650
2859
3580
3437
2625
1509
878
623
587
430
-55
-750
-1554
-2057
-2523
-2676
-2383
-2321
-2294
-2426
-2511
-2528
-1903
-1005
-367
-254
-558
-639
-629
34
720
1136
783
139
-306
-468
-172
203
319
56
-253
-839
-865
13
646
1043
778
183
-592
-402
357
1994
2866
2875
1879
841
585
1479
2893
3661
3411
2152
931
349
424
718
663
116
-795
-1576
-2038
-2261
-2040
-1991
-1858
-2095
-2294
-2617
-2588
-2002
-1307
-750
-780
-1215
-1466
-1198
-436
353
703
269
-274
-460
-230
246
484
233
-87
-283
-293
-551
-394
-79
227
629
451
230
-255
159
673
1944
2179
1999
1156
839
1323
2413
3291
3134
2433
1539
1198
1180
1414
1321
695
48
-577
-1021
-1212
-1301
-1374
-1370
-1451
-1850
-2197
-2458
-2231
-1712
-1239
-1230
-1485
-1985
-1696
-1183
-451
-140
-145
-558
-682
-447
-135
104
59
-36
-49
-38
41
-90
-220
-494
-155
399
730
928
659
388
224
491
706
1328
1582
1875
1727
1619
1330
1431
1650
1846
1953
1699
1264
835
535
431
232
-33
-442
-756
-1124
-1217
-1333
-1335
-1456
-1439
-1535
-1652
-1691
-1627
-1346
-951
-688
-864
-889
-1002
-806
-421
46
116
98
4
-112
-65
87
140
154
147
118
57
85
152
271
219
158
295
377
611
849
983
863
830
674
874
1070
1233
1300
1115
1015
1014
1091
972
813
508
284
237
252
158
5
-315
-734
-942
-1086
-1156
-1294
-1454
-1536
-1490
-1378
-1314
-1175
-1100
-894
-668
-361
-249
-162
-116
-47
63
152
204
184
141
138
254
291
475
449
378
247
118
168
244
357
441
359
178
-8
-66
3
263
429
433
294
240
218
272
291
359
287
222
181
93
62
-32
-73
-93
-130
-222
-283
-382
-438
-407
-264
-303
-187
-202
-235
-253
-170
-54
54
139
213
233
208
243
285
244
304
366
376
512
515
461
301
182
182
264
466
584
506
223
-21
-109
46
286
368
184
-112
-319
-400
-294
-233
-321
-515
-650
-606
-525
-529
-657
-794
-815
-787
-792
-772
-809
-847
-665
-421
-296
-324
-381
-410
-223
28
279
361
282
243
308
446
505
615
686
694
705
730
635
539
499
485
461
420
400
438
521
537
394
208
94
159
354
507
429
204
-145
-312
-268
-148
-111
-166
-355
-501
-540
-541
-514
-633
-695
-788
-806
-826
-919
-1009
-911
-759
-644
-581
-658
-787
-736
-478
-165
38
23
-118
-191
-120
62
324
533
588
621
701
730
786
873
925
946
1003
1027
1017
1007
972
961
928
882
881
909
938
825
689
461
322
298
341
278
127
-83
-257
-297
-285
-260
-398
-659
-885
-955
-1041
-1041
-1041
-1038
-959
-915
-816
-770
-799
-788
-651
-480
-335
-286
-348
-419
-405
-287
-87
132
249
146
108
127
198
379
538
571
455
327
248
250
288
335
367
397
370
379
406
417
385
378
337
285
199
36
-65
-177
-242
-211
-150
-180
-223
-347
-452
-431
-333
-215
-149
-182
-357
-553
-631
-626
-550
-399
-266
-160
-150
-207
-224
-221
-188
-105
-11
92
149
153
156
138
202
251
327
442
473
451
428
396
379
378
413
357
315
287
311
345
366
388
308
246
138
6
-56
-127
-147
-85
-26
-47
-150
-342
-550
-626
-521
-358
-228
-233
-384
-554
-533
-426
-255
-101
-35
31
95
141
133
167
188
247
301
380
426
406
414
443
459
470
356
279
184
128
126
115
122
94
181
211
183
134
83
53
124
216
186
113
-21
-144
-146
-109
-80
-121
-152
-207
-217
-255
-374
-536
-564
-495
-407
-413
-538
-668
-705
-599
-452
-308
-226
-269
-209
-13
91
140
117
124
191
342
485
516
464
424
398
366
325
288
233
253
289
289
246
89
5
-56
-58
-35
-14
-19
-51
-6
-25
-30
-66
-106
-53
16
21
-84
-152
-200
-205
-213
-211
-323
-427
-457
-398
-346
-320
-383
-461
-466
-300
-118
-43
32
25
24
67
155
217
246
314
408
506
536
540
537
501
495
420
391
296
281
288
277
251
186
88
32
26
28
0
-118
-163
-224
-194
-157
-137
-184
-256
-256
-266
-282
-325
-421
-550
-583
-562
-585
-607
-653
-694
-730
-678
-607
-585
-584
-514
-385
-220
-21
128
211
255
318
405
474
569
672
750
822
879
847
770
753
712
689
672
647
589
559
532
521
450
385
391
392
370
347
311
205
146
103
44
-60
-186
-301
-345
-298
-287
-378
-489
-641
-779
-828
-809
-842
-879
-892
-892
-803
-684
-525
-384
-225
-114
-21
8
63
173
301
409
475
533
506
476
509
537
549
555
475
361
279
244
274
317
376
367
295
222
129
76
-18
-161
-218
-261
-258
-229
-189
-220
-234
-281
-288
-267
-325
-431
-612
-745
-889
-979
-1039
-1027
-1011
-990
-970
-932
-904
-816
-638
-450
-259
-167
-138
-147
-100
30
207
373
536
715
808
849
860
852
892
1058
1137
1135
1045
923
850
850
922
936
885
808
747
708
646
527
395
297
292
296
234
124
36
-31
-57
-69
-138
-251
-391
-486
-538
-623
-702
-806
-861
-871
-915
-1002
-1063
-1094
-996
-820
-674
-609
-631
-597
-501
-298
-98
28
139
209
281
294
280
307
385
528
629
660
622
559
569
689
773
774
679
507
394
356
364
319
217
123
66
56
38
-45
-63
-49
15
64
17
-78
-209
-333
-390
-412
-475
-579
-666
-751
-833
-917
-949
-971
-886
-690
-516
-458
-475
-484
-478
-351
-213
-117
-103
-87
12
122
237
342
437
529
574
563
545
501
503
578
667
710
656
559
483
497
524
542
500
435
367
280
209
114
63
28
29
28
-23
-141
-294
-395
-426
-402
-408
-461
-520
-556
-563
-582
-588
-604
-580
-496
-364
-248
-195
-175
-123
-33
87
168
167
140
136
189
257
338
417
407
372
332
284
254
330
437
507
512
450
342
262
254
250
248
195
106
27
-10
-25
-23
-30
-44
-48
-90
-128
-220
-334
-404
-417
-397
-374
-388
-443
-502
-510
-484
-426
-361
-308
-262
-252
-233
-207
-155
-95
-31
54
106
128
169
235
287
365
437
481
487
418
380
336
338
374
445
458
416
364
232
208
231
272
313
307
275
189
116
77
75
64
88
70
0
-80
-178
-253
-283
-238
-243
-278
-323
-392
-495
-540
-565
-580
-561
-545
-504
-436
-390
-352
-310
-270
-209
-161
-117
-113
-147
-123
-68
24
107
147
134
110
77
65
123
191
227
222
162
84
30
48
96
176
240
218
147
50
-25
-50
-4
20
77
59
-31
-118
-194
-220
-211
-196
-196
-198
-190
-177
-175
-131
-121
-154
-155
-127
-69
18
121
162
123
79
94
160
235
299
325
333
297
319
361
397
409
401
385
367
357
383
415
386
359
315
265
216
190
180
154
102
51
-34
-107
-119
-89
-44
-2
-9
-67
-144
-196
-203
-215
-274
-322
-366
-398
-395
-375
-360
-380
-380
-358
-309
-224
-174
-123
-75
-33
14
32
64
120
158
163
127
85
63
43
138
216
262
248
171
132
115
130
169
205
232
198
155
112
81
81
108
115
91
35
-48
-68
-90
-124
-208
-311
-403
-432
-394
-356
-328
-322
-362
-443
-460
-450
-466
-484
-468
-444
-434
-383
-290
-208
-157
-68
-30
-17
40
131
210
247
302
271
210
188
165
152
187
195
170
147
129
132
174
231
256
271
265
264
292
322
325
277
230
190
180
163
160
149
134
81
23
0
-10
-16
-49
-42
-91
-175
-244
-271
-266
-217
-203
-185
-177
-167
-111
-59
-1
49
85
79
74
48
63
113
145
185
187
166
113
88
120
158
176
200
180
155
154
178
190
183
193
179
170
171
203
186
169
159
164
173
182
163
110
36
11
-29
-79
-87
-124
-132
-193
-229
-265
-284
-285
-281
-271
-277
-265
-262
-232
-199
-141
-138
-138
-109
-71
-38
4
25
19
48
44
39
22
-13
-27
-34
-30
-31
-50
-82
-119
-110
-108
-98
-133
-198
-230
-281
-285
-269
-256
-236
-221
-213
-191
-155
-140
-107
-102
-106
-114
-117
-122
-133
-153
-180
-179
-180
-189
-207
-156
-137
-96
-7
78
131
168
153
114
78
66
83
80
107
131
131
144
155
168
198
198
210
230
249
249
254
270
289
294
296
271
237
199
142
144
151
164
162
151
176
186
194
207
202
181
122
95
59
43
40
20
41
45
-12
-86
-127
-142
-114
-54
5
34
33
30
54
79
118
143
170
220
264
274
257
253
232
241
265
231
172
127
89
65
70
68
24
-24
-40
-59
-72
-133
-193
-252
-270
-267
-276
-253
-286
-304
-310
-297
-295
-299
-312
-345
-352
-314
-298
-261
-245
-260
-271
-324
-399
-434
-431
-414
-353
-339
-332
-347
-328
-242
-194
-101
-19
26
74
90
108
120
143
180
192
176
172
151
145
189
231
238
219
169
139
141
139
141
150
86
34
35
24
29
37
45
26
13
-14
-56
-78
-63
-53
-47
-14
-2
-9
-9
-16
-26
-43
-59
-93
-124
-104
-57
-20
26
83
116
138
172
191
219
228
203
228
230
217
271
273
281
312
297
422
337
381
292
116
-46
-210
-326
-338
-241
-209
40
-15
104
37
80
147
133
157
132
41
-100
-176
-261
-273
-210
-162
-47
13
23
89
81
75
50
115
92
44
45
2
-30
-65
-44
-68
-36
28
-2
103
86
131
134
171
221
282
347
296
304
213
160
104
72
0
-101
-111
-100
-49
-11
-25
-28
-75
-112
-181
-187
-213
-204
-225
-250
-286
-338
-343
-325
-272
-287
-267
-319
-371
-352
-316
-259
-243
-233
-235
-257
-277
-287
-255
-215
-126
-82
-30
-72
-84
-117
-83
-48
-31
-1
7
100
154
176
165
175
155
169
158
159
90
90
68
131
170
220
190
89
10
-51
-96
-123
-100
-82
-24
55
117
96
101
114
107
68
61
-3
-99
-157
-136
-172
-126
-104
-90
-72
-96
-83
17
-20
140
228
178
224
131
180
166
186
84
146
-10
73
93
218
203
282
218
201
276
221
282
265
274
193
311
136
221
100
219
147
248
174
192
209
197
253
160
87
101
34
47
94
186
100
64
-23
44
28
38
42
-23
105
-116
-96
-161
-20
-191
-59
-282
16
-382
-260
-338
-262
-194
-260
-155
-158
-120
-183
-90
-289
-200
-266
-269
-259
-513
-382
-465
-380
-298
-231
-228
-214
-235
-306
-209
-294
-169
-334
-256
-236
-91
-191
-126
-150
-86
-11
118
47
118
22
14
53
-133
59
-55
-47
83
-11
-47
102
-248
56
56
27
198
72
1
197
-4
192
216
269
172
361
158
307
236
337
213
312
106
244
140
90
44
300
89
2
224
-50
189
18
255
124
314
14
348
-100
178
-24
2
110
-20
260
-48
83
218
157
143
295
73
129
4
-103
136
-206
61
-30
-85
-131
-95
-174
-22
-57
186
79
113
56
-73
73
-160
238
-16
230
41
-10
63
155
-89
185
-71
68
-16
-76
37
76
-241
78
-165
83
-77
-75
13
-107
-130
-50
-299
-91
-242
-142
-67
-299
-104
-258
-260
-306
-12
-192
-55
-276
75
-206
-141
-255
-281
-179
-269
9
-92
49
-101
73
-167
153
-84
171
-148
-34
118
27
132
123
21
-9
-56
-80
-51
74
-32
18
-146
-75
-126
-19
-292
5
19
-188
41
-244
51
-44
21
77
68
-146
26
-290
-65
-122
-94
25
-119
-29
129
-123
106
52
-101
164
-53
63
35
178
107
211
263
221
175
210
92
228
244
131
333
109
98
256
64
177
262
-12
159
133
158
187
63
71
81
-63
49
69
-30
170
-161
129
-91
61
9
-38
64
-128
-82
66
-59
-40
65
-28
122
-144
-91
10
-277
-67
-56
-175
17
-113
110
-15
83
43
-29
-37
55
-55
200
6
53
209
-53
140
-41
193
-54
221
94
196
196
-56
23
-147
-169
-103
21
11
100
73
-92
97
-232
-76
-259
-46
-83
-112
-47
-186
-20
-95
-27
-89
-112
-42
-152
-2
-51
15
94
-95
-240
-130
-325
-130
-83
-52
-87
-22
-296
-172
-141
-40
76
113
-4
156
-68
-50
-106
37
74
64
-68
-8
-218
-109
-252
-13
143
-22
78
-66
-129
-202
-102
-112
-2
-43
4
-4
-178
41
-85
129
24
171
183
-19
131
37
51
105
179
141
63
63
-38
77
0
86
216
32
186
90
177
50
234
-59
202
62
96
211
180
98
-6
-99
-46
10
20
-13
170
-168
-56
-61
-155
-73
31
-118
-18
-72
52
71
-129
-75
-197
-79
-111
113
-52
11
75
-36
22
-45
117
46
219
-21
238
0
140
17
74
207
112
49
243
10
95
279
229
204
341
159
253
281
-15
457
31
151
172
159
-176
188
-262
25
-87
55
60
-49
-40
-139
-311
-325
-265
-132
-256
-115
-252
-235
-458
-368
-411
-256
-145
-166
-104
-173
-219
-275
-126
-284
-19
-78
85
-185
106
-250
147
-203
-1
89
97
219
67
95
-114
122
-266
188
-105
106
290
-37
320
3
90
90
24
10
161
66
64
186
-119
57
-148
-192
-37
-205
26
-79
-49
-113
-170
-85
-291
-152
-274
-56
-298
-111
-153
-192
-198
-205
-130
-103
-77
-13
-49
-136
-83
-8
-22
-96
87
-10
69
139
50
188
251
170
212
285
239
460
175
262
256
79
446
285
342
381
435
132
486
140
528
394
230
425
136
154
34
41
8
197
157
47
120
-222
-32
-254
-137
-16
-35
-52
-82
-184
-390
-17
-389
-73
-199
-131
-194
-31
-420
-111
-419
-62
-193
-22
-51
52
-49
-236
-20
-142
93
-42
113
-145
38
-142
-115
44
88
101
12
7
14
8
109
-71
158
-56
57
-85
25
4
242
-50
37
107
-71
-152
13
-146
54
-207
32
-37
-89
10
-172
10
-164
-112
-189
135
-205
40
-81
-320
126
-510
-16
-140
-32
-179
-2
-211
-97
-139
-16
26
-84
87
21
98
129
1
120
-67
-36
118
118
61
480
-140
380
-86
-1
-3
76
-53
162
60
87
91
-202
274
-108
223
128
283
60
94
96
68
-18
-100
168
-126
137
33
164
-210
43
-152
-35
-99
-105
-119
83
-162
-77
48
-250
5
-177
-133
65
-18
-9
67
-192
-120
41
-138
108
-16
-6
168
72
111
124
27
49
48
-190
122
31
44
114
51
-27
215
-87
293
115
210
198
101
68
166
-94
114
31
82
82
107
-21
188
-26
109
106
95
-92
30
-17
49
14
-61
156
-7
82
-112
101
-134
157
-150
261
-130
245
-50
13
-134
-23
-59
80
-151
-64
-74
-312
-30
-355
69
-174
31
-266
-65
-340
75
-284
126
12
28
46
-218
-127
-2
-85
133
-89
-133
-94
-256
-142
-40
-104
70
-254
-1
-80
-118
-20
91
-57
5
-208
40
-123
-51
-145
122
-169
-64
-2
-76
15
150
-100
19
-13
64
-100
94
-228
201
-204
-14
-62
90
-206
159
-319
12
37
-160
-17
94
-19
94
73
16
167
3
101
65
86
79
29
22
123
71
187
89
183
101
143
-128
301
-120
263
90
166
70
258
-43
350
170
173
299
221
115
200
51
131
263
-34
285
-77
110
-103
111
-94
205
73
176
9
91
-207
81
-154
98
60
37
3
34
-2
-167
111
-123
191
51
-154
96
-99
-88
-91
-181
3
-217
-4
-233
56
-353
94
-369
10
-185
10
-123
-5
-317
74
-369
-94
-388
-96
-286
-161
-345
-31
-260
-103
-231
-77
37
46
-179
185
-213
-201
37
-269
301
-185
241
-59
34
-286
190
-390
191
-43
120
84
33
-59
186
-397
261
10
19
254
200
-80
102
-150
-171
219
-18
326
232
-136
204
-110
-284
345
-136
65
-45
20
-216
52
-145
127
-28
-10
323
-1
212
144
156
-36
94
-57
51
129
36
145
112
67
277
-80
356
27
238
-16
330
-42
295
-3
171
72
6
11
82
88
156
70
-55
79
-50
-7
-192
115
-64
4
-30
-100
94
-84
-7
-221
-163
-166
-59
-216
-197
-4
-257
25
-275
25
-238
-41
-38
2
-130
117
-8
-228
-46
-239
153
-216
80
-37
181
-222
-41
-160
51
73
123
45
301
-184
20
-107
50
119
200
123
216
-94
55
8
-60
322
29
281
-95
69
-178
59
-80
291
37
181
-30
-4
1
-148
61
-207
85
-161
-83
-137
-37
-68
-248
-87
73
-105
-36
-98
29
-187
-13
-139
20
-231
74
-77
-43
89
-33
32
-137
-30
49
-22
17
-4
-87
2
63
48
154
111
117
65
85
-25
115
53
109
145
-89
79
-41
59
-129
199
-109
204
-176
-60
65
-210
-81
-157
-52
-125
217
-59
52
-235
-56
-260
-151
-4
80
29
-10
-37
-121
-122
-76
-40
103
-175
226
-193
121
-122
-34
-28
216
58
122
189
-85
367
-146
176
126
79
196
225
25
294
-10
-67
221
50
160
350
-102
308
-94
-84
188
-158
410
110
134
132
20
-69
39
-62
122
253
-71
77
-162
-44
-94
-56
23
-93
26
-180
38
-214
-131
-189
-84
-156
23
-180
-140
57
-44
-178
-6
-147
-64
-248
-107
178
-72
-171
-1
-108
-190
214
-161
266
-101
132
-136
14
-77
234
-245
254
-52
36
22
104
12
92
-45
229
-182
-76
107
49
-79
98
-99
-55
-5
0
20
12
-98
-171
-276
-126
27
-233
-10
-222
26
-417
-50
-288
-72
-164
-115
-124
-197
64
-103
-103
-177
106
-194
-31
-182
55
161
-34
5
167
-290
185
37
59
295
153
20
145
43
98
248
-47
315
148
164
272
23
77
276
12
162
203
233
79
238
-38
321
-56
91
166
12
221
158
-42
27
46
87
-31
12
167
48
-162
-57
-196
-20
15
-73
-154
61
-262
88
-242
25
181
-45
63
32
115
-106
131
-188
294
-76
211
252
-124
107
116
-77
112
136
99
204
110
-127
261
-233
255
-150
80
-6
36
-148
-23
-117
-50
50
-292
23
-361
-26
-290
66
-117
0
-306
-254
-208
-260
-83
-165
-7
-122
-158
-119
-357
-111
-131
-172
-187
-100
12
-164
-283
21
-187
110
14
-1
102
-64
-39
-272
-70
-11
216
-109
149
108
132
1
115
108
110
128
87
241
58
204
104
-52
239
65
123
144
133
145
13
-42
70
-300
-47
-70
91
-135
225
-112
-77
-232
0
-108
178
-37
178
20
-130
-91
64
-105
115
71
-65
172
-85
72
-31
18
157
-18
112
93
270
120
288
320
220
227
-212
172
-179
185
137
261
51
164
-112
-13
96
-63
384
91
151
9
-3
-88
-1
-329
193
-284
-57
-42
-98
37
-256
-191
-167
-317
-184
-149
74
-299
257
-341
7
-502
53
-317
-167
-15
-44
124
-204
147
-194
-107
-199
131
-98
187
54
33
-68
-194
89
-74
142
-22
285
-164
193
63
-61
237
-34
236
-241
68
0
109
-177
217
-92
-33
129
-161
212
-3
-53
71
-244
59
207
-83
150
12
-25
-222
-138
-91
192
-125
146
-20
-172
16
-298
110
-9
265
3
16
-75
72
-189
-31
65
1
177
65
15
-21
72
3
89
-80
153
-21
-190
6
-106
22
-12
-17
48
48
-2
145
-62
-122
223
-165
102
-43
-19
163
61
58
-76
48
25
52
-300
155
16
85
-25
99
-59
28
-159
100
124
125
65
-34
-35
150
-147
86
77
117
-5
-9
-128
117
-232
68
-98
-73
-41
-47
23
-36
-44
66
61
-124
-91
-51
135
5
163
-251
100
-125
-215
-45
-16
97
-128
41
77
-10
-1
-88
182
-121
-19
31
385
-50
165
130
-10
-21
-154
200
43
126
28
99
153
-9
68
82
94
254
102
-13
205
11
34
-51
5
-255
247
-331
103
12
59
-24
86
-65
41
-289
26
58
9
-135
32
-79
-293
-221
-206
-65
-213
6
-55
-250
-128
-288
70
-370
81
-258
81
-221
-61
118
-244
170
-176
-8
-68
275
-99
95
74
165
250
78
-94
202
-29
-91
49
55
273
70
128
-33
311
-374
49
23
-16
128
27
282
-158
-173
-55
-76
51
-114
299
-98
120
-249
35
-197
-150
73
-16
76
202
-182
-170
-75
-362
18
-116
226
-70
194
-309
211
-422
91
9
-30
53
141
65
31
69
-153
-29
101
90
325
163
394
139
37
-89
103
42
12
257
180
286
66
-49
-9
73
-28
237
-140
339
-19
36
-57
-125
42
-43
-54
217
279
-62
226
-50
-184
-98
-243
123
-122
-112
19
-239
-12
-209
-172
-56
58
-373
-80
-311
-19
-205
-359
90
-83
-218
40
-81
82
-111
-4
-202
-18
-128
26
-55
-104
93
-88
200
-26
164
-59
10
104
-92
-21
266
103
-46
267
-41
176
-19
25
255
113
10
123
-84
-19
152
14
200
189
44
97
-85
-18
2
44
12
143
-322
195
-244
-69
-49
60
45
42
-229
128
-177
-64
-19
-131
-97
-187
-245
99
-253
-64
-12
-274
42
-326
126
128
-26
-51
-18
74
-107
45
98
436
-134
274
-33
186
-125
87
258
253
170
189
51
71
242
-122
309
139
-27
-121
-93
-31
145
19
171
210
-121
-53
-114
-186
-74
-70
100
-290
153
-167
26
-176
-108
32
-159
-28
-114
-65
-197
-92
-120
-96
-74
-139
-97
-30
-48
-72
-138
19
80
58
12
190
-5
85
25
64
18
197
-96
254
9
268
-102
378
36
13
130
84
209
-6
187
84
84
-146
232
-143
71
48
163
-53
35
-216
138
-63
-177
-66
95
137
-183
-149
-18
-122
-86
-96
-72
-70
-147
-98
33
-333
12
135
-135
-155
-110
14
-95
-130
-79
175
129
6
27
-5
0
-80
-160
-116
129
-145
-82
62
-52
-141
31
137
60
26
21
143
-110
-79
197
121
-138
273
61
-10
-132
40
-123
80
-166
103
168
-188
86
-220
47
-6
64
-160
176
6
0
-14
-69
53
-309
211
-122
13
28
-9
28
36
25
52
-127
-61
137
-41
110
21
-31
-62
-252
-109
203
73
-35
63
-142
287
-281
161
70
52
184
77
110
25
40
-106
195
-119
391
43
57
139
-128
18
196
-239
166
54
-66
164
-40
-6
291
-324
368
52
53
-135
198
6
-149
-23
16
81
-108
306
-202
211
-217
0
-43
-73
1
170
-118
-151
134
-378
-4
-336
-72
15
-44
-35
184
-48
-48
-295
-78
-102
-191
266
-186
6
-3
-69
-320
104
-83
228
-91
-24
291
-12
-213
441
-254
351
-37
207
-204
106
-104
137
-13
20
158
-65
-46
122
90
151
-25
161
-193
211
-134
-170
-53
-269
194
-265
107
-118
-99
-174
-202
-12
-314
-9
-200
-105
-193
-221
224
-442
-38
-7
-145
6
2
-121
-81
-113
-67
377
-83
-7
147
-62
61
191
-115
388
-26
200
-186
233
-25
196
54
327
297
-51
521
-78
295
205
159
493
-205
345
118
-69
-76
257
-36
-69
185
-216
123
-117
98
-100
-16
12
-7
-90
17
-152
102
-78
-47
-142
-199
54
-129
-93
-23
158
-260
-32
-95
-50
-30
-148
219
92
-52
172
-31
-232
-117
64
-15
104
-131
-53
115
-520
-30
-22
-51
189
-176
238
-133
19
-216
229
-156
86
172
-123
141
-363
90
-289
-4
-151
87
10
-84
-172
67
-184
44
113
182
78
33
-79
10
50
-66
329
-319
122
76
71
-3
-148
169
-79
30
-190
398
54
156
-26
66
215
-179
147
-32
79
-93
180
98
36
-19
262
-184
87
-47
44
222
57
9
152
-59
104
-53
-220
79
-28
-204
168
-210
112
49
-435
325
-142
4
-31
-182
-256
75
-257
130
-222
-72
-5
-180
-230
36
-218
-34
31
-200
197
-298
-118
-225
-239
-17
60
61
30
-58
-205
36
-297
171
277
-76
165
-100
-31
-1
-136
370
188
126
214
13
174
163
-189
448
19
144
91
116
10
77
-47
225
264
-20
140
221
-161
102
-109
329
11
111
261
-9
89
59
-13
-287
173
-218
291
-248
-100
113
-266
4
-98
87
-120
206
-373
80
-139
-260
105
-17
13
-159
27
-71
-150
-142
196
69
-110
100
11
4
-212
-29
19
55
-142
108
-75
110
-142
60
-7
-40
119
0
154
58
-33
-110
66
-144
79
44
-194
347
-188
38
-3
70
50
-106
-111
34
-40
-113
188
-22
-46
-127
-144
234
-146
46
102
-53
56
-92
-168
92
-83
-177
-10
-87
-348
30
-280
36
-147
0
-127
-202
-220
-27
31
-153
45
21
-197
-128
-33
110
-412
60
15
122
14
-128
90
30
-161
217
124
166
185
26
261
119
144
23
101
22
151
135
242
392
-7
338
63
292
30
214
413
49
382
19
155
-13
128
23
134
169
40
270
-254
-91
-67
-106
80
63
2
46
-181
-295
6
-83
5
-33
-38
45
-327
-436
239
-248
115
-213
267
-209
-91
-297
20
-138
-56
-105
104
-289
113
-393
145
-134
54
-134
101
127
-210
98
-172
197
-136
154
-15
24
-51
27
-28
-68
145
-121
-72
-90
-229
105
-309
352
-112
-66
64
37
-85
133
-116
-12
-80
-270
133
101
-106
-23
-92
-53
36
8
43
81
-146
-70
-67
1
-143
192
101
15
-26
-55
-29
-50
9
7
152
-15
-10
-33
-96
84
7
227
-25
71
-43
16
-28
135
50
65
-58
48
32
19
16
162
123
45
127
235
-29
156
-128
299
-73
207
-116
365
-124
170
46
-4
108
-4
-130
69
-33
63
46
32
-72
126
-104
89
63
-300
292
-329
188
-201
115
-306
72
-302
184
-137
47
-122
-45
-251
69
-266
94
-64
-4
-62
-10
-130
146
-152
-37
145
-77
44
76
-22
28
131
-258
207
-194
210
-10
131
-81
183
-209
160
191
169
55
14
5
-32
-80
48
-73
50
115
-73
15
-54
47
-230
35
-81
164
-61
91
-254
-47
-181
-187
-201
-31
-20
31
-220
170
-135
-60
-69
32
-33
-141
26
-37
-194
89
-199
37
-30
80
9
270
-62
59
179
-304
228
-152
229
178
-121
85
76
-276
19
-20
12
131
154
-64
187
-410
460
-392
147
20
156
-11
179
-217
266
-207
-90
111
-201
70
208
76
113
26
-3
-76
-161
22
131
-78
144
-153
14
-45
-204
42
-116
-9
62
7
60
45
-244
15
-18
-120
242
23
76
188
-3
-31
58
-58
85
11
-9
245
-39
146
-113
45
170
211
7
234
-84
43
125
-115
101
83
75
98
-59
108
-72
21
-165
184
-142
419
-134
36
-148
-44
145
-230
104
25
34
-124
82
-82
77
-390
-22
-78
-177
7
-58
-108
130
-213
-147
-46
15
-29
91
-295
328
-366
105
-182
-163
-151
89
-115
-20
-162
-66
68
-246
99
-219
-3
-49
247
-136
218
-216
301
-220
212
70
348
-197
90
-119
0
27
44
40
-62
207
-190
117
-190
42
-83
-151
-13
221
-264
285
-293
114
-238
172
-233
273
-201
211
-31
56
-12
-67
-98
20
-107
102
107
106
149
-58
210
-101
-115
-56
188
-85
138
-21
333
-178
-172
142
109
-73
346
-173
217
5
-33
60
82
80
229
102
7
340
-130
53
174
103
43
256
-71
65
-280
186
-231
264
-233
-53
-60
-201
-65
-52
-39
-162
167
-327
70
-40
-89
-110
-52
-56
-42
158
1
-46
-130
-166
-78
108
-184
-25
-92
171
-122
-131
41
39
132
100
405
-133
-20
-138
-156
-90
-304
90
31
381
-39
69
123
-59
118
-11
114
-10
389
-171
22
-66
-160
-59
121
-58
174
70
-17
70
-125
-256
40
-230
-291
61
-130
-42
180
-25
17
57
76
-75
-63
37
-33
145
-211
-16
-62
-152
-139
127
20
51
266
-121
235
-84
-170
188
-119
-138
129
-21
-153
71
-220
169
13
-64
195
-78
-118
-84
-68
5
178
-201
290
-138
-16
-77
109
-40
35
-18
-24
-81
-278
5
-138
-51
-210
165
90
-56
41
-27
53
111
34
44
124
184
22
234
-72
-14
111
-47
30
-64
176
0
203
-34
-32
179
-15
166
78
100
79
85
-113
77
138
-208
284
14
6
28
60
-123
338
-198
-5
-2
-192
-129
-27
-63
15
211
-279
128
-16
-9
34
-95
-56
-23
76
-232
-48
-105
-211
71
-93
97
-12
76
-303
109
-198
121
84
-96
-10
-57
-177
-86
23
-216
267
-95
-80
-49
-16
-3
-28
-17
84
61
-75
220
-68
18
-12
3
-18
24
-49
0
-76
180
103
-60
-33
263
-120
18
136
244
2
179
-50
-11
-142
-69
136
49
82
326
30
105
196
-41
-16
48
107
-45
-43
68
-15
-190
-50
35
90
-150
99
-78
-137
28
-35
-141
53
-212
188
-185
103
-80
-72
13
18
-192
88
-148
23
-47
-91
60
24
-170
-6
-123
84
96
-143
181
-124
-8
-87
16
-137
48
7
54
-98
-105
-136
-44
35
25
166
76
80
-89
-13
-101
86
-183
109
62
-37
-8
-88
63
-154
4
135
-19
101
55
28
-21
42
-119
60
-16
30
223
-132
57
169
-118
95
9
66
9
-56
186
-81
119
-108
241
-189
299
-85
329
7
122
45
-42
43
224
-88
120
-32
137
-117
-95
-75
55
-126
70
-9
-41
114
-171
74
-100
-53
-130
11
-83
85
-119
54
-74
-102
-171
-114
-10
-40
46
-34
-71
-178
-111
-282
-89
-124
33
46
-45
4
-52
-120
-26
82
56
-68
68
-40
-214
-27
-173
5
90
43
2
103
-105
35
-135
-47
137
-154
255
-93
7
-9
-14
5
184
-99
246
15
-133
251
-206
288
-140
154
74
235
-83
217
-125
134
-5
75
5
5
69
-72
77
137
-98
56
-39
-149
255
-48
69
58
18
-140
93
-142
194
63
-16
41
77
-67
121
46
-54
110
-109
95
-12
-41
108
-116
25
40
-83
-20
35
-46
24
-141
-32
-23
-155
196
-58
79
24
54
67
9
41
88
-21
185
56
-48
66
99
-59
165
-32
209
33
-110
137
-53
-239
-54
-21
-182
180
-192
-26
-61
-286
89
-7
-136
118
-89
-317
29
-204
-119
-111
-223
-39
-229
-20
55
-40
-78
40
-131
76
-196
114
169
-192
106
87
-308
244
-75
8
247
-38
121
94
-117
277
-8
-175
308
-49
129
32
50
97
-83
-35
209
-96
267
-28
-102
39
-148
-96
98
-108
79
-31
-140
109
-88
-42
14
-85
-27
25
-41
-1
-136
4
-162
-145
-72
18
4
58
-50
79
-180
-36
141
-25
63
118
68
223
-72
138
279
-119
241
112
3
288
-51
96
154
-197
207
39
-31
136
-40
-100
158
-159
-66
26
-26
60
119
-107
193
63
-101
-49
-17
-151
-7
-55
-76
144
-173
44
-46
-141
158
-22
-147
171
-175
-96
21
-162
11
-52
-304
180
-165
-48
147
-139
52
3
-132
188
-100
-45
127
-157
-45
124
-45
6
52
-33
-19
110
-21
7
-8
14
-31
8
-23
156
-46
-136
97
-1
-119
172
-1
-13
89
-16
141
-1
80
155
-43
-135
139
-170
-12
158
-94
119
14
-82
144
-132
34
199
-45
153
12
-70
-63
-79
-126
5
-25
7
48
-98
23
55
-99
-58
60
-92
-81
8
-106
-24
22
-55
64
-90
-48
33
-129
-58
63
-90
-93
75
-78
62
-31
17
-3
-28
-40
107
-35
-111
123
-76
-37
32
-20
-10
51
-20
79
11
-17
86
17
-23
136
-169
3
68
-1
60
167
58
120
-24
-71
29
-31
16
-32
33
-23
-83
-36
-21
-71
93
30
-17
66
-51
64
-96
-51
62
-75
-80
54
-119
-83
109
-21
37
-89
-34
-37
-109
-8
57
-31
42
-41
-23
21
10
104
71
-1
93
7
-4
118
-52
78
87
115
128
33
5
58
-38
27
114
-36
95
-17
-82
38
-11
12
142
-52
125
-4
-4
-9
-34
42
50
26
-35
-61
-109
84
-66
4
16
-32
36
-110
133
45
-85
45
-14
-77
-101
62
-85
-78
42
24
-61
-36
65
15
-10
74
72
-39
-86
-39
-27
-69
-32
65
-107
26
33
-49
15
-15
-11
-22
-40
38
8
-30
-64
-71
-70
-128
-77
-96
-130
-56
12
-137
-3
-21
-118
-87
-14
-75
-26
-30
-15
101
-13
40
68
-40
-54
53
-79
58
50
70
65
13
119
15
6
113
73
68
139
93
172
27
70
79
-55
26
186
-18
40
46
42
65
4
23
10
-17
47
24
-27
66
-21
-28
-2
-21
15
-37
25
6
-59
4
-32
-85
-9
-101
56
-14
11
131
31
34
98
13
14
-64
-86
-2
-131
-34
60
-39
25
-40
45
87
37
96
60
-28
-45
-2
-62
45
3
30
-18
-68
-30
-18
-51
-5
37
-72
-18
-74
-66
-30
-108
-124
-50
-79
-1
-29
-68
42
-44
-31
15
-16
19
-28
-56
-21
-56
-31
11
-47
-4
32
-27
10
6
0
-23
8
48
-7
5
-16
-12
77
28
85
84
-17
4
13
-63
10
6
37
35
-33
-25
36
-54
-24
-36
-30
57
71
27
18
23
46
-23
-54
4
-98
-91
-73
-28
-14
-42
-30
43
0
35
62
25
48
104
75
85
14
73
53
46
120
117
62
7
-12
-3
-19
-29
16
-20
-41
-35
-91
4
-30
24
56
22
51
45
2
6
30
-25
44
-11
-35
-26
-94
-58
-47
-80
3
20
-60
29
-12
-37
65
-13
37
50
29
36
-18
