SAMPLES:	10788
BITSPERSAMPLE:	16
CHANNELS:	1
SAMPLERATE:	16000
NORMALIZED:	FALSE
-1
-2
-3
-1
-3
-2
0
1
0
0
1
3
5
5
4
1
-2
-4
-5
-4
-1
0
2
3
2
1
0
-1
0
-2
-1
0
0
-1
-2
1
2
1
2
1
-1
-2
-3
-2
-1
1
1
2
3
2
1
1
1
1
2
0
2
0
0
-2
-1
-1
0
0
2
3
1
-1
-1
0
0
1
0
3
3
2
1
1
0
-1
-2
-1
0
0
0
0
0
1
3
4
2
1
-1
0
-1
0
1
1
2
1
4
3
2
2
3
1
2
1
1
1
2
0
1
0
0
-1
0
1
1
1
0
0
-1
-3
-4
-2
-1
-1
-2
-1
0
-1
-1
-1
-1
-2
0
-2
-1
-3
-2
-2
-3
-1
-2
0
-1
1
1
1
1
0
0
2
2
-1
-1
0
1
4
2
5
3
1
-1
-2
-1
-2
-1
-1
1
0
-2
-2
-2
-2
-4
-2
-1
-1
-1
-1
1
1
-1
-3
-3
-2
-2
-3
-4
-3
-3
-5
-3
-3
-1
-3
-2
-3
-3
-2
-3
-1
1
3
0
3
4
3
1
0
0
1
1
3
5
4
1
0
0
1
1
-1
2
3
3
1
4
2
1
0
0
2
1
1
0
1
1
-1
0
1
4
2
2
2
0
-1
0
-1
0
-1
0
2
3
4
4
5
1
2
0
2
-1
0
1
2
1
1
2
2
1
1
0
0
2
2
3
2
4
1
0
0
1
1
-1
1
0
1
1
1
2
1
0
-1
1
0
-1
-2
-1
-1
-1
-2
-2
-3
-3
-3
1
0
1
0
1
0
-3
-4
-4
-3
-2
-2
-2
-2
-3
-2
-4
-2
-3
-3
-3
-2
-3
-3
-3
-4
-3
-4
-4
-4
-3
-4
-5
-4
-3
-1
-2
-4
-2
-1
-2
-1
-1
-1
-2
-1
-1
-1
-2
-1
0
1
1
-1
-2
-1
-1
-1
1
3
2
2
1
1
3
2
4
5
4
3
2
3
5
6
6
5
6
3
3
3
3
4
3
5
5
6
4
4
4
3
2
2
3
2
2
1
2
1
0
0
1
2
-1
-1
0
1
1
0
0
0
-2
-1
-2
0
0
1
0
0
0
-1
-2
-1
0
-2
-2
-1
-1
-2
0
-1
-1
-2
-1
0
-1
-1
-3
-2
-5
-3
-2
-2
-1
-2
-1
-1
-2
-1
-2
-1
1
1
0
-2
0
-2
-1
-3
-2
-3
-5
-3
-2
-1
-2
1
3
3
3
3
3
2
1
1
2
-1
1
2
3
1
2
0
0
-1
-1
-1
-1
0
1
1
2
1
0
0
-2
0
-2
-1
-1
-2
-2
0
1
2
3
2
2
0
-1
-1
-1
-2
-1
0
-1
0
0
2
3
2
2
1
1
-3
-1
-2
-1
-2
0
2
2
4
2
1
0
-2
-1
-1
0
-1
0
0
0
-1
0
0
0
2
0
-1
-1
-2
-1
-2
-1
-1
0
-1
-2
-3
-3
-2
-1
-1
1
0
1
-1
-1
0
0
-1
-2
0
-1
-2
-2
1
-1
0
0
4
4
4
3
2
2
2
0
1
3
2
1
2
3
3
2
3
4
4
3
1
3
2
2
1
1
2
0
1
1
1
1
2
1
2
2
2
4
4
2
1
-1
-1
0
-1
0
2
1
1
2
2
0
-1
-1
1
0
-1
-2
-2
-3
-2
-2
1
-2
-1
-1
-1
0
-1
-2
-1
-1
-2
-3
-1
-3
-5
-5
-6
-4
-5
-6
-5
-3
-4
-3
-3
-2
-3
-4
-4
-5
-5
-5
-7
-3
-2
-4
-4
-3
-1
-2
-3
-2
-1
-1
0
1
1
0
0
1
3
2
2
2
4
4
3
3
4
4
2
4
4
6
5
4
5
4
3
3
2
3
3
1
1
1
1
2
3
3
1
1
2
1
0
1
-1
0
1
1
1
1
-1
0
0
-3
-2
-2
-1
1
0
0
3
3
3
3
4
3
1
-1
-1
-1
-2
-2
-1
1
0
1
1
2
1
0
3
0
0
-1
0
2
1
0
0
2
2
0
2
-1
-1
-2
-2
-1
-1
0
-1
-1
-2
-2
-2
-2
-3
-4
-2
-4
-4
-2
-3
-3
-4
-2
-2
-2
-2
-3
0
-1
-2
-2
1
-1
0
-1
-1
-1
-4
-3
-1
-1
-2
-2
-1
-1
-2
-2
0
-1
-1
0
0
0
-1
-1
-1
-3
-2
-2
-1
1
1
0
0
-1
1
1
1
1
1
0
1
2
0
0
2
2
0
1
0
1
0
-1
0
2
1
1
3
4
2
2
2
4
1
0
3
2
1
0
2
3
4
3
3
2
2
0
1
2
3
3
3
4
3
2
2
2
3
1
1
1
3
1
1
3
3
3
1
1
0
-1
0
-1
1
1
2
2
0
-1
-2
-3
-1
2
3
2
4
2
-1
-1
-1
-1
-2
-3
-3
-3
-4
-2
0
-1
1
1
1
0
-2
-2
-3
-4
-3
-1
-1
0
-1
0
2
1
2
-1
1
-1
-1
-3
-2
-2
-2
-1
-1
0
-1
0
0
-1
-2
-2
-1
-1
-2
-3
-3
-2
-3
-3
-3
-2
-3
-4
-3
-3
-3
-4
-2
-1
-1
-1
0
-2
-4
-5
-4
-4
-3
-4
-2
-2
-3
-1
-2
0
0
0
-1
0
-1
-1
-3
0
0
0
0
1
2
2
2
4
7
5
3
2
0
1
-1
1
2
2
3
3
4
3
3
2
2
3
4
2
2
2
3
4
5
7
7
6
3
2
3
2
2
4
5
4
2
3
5
3
1
0
1
1
1
2
4
4
2
0
0
0
0
-1
-1
-1
-3
-1
-1
0
0
-1
0
0
-1
-1
-1
-3
-4
-3
-4
-4
-4
-2
-2
-1
0
-1
0
-3
-4
-6
-4
-4
-3
-3
-3
-1
-3
-3
-2
-3
-2
-4
-4
-6
-3
-3
-2
1
1
2
3
1
0
0
0
0
2
2
1
0
-1
-2
-3
-2
-2
-2
-1
-2
-1
-1
0
-1
0
0
-1
-3
-3
-1
-2
-1
-1
-1
-1
-3
-2
-2
-1
-1
-3
-2
-2
-2
-3
-3
-4
-4
-4
-3
-2
-3
-3
-2
-1
-3
-4
-3
0
2
2
2
2
2
1
1
3
5
4
3
5
6
6
7
7
8
6
6
7
8
9
9
11
12
13
14
13
13
11
11
11
11
10
9
9
10
8
8
9
9
8
4
5
5
3
1
0
-1
-1
-3
-6
-5
-6
-8
-10
-9
-8
-10
-10
-11
-12
-12
-14
-12
-12
-12
-13
-14
-11
-12
-14
-15
-12
-13
-14
-13
-14
-13
-14
-12
-8
-7
-6
-5
-4
-5
-4
-4
-3
-4
-4
-2
0
4
6
8
10
10
9
8
9
11
12
14
15
15
15
16
17
21
20
18
18
14
12
10
12
13
14
13
14
12
9
5
5
3
1
-2
-5
-5
-8
-10
-11
-11
-9
-11
-12
-13
-15
-18
-21
-21
-20
-21
-21
-19
-16
-19
-19
-21
-21
-23
-23
-22
-21
-17
-17
-14
-11
-9
-8
-8
-4
-1
-2
0
2
4
6
10
13
15
16
16
18
19
21
22
23
25
25
23
24
26
28
31
35
38
38
36
34
29
28
28
27
27
25
20
16
13
6
4
2
0
-3
-6
-10
-12
-17
-21
-23
-25
-26
-29
-30
-29
-28
-30
-29
-31
-31
-33
-36
-37
-41
-40
-43
-43
-41
-38
-37
-36
-33
-32
-33
-29
-27
-22
-19
-17
-12
-10
-7
-6
-2
2
6
8
15
20
25
29
35
42
48
52
58
65
69
70
74
78
79
81
82
85
85
84
81
81
80
73
67
59
50
39
28
18
9
-1
-14
-25
-36
-49
-61
-70
-78
-87
-94
-96
-100
-105
-106
-108
-105
-104
-102
-99
-93
-89
-87
-85
-85
-84
-85
-82
-79
-74
-69
-65
-56
-46
-39
-36
-30
-24
-19
-14
-9
0
9
17
30
41
49
58
69
82
96
110
125
141
154
170
176
180
180
176
176
172
169
167
161
153
142
131
115
94
71
51
32
11
-7
-28
-48
-70
-89
-103
-114
-122
-122
-118
-112
-109
-104
-100
-94
-90
-86
-81
-73
-69
-67
-68
-75
-87
-98
-108
-121
-126
-141
-152
-157
-165
-166
-157
-142
-127
-110
-94
-83
-70
-63
-57
-44
-31
-17
-2
15
35
57
85
120
158
197
228
257
274
292
305
306
308
304
301
288
274
257
241
226
211
204
194
177
147
109
69
29
-12
-60
-96
-131
-164
-194
-218
-231
-237
-223
-215
-197
-172
-153
-133
-119
-105
-111
-124
-146
-163
-181
-204
-230
-254
-280
-292
-297
-291
-285
-287
-285
-286
-288
-286
-270
-245
-219
-182
-138
-95
-50
-6
32
68
102
132
185
256
329
397
470
538
592
632
657
656
637
598
557
518
473
426
362
326
299
276
251
232
198
146
96
39
-32
-123
-226
-310
-362
-419
-460
-454
-419
-384
-342
-295
-234
-185
-139
-115
-93
-87
-114
-142
-153
-160
-191
-250
-307
-359
-398
-449
-487
-509
-524
-536
-523
-475
-438
-396
-342
-272
-211
-161
-106
-34
56
122
196
260
346
482
610
763
917
1047
1139
1196
1237
1197
1110
997
864
732
590
452
307
198
137
91
82
60
-4
-61
-134
-239
-361
-482
-583
-644
-678
-699
-708
-686
-654
-616
-531
-455
-389
-343
-265
-213
-186
-189
-230
-272
-307
-380
-462
-530
-625
-735
-816
-875
-929
-935
-921
-877
-807
-716
-628
-510
-391
-276
-151
-18
98
202
315
444
553
762
1029
1289
1551
1850
2092
2201
2247
2167
2020
1847
1556
1277
993
733
466
261
155
58
9
-27
-31
-71
-144
-274
-445
-577
-724
-868
-893
-894
-922
-928
-833
-736
-619
-486
-338
-205
-122
-45
-28
-5
-85
-216
-340
-501
-728
-1030
-1277
-1502
-1654
-1754
-1828
-1796
-1677
-1457
-1224
-979
-795
-648
-521
-469
-380
-311
-220
-112
109
327
711
1325
1890
2405
2923
3367
3497
3440
3309
2982
2597
2230
1731
1292
928
556
248
111
47
-57
-63
-51
-157
-244
-320
-452
-572
-688
-820
-915
-924
-1030
-1072
-938
-827
-802
-684
-475
-353
-204
-76
-47
-61
-171
-378
-587
-827
-1185
-1599
-1923
-2208
-2453
-2550
-2498
-2392
-2151
-1811
-1389
-975
-716
-550
-395
-298
-372
-359
-212
-105
28
302
856
1536
2199
2739
3335
3894
3947
3792
3439
3019
2375
1755
1199
781
509
146
-45
-20
41
-41
-36
72
59
-88
-210
-377
-561
-778
-922
-881
-753
-789
-849
-705
-645
-783
-807
-695
-563
-390
-230
-62
97
51
-205
-427
-727
-1267
-1866
-2306
-2603
-2795
-2692
-2464
-2086
-1624
-1107
-637
-232
20
-27
-102
-206
-421
-550
-544
-471
-411
143
1156
2062
2855
3479
4051
4228
3966
3417
2765
2135
1373
670
357
187
33
-33
138
388
471
369
248
138
38
-159
-324
-390
-494
-520
-397
-218
-264
-424
-507
-598
-730
-845
-887
-787
-626
-372
-63
275
332
114
-180
-596
-1169
-1851
-2532
-2950
-3115
-2982
-2581
-2072
-1448
-797
-228
141
253
99
-177
-602
-967
-1187
-1183
-1028
-665
295
1521
2617
3389
3852
4138
3900
3328
2488
1718
1110
413
13
16
117
149
189
427
612
570
370
58
-146
-269
-383
-326
-167
-140
-60
139
93
-188
-519
-793
-1072
-1202
-1245
-1125
-805
-461
-75
319
577
345
-147
-592
-1172
-1838
-2416
-2825
-2871
-2620
-2109
-1520
-863
-348
31
299
362
125
-223
-526
-931
-1099
-1115
-918
-724
-177
972
2153
3102
3547
3859
3837
3324
2585
1893
1353
842
426
334
490
556
406
259
358
319
38
-172
-179
-195
-129
44
266
374
418
365
243
-113
-748
-1259
-1409
-1477
-1457
-1180
-698
-297
19
429
609
392
-222
-908
-1449
-1884
-2311
-2581
-2517
-2229
-1843
-1262
-716
-337
-95
49
67
-55
-279
-635
-857
-889
-802
-590
-330
-109
546
1626
2502
3000
3303
3487
3183
2682
2153
1662
1295
884
548
544
620
337
-96
-198
-181
-317
-307
-232
-39
244
481
585
642
484
72
-173
-326
-769
-1330
-1467
-1484
-1421
-1192
-843
-462
-122
74
162
155
-218
-985
-1546
-1866
-2136
-2281
-2265
-2044
-1764
-1374
-1067
-768
-467
-337
-156
66
111
-66
-241
-372
-452
-435
-369
-354
2
1079
2022
2823
3378
3605
3475
2938
2383
1646
1199
817
345
282
373
325
96
-109
-219
-260
-192
-220
-134
179
482
671
831
710
260
5
-302
-772
-1260
-1642
-1808
-1820
-1462
-1041
-526
-11
206
368
303
-84
-867
-1507
-1960
-2228
-2186
-2031
-1862
-1639
-1288
-874
-505
-187
-104
-65
69
63
20
-67
-236
-404
-412
-164
-152
360
1433
2325
3150
3627
3933
3568
2918
2107
1288
1034
822
520
550
780
654
252
-63
-391
-626
-630
-517
-269
140
521
770
998
884
345
-54
-468
-1090
-1667
-1921
-2034
-2060
-1774
-1426
-909
-413
-219
-209
-242
-634
-1328
-1843
-2138
-2334
-2270
-2053
-1893
-1631
-1463
-1282
-924
-537
-374
-208
80
226
189
160
-22
-197
-276
-233
-361
411
1763
2801
3464
3766
4086
3538
2651
1650
982
905
736
681
939
1357
1169
569
122
-335
-703
-794
-684
-239
321
826
1165
1352
1173
530
89
-475
-1184
-1765
-1975
-1924
-1811
-1410
-1074
-664
-350
-358
-371
-532
-1000
-1664
-1972
-1985
-2055
-1889
-1753
-1641
-1586
-1579
-1452
-1181
-721
-460
-115
327
554
568
388
73
-302
-534
-433
-359
735
2155
3203
3990
4217
4217
3142
2126
1082
482
492
449
793
1174
1537
1167
584
28
-635
-904
-851
-490
108
713
1264
1533
1572
1078
218
-303
-1051
-1516
-1728
-1670
-1552
-1442
-1022
-829
-637
-741
-1043
-1102
-1267
-1557
-1857
-1865
-1812
-1868
-1780
-1850
-1915
-2094
-2254
-2054
-1625
-970
-510
-39
377
472
449
-8
-577
-1030
-1121
-1052
-153
1781
3193
4127
4633
4746
3859
2348
1160
361
295
517
873
1539
1886
1520
631
-10
-637
-1268
-1179
-578
383
1312
1966
2290
2182
1433
265
-600
-1094
-1682
-1783
-1370
-940
-693
-499
-358
-500
-690
-1142
-1341
-1234
-1332
-1513
-1411
-1227
-1424
-1748
-1988
-2272
-2523
-2685
-2512
-1814
-909
-194
215
661
556
155
-294
-869
-1223
-1339
-1159
-608
1241
3167
4255
4735
4745
4027
2517
1253
157
-126
563
1108
1633
2170
2095
1076
-24
-925
-1767
-1629
-657
356
1552
2575
2802
2406
1501
128
-1197
-1574
-1796
-1660
-857
-199
48
-53
-338
-1067
-1566
-1814
-1942
-1461
-820
-603
-479
-416
-840
-1631
-2240
-2842
-3195
-3018
-2582
-1753
-650
280
564
620
264
-421
-1032
-1517
-1851
-1742
-1115
-362
1411
3328
4180
4377
4206
3419
1915
912
249
178
1066
1840
2237
2324
1784
420
-942
-1689
-2125
-1604
-154
1252
2401
3031
2881
1933
773
-548
-1556
-1572
-1215
-703
109
551
278
-355
-1110
-1998
-2470
-2201
-1583
-603
326
620
388
-158
-1158
-2267
-2991
-3386
-3329
-2609
-1736
-884
-21
549
444
12
-483
-1074
-1459
-1597
-1476
-1108
-607
-200
1151
2901
3844
3859
3651
3268
2097
1248
746
692
1294
1749
1810
1452
945
-185
-1364
-1746
-1730
-969
500
1875
2671
2825
2329
1269
237
-639
-1211
-882
-229
177
454
396
-327
-1380
-2096
-2511
-2388
-1658
-662
494
1194
1106
292
-696
-1764
-2701
-3079
-3080
-2647
-1862
-984
-272
214
345
11
-388
-688
-1026
-1087
-863
-672
-525
-509
-239
1088
2480
3060
3240
3477
3344
2237
1548
1174
1073
1391
1436
1433
1091
427
-672
-1528
-1613
-1599
-853
497
1602
2277
2194
1688
872
66
-644
-995
-528
-121
69
71
-347
-1109
-1973
-2497
-2627
-2133
-1251
-413
509
960
534
-313
-1167
-1954
-2561
-2683
-2492
-2063
-1463
-983
-631
-332
-245
-426
-435
-356
-274
-161
-78
-178
-307
-618
-87
1482
2681
3158
3550
3939
3127
2089
1423
937
1165
1496
1501
1272
981
132
-985
-1322
-1526
-1512
-395
915
1753
2118
2020
1263
368
-273
-946
-906
-307
-112
-4
-58
-675
-1665
-2252
-2574
-2673
-1883
-1028
-313
210
244
-326
-1026
-1628
-2315
-2490
-2256
-2062
-1676
-1117
-811
-618
-359
-237
-208
-192
-261
-305
-112
-76
-280
-355
-15
1316
2666
3380
3699
3958
3576
2259
1463
1073
1136
1647
1992
1981
1576
855
-386
-1301
-1491
-1565
-930
484
1570
2052
2119
1642
575
-338
-808
-832
-139
309
212
-68
-617
-1655
-2585
-2781
-2737
-2190
-1170
-369
35
-34
-597
-1477
-2068
-2333
-2515
-2204
-1786
-1547
-1159
-759
-579
-576
-414
-357
-330
-196
-269
-351
-355
-334
-389
33
1429
2658
3299
3601
3665
3319
2440
1694
1198
1361
1945
2042
1831
1351
734
-178
-972
-1134
-1039
-362
559
1347
1687
1437
933
219
-249
-568
-548
9
255
52
-485
-1174
-2043
-2772
-2913
-2659
-1913
-1038
-483
-191
-391
-1030
-1819
-2242
-2402
-2454
-2229
-1876
-1607
-1408
-1218
-965
-717
-473
-333
-75
112
-80
-358
-546
-630
-728
-80
1547
2887
3546
3782
3798
3232
2218
1556
1374
1769
2320
2561
2394
1749
742
-247
-729
-697
-383
367
1248
1741
1705
1221
440
-285
-636
-481
190
849
911
453
-323
-1257
-2308
-2877
-2838
-2396
-1573
-840
-442
-481
-951
-1599
-2082
-2232
-2185
-1957
-1704
-1663
-1740
-1746
-1581
-1307
-1033
-691
-305
13
55
-116
-367
-655
-860
-865
147
1717
2827
3366
3717
3699
2855
2024
1608
1591
2068
2547
2629
2305
1616
620
-322
-676
-624
-277
668
1527
1798
1615
1071
306
-364
-598
-580
-169
472
525
113
-570
-1422
-2308
-2652
-2443
-2157
-1438
-848
-682
-855
-1281
-1871
-2277
-2245
-2155
-2059
-1850
-1748
-1804
-1777
-1601
-1347
-1016
-597
-331
-173
-183
-420
-683
-707
-735
-476
686
2060
2944
3382
3286
2821
2084
1573
1373
1612
2411
2809
2796
2350
1387
362
-314
-429
-276
299
1232
1755
1822
1434
677
15
-328
-196
122
588
751
322
-249
-1020
-1774
-2261
-2179
-1743
-1267
-664
-547
-848
-1329
-1841
-2266
-2417
-2193
-1899
-1694
-1598
-1703
-1776
-1693
-1491
-1083
-638
-362
-311
-272
-424
-717
-903
-700
-494
196
1528
2382
2886
3045
2822
2336
1772
1614
1414
1867
2524
2515
2401
1870
1075
323
90
191
203
705
1291
1451
1466
1135
667
315
192
201
411
752
528
-104
-721
-1356
-1864
-1991
-1699
-1288
-886
-537
-623
-897
-1392
-2103
-2480
-2450
-2178
-2031
-1956
-1919
-2105
-2044
-1824
-1453
-944
-551
-349
-316
-443
-749
-1223
-1298
-1081
-574
686
1895
2490
2518
2507
2260
1588
1274
1314
1761
2357
2694
2534
1903
1249
546
-7
-51
286
842
1319
1507
1284
789
453
180
116
388
839
1129
960
447
-379
-1161
-1719
-1929
-1658
-1115
-573
-329
-355
-644
-1216
-1752
-2104
-2105
-1932
-1760
-1748
-1802
-1843
-1881
-1794
-1440
-998
-697
-332
-65
-105
-491
-831
-879
-698
-497
301
1417
2032
2136
2101
2019
1643
1389
1379
1578
2079
2422
2073
1641
1269
887
531
543
763
836
1117
1270
1032
770
492
300
371
561
753
851
700
77
-636
-1097
-1401
-1555
-1364
-1021
-650
-421
-462
-708
-1042
-1368
-1785
-1976
-1931
-1850
-1846
-1898
-1950
-1965
-1850
-1576
-1220
-917
-692
-549
-439
-593
-755
-752
-450
-134
338
1227
1722
1960
1976
1977
1726
1443
1452
1506
1774
2018
2089
1849
1420
917
532
470
640
872
1094
1222
1143
863
481
208
114
264
530
671
620
255
-355
-927
-1386
-1563
-1481
-1073
-576
-279
-176
-353
-689
-1170
-1597
-1900
-2007
-1984
-1959
-2019
-2072
-2086
-1946
-1593
-1122
-768
-555
-465
-469
-606
-760
-903
-681
-308
208
1094
1680
1883
1752
1680
1709
1609
1576
1545
1845
2175
2068
1684
1261
871
654
649
788
945
1256
1439
1276
992
600
386
415
431
539
591
507
102
-447
-954
-1402
-1486
-1346
-1177
-845
-606
-552
-560
-630
-830
-1193
-1360
-1595
-1883
-2091
-2314
-2367
-2299
-2060
-1579
-1104
-786
-612
-546
-548
-757
-997
-968
-670
-244
118
743
1513
1763
1567
1506
1729
1717
1602
1815
1975
2161
2241
2023
1642
1286
1084
835
751
923
1118
1278
1338
1212
975
746
648
601
629
712
521
147
-416
-884
-1274
-1516
-1509
-1362
-1160
-906
-691
-632
-722
-880
-1025
-1284
-1480
-1682
-1835
-2079
-2338
-2334
-2163
-1839
-1406
-1062
-759
-588
-567
-663
-866
-960
-960
-515
-34
613
1446
1813
1827
1740
1618
1414
1309
1604
1758
1988
2342
2206
1842
1379
985
703
652
897
1058
1219
1361
1140
859
489
385
466
621
883
771
393
-141
-764
-1319
-1778
-1787
-1496
-1234
-922
-770
-720
-773
-957
-1147
-1367
-1500
-1660
-1886
-1958
-2203
-2353
-2288
-1987
-1502
-1190
-911
-667
-633
-692
-858
-903
-795
-508
-59
436
1202
1696
1827
1884
1886
1747
1477
1473
1706
1900
2159
2291
2134
1771
1426
1199
974
961
1123
1295
1336
1263
1081
742
536
673
769
820
773
586
96
-541
-988
-1347
-1611
-1503
-1198
-984
-905
-818
-802
-965
-1209
-1445
-1589
-1679
-1870
-2062
-2224
-2279
-2248
-2096
-1774
-1411
-1165
-966
-859
-894
-1021
-1069
-857
-558
-184
216
784
1277
1491
1550
1605
1713
1786
1875
1892
1889
1994
2066
1951
1782
1642
1516
1365
1396
1464
1442
1299
1189
1121
885
729
724
838
942
964
808
362
-203
-677
-1118
-1415
-1414
-1200
-1005
-889
-883
-989
-1118
-1252
-1412
-1501
-1546
-1677
-1872
-2127
-2329
-2479
-2463
-2159
-1727
-1487
-1357
-1234
-1160
-1200
-1290
-1093
-795
-400
-102
174
650
977
1049
1137
1440
1660
1668
1720
1853
1867
1829
1847
1793
1753
1722
1700
1685
1570
1514
1410
1316
1267
1171
1157
1067
981
1001
1031
870
587
297
-95
-477
-817
-1029
-1154
-1081
-1011
-954
-913
-940
-1073
-1217
-1266
-1307
-1419
-1534
-1759
-1986
-2141
-2200
-2114
-1952
-1687
-1471
-1323
-1263
-1335
-1424
-1384
-1178
-777
-319
-60
62
381
707
891
1053
1295
1438
1525
1666
1786
1732
1694
1679
1704
1744
1760
1706
1638
1633
1674
1670
1592
1566
1450
1318
1134
1071
1063
1027
921
744
510
162
-167
-457
-685
-846
-893
-888
-899
-935
-1040
-1016
-1013
-1045
-1152
-1312
-1410
-1596
-1805
-1946
-1995
-1973
-1839
-1614
-1442
-1425
-1486
-1597
-1655
-1615
-1442
-1149
-818
-499
-353
-138
162
398
560
743
917
967
1058
1193
1222
1244
1300
1396
1480
1607
1726
1743
1692
1735
1799
1764
1633
1634
1649
1539
1427
1365
1255
1006
860
739
471
170
18
-153
-400
-575
-676
-817
-913
-903
-832
-817
-888
-928
-1010
-1287
-1515
-1623
-1721
-1813
-1826
-1742
-1720
-1704
-1726
-1864
-2051
-2104
-2019
-1861
-1609
-1339
-1178
-1011
-809
-571
-313
-39
268
474
702
745
856
957
1082
1236
1407
1612
1783
1959
2050
2060
2078
2215
2353
2427
2460
2511
2433
2313
2153
1974
1711
1507
1338
1223
991
735
497
236
-29
-317
-477
-642
-755
-901
-1002
-1157
-1289
-1440
-1638
-1769
-1933
-2077
-2199
-2269
-2315
-2339
-2352
-2320
-2316
-2359
-2373
-2325
-2206
-2049
-1945
-1758
-1505
-1218
-934
-662
-338
-78
227
458
653
813
1051
1304
1517
1707
1848
1989
2116
2212
2354
2459
2488
2559
2733
2844
2776
2646
2565
2425
2225
2028
1810
1591
1358
1132
813
520
191
-117
-376
-574
-753
-976
-1165
-1237
-1292
-1413
-1531
-1629
-1756
-1921
-2133
-2282
-2351
-2438
-2507
-2510
-2445
-2407
-2370
-2312
-2283
-2293
-2179
-2007
-1820
-1550
-1283
-961
-734
-478
-234
21
238
487
736
896
1083
1332
1591
1743
1818
1966
2044
2112
2211
2329
2375
2415
2585
2648
2533
2449
2408
2250
2076
1986
1863
1605
1329
1092
776
357
16
-165
-367
-573
-638
-725
-903
-1081
-1160
-1250
-1382
-1463
-1528
-1706
-1877
-1983
-2083
-2242
-2331
-2298
-2293
-2276
-2146
-2016
-2040
-2066
-2010
-1883
-1747
-1532
-1272
-1025
-790
-583
-409
-158
130
430
685
911
1048
1234
1370
1474
1615
1814
2027
2174
2327
2428
2398
2386
2458
2453
2429
2347
2363
2348
2237
2093
1927
1727
1436
1158
833
470
201
1
-151
-384
-637
-810
-997
-1115
-1193
-1264
-1348
-1443
-1514
-1652
-1826
-2012
-2110
-2223
-2288
-2285
-2256
-2179
-2113
-2096
-2134
-2147
-2055
-1908
-1740
-1527
-1328
-1095
-880
-677
-527
-241
101
352
564
695
789
917
1151
1332
1549
1743
1996
2168
2305
2354
2263
2212
2298
2439
2425
2417
2442
2414
2251
2035
1830
1586
1339
1153
894
614
329
108
-165
-385
-568
-772
-899
-1007
-1077
-1233
-1340
-1398
-1476
-1680
-1915
-2021
-2104
-2202
-2289
-2289
-2268
-2270
-2226
-2196
-2191
-2160
-2006
-1776
-1587
-1483
-1354
-1182
-999
-741
-525
-278
39
307
533
598
711
864
1141
1441
1700
1994
2195
2352
2362
2371
2357
2326
2425
2564
2619
2501
2379
2359
2243
2015
1821
1712
1517
1287
1068
853
527
173
-58
-265
-478
-655
-705
-790
-939
-1109
-1318
-1401
-1442
-1564
-1772
-1981
-2042
-2181
-2318
-2388
-2352
-2337
-2358
-2255
-2170
-2162
-2154
-2006
-1839
-1690
-1554
-1323
-1120
-868
-639
-452
-158
121
349
468
625
843
1091
1387
1650
1837
2043
2196
2303
2307
2356
2376
2408
2459
2495
2349
2177
2063
2028
1976
1823
1771
1620
1392
1080
779
438
123
-24
-164
-359
-592
-724
-869
-1095
-1246
-1349
-1436
-1507
-1523
-1613
-1828
-1963
-2046
-2168
-2289
-2337
-2305
-2252
-2179
-2126
-2098
-2128
-2038
-1868
-1669
-1492
-1272
-1029
-841
-647
-462
-263
-5
271
567
790
973
1169
1403
1689
1814
1954
2153
2368
2461
2477
2446
2384
2338
2301
2266
2195
2133
2056
2007
1916
1830
1656
1447
1170
931
675
358
148
-64
-292
-565
-709
-802
-948
-1071
-1138
-1205
-1327
-1416
-1565
-1823
-2034
-2122
-2198
-2235
-2268
-2238
-2221
-2166
-2122
-2079
-2068
-1997
-1815
-1663
-1462
-1319
-1083
-945
-755
-565
-404
-167
183
493
701
933
1103
1300
1465
1673
1908
2093
2249
2380
2433
2398
2294
2277
2291
2279
2262
2198
2146
2020
1896
1787
1675
1427
1149
883
646
385
184
-40
-276
-541
-742
-815
-954
-1069
-1193
-1249
-1358
-1494
-1670
-1894
-2071
-2173
-2202
-2186
-2193
-2228
-2271
-2254
-2181
-2134
-2092
-2032
-1855
-1697
-1528
-1418
-1188
-1013
-844
-655
-434
-122
101
389
613
844
1034
1201
1494
1751
1922
2039
2159
2275
2236
2169
2131
2177
2211
2251
2290
2246
2148
2053
1926
1783
1673
1482
1285
1055
827
542
250
15
-189
-418
-597
-674
-746
-910
-1107
-1205
-1303
-1448
-1547
-1658
-1775
-1897
-2011
-2099
-2161
-2206
-2218
-2170
-2058
-1960
-1947
-1912
-1789
-1688
-1588
-1427
-1196
-972
-763
-565
-353
-161
6
267
563
799
989
1210
1420
1628
1793
1861
1910
2030
2141
2177
2175
2190
2162
2176
2204
2198
2080
1921
1900
1832
1707
1513
1340
1072
822
592
359
90
-122
-269
-426
-602
-804
-975
-1157
-1281
-1403
-1470
-1580
-1702
-1853
-1956
-2064
-2117
-2112
-2122
-2144
-2066
-1988
-1912
-1879
-1864
-1827
-1735
-1592
-1425
-1255
-1046
-831
-615
-397
-274
-93
160
442
764
990
1171
1291
1471
1627
1753
1792
1807
1953
2071
2166
2231
2252
2221
2197
2148
2068
1922
1888
1832
1722
1576
1417
1191
953
736
533
284
64
-114
-330
-580
-813
-968
-1165
-1345
-1444
-1472
-1529
-1618
-1696
-1853
-2081
-2171
-2169
-2167
-2146
-2076
-2016
-2025
-2054
-2064
-2050
-1976
-1687
-1387
-1130
-996
-798
-643
-515
-341
-150
129
425
739
972
1107
1203
1255
1420
1659
1813
1955
2103
2251
2257
2281
2273
2234
2187
2218
2194
2095
2006
1907
1806
1607
1476
1280
1070
861
686
475
204
-55
-286
-541
-735
-837
-967
-1141
-1269
-1353
-1497
-1636
-1784
-1903
-2036
-2107
-2110
-2085
-2105
-2120
-2109
-2078
-2058
-2005
-1911
-1788
-1616
-1406
-1159
-987
-848
-761
-631
-432
-252
-67
203
518
828
1041
1202
1345
1429
1576
1739
1881
1978
2057
2134
2186
2226
2206
2145
2116
2069
1996
1874
1792
1709
1555
1372
1201
1022
823
630
419
195
-65
-273
-481
-673
-852
-1051
-1203
-1331
-1455
-1580
-1703
-1804
-1876
-1924
-1942
-1942
-1936
-1951
-1942
-1961
-1984
-1966
-1921
-1820
-1751
-1645
-1479
-1268
-1098
-968
-749
-527
-305
-141
30
214
465
718
942
1124
1278
1407
1537
1720
1799
1805
1827
1988
2090
2076
2068
2041
1981
1905
1882
1835
1702
1626
1631
1577
1384
1143
931
694
491
276
47
-195
-377
-510
-684
-858
-1006
-1113
-1238
-1308
-1391
-1471
-1597
-1710
-1766
-1847
-1918
-1911
-1921
-1937
-1894
-1790
-1708
-1646
-1581
-1513
-1435
-1267
-1029
-860
-720
-551
-366
-204
-48
132
299
484
775
1013
1134
1247
1370
1512
1637
1722
1806
1900
1947
1948
1969
1986
1906
1819
1746
1720
1635
1543
1539
1510
1393
1149
951
744
466
240
50
-108
-314
-482
-617
-788
-980
-1145
-1226
-1312
-1375
-1452
-1526
-1614
-1711
-1846
-1957
-2001
-1990
-1947
-1914
-1830
-1761
-1712
-1653
-1516
-1376
-1245
-1086
-879
-724
-645
-514
-291
-155
-9
150
299
528
746
939
1086
1213
1323
1479
1618
1736
1781
1797
1853
1883
1877
1802
1786
1773
1729
1686
1663
1610
1505
1401
1305
1131
891
676
509
336
130
-61
-259
-407
-593
-765
-934
-1090
-1206
-1270
-1341
-1415
-1462
-1583
-1698
-1779
-1822
-1856
-1830
-1790
-1784
-1783
-1768
-1639
-1517
-1427
-1290
-1103
-962
-860
-733
-611
-487
-304
-125
50
183
320
476
675
879
1045
1162
1294
1424
1620
1750
1800
1788
1813
1830
1842
1838
1792
1740
1674
1718
1694
1618
1479
1366
1206
1013
852
667
448
279
157
10
-194
-403
-607
-807
-947
-1028
-1118
-1206
-1283
-1326
-1385
-1448
-1527
-1630
-1718
-1792
-1789
-1735
-1656
-1594
-1549
-1474
-1389
-1328
-1240
-1135
-982
-789
-643
-512
-377
-226
-81
37
186
331
448
602
794
970
1085
1207
1325
1495
1612
1634
1635
1669
1714
1695
1612
1609
1634
1557
1478
1428
1354
1193
1084
994
899
682
439
301
126
-44
-208
-300
-390
-549
-691
-857
-1016
-1131
-1220
-1325
-1365
-1414
-1526
-1601
-1685
-1675
-1677
-1656
-1573
-1479
-1430
-1407
-1283
-1197
-1128
-1081
-1016
-894
-749
-589
-449
-342
-214
-98
-2
148
267
373
524
734
899
997
1080
1181
1301
1435
1567
1635
1608
1581
1551
1516
1480
1407
1386
1388
1392
1345
1262
1213
1106
960
822
698
524
324
136
-43
-167
-287
-402
-570
-698
-826
-911
-993
-1023
-1115
-1221
-1255
-1282
-1344
-1400
-1384
-1344
-1340
-1315
-1221
-1211
-1197
-1159
-1062
-991
-923
-797
-722
-616
-466
-309
-144
5
97
91
163
263
367
522
644
815
962
1085
1199
1336
1449
1457
1444
1458
1432
1334
1214
1191
1140
1103
1126
1163
1145
1064
1011
880
699
479
330
183
27
-121
-245
-352
-512
-670
-824
-947
-998
-1053
-1092
-1126
-1171
-1234
-1310
-1347
-1380
-1346
-1310
-1252
-1207
-1165
-1169
-1135
-1057
-1008
-976
-868
-736
-624
-531
-395
-286
-206
-102
10
118
182
261
334
444
589
780
927
1027
1110
1181
1215
1269
1327
1326
1327
1284
1246
1185
1130
1047
988
987
985
923
863
802
746
696
624
478
344
184
16
-160
-307
-446
-594
-672
-690
-717
-845
-910
-935
-977
-1037
-1048
-1043
-1113
-1145
-1139
-1079
-1003
-956
-911
-888
-847
-826
-813
-773
-750
-680
-601
-462
-331
-234
-177
-91
42
122
216
293
386
485
568
658
731
815
842
942
1075
1164
1151
1131
1183
1130
1041
987
970
980
939
907
904
905
846
758
652
496
332
167
49
-48
-152
-268
-341
-427
-492
-593
-670
-687
-713
-771
-855
-900
-877
-905
-954
-959
-927
-918
-947
-929
-928
-912
-912
-882
-834
-787
-740
-710
-639
-511
-410
-327
-203
-97
-4
62
137
231
306
370
435
539
611
690
774
885
977
1005
1039
1043
1016
973
917
872
822
793
839
863
839
803
728
655
550
419
317
213
80
-62
-153
-222
-307
-413
-493
-509
-507
-499
-520
-538
-589
-633
-650
-696
-756
-816
-833
-864
-855
-829
-792
-750
-702
-669
-679
-708
-668
-612
-561
-462
-292
-165
-84
-37
10
12
3
51
131
228
347
482
554
611
672
733
813
891
942
854
734
684
670
654
696
765
793
766
747
738
709
651
635
639
571
492
410
251
69
-55
-81
-135
-210
-238
-282
-354
-423
-388
-378
-419
-443
-453
-522
-630
-690
-714
-784
-812
-799
-798
-833
-812
-816
-821
-833
-778
-705
-668
-572
-482
-401
-370
-318
-280
-275
-228
-165
-83
-3
128
250
306
329
412
479
529
617
685
719
720
703
722
715
709
723
764
784
773
808
810
828
796
750
696
590
472
349
270
190
114
64
16
1
-26
-93
-172
-244
-350
-439
-451
-465
-578
-657
-715
-793
-844
-851
-841
-873
-850
-847
-838
-831
-814
-812
-786
-734
-661
-583
-539
-468
-393
-335
-299
-244
-198
-167
-89
24
98
150
245
354
480
579
684
743
779
759
799
817
818
830
829
874
874
910
954
975
947
889
875
838
733
633
572
541
500
424
322
202
76
31
-14
-53
-121
-146
-157
-205
-281
-392
-487
-631
-759
-850
-892
-903
-890
-895
-897
-911
-951
-959
-945
-914
-898
-845
-799
-734
-704
-712
-688
-644
-553
-491
-442
-362
-262
-147
-63
31
147
264
333
406
507
556
616
680
754
762
796
833
861
894
969
971
972
1025
1048
1028
964
933
879
760
651
631
521
410
301
259
191
82
33
-18
-78
-197
-247
-314
-448
-557
-652
-701
-781
-811
-792
-815
-856
-887
-887
-919
-928
-929
-933
-902
-892
-872
-882
-862
-813
-785
-746
-670
-570
-502
-416
-291
-175
-120
-59
72
185
276
385
475
566
623
671
737
788
835
893
950
1029
1121
1173
1197
1224
1240
1230
1193
1136
1023
854
727
668
593
475
373
339
296
216
111
26
-77
-147
-207
-277
-368
-480
-610
-737
-799
-891
-925
-931
-972
-1001
-1034
-1084
-1132
-1142
-1138
-1135
-1059
-988
-942
-911
-879
-835
-799
-717
-628
-514
-410
-304
-200
-126
-30
69
213
321
479
604
678
740
753
795
862
954
1031
1069
1137
1224
1300
1348
1337
1375
1342
1331
1231
1128
977
841
723
658
621
534
452
328
224
86
-26
-90
-121
-181
-273
-351
-477
-632
-806
-923
-981
-1045
-1082
-1170
-1232
-1288
-1332
-1363
-1314
-1209
-1190
-1147
-1102
-1088
-1095
-1114
-1073
-990
-917
-873
-785
-649
-530
-417
-287
-119
49
162
283
407
567
681
772
860
946
1019
1019
1083
1151
1174
1179
1281
1420
1453
1462
1477
1482
1394
1293
1191
1069
939
831
770
664
550
483
380
245
117
17
-96
-181
-276
-421
-625
-779
-888
-991
-1116
-1191
-1196
-1238
-1296
-1332
-1345
-1374
-1355
-1354
-1345
-1314
-1279
-1235
-1220
-1211
-1153
-1085
-1003
-864
-742
-630
-512
-352
-212
-92
59
249
438
586
732
863
975
1070
1118
1204
1290
1339
1413
1477
1513
1491
1546
1607
1665
1627
1576
1518
1415
1272
1091
932
806
712
621
524
410
279
155
13
-130
-270
-376
-450
-554
-708
-852
-967
-1065
-1194
-1305
-1350
-1423
-1484
-1510
-1524
-1521
-1555
-1555
-1493
-1447
-1388
-1310
-1210
-1156
-1108
-1034
-899
-751
-653
-560
-457
-320
-181
-13
194
385
573
712
822
937
1004
1032
1069
1115
1164
1240
1356
1445
1493
1545
1567
1604
1609
1562
1495
1447
1382
1234
1070
907
797
676
583
489
362
219
80
-24
-167
-292
-428
-528
-615
-714
-811
-960
-1079
-1234
-1341
-1404
-1462
-1462
-1489
-1519
-1508
-1506
-1492
-1469
-1417
-1378
-1299
-1185
-1099
-1035
-971
-873
-785
-682
-567
-450
-301
-169
-45
95
243
388
541
668
779
911
1031
1129
1194
1245
1278
1356
1469
1544
1563
1563
1563
1544
1545
1531
1489
1425
1394
1298
1110
932
777
670
570
496
382
271
115
-65
-218
-329
-435
-536
-633
-713
-848
-986
-1138
-1206
-1298
-1373
-1358
-1310
-1330
-1445
-1506
-1514
-1493
-1471
-1389
-1300
-1199
-1154
-1083
-1010
-944
-871
-757
-613
-459
-363
-254
-108
50
181
312
507
685
801
886
990
1069
1093
1125
1180
1283
1376
1447
1516
1555
1556
1510
1484
1457
1430
1352
1271
1186
1091
923
778
696
628
539
407
262
113
-57
-204
-338
-468
-598
-715
-803
-890
-955
-1056
-1149
-1229
-1313
-1371
-1420
-1441
-1438
-1450
-1458
-1458
-1432
-1396
-1320
-1242
-1172
-1079
-1006
-975
-931
-837
-686
-534
-392
-245
-141
-28
82
223
351
502
627
765
870
961
1061
1144
1199
1284
1383
1435
1450
1452
1457
1429
1393
1355
1342
1330
1269
1185
1156
1059
932
779
640
502
367
275
173
81
-52
-166
-306
-460
-563
-671
-758
-822
-913
-1049
-1151
-1220
-1266
-1325
-1347
-1315
-1304
-1304
-1324
-1325
-1352
-1340
-1265
-1197
-1141
-1020
-870
-734
-636
-553
-446
-349
-237
-140
-17
101
205
327
411
541
656
757
890
1015
1111
1156
1218
1235
1272
1305
1340
1412
1428
1429
1408
1366
1308
1234
1152
1052
977
857
735
644
542
433
339
228
88
-33
-125
-247
-357
-483
-609
-717
-812
-881
-941
-987
-1062
-1130
-1208
-1268
-1325
-1349
-1349
-1301
-1261
-1213
-1178
-1136
-1081
-1020
-928
-825
-724
-659
-613
-562
-466
-359
-257
-141
-13
120
245
358
453
524
610
709
795
859
918
1001
1059
1080
1080
1059
1063
1056
1088
1101
1110
1085
1046
992
927
864
784
728
651
564
463
380
285
151
5
-105
-212
-317
-424
-488
-560
-638
-711
-766
-795
-852
-881
-924
-937
-1019
-1065
-1056
-1032
-1051
-1087
-1036
-990
-932
-921
-883
-817
-739
-643
-515
-397
-309
-245
-184
-75
12
81
148
285
376
412
463
573
671
728
801
897
976
1008
1020
1047
1066
1028
1015
1016
1026
1002
1005
1000
953
842
746
680
633
564
446
349
237
152
55
-49
-133
-198
-286
-353
-419
-517
-599
-652
-685
-746
-820
-857
-881
-923
-974
-994
-976
-945
-930
-925
-890
-894
-897
-885
-834
-772
-680
-545
-442
-361
-327
-274
-185
-98
-18
37
154
271
342
402
480
540
576
627
671
752
807
835
873
920
943
914
904
907
876
837
799
780
730
617
539
479
455
415
357
309
256
166
63
12
-70
-189
-293
-354
-412
-470
-527
-539
-582
-625
-671
-728
-753
-809
-845
-848
-798
-768
-737
-721
-714
-688
-680
-640
-570
-534
-506
-445
-353
-283
-235
-189
-125
-64
-7
78
165
240
261
298
342
388
429
512
602
662
693
725
759
757
733
733
758
768
754
736
729
673
619
573
546
485
414
358
312
283
255
205
143
96
19
-58
-128
-176
-242
-317
-373
-427
-455
-489
-516
-531
-555
-605
-659
-703
-717
-702
-654
-631
-642
-651
-658
-660
-649
-639
-615
-553
-494
-455
-401
-358
-306
-276
-209
-125
-44
-2
75
136
179
233
306
378
399
429
453
485
468
524
543
569
564
584
598
596
601
596
588
562
549
497
459
439
423
375
346
328
313
261
200
156
97
38
-8
-37
-82
-136
-174
-191
-219
-237
-267
-314
-355
-424
-470
-474
-455
-436
-416
-432
-464
-493
-511
-479
-452
-463
-430
-368
-351
-361
-366
-357
-330
-316
-268
-217
-190
-151
-116
-33
18
51
65
107
144
168
177
168
210
237
276
345
420
476
480
497
538
507
491
485
482
470
474
496
481
466
407
399
383
372
323
258
229
221
161
79
47
17
-29
-83
-87
-109
-160
-211
-241
-268
-320
-388
-409
-429
-476
-502
-511
-480
-484
-497
-485
-460
-463
-479
-487
-482
-489
-509
-498
-452
-373
-327
-278
-199
-152
-156
-150
-90
-2
35
92
136
191
224
218
256
317
388
404
449
524
548
549
562
570
558
532
532
537
459
367
350
366
372
381
352
328
294
242
186
165
161
113
89
60
-8
-107
-171
-226
-263
-320
-380
-382
-405
-445
-442
-435
-437
-478
-503
-507
-532
-560
-581
-569
-564
-548
-514
-462
-438
-411
-386
-329
-281
-272
-252
-227
-172
-118
-43
27
116
178
227
278
333
351
385
463
499
501
524
578
590
606
647
681
685
675
668
653
627
584
551
517
472
442
408
400
358
299
252
212
192
115
50
-15
-68
-149
-234
-289
-352
-397
-442
-461
-489
-565
-612
-630
-657
-702
-721
-694
-695
-685
-681
-648
-682
-691
-657
-612
-569
-550
-513
-479
-418
-347
-278
-202
-152
-83
-26
24
88
134
221
284
367
431
478
557
600
643
643
694
737
769
779
811
802
758
729
712
681
621
584
576
559
506
514
485
440
343
279
230
159
80
-13
-84
-138
-198
-279
-320
-353
-419
-504
-572
-616
-667
-758
-796
-790
-785
-814
-817
-797
-811
-847
-871
-825
-790
-776
-784
-717
-654
-599
-510
-390
-255
-203
-183
-122
-53
20
48
133
233
327
396
455
578
660
733
793
869
922
901
875
885
874
868
886
919
922
875
827
798
749
665
602
541
490
428
376
302
222
170
76
7
-99
-163
-256
-339
-411
-470
-554
-656
-719
-759
-791
-835
-821
-837
-827
-855
-855
-868
-873
-860
-871
-827
-786
-751
-712
-670
-612
-569
-508
-423
-360
-274
-230
-135
-43
48
114
188
289
348
439
496
588
641
687
714
759
774
783
821
843
871
872
885
872
859
846
836
799
771
722
651
570
519
470
447
408
354
286
179
92
-2
-91
-216
-300
-383
-482
-568
-624
-666
-672
-698
-713
-747
-782
-811
-877
-921
-955
-945
-973
-969
-936
-883
-841
-785
-726
-654
-595
-545
-475
-398
-309
-252
-149
-63
18
84
158
254
346
402
451
520
572
612
641
698
765
809
864
917
962
963
941
926
915
872
815
814
791
722
653
620
565
480
385
313
232
151
82
11
-44
-129
-211
-306
-367
-456
-524
-555
-584
-635
-708
-772
-804
-825
-841
-837
-809
-811
-823
-831
-817
-807
-780
-749
-700
-657
-610
-537
-457
-368
-292
-192
-107
-19
29
115
221
292
345
435
479
509
536
568
609
645
683
743
800
810
819
843
862
855
820
799
783
750
680
603
566
518
452
391
356
315
237
140
77
15
-75
-191
-249
-298
-350
-448
-507
-548
-612
-672
-706
-715
-754
-807
-847
-856
-844
-846
-835
-812
-784
-776
-735
-681
-647
-602
-570
-509
-432
-395
-353
-269
-183
-134
-93
-46
11
68
140
242
334
387
436
486
518
566
598
628
655
695
712
753
784
789
803
787
789
770
731
709
679
631
570
502
445
371
310
277
252
190
123
64
15
-64
-165
-231
-288
-327
-362
-369
-397
-451
-535
-587
-596
-601
-616
-643
-672
-672
-686
-660
-617
-586
-579
-581
-560
-556
-519
-498
-447
-397
-331
-278
-222
-148
-96
-20
71
139
155
166
207
255
300
364
422
447
452
505
554
609
617
642
640
669
666
641
624
603
589
540
518
478
426
388
364
323
282
231
163
122
85
39
-11
-67
-122
-182
-209
-233
-262
-316
-355
-374
-401
-452
-507
-546
-568
-582
-583
-564
-551
-574
-571
-526
-481
-485
-490
-482
-474
-467
-463
-412
-363
-322
-256
-189
-140
-126
-103
-80
-44
0
72
152
240
290
315
366
402
438
481
507
515
524
489
472
486
510
523
540
551
553
540
507
510
463
386
334
296
243
170
127
98
67
49
46
13
-46
-124
-198
-239
-277
-293
-307
-327
-348
-377
-403
-403
-402
-429
-442
-440
-449
-472
-485
-476
-476
-457
-436
-392
-338
-319
-300
-281
-259
-235
-213
-160
-112
-77
-34
-1
39
88
112
159
214
261
317
339
368
378
394
401
422
448
427
408
425
425
417
407
419
425
377
369
359
337
279
234
216
198
180
153
125
79
18
-12
-27
-14
-21
-21
-39
-94
-134
-192
-216
-235
-243
-273
-301
-333
-346
-358
-379
-383
-386
-387
-400
-395
-367
-345
-337
-327
-288
-285
-263
-192
-155
-135
-122
-107
-88
-73
-33
20
67
128
165
206
232
253
281
292
283
277
278
274
284
289
291
277
274
246
235
236
227
224
206
195
184
162
136
113
99
90
60
32
-11
-51
-109
-160
-192
-209
-246
-251
-236
-207
-198
-200
-161
-174
-191
-233
-243
-269
-273
-285
-272
-253
-256
-225
-212
-179
-159
-161
-149
-115
-113
-97
-95
-55
-57
-39
-20
13
46
42
61
78
83
75
116
154
179
197
228
261
264
243
243
261
266
259
265
270
273
241
224
224
207
163
134
129
100
68
60
66
58
36
37
38
4
-47
-72
-101
-118
-112
-108
-104
-112
-94
-97
-96
-90
-101
-103
-109
-129
-137
-163
-172
-173
-141
-95
-62
-41
-43
-32
-32
-37
-18
12
35
33
34
45
47
51
24
33
33
32
30
22
43
52
84
105
109
106
85
91
78
63
50
55
69
53
46
45
33
-8
-20
-13
1
11
-5
-18
-20
-45
-70
-87
-77
-88
-112
-113
-111
-129
-165
-153
-143
-115
-98
-77
-64
-72
-52
-61
-53
-37
-29
-23
-33
-13
-20
-26
-18
-10
1
3
5
9
-2
3
0
5
6
19
24
22
12
14
-16
-57
-81
-86
-76
-45
-30
-27
-46
-68
-70
-68
-57
-60
-59
-66
-53
-77
-77
-75
-62
-21
-10
-3
35
32
56
72
92
92
103
88
93
131
126
116
118
148
164
167
162
206
206
220
242
265
287
287
271
263
263
245
250
273
269
244
212
171
149
131
118
112
85
24
-27
-55
-54
-59
-87
-89
-117
-176
-225
-264
-285
-309
-310
-334
-339
-322
-331
-352
-356
-346
-345
-365
-357
-343
-309
-293
-275
-241
-232
-234
-246
-201
-172
-157
-149
-139
-111
-98
-71
-4
72
145
182
239
278
285
265
253
265
274
301
317
337
354
348
369
390
389
366
344
336
320
299
269
274
245
220
215
192
169
126
55
7
-31
-59
-81
-99
-102
-139
-170
-213
-259
-286
-314
-322
-322
-320
-329
-354
-364
-377
-385
-391
-370
-366
-362
-365
-356
-325
-304
-265
-245
-219
-180
-165
-155
-140
-119
-86
-46
13
58
82
79
94
120
153
173
226
278
310
332
333
354
368
385
406
431
443
435
404
384
368
339
300
291
279
273
247
242
237
201
153
125
110
77
52
26
-3
-48
-109
-155
-167
-187
-207
-234
-229
-238
-254
-275
-283
-289
-317
-347
-343
-360
-390
-390
-371
-334
-331
-311
-280
-274
-270
-262
-228
-183
-152
-112
-64
-15
-3
8
10
45
90
130
193
242
262
287
295
303
312
332
361
378
369
345
360
374
361
389
405
396
326
288
259
221
184
156
168
144
120
79
76
41
-9
-52
-100
-140
-211
-283
-319
-307
-312
-340
-308
-304
-310
-333
-332
-327
-360
-400
-447
-431
-444
-449
-432
-376
-333
-317
-269
-236
-202
-198
-165
-135
-129
-98
-83
-36
8
38
66
100
137
150
189
204
243
260
279
310
356
377
362
372
385
397
380
383
360
353
330
313
330
292
264
232
203
201
178
164
134
121
81
32
6
-17
-44
-69
-77
-76
-102
-156
-194
-228
-267
-314
-331
-346
-367
-388
-395
-382
-365
-350
-335
-303
-278
-273
-289
-286
-265
-243
-226
-196
-145
-119
-99
-75
-64
-9
33
55
71
71
107
112
133
174
218
268
286
343
359
367
370
360
371
365
349
339
351
364
353
355
354
355
350
305
276
240
189
135
108
95
59
11
-4
-23
-55
-102
-121
-145
-165
-209
-252
-258
-300
-320
-323
-300
-288
-297
-312
-301
-319
-331
-343
-343
-328
-325
-319
-267
-229
-222
-205
-188
-166
-177
-163
-156
-136
-100
-61
-29
7
26
38
64
124
149
162
173
176
188
175
194
225
251
247
240
259
283
262
246
248
249
220
201
186
192
197
166
165
167
159
125
111
97
59
39
9
-5
-35
-62
-80
-78
-101
-121
-120
-149
-174
-196
-217
-232
-254
-259
-264
-252
-245
-229
-224
-242
-247
-230
-234
-232
-218
-206
-185
-178
-157
-125
-100
-63
-46
-11
12
39
57
71
110
111
118
128
152
182
184
211
223
246
257
278
309
328
338
325
330
339
319
288
276
259
223
204
189
203
212
173
139
112
89
55
44
21
4
-34
-71
-88
-123
-154
-173
-188
-207
-247
-271
-283
-296
-293
-293
-296
-286
-297
-304
-320
-320
-322
-328
-315
-291
-277
-259
-238
-228
-211
-185
-170
-153
-138
-118
-81
-43
-5
30
72
108
150
162
202
196
205
209
218
232
233
238
235
249
255
260
272
282
272
261
260
253
244
225
197
170
160
142
118
109
101
90
88
87
55
19
-21
-50
-67
-86
-76
-80
-92
-104
-141
-183
-199
-213
-214
-228
-220
-237
-250
-236
-201
-177
-175
-142
-150
-143
-152
-153
-145
-162
-155
-132
-94
-58
-70
-66
-48
-21
-8
5
38
64
51
69
92
116
134
144
159
179
181
183
201
199
181
162
168
175
188
178
211
224
207
182
173
190
178
153
138
128
87
49
28
34
20
-1
3
15
-9
-39
-63
-100
-130
-166
-190
-217
-245
-239
-243
-226
-213
-218
-203
-186
-193
-202
-194
-201
-192
-178
-174
-153
-168
-165
-160
-157
-152
-143
-119
-125
-100
-80
-49
-19
9
49
61
86
100
104
116
114
123
115
126
144
176
192
202
206
212
216
215
227
220
224
234
234
211
206
212
212
176
136
107
75
54
56
62
87
79
27
21
0
-39
-66
-69
-77
-107
-133
-142
-137
-156
-179
-191
-196
-201
-221
-229
-218
-225
-240
-227
-189
-154
-162
-142
-101
-79
-83
-64
-49
-44
-43
-42
-30
-5
-4
11
30
67
74
88
119
123
129
124
146
162
161
170
182
222
199
178
174
184
193
180
210
219
207
166
149
138
125
97
94
79
40
-12
-40
-37
-55
-74
-97
-104
-117
-152
-161
-156
-156
-192
-185
-191
-211
-221
-237
-209
-190
-192
-179
-162
-154
-173
-202
-210
-216
-203
-208
-174
-142
-111
-106
-77
-8
0
3
-9
20
21
24
20
44
50
47
60
84
109
111
110
129
157
176
177
195
250
243
250
231
231
217
214
207
209
221
179
138
131
110
87
85
88
99
77
62
49
27
-14
-24
-31
-36
-33
-48
-66
-75
-98
-129
-150
-149
-174
-206
-221
-220
-205
-186
-147
-122
-90
-95
-114
-144
-158
-152
-162
-147
-122
-103
-118
-125
-86
-56
-37
-22
-1
20
19
46
55
50
56
61
79
84
94
111
139
132
148
126
122
124
138
136
127
122
115
111
112
127
108
98
93
90
80
69
47
32
10
-26
-37
-40
-38
-44
-36
-56
-39
-30
-47
-66
-68
-84
-98
-114
-110
-78
-90
-99
-115
-97
-114
-101
-75
-22
-11
-19
-38
-50
-61
-91
-78
-45
-32
-24
-18
-24
-13
-15
19
54
88
86
96
95
71
61
66
92
99
84
63
75
97
113
113
104
95
81
55
37
47
46
38
29
33
5
-4
-11
4
-9
-16
-21
-32
-39
-62
-78
-102
-93
-79
-52
-47
-66
-64
-62
-38
-18
-15
-12
-20
-18
-44
-62
-74
-74
-101
-108
-97
-81
-70
-57
-37
-33
-23
15
32
19
1
-12
10
42
48
27
33
29
18
47
64
60
33
35
42
42
26
7
18
34
39
20
24
-6
-18
-25
8
17
12
10
6
-2
9
13
-1
-16
-44
-31
-59
-57
-66
-71
-82
-62
-42
-38
-29
-3
-22
-37
-38
-22
-4
6
36
9
9
8
-3
-2
18
42
45
58
90
94
71
31
36
68
61
32
27
39
45
51
63
69
36
30
57
70
56
8
11
34
56
67
66
94
90
73
52
56
68
66
53
42
57
17
0
14
28
37
47
56
35
14
-28
-20
-24
-36
-56
-40
-36
-55
-52
-71
-73
-92
-71
-60
-37
-35
-55
-41
-50
-46
-54
-69
-62
-81
-88
-81
-61
-54
-83
-56
-84
-72
-82
-68
-69
-82
-86
-79
-61
-67
-32
-38
-34
-48
-41
-22
-32
-42
-35
-9
-4
-6
-29
-36
-45
-16
-1
31
28
15
22
10
16
-26
-42
-61
-42
-61
-45
-23
10
25
59
88
79
52
25
33
9
8
-18
-6
-12
5
17
39
70
64
60
46
63
52
43
59
73
79
91
102
123
111
65
69
100
89
58
66
76
66
48
49
64
64
44
37
48
57
30
47
57
70
73
54
29
-2
-18
-35
-21
0
6
5
17
-14
-16
-46
-36
-54
-79
-77
-94
-77
-101
-82
-69
-69
-65
-70
-63
-74
-99
-105
-113
-95
-103
-84
-71
-66
-64
-87
-62
-40
-4
4
55
67
54
51
44
48
17
3
18
27
18
47
69
80
41
42
48
39
23
10
33
31
53
39
61
71
41
18
17
18
12
-8
-36
-32
-36
-25
-9
26
16
-14
-33
-31
-35
-39
-55
-27
-31
-35
-29
-27
-5
-18
-12
-25
-14
-35
-44
-48
-50
-30
-36
-23
-11
-3
-15
-13
-17
-9
-9
-11
-10
-11
-3
0
13
8
7
10
20
10
-3
-26
-17
-26
-16
-13
4
30
12
-7
2
-3
-4
-21
-14
8
6
8
-1
38
31
39
33
26
22
37
47
66
62
39
32
32
50
47
50
37
31
6
17
40
49
32
27
29
11
-5
7
9
23
38
49
70
57
41
-5
-18
-29
-13
-15
6
0
-12
-6
-17
-24
-60
-54
-58
-34
-54
-62
-46
-34
-49
-50
-29
-5
-21
-41
-46
-15
-10
-19
-5
-4
-6
-34
15
22
34
4
7
12
-9
-25
-18
6
33
43
37
38
31
48
60
76
65
54
31
11
-20
-34
-26
-22
2
4
5
13
-8
-15
-20
-17
-26
-54
-47
-26
-23
-32
-22
-21
-34
-44
-38
-7
-12
-19
-31
-16
-30
-29
-36
-44
-53
-81
-69
-73
-67
-60
-29
-28
-41
-56
-56
-37
-45
-37
-18
-18
-15
2
13
4
1
3
17
31
20
17
18
1
-7
-24
-20
12
15
20
37
47
32
2
-3
33
47
42
49
72
74
67
87
85
88
60
70
80
104
100
93
100
94
99
84
93
122
111
59
43
15
-4
-15
12
23
23
8
3
2
-18
-31
-30
-5
6
-18
-50
-47
-42
-65
-47
-33
-25
-31
-52
-73
-80
-79
-112
-99
-86
-71
-72
-44
-31
-22
-42
-48
-50
-35
-42
-47
-33
-26
-39
-31
18
39
61
56
82
81
86
64
57
51
43
27
18
19
-3
-16
-10
9
6
22
31
60
55
52
36
27
7
-17
2
10
14
-7
-2
-10
-3
-33
-40
-34
-26
-26
-28
-27
-48
-70
-76
-53
-45
-57
-44
-34
-47
-52
-68
-66
-91
-88
-96
-84
-78
-68
-69
-67
-62
-66
-58
-43
-28
-34
-29
-21
-10
-12
0
21
22
-2
-8
-5
4
7
21
59
66
89
77
77
74
85
70
70
73
52
44
26
65
68
85
87
111
114
104
94
93
90
65
71
76
67
48
53
35
23
17
0
-21
-11
-8
-8
-35
-27
-35
-30
-8
-2
-2
-23
-8
16
10
-11
-18
-29
-33
-28
3
-3
-19
-24
-9
-1
-1
15
8
-3
-1
-5
15
26
6
-9
-6
11
14
28
40
29
9
-9
-15
-11
-1
-7
0
-11
-22
-20
-28
-18
-27
-28
-46
-44
-48
-50
-52
-54
-43
-47
-50
-52
-62
-49
-46
-69
-84
-73
-51
-48
-31
-27
-13
-24
-27
-28
-26
-39
-71
-72
-57
-68
-55
-39
-27
-5
-16
-10
6
14
-10
-15
-6
-8
-30
-40
-32
-11
-8
-6
24
38
51
57
88
99
72
38
30
36
-1
-7
-7
16
24
17
23
31
36
37
60
59
61
57
52
72
59
58
65
67
58
48
52
27
32
11
22
69
76
79
46
40
21
-10
-8
5
7
-6
4
26
32
28
13
27
13
-10
-10
-11
0
-4
1
13
30
22
5
-8
-21
-21
-19
5
26
38
25
6
-5
-17
-42
-43
-25
-10
-8
-17
-18
-32
-39
-41
-46
-13
-10
-32
-46
-52
-40
-50
-22
-17
-5
-1
-31
-32
-50
-60
-77
-62
-51
-42
-42
-23
-29
-51
-52
-34
-30
-63
-58
-56
-70
-80
-63
-54
-33
-29
-22
-14
-9
-28
-34
-14
6
22
20
28
37
48
42
58
47
33
23
11
10
-1
15
48
69
79
72
73
61
30
22
23
25
-9
-6
21
43
45
39
46
36
7
-14
4
0
-24
-39
-3
21
6
9
10
9
-3
-9
4
24
8
-14
-3
-5
-21
-27
-23
-17
-20
-17
7
19
4
-4
-5
-1
-4
-6
2
16
18
1
4
2
10
6
10
28
20
-2
-1
8
-7
0
-8
1
2
-5
4
21
25
11
18
23
30
48
35
34
16
6
20
17
22
25
37
43
31
16
17
9
-10
-21
-12
-4
-28
-35
-2
12
21
22
41
21
6
-10
-4
-11
-23
-21
-28
-19
-23
-44
-43
-23
-18
-26
-24
-8
-9
-14
-21
-5
-19
-34
-39
-19
-13
-18
-21
5
11
-2
-10
-8
-6
-31
-22
-7
8
5
-4
-3
-14
-16
-4
18
28
3
-16
-24
-10
-6
-11
11
2
-25
-41
-42
-37
-38
-53
-35
-12
-23
-41
-24
-11
-23
-21
-24
-26
-43
-53
-54
-39
-10
-5
0
15
12
-20
-25
-3
2
-12
-25
1
7
-5
-11
-16
-8
-9
7
15
36
22
-5
6
14
11
19
36
65
77
73
52
47
49
44
52
54
79
83
82
86
94
92
64
46
39
28
22
16
46
60
53
42
45
40
34
26
32
49
28
8
2
3
-2
-10
-9
-12
-28
-43
-38
-30
-32
-23
-34
-29
-37
-49
-58
-63
-57
-63
-64
-58
-54
-78
-87
-88
-67
-63
-65
-52
-46
-38
-42
-44
-39
-24
-25
-13
-1
7
15
23
13
7
2
15
18
11
22
40
39
31
28
31
24
29
47
81
87
67
50
39
37
34
51
62
62
35
23
5
7
-12
-19
-17
0
-14
-34
-39
-43
-50
-72
-60
-62
-58
-62
-63
-68
-65
-62
-51
-43
-40
-43
-50
-56
-69
-63
-62
-44
-30
-14
-12
-15
-11
-27
-10
-4
2
-3
-2
-3
-6
21
34
35
29
36
33
39
46
52
65
68
52
58
71
65
53
63
71
70
60
69
76
76
61
35
43
34
37
32
35
31
25
16
28
19
4
-10
0
1
-17
-9
-1
12
-9
-15
-1
15
7
8
12
9
-13
-34
-48
-46
-61
-70
-38
-11
-9
-25
-16
-17
-15
-23
-21
-20
-42
-66
-65
-51
-47
-61
-59
-46
-42
-38
-36
-25
-29
-47
-55
-47
-50
-44
-42
-23
1
7
8
13
24
25
20
14
24
19
4
27
42
34
24
23
39
52
56
61
68
65
44
40
45
49
39
29
38
44
24
11
17
8
-1
-11
3
8
2
-4
8
10
4
-3
-2
5
3
-4
-2
-5
-12
-24
-41
-40
-32
-26
-32
-21
-14
-13
-22
-23
-15
-22
-29
-23
-12
-15
-22
-37
-33
-39
-47
-45
-30
-23
-18
-16
-6
2
8
4
0
2
-14
-28
-25
-21
-4
2
21
25
28
14
0
6
1
0
-6
10
19
16
15
28
37
49
40
32
24
25
29
36
54
64
50
35
28
21
21
16
24
27
25
17
15
8
0
-5
-13
-13
-24
-21
-22
-19
-15
-6
-3
-8
-2
-14
-16
-14
-15
-11
-19
-21
-22
-23
-17
-14
-9
-17
-17
-10
-18
-16
-17
0
-13
-23
-16
-22
-17
-19
-12
-7
-6
1
0
4
9
2
2
9
11
9
-1
-7
-2
1
3
10
20
25
12
15
22
21
29
19
17
12
1
-6
-7
3
0
-3
6
3
-8
-17
-5
-4
-7
-2
-8
-7
-23
-30
-32
-28
-30
-32
-24
-27
-22
-26
-24
-24
-26
-22
-10
0
1
-8
-11
-1
3
6
12
30
23
9
15
27
23
13
15
26
26
17
20
34
28
12
15
28
37
27
26
32
27
12
7
10
19
12
1
6
13
5
-4
10
4
-4
-8
-16
-13
-10
-9
-14
