SAMPLES:	9662
BITSPERSAMPLE:	16
CHANNELS:	1
SAMPLERATE:	16000
NORMALIZED:	FALSE
-1
1
5
5
6
8
8
10
9
8
7
4
1
-1
-2
-2
-2
0
0
1
1
-1
0
2
3
4
4
5
2
-1
-3
-4
-3
-3
-2
-3
-4
-4
-3
-2
-2
-1
-1
0
0
2
2
-1
-2
-4
-3
-6
-4
-4
-2
3
6
8
7
7
7
7
8
7
6
5
7
7
3
0
-1
0
-2
-2
-3
-5
-3
-3
-3
0
-1
-2
-5
-7
-9
-10
-11
-10
-10
-11
-11
-10
-8
-6
-4
-2
0
2
1
4
4
4
6
5
3
0
0
0
0
1
1
0
1
1
1
1
1
2
3
1
1
0
0
0
1
2
2
0
0
0
-1
-3
-4
-2
1
-1
0
2
3
2
1
0
-1
-1
-1
1
4
4
4
3
4
3
4
5
7
9
9
11
12
12
11
10
10
11
10
13
13
12
12
12
11
12
11
10
11
10
6
6
5
2
1
1
1
-2
-5
-8
-9
-9
-12
-11
-12
-12
-13
-14
-13
-14
-14
-14
-12
-10
-12
-15
-15
-16
-15
-15
-14
-12
-12
-13
-12
-10
-8
-6
-6
-6
-6
-5
-4
-3
-4
-3
-3
-4
0
1
3
2
2
5
7
7
7
9
11
10
13
14
13
11
10
9
7
5
3
2
1
1
0
-1
-1
-1
1
0
-1
-3
-3
-5
-4
-2
-1
-2
-3
-6
-8
-10
-11
-10
-8
-5
-3
-3
-1
1
0
2
2
0
-2
-3
-4
-3
-3
0
2
5
7
7
6
4
3
5
7
8
9
11
11
12
14
15
14
12
13
13
12
12
11
8
7
8
12
12
13
15
14
11
9
8
8
9
10
7
5
1
-3
-5
-9
-13
-12
-10
-7
-7
-6
-8
-12
-13
-13
-13
-12
-12
-12
-12
-12
-13
-14
-15
-13
-12
-12
-12
-16
-17
-16
-17
-17
-15
-13
-11
-12
-11
-11
-10
-9
-6
-3
0
2
1
1
1
1
3
5
9
13
14
13
13
13
11
11
12
15
15
16
14
13
11
9
8
6
6
9
9
6
4
0
-1
2
7
6
3
2
-2
-5
-6
-5
-5
-4
-2
-3
-5
-7
-9
-12
-14
-11
-9
-9
-11
-12
-14
-14
-14
-13
-13
-11
-11
-10
-10
-9
-8
-7
-6
-3
-1
0
1
3
4
4
6
5
4
6
9
10
12
12
12
14
14
17
19
21
24
25
26
27
27
27
27
28
26
25
25
23
22
20
16
13
11
11
11
8
5
2
3
2
2
-2
-4
-8
-12
-13
-15
-18
-20
-21
-22
-23
-27
-31
-33
-37
-38
-39
-39
-40
-41
-42
-45
-43
-41
-39
-34
-32
-29
-28
-27
-23
-22
-21
-16
-14
-12
-8
-4
0
6
8
11
13
15
18
24
28
32
38
40
46
49
51
53
57
58
57
59
61
62
62
60
58
55
48
45
41
38
35
31
27
20
12
5
-1
-7
-12
-18
-25
-32
-38
-43
-49
-53
-55
-58
-60
-63
-66
-67
-71
-75
-79
-80
-84
-83
-80
-76
-75
-74
-72
-70
-69
-66
-60
-56
-50
-46
-40
-34
-27
-19
-11
-1
9
16
22
30
39
49
58
69
77
87
95
105
113
122
132
142
147
148
152
151
151
150
149
147
146
144
137
128
118
102
88
72
58
43
28
15
5
-8
-18
-31
-46
-62
-71
-80
-95
-109
-122
-136
-152
-164
-171
-180
-188
-193
-196
-202
-211
-216
-219
-222
-224
-221
-216
-212
-207
-195
-182
-172
-161
-145
-128
-113
-95
-78
-60
-40
-19
3
31
63
92
120
145
165
188
216
242
262
283
306
329
339
346
354
357
367
370
365
358
350
341
320
296
274
246
222
197
163
128
91
55
21
-10
-39
-68
-94
-127
-164
-203
-235
-259
-279
-299
-319
-335
-354
-375
-391
-403
-411
-418
-419
-416
-410
-405
-401
-395
-389
-375
-357
-332
-304
-280
-254
-229
-208
-180
-147
-114
-73
-29
15
57
89
117
149
196
252
299
338
378
405
431
460
481
504
531
563
585
595
604
595
586
574
549
526
509
486
448
404
357
310
268
224
177
128
76
33
-16
-67
-118
-160
-194
-220
-246
-275
-308
-345
-387
-424
-456
-482
-504
-533
-550
-561
-576
-599
-622
-630
-625
-618
-613
-602
-601
-598
-583
-553
-508
-460
-406
-359
-314
-277
-249
-215
-165
-114
-51
9
73
135
189
255
318
387
435
482
536
582
632
673
713
750
786
813
827
835
826
822
808
789
755
712
679
646
597
539
472
407
347
284
217
144
79
9
-65
-129
-184
-221
-260
-290
-320
-362
-408
-462
-530
-598
-653
-704
-739
-762
-774
-791
-814
-833
-839
-844
-839
-826
-823
-837
-854
-851
-826
-780
-714
-630
-551
-486
-423
-363
-305
-256
-199
-131
-53
26
103
198
312
434
564
683
787
863
943
992
1022
1049
1105
1161
1176
1203
1207
1197
1204
1202
1161
1115
1063
993
905
821
736
649
558
457
365
272
178
84
-17
-114
-204
-265
-326
-408
-485
-562
-618
-657
-702
-753
-799
-844
-889
-936
-990
-1032
-1062
-1095
-1121
-1144
-1146
-1151
-1158
-1151
-1129
-1086
-1044
-987
-908
-821
-732
-649
-566
-482
-381
-282
-185
-76
46
155
239
343
462
573
715
831
949
1027
1097
1168
1241
1304
1367
1430
1458
1478
1463
1452
1401
1353
1308
1232
1166
1108
1027
918
813
703
574
462
347
220
91
-29
-159
-296
-424
-522
-589
-640
-685
-737
-812
-887
-970
-1024
-1095
-1149
-1188
-1223
-1279
-1349
-1398
-1438
-1456
-1448
-1421
-1393
-1361
-1316
-1272
-1249
-1209
-1150
-1055
-940
-808
-662
-540
-430
-310
-192
-93
24
133
243
366
500
653
810
969
1095
1223
1325
1437
1499
1529
1564
1617
1654
1665
1674
1706
1712
1701
1686
1634
1553
1467
1382
1245
1096
947
809
672
519
388
245
78
-74
-226
-362
-485
-587
-666
-746
-809
-875
-956
-1040
-1133
-1197
-1246
-1268
-1267
-1269
-1291
-1300
-1331
-1382
-1423
-1429
-1425
-1382
-1343
-1285
-1215
-1187
-1135
-1072
-965
-834
-673
-530
-426
-334
-227
-122
-46
43
153
272
386
544
724
863
987
1089
1202
1262
1356
1455
1517
1569
1629
1678
1672
1648
1617
1584
1560
1550
1490
1426
1364
1266
1134
995
840
704
540
386
234
77
-70
-237
-396
-529
-640
-727
-791
-875
-963
-1050
-1149
-1263
-1337
-1371
-1415
-1427
-1388
-1366
-1419
-1477
-1509
-1567
-1605
-1611
-1590
-1534
-1472
-1393
-1308
-1245
-1180
-1115
-1004
-885
-757
-633
-496
-358
-253
-154
-27
125
278
439
616
808
992
1152
1269
1413
1524
1594
1679
1763
1834
1915
1985
2009
1980
1938
1908
1825
1798
1741
1652
1590
1472
1308
1107
946
755
562
419
248
68
-104
-298
-494
-661
-788
-894
-951
-980
-1019
-1088
-1171
-1246
-1317
-1381
-1414
-1445
-1477
-1480
-1488
-1531
-1562
-1558
-1585
-1591
-1573
-1528
-1473
-1435
-1366
-1311
-1267
-1189
-1068
-901
-746
-591
-429
-303
-187
-47
91
214
370
550
789
1061
1284
1455
1548
1678
1769
1793
1808
1847
1888
1964
2091
2166
2135
2046
1957
1833
1718
1638
1572
1486
1415
1272
1077
869
644
425
207
-31
-249
-430
-572
-732
-919
-1038
-1097
-1124
-1154
-1191
-1245
-1270
-1307
-1373
-1446
-1511
-1558
-1603
-1608
-1621
-1660
-1711
-1718
-1723
-1704
-1699
-1670
-1618
-1552
-1483
-1427
-1334
-1197
-1008
-834
-635
-453
-327
-230
-158
-56
86
241
416
640
1025
1359
1558
1677
1801
1875
1808
1821
1867
1865
1896
1978
2087
2033
1915
1850
1775
1672
1578
1546
1465
1328
1237
1111
911
632
406
291
153
-18
-139
-241
-389
-574
-677
-759
-751
-565
-577
-680
-755
-936
-1213
-1428
-1604
-1598
-1602
-1719
-1808
-1941
-2055
-2088
-2111
-2103
-2033
-1927
-1829
-1717
-1614
-1545
-1471
-1341
-1155
-905
-592
-336
-175
-57
-91
-71
24
111
304
691
1387
2009
2271
2437
2639
2630
2304
2052
2172
2329
2390
2496
2524
2249
1856
1508
1357
1253
1290
1496
1638
1518
1298
1114
833
386
102
62
-24
-223
-377
-584
-977
-1341
-1448
-1416
-1460
-1407
-1293
-1327
-1567
-1802
-2043
-2218
-2266
-2177
-1979
-1836
-1774
-1731
-1789
-1970
-2097
-2048
-1806
-1555
-1332
-1186
-1064
-1088
-1191
-1196
-956
-419
77
466
615
609
485
336
269
489
774
1618
2940
3665
3721
3580
3509
2965
1912
1454
1700
1792
1682
1580
1367
879
501
265
224
450
939
1572
1778
1448
1054
811
509
-3
-322
-300
-376
-709
-1219
-1773
-2183
-2269
-2043
-1763
-1445
-1053
-788
-893
-1329
-1715
-1862
-1818
-1883
-1846
-1669
-1503
-1463
-1559
-1696
-1776
-1645
-1398
-1191
-1045
-961
-910
-931
-1189
-1345
-1150
-560
133
562
689
936
872
584
260
396
809
1253
2459
3489
3826
3698
3488
2938
1803
791
875
1199
1302
1273
1367
1156
579
140
104
432
1008
1773
2231
1932
1408
1030
648
94
-324
-254
-211
-627
-1246
-1772
-2188
-2356
-2105
-1535
-882
-327
-71
-242
-761
-1423
-1865
-1961
-1925
-1821
-1522
-1379
-1472
-1770
-1970
-1944
-1732
-1403
-957
-694
-691
-1007
-1360
-1702
-1847
-1553
-793
35
618
812
716
314
-134
-181
18
253
778
2388
3674
3864
3586
3421
2891
1729
651
644
1125
1227
1033
994
773
360
252
441
724
1144
1978
2460
2034
1292
984
793
316
-145
-201
-350
-822
-1446
-2052
-2359
-2336
-1839
-1056
-465
-130
157
105
-575
-1385
-1725
-1745
-1895
-2107
-1945
-1797
-1894
-1996
-1807
-1469
-1227
-1008
-732
-761
-1061
-1397
-1579
-1744
-1783
-1445
-749
-31
433
616
486
290
72
89
268
473
683
2005
3481
4138
3965
3727
3501
2227
597
91
672
1084
1002
942
1068
877
539
454
747
1044
1768
2432
2247
1716
1247
945
562
-90
-593
-597
-769
-1277
-1717
-1880
-1856
-1478
-1051
-601
-193
68
190
-111
-831
-1421
-1667
-1883
-2268
-2407
-2173
-1781
-1587
-1392
-1134
-967
-1034
-1158
-1289
-1526
-1789
-1781
-1699
-1698
-1564
-1107
-381
77
255
298
345
166
-57
-241
-64
-54
1245
2976
4056
4232
3867
3534
2329
421
-576
-38
723
969
1042
1207
1086
705
211
320
772
1480
2375
2690
2146
1409
905
525
-157
-695
-845
-708
-850
-1400
-1690
-1764
-1516
-1098
-530
-15
368
543
287
-520
-1422
-2028
-2324
-2613
-2618
-2243
-1638
-1059
-679
-658
-926
-1230
-1520
-1544
-1478
-1524
-1478
-1424
-1595
-1856
-1926
-1288
-251
474
869
983
805
257
-508
-658
-441
867
3109
4623
5101
4477
3551
2165
301
-1110
-553
754
1522
1760
1701
1350
714
-82
-211
640
1500
2503
3125
2785
1919
1064
232
-314
-753
-983
-608
-427
-915
-1351
-1704
-1853
-1556
-963
-87
813
1301
1118
307
-1093
-2418
-3062
-3247
-2960
-2174
-1092
-275
-145
-525
-1043
-1551
-1886
-1686
-1138
-816
-930
-1306
-1885
-2515
-2718
-2032
-637
597
1316
1567
1055
206
-809
-1260
-1348
-224
2349
4566
5469
5052
4158
2579
47
-1973
-1843
-501
665
1503
1987
1660
789
-305
-805
-311
695
2157
3421
3353
2393
1062
-144
-1086
-1439
-1348
-631
111
-65
-726
-1471
-2118
-2070
-1343
-163
1056
1809
1772
884
-742
-2592
-3539
-3546
-2898
-1829
-589
249
389
-117
-835
-1424
-1781
-1617
-1022
-643
-901
-1377
-1984
-2629
-2975
-2375
-912
689
1514
1651
1214
359
-849
-1510
-1534
-949
1459
4121
5540
5298
4273
2711
513
-1852
-2176
-505
1102
1924
2364
2007
953
-172
-877
-419
767
2140
3449
3802
2892
1463
339
-542
-962
-796
-303
312
263
-601
-1561
-2197
-2167
-1432
-98
1152
2069
2198
1367
-264
-2106
-3351
-3504
-2921
-2097
-880
165
411
-44
-752
-1397
-1733
-1693
-1308
-823
-925
-1421
-2030
-2722
-3123
-2732
-1561
30
1130
1499
1178
349
-510
-1315
-1614
-1396
675
3397
5244
5494
4511
3020
938
-1362
-2417
-1478
236
1726
2303
2089
1200
307
-656
-706
240
1686
3152
3827
3169
1641
138
-827
-1255
-1059
-644
76
392
-275
-1409
-2395
-2615
-1920
-461
921
1887
2121
1486
84
-1723
-3262
-3631
-2915
-1996
-1004
-58
378
124
-600
-1352
-1724
-1693
-1382
-957
-980
-1470
-1961
-2513
-2805
-2510
-1501
22
1327
1557
1131
352
-550
-1418
-1747
-1651
122
3133
5393
6052
5378
3611
1427
-1221
-2763
-1810
-23
1331
2102
2043
990
87
-798
-786
398
1861
3293
4232
3541
1811
123
-1068
-1629
-1300
-847
-75
469
-226
-1408
-2286
-2606
-1860
-343
1140
2412
2723
1769
95
-1796
-3393
-3771
-2989
-1846
-554
420
755
471
-274
-1031
-1454
-1419
-1089
-659
-652
-1262
-1929
-2571
-2877
-2512
-1478
124
1544
1995
1507
526
-432
-1324
-1905
-1801
353
3273
5291
5651
4917
3260
1063
-1427
-2423
-1476
113
1345
2105
1866
661
-344
-1072
-949
52
1590
3090
3917
3061
1303
-338
-1409
-1768
-1242
-517
197
478
-289
-1585
-2779
-3143
-2283
-474
1198
2368
2633
1753
176
-1577
-2959
-3379
-2729
-1522
-332
344
450
163
-368
-1055
-1517
-1422
-940
-552
-646
-1247
-1965
-2538
-2817
-2465
-1440
40
1463
2073
1573
359
-866
-1894
-2217
-1763
732
3624
5626
5939
4733
2807
241
-2023
-2724
-1388
294
1688
2121
1591
412
-657
-1485
-1105
312
2076
3621
3837
2836
1161
-525
-1650
-1689
-952
-132
637
614
-344
-1678
-2851
-2808
-1632
156
1791
2835
2796
1559
-389
-2202
-3130
-3113
-2332
-1132
-52
513
471
57
-445
-996
-1273
-1073
-726
-630
-970
-1708
-2491
-3022
-3165
-2492
-1132
382
1419
1804
1049
-40
-1197
-1861
-2006
-851
2102
4627
5722
4998
3615
1643
-726
-2581
-1962
88
1576
2181
1997
1095
-37
-937
-1248
126
1854
3335
4139
3550
1773
9
-1240
-1633
-954
-14
796
1313
427
-1269
-2689
-3261
-2587
-856
1035
2424
2899
1986
299
-1485
-2708
-2906
-2265
-1457
-503
176
8
-693
-1282
-1562
-1493
-1251
-1030
-733
-796
-1392
-2215
-2967
-3249
-2869
-1714
-176
998
1482
1069
253
-895
-1817
-2278
-1060
2049
4470
5631
5226
3927
1818
-764
-2652
-2004
-30
1526
2193
2056
990
-164
-1111
-1203
201
1980
3539
4421
3736
1713
-361
-1645
-1976
-1223
-53
994
1554
821
-874
-2439
-3232
-2750
-957
1086
2333
2679
1728
-43
-1868
-3084
-3086
-2119
-983
-177
199
-166
-840
-1357
-1568
-1378
-938
-526
-334
-674
-1613
-2600
-3228
-3395
-2887
-1768
-29
1458
1979
1439
496
-596
-1585
-2237
-1027
2391
4747
5600
4803
3453
1476
-958
-2449
-1367
702
1864
2431
2063
857
-396
-1213
-1139
428
2246
3825
4681
3813
1569
-644
-1975
-2063
-1088
164
1085
1560
575
-1214
-2688
-3282
-2572
-762
1104
2256
2581
1530
-169
-1915
-2900
-2790
-1839
-878
-159
149
-297
-1171
-1669
-1760
-1500
-907
-314
-38
-356
-1399
-2531
-3217
-3283
-2805
-1480
4
922
1221
635
-264
-1084
-1758
-1661
1170
4209
5559
5072
3461
1709
-407
-2768
-2670
-58
1987
2385
1928
691
-449
-1118
-1365
-58
2097
3719
4538
3941
1716
-531
-1926
-2200
-1341
110
1089
1587
977
-847
-2454
-3091
-2451
-720
1320
2388
2478
1498
-270
-1866
-2847
-2709
-1389
-111
620
631
46
-910
-1599
-1705
-1153
-436
-37
13
-268
-1154
-2241
-3040
-3057
-2414
-1358
-134
598
873
209
-585
-1181
-1380
-1091
1140
3806
5174
4725
2876
1015
-672
-2424
-2437
-408
1528
2359
1819
254
-839
-1106
-975
461
2327
3541
4042
3249
1245
-463
-1506
-1578
-604
445
917
1035
337
-1119
-2229
-2643
-1833
-97
1510
2178
1885
758
-687
-1733
-2133
-1624
-444
324
371
-16
-659
-1262
-1406
-1058
-263
370
395
-42
-651
-1401
-2051
-2415
-2279
-1740
-826
-28
430
165
-470
-891
-1085
-1438
-1210
1672
4624
5737
4391
2412
881
-630
-2541
-2311
-9
1714
1871
753
-667
-1443
-1543
-1055
830
2903
4170
4329
3027
562
-1395
-2293
-1828
-440
702
960
723
-509
-2223
-3306
-3339
-1846
374
2105
2434
1721
181
-1416
-2271
-2354
-1523
-346
373
389
-243
-1251
-1894
-1773
-1226
-269
556
961
642
-157
-1208
-2013
-2361
-2128
-1352
-283
408
370
-111
-732
-1132
-1229
-1092
1057
4104
5922
5376
3156
1116
-480
-1952
-2407
-520
1444
2041
1065
-492
-1711
-1815
-1151
604
2748
4084
4353
3390
1165
-1133
-2370
-2098
-847
460
851
578
-381
-1862
-2837
-2843
-1594
345
1912
2305
1456
-98
-1618
-2339
-2243
-1269
-81
1241
1892
918
-820
-2313
-2374
-1590
-716
161
1139
1154
92
-1447
-2305
-2121
-1509
-841
-37
731
920
241
-916
-1725
-1649
-1380
-335
2557
4844
5397
3834
1854
441
-705
-1686
-529
1420
2003
1120
-448
-1755
-2293
-2099
-940
1349
2995
3649
3362
2024
261
-1030
-1377
-613
297
533
259
-356
-1574
-2763
-3042
-2084
-404
1096
1690
1331
146
-1042
-1771
-1540
-412
527
733
12
-862
-1502
-1953
-1923
-994
131
594
187
-434
-650
-718
-853
-789
-445
-220
-203
-185
-282
-559
-955
-1147
-567
-376
346
2517
4158
4290
3292
2431
1744
603
-650
-142
838
426
-474
-961
-1158
-1027
-822
-161
1141
2020
2378
2354
1549
422
-299
-509
-356
-304
-586
-697
-993
-1886
-2498
-2409
-1639
-463
485
1003
721
-219
-1062
-1394
-1046
-503
-159
-280
-571
-766
-978
-1078
-964
-556
-325
-452
-693
-678
-463
-338
-376
-394
-371
-450
-338
207
681
698
212
-247
-372
-611
898
3189
4343
3782
2562
2173
1780
640
-155
771
1361
542
-650
-1303
-1110
-797
-755
-101
1094
1970
2209
1896
1118
367
-219
-299
-144
-291
-788
-1295
-1827
-2562
-2768
-2411
-1330
-99
663
734
248
-386
-788
-816
-528
-190
-320
-819
-1292
-1264
-967
-739
-573
-418
-494
-822
-1046
-747
-231
27
-98
-407
-743
-819
-287
351
560
367
22
-49
-347
444
2947
4514
4385
2632
1508
1298
583
-71
796
1849
1039
-567
-1585
-1314
-465
-214
272
1090
1464
1401
1145
654
235
-78
-158
93
30
-543
-1136
-1775
-2641
-3131
-2812
-1699
-357
438
464
-145
-928
-1364
-1218
-455
659
956
124
-1203
-1888
-1609
-1002
-517
66
231
-359
-1274
-1515
-913
-287
-158
-161
-306
-381
-141
240
529
470
246
313
372
1780
3865
4575
3873
2505
1946
1431
727
444
1647
1987
347
-1482
-1940
-933
49
450
1007
1673
1641
1121
633
294
33
-246
-253
-14
-16
-389
-859
-1518
-2661
-3388
-3246
-2271
-1025
-208
-58
-510
-1158
-1166
-573
-316
-266
-413
-504
-671
-1059
-1105
-564
-290
-697
-1302
-1474
-1050
-545
-245
-193
-270
-511
-767
-550
-61
302
335
179
310
141
606
2668
4562
4860
3418
2000
1746
1756
1218
1319
1645
1341
-29
-1437
-1886
-913
142
603
1023
1403
1768
1801
1222
601
140
-212
-322
-329
-486
-738
-1205
-1960
-2621
-2832
-2565
-1865
-1294
-982
-1203
-1537
-1723
-1299
-425
51
-135
-962
-1441
-1269
-889
-589
-232
-96
-435
-1213
-1764
-1572
-989
-542
-394
-368
-468
-269
154
312
163
-244
-199
-177
-1
1891
4092
4799
3616
2344
2132
2339
2128
2054
2687
2287
683
-895
-1369
-420
578
932
768
728
956
1221
1241
1129
1162
1158
865
434
-81
-634
-1239
-1955
-2480
-2442
-2172
-1811
-1365
-1223
-1683
-2370
-2141
-1274
-649
-682
-888
-925
-1199
-1561
-1393
-629
-229
-349
-670
-723
-740
-924
-973
-843
-912
-893
-631
-117
378
368
165
-258
-285
-355
-73
1812
3849
4459
3406
2452
2513
2786
2369
2262
2776
2379
880
-597
-1022
-391
394
802
1080
1246
1143
890
496
231
217
310
566
767
546
-166
-934
-1684
-2368
-2587
-2300
-1717
-1278
-1319
-1852
-2579
-2730
-1923
-1354
-1278
-1420
-1447
-1331
-1422
-1472
-1101
-799
-782
-877
-852
-613
-408
-381
-436
-729
-1086
-1104
-561
111
308
192
-63
-110
-436
169
2329
3980
3921
2698
2240
2590
2757
2294
2508
2875
2113
622
-66
203
694
591
246
221
625
1282
1664
1411
887
445
192
175
66
-124
-260
-401
-872
-1460
-1790
-1705
-1467
-1288
-1525
-1951
-2199
-1853
-1039
-1075
-1643
-2274
-2419
-2001
-1574
-1208
-796
-662
-1125
-1531
-1432
-943
-459
-342
-375
-548
-730
-518
-103
164
42
-215
-195
144
175
1157
2583
3081
2663
1922
2249
3024
3264
3053
3018
2356
1096
361
381
1001
1425
1212
983
861
1085
1497
1502
920
588
683
973
1245
969
207
-562
-1293
-1715
-1576
-1113
-928
-965
-1172
-1507
-1969
-1952
-1636
-1513
-1707
-1952
-1838
-2001
-2272
-2223
-1934
-1912
-2166
-2133
-1505
-889
-830
-1040
-1046
-1012
-1062
-950
-414
87
-153
-638
-877
-438
-168
582
2144
3043
2700
1739
1772
2633
3172
2987
2901
2936
2020
1075
949
1210
1459
998
683
789
1224
1485
1733
1519
995
794
852
1207
1301
713
-53
-612
-901
-975
-931
-1190
-1465
-1664
-1844
-1924
-1997
-1399
-1102
-1557
-2136
-2308
-2025
-1934
-2021
-1954
-1716
-1760
-1940
-1810
-1505
-1286
-1495
-1638
-1448
-1141
-806
-336
98
-39
-362
-610
-388
-269
-85
1294
2418
2587
2053
1918
2539
2771
2561
2422
2913
2662
1908
1387
1338
1543
1322
991
877
1183
1648
1809
1438
887
697
783
997
1193
1206
906
380
-138
-556
-682
-751
-1026
-1160
-1250
-1516
-1950
-2073
-1920
-1658
-1488
-1632
-1874
-1993
-1778
-1642
-1803
-2064
-2017
-1851
-1712
-1570
-1439
-1168
-1074
-1279
-1521
-1407
-752
-192
-272
-729
-670
-259
116
1174
1875
1836
1186
1169
1870
2602
2776
2628
2657
2269
1601
1187
1474
1771
1836
1420
1003
871
1007
1315
1255
830
690
861
1157
1140
895
510
131
-8
-124
-123
-177
-300
-562
-671
-860
-1378
-1704
-1797
-1817
-1870
-1899
-1961
-1939
-1856
-1787
-1829
-1927
-1905
-1664
-1476
-1511
-1527
-1431
-1287
-1181
-1106
-956
-487
-191
-269
-630
-954
-803
-426
929
2028
2126
1449
1309
1958
2455
2246
1867
1972
1903
1367
1013
1170
1658
1684
1234
854
974
1399
1506
1234
530
342
607
910
915
627
336
116
112
65
-88
-253
-460
-464
-468
-581
-741
-845
-790
-805
-1372
-1821
-1952
-1754
-1606
-1788
-2002
-1786
-1540
-1497
-1520
-1537
-1395
-1111
-1015
-996
-917
-748
-376
-250
-411
-466
-380
-255
-109
761
1566
1645
1117
1042
1563
1972
1922
1912
2030
1958
1405
1020
1002
1218
1147
900
801
968
1399
1590
1302
646
294
393
663
707
411
90
-99
-144
-294
-567
-712
-701
-479
-336
-303
-412
-368
-584
-1085
-1579
-1531
-1226
-1384
-1831
-1900
-1726
-1786
-1939
-1908
-1622
-1350
-1272
-1244
-1140
-1013
-936
-855
-738
-561
-363
-260
-182
-162
-250
569
1465
1685
1322
1205
1698
2155
2007
1841
1823
1570
1192
1082
1223
1504
1507
1081
848
812
1133
1270
976
589
564
739
890
702
248
-229
-481
-464
-226
-281
-547
-811
-823
-725
-704
-790
-825
-474
-560
-887
-1079
-966
-905
-1348
-1876
-1986
-1822
-1728
-1686
-1703
-1612
-1348
-1189
-993
-834
-761
-484
-300
-328
-368
-196
32
59
50
834
1475
1489
1324
1612
2105
2356
2060
1967
2017
1849
1398
1348
1359
1438
1308
1011
825
884
1128
1257
1035
475
209
418
624
526
48
-279
-232
-133
-120
-362
-834
-1195
-1034
-845
-794
-930
-785
-730
-991
-1310
-1239
-923
-971
-1333
-1533
-1393
-1297
-1462
-1667
-1820
-1869
-1808
-1647
-1347
-1060
-701
-426
-136
-61
-54
14
145
177
466
1261
1398
1099
1111
1756
2161
2005
1828
2102
2162
1666
1142
1125
1240
1314
1162
1036
1058
1108
1141
908
540
378
453
495
207
-85
-439
-704
-664
-443
-407
-572
-918
-1020
-941
-1023
-1314
-1309
-1225
-1433
-1614
-1573
-1072
-955
-1308
-1624
-1577
-1655
-1757
-1694
-1456
-1232
-1210
-1302
-1292
-1374
-1165
-789
-601
-518
-130
323
586
483
502
1278
1876
1763
1452
1946
2484
2524
1894
1834
2117
2087
1796
1653
1620
1653
1540
1333
1117
1176
1375
1414
1115
654
663
767
638
173
-309
-574
-543
-457
-503
-708
-931
-1137
-1090
-1155
-1045
-920
-1048
-1283
-1585
-1677
-1620
-1669
-1856
-1699
-1433
-1422
-1595
-1660
-1588
-1554
-1531
-1412
-1221
-1043
-836
-592
-431
-391
-456
-393
-182
93
266
855
1654
1898
1447
1517
2147
2676
2510
2197
2313
2316
1934
1583
1534
1396
1431
1434
1419
1258
1380
1354
1177
636
466
628
838
758
451
-154
-614
-793
-790
-896
-1028
-1272
-1240
-1190
-1274
-1580
-1530
-1460
-1495
-1608
-1638
-1385
-1435
-1844
-2037
-1890
-1868
-1931
-1895
-1752
-1596
-1508
-1531
-1589
-1705
-1374
-779
-330
-144
-36
53
77
170
386
1075
1514
1545
1456
2015
2644
2678
2317
2172
2434
2354
2187
2093
2014
1816
1449
1304
1290
1370
1444
1580
1044
684
816
780
594
494
216
-37
-276
-374
-391
-802
-1121
-1226
-1295
-1239
-1164
-1409
-1735
-1747
-1492
-1359
-1421
-1628
-1699
-1835
-1696
-1651
-1736
-1920
-1926
-1882
-1801
-1613
-1453
-1380
-1356
-1169
-789
-496
-345
-171
-145
110
400
1151
1873
1979
1649
1706
2411
2941
2795
2389
2365
2424
2290
2003
1996
1925
1882
1676
1712
1588
1487
1301
1056
908
816
787
860
640
194
-231
-235
-295
-341
-681
-956
-1025
-1181
-1269
-1308
-1488
-1628
-1462
-1683
-1951
-2211
-2098
-1911
-2110
-2306
-2049
-1839
-1932
-2122
-2150
-2060
-1904
-1907
-1882
-1813
-1450
-971
-789
-752
-673
-494
-196
27
350
1094
1489
1472
1532
2135
2726
2776
2504
2584
2740
2709
2491
2299
2161
1991
1768
1657
1587
1569
1713
1565
1126
786
863
1062
1002
624
299
46
1
-99
-346
-599
-849
-1131
-1205
-1063
-1105
-1296
-1513
-1523
-1527
-1687
-1765
-1770
-1819
-1984
-2151
-2218
-2175
-2096
-2051
-1983
-1822
-1539
-1370
-1566
-1663
-1409
-1003
-697
-657
-566
-481
-170
158
798
1276
1282
1214
1585
2452
2813
2579
2440
2578
2661
2561
2530
2596
2533
2224
1888
1828
1823
1842
1631
1159
810
882
1048
857
460
169
91
69
17
-128
-269
-463
-592
-838
-1105
-1330
-1374
-1444
-1667
-1900
-1991
-1758
-1697
-1959
-2192
-1955
-1745
-1827
-2090
-2125
-2024
-1987
-1988
-1896
-1885
-1769
-1470
-1215
-993
-866
-634
-405
-242
-89
339
1060
1271
1163
1189
1819
2327
2371
2165
2330
2412
2427
2324
2337
2220
2160
2082
2008
1830
1677
1768
1579
1071
708
827
915
745
372
124
-76
-117
-245
-404
-666
-699
-698
-670
-771
-1035
-1262
-1433
-1464
-1633
-1797
-1800
-1870
-1960
-2078
-2126
-2082
-2031
-1903
-1807
-1750
-1779
-1656
-1607
-1755
-1753
-1417
-1094
-897
-792
-726
-604
-326
30
603
1100
1242
1211
1425
1973
2180
2179
2063
2165
2213
2317
2369
2374
2181
2066
1971
1940
1820
1841
1871
1709
1241
953
938
904
689
335
19
-125
-134
-239
-421
-673
-763
-812
-842
-968
-1008
-1078
-1131
-1259
-1461
-1564
-1610
-1715
-1794
-1859
-1856
-1985
-2034
-1977
-1845
-1800
-1764
-1593
-1534
-1447
-1200
-939
-774
-654
-530
-446
-374
-187
-21
457
822
1034
1108
1521
2033
2297
2276
2221
2364
2375
2382
2315
2267
2171
2248
2156
2068
1882
1898
1756
1517
1190
1009
846
773
653
314
-27
-154
-182
-313
-525
-741
-833
-961
-938
-1142
-1300
-1352
-1282
-1411
-1660
-1859
-1832
-1798
-1865
-1972
-1999
-2086
-2137
-2101
-2116
-2124
-2045
-1888
-1856
-1811
-1604
-1354
-1075
-848
-735
-590
-345
-52
161
552
774
796
854
1270
1738
1917
1946
1999
2138
2152
2174
2283
2339
2267
2215
2204
2108
2004
2023
1935
1797
1513
1321
1101
994
822
535
188
37
-97
-244
-374
-477
-575
-717
-841
-1044
-1172
-1216
-1265
-1322
-1428
-1503
-1563
-1640
-1727
-1825
-1946
-2028
-1979
-1924
-1922
-1923
-1845
-1786
-1754
-1651
-1383
-1185
-1032
-829
-699
-607
-453
-196
55
438
744
960
1089
1341
1714
1921
1989
1973
1954
1915
1892
1930
2015
1979
2046
2015
2014
1895
1932
1874
1725
1531
1309
1101
958
788
613
378
193
28
-189
-336
-477
-538
-723
-938
-1068
-1153
-1168
-1199
-1299
-1430
-1527
-1546
-1580
-1559
-1569
-1668
-1722
-1727
-1662
-1598
-1626
-1631
-1637
-1623
-1507
-1275
-1066
-915
-784
-620
-475
-400
-288
-118
121
452
702
875
1035
1218
1397
1535
1638
1766
1767
1786
1768
1771
1787
1804
1758
1690
1706
1725
1723
1633
1494
1339
1219
1055
854
600
423
220
56
-151
-359
-517
-661
-799
-889
-959
-1005
-1080
-1165
-1289
-1375
-1412
-1422
-1447
-1507
-1563
-1568
-1534
-1499
-1519
-1546
-1543
-1506
-1502
-1485
-1384
-1271
-1131
-1026
-869
-647
-476
-414
-337
-209
-146
-81
113
307
525
716
923
1108
1248
1363
1455
1518
1572
1640
1713
1783
1810
1806
1825
1874
1856
1768
1616
1540
1566
1506
1370
1181
986
838
690
568
395
202
-27
-268
-452
-598
-725
-789
-826
-910
-959
-1006
-1098
-1158
-1227
-1358
-1421
-1391
-1380
-1414
-1401
-1418
-1502
-1520
-1489
-1415
-1390
-1449
-1451
-1377
-1178
-997
-843
-707
-601
-491
-424
-397
-295
-102
71
247
472
658
771
947
1120
1260
1377
1520
1620
1650
1660
1703
1790
1874
1923
1945
1967
1903
1822
1729
1599
1440
1280
1126
1009
870
702
472
263
163
-44
-236
-511
-753
-893
-994
-992
-1078
-1166
-1233
-1311
-1414
-1505
-1527
-1514
-1552
-1648
-1680
-1687
-1730
-1736
-1715
-1701
-1703
-1656
-1471
-1296
-1188
-1100
-981
-856
-747
-691
-620
-538
-407
-236
-5
182
363
566
695
854
1040
1199
1331
1485
1594
1664
1778
1872
1917
1993
2075
2101
2008
1901
1861
1793
1681
1590
1489
1307
1113
940
707
460
269
100
-59
-246
-433
-590
-705
-816
-913
-1060
-1193
-1271
-1298
-1290
-1335
-1405
-1496
-1553
-1537
-1478
-1435
-1469
-1451
-1425
-1407
-1343
-1254
-1165
-1100
-957
-769
-672
-627
-561
-508
-494
-464
-324
-128
95
317
465
632
821
968
1127
1279
1376
1501
1660
1701
1704
1779
1894
1952
2001
2025
1977
1874
1784
1753
1646
1502
1397
1200
1015
855
612
347
102
-50
-239
-383
-507
-658
-778
-894
-963
-1077
-1211
-1260
-1277
-1334
-1436
-1520
-1554
-1551
-1527
-1527
-1519
-1523
-1519
-1445
-1406
-1424
-1444
-1393
-1305
-1219
-1122
-1039
-984
-935
-875
-820
-735
-591
-466
-271
-35
148
323
504
691
860
1024
1164
1236
1321
1377
1473
1525
1574
1675
1767
1870
1858
1885
1874
1786
1700
1585
1457
1346
1181
1028
838
656
449
299
207
97
-18
-167
-344
-518
-636
-708
-795
-854
-913
-948
-976
-1031
-1107
-1229
-1323
-1351
-1388
-1359
-1317
-1317
-1305
-1356
-1377
-1388
-1395
-1365
-1283
-1223
-1163
-1060
-971
-935
-888
-845
-710
-554
-352
-101
87
266
426
619
761
915
1099
1252
1353
1410
1518
1573
1620
1725
1822
1920
1967
1972
1909
1835
1810
1727
1630
1517
1361
1242
1105
979
840
697
580
393
215
5
-191
-328
-511
-660
-743
-848
-899
-945
-979
-1079
-1196
-1281
-1313
-1320
-1393
-1435
-1474
-1492
-1420
-1367
-1391
-1465
-1501
-1507
-1445
-1333
-1284
-1224
-1172
-1154
-1143
-1070
-939
-778
-582
-397
-172
51
246
408
536
665
858
1009
1094
1188
1291
1417
1475
1551
1629
1704
1840
1946
1982
1928
1864
1769
1635
1551
1461
1368
1255
1099
957
774
615
507
342
160
-32
-168
-273
-408
-530
-636
-751
-888
-993
-1022
-1079
-1197
-1299
-1378
-1434
-1491
-1522
-1527
-1589
-1592
-1600
-1601
-1577
-1567
-1555
-1525
-1484
-1426
-1366
-1277
-1203
-1159
-1102
-976
-784
-606
-391
-191
-4
205
405
565
729
891
1058
1178
1284
1409
1486
1603
1732
1845
1967
2086
2134
2131
2104
2049
1983
1909
1777
1654
1549
1423
1297
1140
947
739
569
415
203
26
-148
-265
-365
-475
-598
-739
-844
-976
-1072
-1166
-1262
-1301
-1387
-1502
-1584
-1647
-1661
-1656
-1569
-1528
-1579
-1632
-1644
-1627
-1603
-1547
-1461
-1408
-1315
-1210
-1091
-980
-874
-696
-520
-325
-158
32
246
433
618
798
960
1124
1258
1383
1496
1597
1721
1820
1910
2004
2149
2233
2248
2226
2155
2098
2065
1962
1779
1561
1379
1223
1047
877
628
422
276
129
-24
-205
-367
-555
-736
-859
-977
-1076
-1197
-1307
-1376
-1486
-1597
-1651
-1694
-1714
-1717
-1727
-1756
-1754
-1785
-1802
-1805
-1790
-1739
-1700
-1608
-1506
-1412
-1311
-1214
-1136
-1074
-955
-800
-651
-476
-286
-65
150
344
525
688
871
1076
1249
1397
1549
1707
1841
1932
2023
2134
2243
2367
2442
2429
2329
2207
2130
2048
1881
1703
1520
1347
1201
1036
829
629
451
259
64
-140
-332
-503
-688
-817
-928
-1014
-1127
-1238
-1308
-1402
-1481
-1551
-1592
-1592
-1603
-1600
-1600
-1612
-1610
-1661
-1684
-1704
-1696
-1676
-1614
-1556
-1491
-1356
-1262
-1170
-1035
-907
-782
-619
-486
-331
-166
30
254
462
691
911
1171
1389
1546
1661
1748
1838
1950
2064
2136
2163
2211
2255
2276
2241
2149
2019
1851
1771
1641
1501
1346
1139
940
730
537
349
172
-8
-235
-428
-598
-789
-931
-1048
-1133
-1198
-1215
-1220
-1279
-1355
-1430
-1471
-1513
-1564
-1560
-1553
-1557
-1561
-1529
-1539
-1561
-1540
-1515
-1471
-1428
-1372
-1314
-1242
-1162
-1066
-932
-798
-668
-530
-415
-288
-147
53
297
502
700
940
1125
1288
1416
1540
1638
1707
1801
1887
1956
1959
1946
1958
1955
1953
1880
1808
1716
1585
1472
1281
1078
890
688
556
369
205
30
-143
-310
-523
-678
-814
-872
-936
-1031
-1090
-1153
-1201
-1213
-1222
-1231
-1265
-1251
-1252
-1318
-1306
-1297
-1291
-1267
-1249
-1222
-1213
-1186
-1184
-1185
-1166
-1157
-1084
-988
-850
-682
-533
-390
-261
-100
23
114
257
417
554
711
875
1064
1228
1397
1529
1654
1731
1743
1785
1770
1737
1718
1715
1704
1679
1710
1669
1544
1424
1249
1062
861
679
543
411
277
121
-50
-200
-323
-408
-488
-601
-707
-795
-872
-977
-1034
-1051
-1060
-1036
-1033
-1036
-1098
-1170
-1193
-1239
-1270
-1252
-1199
-1140
-1147
-1166
-1173
-1180
-1132
-1067
-1019
-962
-891
-798
-697
-606
-483
-351
-264
-152
-15
103
197
324
446
542
670
820
977
1078
1171
1239
1297
1324
1344
1352
1361
1378
1363
1342
1264
1204
1179
1149
1073
954
849
718
602
498
373
270
170
50
-46
-96
-174
-261
-372
-516
-612
-716
-764
-774
-775
-776
-772
-783
-824
-841
-865
-928
-969
-974
-975
-975
-962
-914
-886
-869
-854
-823
-752
-701
-678
-670
-686
-666
-594
-484
-373
-248
-130
-106
-50
-5
54
165
251
363
514
664
751
809
906
955
1009
1075
1088
1105
1088
1076
1087
1071
1058
1052
1077
1097
1071
1000
909
825
731
695
643
555
485
391
311
212
92
-7
-122
-224
-324
-394
-400
-449
-497
-552
-580
-559
-544
-531
-554
-618
-687
-761
-770
-771
-774
-761
-772
-796
-839
-890
-913
-882
-839
-817
-821
-802
-776
-713
-645
-571
-487
-422
-356
-290
-232
-192
-163
-82
-2
92
218
359
484
570
627
656
677
669
710
781
836
896
952
1014
1030
1057
1072
1041
1031
1010
976
912
827
727
626
553
519
482
418
319
199
117
23
-100
-169
-214
-258
-268
-305
-344
-379
-433
-513
-589
-671
-751
-805
-863
-925
-955
-968
-999
-1006
-1025
-1056
-1040
-1045
-1040
-1039
-1053
-1042
-1006
-925
-828
-681
-592
-544
-491
-448
-399
-345
-280
-214
-134
-29
120
261
398
524
616
730
848
961
1019
1056
1069
1114
1228
1279
1347
1419
1446
1459
1449
1407
1345
1288
1239
1165
1126
1060
1004
949
865
762
648
551
459
350
252
157
44
-60
-192
-301
-384
-452
-527
-620
-718
-832
-935
-1052
-1131
-1174
-1185
-1187
-1198
-1220
-1272
-1314
-1307
-1309
-1333
-1348
-1361
-1328
-1278
-1223
-1169
-1110
-1028
-943
-843
-758
-725
-680
-609
-498
-331
-171
-8
142
307
464
596
745
829
919
1016
1139
1271
1329
1388
1445
1466
1514
1577
1615
1605
1557
1526
1474
1417
1327
1203
1076
990
914
820
711
577
407
250
131
-4
-126
-184
-254
-342
-452
-579
-656
-758
-836
-920
-1025
-1099
-1178
-1235
-1307
-1363
-1385
-1381
-1349
-1339
-1352
-1389
-1416
-1401
-1376
-1344
-1300
-1241
-1149
-1051
-934
-813
-693
-574
-458
-348
-218
-88
26
133
268
412
570
762
929
1054
1186
1303
1374
1428
1486
1532
1597
1684
1758
1783
1751
1721
1675
1683
1671
1621
1539
1426
1285
1103
893
734
603
460
344
238
108
-49
-175
-297
-423
-509
-592
-633
-691
-769
-818
-923
-1026
-1137
-1222
-1286
-1314
-1330
-1383
-1439
-1492
-1524
-1555
-1537
-1490
-1447
-1386
-1343
-1315
-1297
-1261
-1157
-1065
-950
-775
-605
-446
-329
-232
-172
-94
15
156
322
500
666
771
899
1037
1154
1264
1382
1485
1555
1593
1633
1604
1584
1544
1512
1520
1480
1461
1413
1339
1251
1151
1053
962
852
761
649
521
377
214
71
-85
-217
-319
-440
-543
-632
-754
-847
-926
-1016
-1081
-1098
-1119
-1169
-1240
-1314
-1409
-1496
-1475
-1437
-1411
-1353
-1312
-1293
-1253
-1231
-1191
-1122
-1056
-1004
-941
-867
-809
-731
-600
-443
-318
-171
-16
106
231
324
368
433
519
632
745
845
922
1002
1084
1157
1212
1237
1237
1231
1253
1299
1324
1340
1330
1300
1269
1218
1162
1109
1040
959
889
809
736
649
554
474
405
314
202
70
-68
-184
-279
-387
-455
-508
-548
-561
-591
-645
-717
-742
-767
-806
-807
-799
-819
-856
-887
-924
-947
-934
-919
-889
-864
-864
-859
-840
-794
-747
-682
-641
-589
-516
-443
-377
-321
-246
-168
-100
-3
122
182
199
213
268
337
392
464
567
670
741
802
832
836
835
851
872
845
830
837
816
796
785
783
765
749
747
701
652
583
500
436
314
247
212
145
88
21
-56
-169
-246
-296
-371
-443
-464
-469
-491
-550
-585
-638
-700
-772
-862
-911
-944
-951
-934
-930
-963
-988
-983
-993
-999
-968
-946
-912
-887
-822
-754
-726
-666
-599
-518
-415
-291
-192
-135
-78
-3
55
114
205
291
373
454
551
631
702
809
908
1008
1086
1151
1200
1251
1292
1280
1257
1219
1195
1209
1233
1224
1192
1149
1124
1092
1025
981
920
840
756
663
555
445
318
194
67
-56
-168
-282
-394
-466
-529
-601
-674
-754
-827
-892
-961
-1051
-1120
-1204
-1254
-1264
-1283
-1312
-1346
-1353
-1366
-1366
-1332
-1293
-1240
-1159
-1076
-1007
-947
-901
-839
-754
-655
-529
-383
-269
-187
-109
-38
6
84
204
335
455
574
669
751
856
972
1061
1124
1183
1245
1324
1389
1471
1521
1522
1515
1507
1470
1428
1406
1361
1308
1238
1145
1014
894
795
669
558
436
299
130
-23
-171
-323
-457
-565
-633
-719
-808
-895
-975
-1088
-1220
-1303
-1334
-1380
-1432
-1463
-1474
-1474
-1455
-1421
-1370
-1310
-1282
-1243
-1224
-1180
-1155
-1120
-1055
-975
-914
-829
-720
-622
-502
-366
-235
-109
30
161
282
415
558
659
749
860
957
1070
1179
1258
1304
1355
1426
1474
1531
1571
1607
1639
1634
1612
1540
1446
1372
1313
1255
1177
1085
1012
900
780
641
486
363
257
187
75
-73
-209
-361
-498
-616
-711
-771
-848
-893
-937
-993
-1089
-1161
-1212
-1267
-1274
-1265
-1264
-1272
-1289
-1304
-1299
-1289
-1267
-1224
-1159
-1105
-1046
-968
-901
-860
-783
-666
-552
-429
-327
-235
-132
-33
78
198
310
451
550
628
705
789
875
932
984
1048
1090
1117
1166
1189
1189
1195
1198
1197
1213
1195
1155
1084
985
901
810
727
619
547
480
399
326
236
151
48
-36
-118
-197
-267
-342
-428
-492
-558
-615
-676
-759
-807
-857
-904
-937
-951
-971
-994
-1005
-936
-871
-874
-852
-833
-815
-843
-839
-822
-769
-676
-617
-527
-442
-374
-318
-269
-192
-97
-10
72
156
241
305
370
414
470
522
567
625
709
784
835
861
851
867
873
872
865
818
777
757
717
666
627
577
533
501
480
449
374
293
235
172
113
59
31
11
-47
-104
-150
-172
-206
-262
-304
-327
-346
-369
-406
-443
-475
-513
-556
-551
-516
-485
-460
-444
-434
-441
-432
-408
-395
-293
-44
-25
-126
-172
-169
-200
-243
-226
-110
30
-25
-101
76
163
88
97
153
204
224
190
227
278
153
-3
-18
63
173
247
269
302
270
99
-4
-8
31
125
238
301
312
220
83
-36
-90
-60
-4
34
25
2
-39
-143
-244
-287
-228
-150
-105
-78
-99
-191
-262
-255
-220
-133
-27
54
54
-28
-109
-158
-183
-176
-169
-138
-92
-104
-136
-144
-122
-58
-27
9
48
67
46
-1
-27
-36
-16
42
92
92
65
44
34
12
38
112
199
275
327
328
283
223
157
124
109
144
191
167
97
19
-23
-26
22
78
103
97
47
0
-83
-159
-147
-113
-51
-2
-26
-64
-111
-150
-167
-178
-162
-96
-27
-61
-53
-6
5
-17
-49
-48
30
108
121
133
162
172
155
140
130
176
220
254
268
258
232
198
165
169
218
267
313
293
233
176
129
103
102
97
124
118
78
28
-44
-87
-95
-93
-81
-53
-57
-118
-168
-241
-333
-386
-405
-406
-414
-434
-469
-536
-577
-564
-511
-467
-425
-377
-375
-411
-459
-479
-449
-393
-324
-228
-151
-125
-123
-106
-72
-30
18
54
83
127
133
143
162
211
277
337
432
505
533
548
570
569
530
508
535
516
454
413
413
390
357
352
355
364
343
324
333
301
256
220
163
101
30
-2
-63
-111
-118
-130
-163
-235
-303
-352
-402
-446
-440
-377
-366
-401
-459
-552
-623
-669
-674
-636
-566
-489
-463
-506
-532
-525
-499
-440
-351
-253
-144
-108
-187
-176
-114
-72
36
153
247
309
340
324
324
360
394
466
505
548
604
612
594
590
587
582
578
561
597
615
589
575
553
537
506
467
450
441
421
419
392
329
263
224
161
93
79
53
0
-89
-192
-254
-315
-377
-404
-430
-436
-458
-481
-521
-566
-601
-613
-617
-634
-636
-627
-610
-596
-589
-584
-590
-589
-594
-575
-525
-450
-402
-393
-397
-376
-359
-340
-272
-201
-121
-63
-31
-25
-17
13
67
119
190
286
340
338
345
346
374
416
465
523
557
551
524
520
505
506
537
584
594
591
589
557
508
457
417
365
332
340
334
283
222
166
102
25
-26
-32
-38
-45
-60
-102
-169
-273
-343
-345
-351
-362
-389
-397
-437
-515
-571
-590
-564
-525
-534
-541
-540
-576
-591
-542
-464
-388
-313
-255
-242
-284
-297
-284
-233
-196
-153
-91
-74
-43
26
70
116
182
260
311
343
362
395
442
435
470
536
556
552
544
567
597
623
647
635
602
589
562
565
545
511
482
440
388
306
280
300
283
225
147
80
17
-52
-96
-120
-132
-150
-192
-277
-372
-424
-424
-422
-393
-364
-382
-437
-519
-595
-609
-571
-535
-521
-520
-525
-540
-562
-576
-559
-503
-451
-426
-412
-423
-423
-404
-357
-291
-198
-113
-57
-75
-111
-118
-101
-30
28
87
140
162
181
205
208
273
349
362
374
388
381
365
355
361
396
422
416
418
413
399
401
394
396
417
405
366
331
273
246
240
229
230
210
162
127
117
102
61
41
14
-64
-124
-179
-227
-246
-239
-248
-250
-247
-264
-289
-303
-325
-323
-304
-281
-241
-222
-227
-246
-305
-355
-344
-326
-300
-260
-241
-225
-187
-183
-171
-120
-81
-47
-8
18
7
-12
-42
-42
-20
5
67
103
134
183
214
221
235
246
231
249
278
294
296
298
308
303
305
326
340
342
336
326
306
300
289
266
238
234
227
194
158
125
98
70
69
39
5
-13
-46
-69
-54
-47
-41
-28
-46
-99
-150
-174
-200
-194
-158
-136
-137
-150
-181
-224
-250
-256
-259
-281
-301
-310
-336
-386
-399
-366
-324
-300
-264
-232
-220
-197
-171
-154
-151
-161
-154
-104
-71
-58
-38
-22
-20
-20
-8
8
52
76
93
133
150
152
138
139
156
162
180
185
177
145
102
109
126
129
154
179
161
126
99
67
43
27
30
45
51
71
71
48
24
8
32
56
74
89
64
45
8
-38
-41
-18
-13
24
59
53
29
-27
-48
-54
-68
-68
-30
9
9
-13
-12
-13
-46
-53
-39
-20
23
75
86
47
20
7
-29
-87
-96
-52
-25
-40
-44
-30
-51
-89
-106
-85
-69
-27
3
-1
10
-13
-54
-79
-88
-62
-22
36
57
56
61
33
-2
0
18
71
81
79
79
57
42
52
91
127
159
185
211
205
162
89
47
5
-42
-8
34
33
37
74
73
53
38
12
10
6
11
26
34
22
-3
-40
-62
-77
-87
-71
-69
-100
-129
-164
-169
-153
-134
-89
-52
-67
-104
-141
-181
-180
-143
-103
-73
-53
-43
-36
-68
-104
-97
-106
-118
-95
-62
-45
-53
-56
-19
9
8
12
29
3
-61
-79
-76
-76
-55
-14
15
15
9
0
14
28
43
72
68
81
98
95
77
61
62
60
40
35
67
106
141
152
176
204
183
163
166
161
122
108
71
47
20
-15
15
37
49
34
26
31
40
26
12
40
26
0
4
8
-10
-27
-24
-31
-49
-62
-51
-30
-24
-35
-15
9
-10
-49
-62
-72
-82
-69
-39
-2
35
39
33
6
-29
-21
-16
-16
-14
11
48
41
25
41
80
71
45
47
56
45
9
-11
-4
-17
-34
-37
-12
-21
-43
-49
-58
-73
-75
-61
-64
-81
-85
-93
-106
-130
-127
-95
-83
-101
-97
-108
-145
-150
-134
-108
-105
-94
-81
-74
-90
-116
-91
-46
-14
5
22
32
37
52
75
79
87
112
132
155
153
163
166
145
126
114
123
131
163
179
184
151
131
111
67
48
48
54
15
6
5
11
-4
-7
19
40
24
11
26
31
-6
-55
-78
-103
-134
-171
-192
-204
-210
-221
-219
-206
-191
-173
-158
-162
-151
-119
-100
-102
-108
-95
-65
-49
-49
-45
-29
-23
-15
11
45
102
119
125
139
132
126
133
120
85
90
112
137
139
139
184
243
275
283
281
251
220
202
182
189
202
171
137
125
107
99
122
127
142
144
128
104
58
4
-27
-26
-62
-87
-82
-92
-117
-156
-204
-233
-253
-276
-248
-198
-198
-197
-210
-239
-264
-288
-299
-297
-279
-239
-204
-169
-153
-141
-115
-137
-143
-117
-97
-90
-105
-99
-98
-104
-75
-36
-5
19
45
77
98
94
92
94
85
67
62
74
85
86
80
89
118
143
164
178
194
190
167
147
125
109
118
146
156
127
99
70
48
61
80
102
104
101
73
33
7
-21
-10
11
-3
-11
-4
-18
-39
-50
-47
-42
-36
-52
-67
-80
-116
-110
-81
-55
-46
-30
-30
-63
-100
-96
-71
-52
-39
-30
-11
-35
-61
-79
-99
-115
-88
-77
-78
-73
-66
-37
-19
-22
-5
40
60
61
73
84
84
89
69
39
34
15
7
19
32
49
76
87
95
101
77
63
58
56
50
36
24
26
42
37
48
57
49
44
25
20
26
47
72
93
114
115
86
58
48
42
39
52
57
51
22
-10
-39
-61
-65
-60
-22
19
43
25
1
-35
-54
-85
-97
-72
-69
-58
-67
-82
-94
-112
-115
-92
-91
-104
-90
-78
-80
-83
-79
-85
-84
-81
-67
-56
-47
-47
-65
-80
-78
-95
-104
-83
-58
-31
-3
4
10
29
36
54
75
68
36
23
16
9
6
19
34
59
82
105
113
100
75
59
41
43
37
27
9
-26
-36
-43
-44
-35
-22
-7
-12
-44
-66
-82
-78
-73
-44
-7
35
35
7
-15
-45
-61
-57
-31
-14
-4
1
-6
-16
-31
-26
2
16
18
24
23
12
-21
-32
-17
-20
-5
38
73
99
116
122
127
150
169
161
167
180
165
130
114
93
85
107
119
98
89
54
3
-30
-45
-10
29
64
77
73
60
40
22
13
23
26
-2
-38
-63
-92
-108
-103
-90
-65
-43
-43
-48
-64
-84
-106
-111
-99
-88
-92
-97
-87
-77
-97
-115
-136
-138
-118
-108
-74
-71
-76
-85
-102
-110
-97
-73
-40
-12
-4
-7
-4
-12
-35
-37
-17
7
22
42
31
20
16
21
23
30
47
55
64
82
95
88
67
26
0
-3
12
38
63
93
121
110
69
40
21
0
-15
-9
6
24
33
24
4
-8
-32
-32
-24
-26
-23
-40
-59
-68
-65
-75
-78
-73
-69
-70
-66
-77
-83
-74
-59
-44
-7
31
58
65
67
53
53
73
77
81
103
93
62
70
79
94
139
166
170
157
146
118
92
84
50
41
46
27
23
36
25
23
39
57
58
61
40
33
28
1
-15
-42
-84
-105
-129
-133
-103
-100
-104
-104
-94
-96
-71
-45
-27
-19
-22
-35
-35
-42
-46
-45
-41
-45
-57
-47
-46
-48
-37
-26
-17
4
19
23
10
9
16
40
56
63
61
34
10
-7
-5
7
12
-4
-6
-19
-24
-19
-24
-21
-21
-15
-34
-40
-44
-71
-83
-78
-73
-86
-102
-120
-125
-120
-127
-105
-71
-50
-29
-22
-18
-8
-12
-5
3
10
11
18
16
6
17
29
46
68
82
99
122
114
97
82
46
42
50
68
86
95
100
92
55
29
14
6
18
49
71
66
60
39
30
35
43
52
39
20
-2
-34
-50
-65
-83
-57
-33
-25
-2
14
6
-15
-34
-51
-58
-43
-26
-29
-15
0
-5
-6
-2
-6
-15
-20
-13
-4
-9
-4
22
25
24
30
26
18
14
24
17
28
55
51
46
27
22
39
55
79
109
131
132
111
102
100
80
76
70
76
72
52
40
12
0
-3
6
-3
-5
11
0
-24
-32
-51
-75
-77
-85
-79
-70
-67
-79
-89
-117
-150
-165
-172
-182
-173
-151
-143
-141
-139
-129
-118
-107
-96
-89
-86
-103
-117
-121
-119
-111
-92
-59
-56
-75
-72
-62
-43
-2
37
65
82
91
98
108
120
128
134
159
193
229
238
229
232
219
190
189
195
183
169
160
137
122
131
136
108
93
64
25
7
-30
-49
-57
-72
-71
-51
-56
-76
-103
-121
-141
-167
-180
-177
-174
-191
-185
-197
-215
-225
-215
-214
-182
-144
-129
-125
-128
-133
-111
-96
-89
-67
-44
-53
-56
-35
-45
-37
-13
8
16
27
27
34
54
81
111
127
154
176
157
132
127
126
128
128
146
151
147
128
127
120
126
129
113
106
100
74
46
29
18
12
19
54
74
108
115
102
96
82
55
37
40
30
19
14
-6
-10
8
15
49
61
59
50
18
20
22
3
-24
-34
-62
-87
-80
-81
-72
-67
-65
-70
-86
-99
-105
-98
-97
-86
-73
-85
-104
-123
-134
-150
-140
-131
-124
-108
-102
-110
-102
-86
-76
-38
-14
-12
-16
-17
-28
-35
-24
-23
-23
-29
-11
-3
6
20
29
22
19
32
39
39
46
61
69
74
55
60
78
86
100
105
96
87
75
78
91
91
93
106
121
111
107
100
67
52
32
20
15
-10
-13
-19
-7
-19
-38
-38
-48
-46
-35
-17
-14
-23
-13
-13
-55
-87
-98
-98
-105
-87
-70
-69
-62
-62
-70
-84
-100
-111
-100
-88
-74
-57
-66
-71
-71
-79
-79
-75
-82
-91
-71
-61
-56
-51
-48
-41
-29
-6
16
29
35
42
49
49
37
25
23
33
60
81
79
78
87
94
108
127
141
153
162
147
148
151
154
161
165
169
170
170
159
148
135
127
118
123
121
110
94
74
76
77
64
60
57
23
-24
-54
-85
-111
-120
-116
-115
-112
-114
-110
-117
-148
-176
-200
-211
-216
-203
-192
-195
-205
-207
-212
-190
-161
-138
-119
-112
-113
-119
-127
-131
-121
-122
-104
-72
-38
-14
4
27
50
60
75
97
100
103
120
146
166
174
202
204
187
189
173
157
154
151
151
151
143
140
141
136
118
103
86
54
23
-1
-37
-64
-82
-82
-60
-53
-58
-67
-98
-133
-161
-178
-185
-190
-176
-154
-129
-128
-134
-155
-189
-194
-190
-150
-130
-102
-71
-58
-56
-57
-50
-48
-37
-24
-22
-7
22
30
28
30
47
60
62
75
105
124
135
165
189
225
237
233
216
221
208
192
203
199
187
178
173
172
163
131
113
92
75
76
81
71
55
45
19
-7
-32
-59
-73
-83
-97
-102
-110
-117
-129
-138
-147
-159
-165
-183
-180
-179
-162
-137
-128
-124
-125
-125
-124
-123
-104
-100
-108
-113
-115
-116
-114
-78
-56
-34
-20
-5
9
-2
5
17
35
41
52
73
86
86
87
97
103
100
93
97
84
77
68
58
71
74
81
88
76
71
61
45
24
10
3
16
30
22
27
24
8
-7
-18
-31
-35
-51
-60
-65
-77
-75
-82
-87
-89
-71
-57
-52
-41
-30
-41
-57
-57
-71
-74
-73
-78
-61
-47
-34
-26
-14
-5
8
16
27
32
25
7
-14
-14
-4
21
39
59
81
93
96
106
109
106
104
107
111
115
126
122
110
113
98
69
46
36
29
19
25
38
46
44
28
6
-10
-28
-43
-34
-18
-17
-6
4
3
-26
-52
-68
-71
-58
-45
-49
-61
-68
-65
-63
-62
-55
-45
-32
-18
-19
-18
-32
-47
-41
-29
-16
-20
-32
-41
-25
-19
-12
8
19
36
43
38
46
31
22
22
24
28
33
17
22
24
14
20
29
27
21
26
-3
-18
-25
-32
-30
-29
-27
-16
-19
-23
-31
-42
-59
-92
-79
-65
-58
-45
-27
-22
-42
-45
-53
-77
-87
-83
-69
-59
-49
-42
-34
-17
3
-2
-8
-9
-16
-7
-5
3
13
8
12
22
28
27
28
38
49
59
90
99
107
106
92
64
45
34
38
36
38
62
47
36
20
-1
-6
-9
8
21
32
35
43
45
45
42
30
10
-2
-6
0
-11
-12
-8
-11
-10
-13
-13
-24
-43
-58
-68
-71
-59
-66
-53
-52
-53
-62
-83
-75
-80
-63
-28
-5
-8
-4
-15
-36
-41
-27
3
39
52
44
55
47
48
70
82
92
88
85
100
116
108
107
108
109
101
100
104
89
74
57
46
36
48
57
60
73
67
75
71
29
2
-19
-40
-37
-51
-31
-36
-58
-68
-84
-85
-101
-101
-87
-81
-90
-92
-93
-89
-97
-95
-93
-107
-101
-112
-126
-132
-142
-136
-130
-115
-95
-82
-79
-71
-65
-59
-46
-24
0
23
21
9
12
-4
-12
-20
-14
21
35
55
73
82
79
61
69
62
68
64
45
35
18
9
1
1
12
18
24
30
38
42
34
33
27
29
35
27
24
25
28
32
44
49
42
46
26
3
-21
-31
-44
-52
-48
-54
-45
-26
-18
-13
-8
-9
-4
-1
-16
-19
-13
-10
-5
7
37
72
95
111
122
117
86
62
68
57
56
65
76
83
86
89
67
48
23
16
9
20
19
11
13
3
3
17
40
65
74
48
23
-10
-30
-37
-34
-15
-7
-12
-25
-36
-43
-44
-43
-42
-25
-9
-17
-26
-30
-47
-65
-66
-63
-57
-45
-53
-73
-92
-107
-112
-121
-123
-113
-95
-86
-64
-37
-29
-26
-8
8
10
10
3
-22
-34
-38
-32
