SAMPLES:	9075
BITSPERSAMPLE:	16
CHANNELS:	1
SAMPLERATE:	16000
NORMALIZED:	FALSE
-10
-10
-9
-7
-7
-6
-6
-8
-7
-9
-10
-7
-3
-1
0
1
1
1
0
3
7
9
10
13
15
15
16
16
15
15
13
10
9
10
9
11
12
10
11
11
11
13
14
12
7
2
2
1
3
7
6
8
6
2
2
0
1
-1
-2
-3
-2
-2
0
1
2
0
2
3
-2
-5
-8
-10
-11
-7
-3
0
-2
-4
-8
-12
-11
-11
-10
-8
-5
-2
-1
-1
-4
-9
-9
-8
-6
-6
-5
-4
-3
-3
0
3
6
6
6
4
2
-2
-5
-5
-5
-2
2
7
7
7
4
3
1
1
1
2
3
1
1
-1
0
2
1
5
6
4
-2
-6
-13
-17
-16
-10
-5
-1
2
4
2
2
-2
-2
-4
-3
-2
-3
-2
-4
-5
-2
1
-2
1
-4
-1
-7
4
-6
48
90
39
-9
-69
5
28
7
-23
-13
1
-39
-58
-57
-13
-2
-30
-24
-49
-48
-22
-13
24
-8
-11
9
27
48
43
33
50
48
55
62
70
74
66
49
51
47
23
15
3
4
-17
-38
-32
-31
-34
-40
-54
-51
-58
-46
-32
-27
-21
-16
-1
14
18
16
15
17
12
11
7
4
-4
-10
-3
-7
-6
-14
-11
-9
-24
-29
-35
-31
-21
-13
-8
-7
-2
4
25
20
18
21
24
37
39
42
44
45
44
46
42
43
32
19
15
7
1
-13
-23
-16
-15
-23
-34
-39
-44
-44
-51
-64
-67
-68
-48
-35
-25
-19
-18
-15
-13
-12
-9
-7
-8
-6
-6
-8
-10
-5
18
32
25
14
-3
-1
-1
10
23
26
33
22
18
14
28
40
46
44
39
36
29
34
28
18
11
-1
-4
-8
-18
-21
-28
-33
-37
-39
-47
-44
-47
-54
-56
-63
-51
-42
-35
-26
-25
-13
9
11
18
6
4
5
21
36
34
25
18
28
17
13
4
14
31
48
55
55
49
65
72
73
79
88
101
90
83
59
44
41
41
44
33
17
-4
-32
-49
-61
-62
-74
-89
-103
-111
-114
-120
-114
-113
-103
-95
-84
-62
-46
-40
-42
-41
-20
-2
20
28
21
29
30
31
16
15
9
20
22
28
46
40
45
68
99
96
83
74
100
120
113
96
94
81
78
60
42
44
35
5
-23
-48
-75
-89
-97
-100
-106
-105
-120
-130
-141
-130
-113
-103
-108
-102
-77
-51
-43
-44
-23
4
4
2
-3
-13
-15
-24
-27
-23
-43
-64
-88
-90
-86
-120
-141
-124
-120
-146
-164
-145
-95
-81
-124
-102
463
684
381
15
10
455
624
484
343
628
505
178
103
115
281
329
64
-21
-198
-374
-285
-156
-244
-421
-493
-509
-332
-332
-401
-367
-320
-311
-172
-100
53
165
178
209
373
423
399
443
455
445
322
189
218
243
114
7
-115
-224
-297
-254
-285
-313
-411
-464
-383
-338
-329
-272
-194
-100
-40
17
90
174
213
269
358
307
285
281
304
314
253
142
40
3
-23
-4
-119
-7
174
-33
-298
-475
-229
-34
-117
-249
-145
-36
-204
-319
-264
-19
89
-42
-98
-149
-122
-13
22
44
-73
-111
6
90
43
-34
-73
14
32
-25
-28
-12
75
72
-19
-89
359
846
715
265
-37
229
496
596
438
474
448
119
46
12
81
195
-2
-188
-375
-519
-475
-385
-348
-526
-621
-656
-504
-372
-408
-468
-443
-342
-207
-95
6
103
178
208
276
386
476
518
548
427
193
42
56
192
60
-159
-354
-499
-624
-630
-558
-573
-633
-666
-582
-441
-463
-474
-419
-311
-154
-43
64
85
69
157
412
418
1020
1895
1734
981
462
927
1463
1505
1002
1016
1191
499
136
179
329
527
124
-395
-589
-784
-858
-726
-697
-1066
-1185
-1195
-942
-756
-934
-1066
-838
-608
-384
-135
-26
153
339
485
752
1079
941
845
925
1124
909
436
167
281
335
75
-160
-593
-819
-848
-869
-963
-1233
-1319
-1152
-1020
-1026
-1053
-838
-524
-276
-191
-48
102
166
231
342
392
261
158
129
153
116
9
-151
-267
-280
-320
-530
-543
-556
496
1943
1835
671
-207
558
1645
2112
1608
1692
2081
1354
874
944
1131
1372
1088
649
338
-139
-435
-419
-345
-750
-943
-1184
-1295
-1251
-1230
-1273
-1245
-1445
-1484
-1161
-594
-282
-29
137
-2
270
319
660
776
574
361
429
224
-264
-484
-440
-342
-590
-1383
-1643
-1533
-1721
-1753
-1833
-1587
-1479
-1501
-1414
-1162
-839
-506
-206
-152
-192
-54
269
666
806
753
630
651
643
612
702
637
357
1812
3223
2501
726
-1
1748
3032
2555
1161
1665
2230
1325
762
572
1088
1371
729
403
91
-366
-579
-416
-420
-941
-1221
-1407
-1070
-969
-1250
-1426
-1510
-1471
-1153
-725
-288
-88
-153
-161
323
787
707
571
753
964
636
114
-100
-34
-185
-471
-748
-1136
-1725
-1864
-1674
-1475
-1596
-1957
-1944
-1852
-1782
-1514
-1078
-859
-855
-884
-612
-84
121
308
551
546
709
804
765
2138
3490
3116
1521
832
1894
2935
2640
1414
1850
2244
1464
557
47
367
679
344
-213
-754
-1177
-1329
-1061
-1109
-1495
-1663
-1669
-1239
-1215
-1459
-1526
-1277
-952
-733
-408
4
308
551
710
965
1232
1139
990
1058
1064
709
296
295
309
-116
-758
-1093
-1084
-1367
-1596
-1662
-1689
-1843
-2043
-1918
-1637
-1428
-1416
-1210
-914
-729
-366
-66
219
164
204
271
1082
2677
3105
2438
1492
1783
2757
3037
2310
2323
2973
2472
1514
844
834
1319
1193
621
97
-493
-900
-962
-954
-1299
-1689
-1992
-1876
-1682
-1741
-1871
-1939
-1878
-1748
-1491
-1041
-454
-81
157
522
924
1233
1227
1220
1389
1446
1291
1056
642
313
141
-53
-437
-1072
-1407
-1453
-1439
-1622
-2025
-2271
-2149
-1924
-1668
-1481
-1254
-1077
-932
-719
-425
-289
94
1854
3002
2583
1432
1492
2804
3545
3070
2487
3030
3028
2444
1924
1527
1462
1256
836
549
-27
-674
-1108
-1194
-1588
-2078
-2385
-2410
-2261
-2487
-2603
-2536
-2495
-2447
-2251
-1782
-1221
-849
-666
-389
222
805
1060
968
1059
1259
1379
1418
1208
869
558
328
150
-113
-453
-680
-913
-1184
-1480
-1719
-1755
-1759
-1660
-1657
-1639
-1475
-943
-520
-337
-498
-152
1623
2682
2413
1673
1899
2708
3405
3164
2902
3412
3215
2714
2211
1731
1717
1727
1418
923
89
-610
-846
-796
-1079
-1393
-1870
-2334
-2454
-2356
-2293
-2351
-2432
-2358
-2088
-1734
-1257
-864
-621
-429
45
545
707
714
834
982
991
891
730
552
364
162
-56
-465
-841
-1006
-1280
-1540
-1743
-1798
-1813
-1757
-1639
-1480
-1266
-1236
-1116
-783
-545
-54
1422
2612
2543
1601
1448
2523
3595
3604
3085
3246
2993
2470
2151
2130
2193
1844
1153
727
586
100
-400
-784
-1247
-1465
-1657
-1697
-1817
-2131
-2483
-2511
-2232
-2087
-1941
-1883
-1555
-1171
-954
-714
-274
157
284
262
475
847
905
573
386
427
278
-73
-384
-571
-774
-996
-1174
-1268
-1392
-1640
-1722
-1653
-1491
-1281
-1224
-1166
-1088
-910
-779
-464
1104
2328
2249
1237
1086
2314
3166
3120
2636
3114
3055
2429
2025
1829
1948
1738
1368
1115
594
-42
-516
-574
-769
-1140
-1447
-1583
-1567
-1836
-2077
-2195
-2161
-2163
-2104
-1812
-1409
-1074
-1000
-861
-396
61
406
521
679
877
971
913
881
733
454
282
182
59
-232
-535
-722
-721
-839
-1178
-1351
-1403
-1236
-1047
-1104
-1051
-989
-636
-482
778
1942
1977
1394
956
1731
2591
2867
2567
3086
3214
2497
1985
1843
2157
2256
1580
1050
555
189
-157
-488
-923
-1433
-1677
-1971
-2030
-2207
-2523
-2669
-2640
-2568
-2351
-2110
-1790
-1489
-1241
-1102
-637
-89
397
573
507
465
518
816
1045
1006
638
257
88
54
-73
-332
-610
-759
-816
-969
-1225
-1345
-1336
-1178
-1094
-1209
-1306
-1097
-826
412
1559
1425
705
545
1592
2604
2829
2372
2801
3257
2733
2205
2009
2121
2374
1962
1591
1341
923
319
-183
-649
-1330
-1385
-1462
-1529
-1956
-2758
-2968
-2723
-2402
-2285
-2431
-2410
-2028
-1499
-1144
-792
-571
-362
37
511
852
789
625
720
989
1073
836
440
131
59
115
29
-363
-683
-790
-867
-845
-948
-977
-876
-798
-860
-866
-1038
-426
1133
1747
1237
496
924
1930
2550
2205
2271
2788
2610
2066
1652
1691
2099
1981
1422
1074
870
689
294
-53
-648
-929
-1119
-1096
-1203
-1706
-2167
-2245
-2094
-1953
-1959
-1927
-1777
-1568
-1357
-977
-581
-449
-306
-162
155
293
360
499
541
422
265
205
221
15
-258
-422
-495
-538
-595
-756
-903
-920
-729
-561
-581
-668
-667
-705
199
1397
1546
891
483
1231
2081
2382
1938
2201
2698
2303
1773
1483
1496
1812
1791
1372
899
566
277
94
-271
-787
-928
-1140
-1319
-1539
-1781
-2083
-2138
-2043
-1927
-1896
-1908
-1635
-1331
-1215
-925
-575
-336
-215
16
283
379
261
313
568
493
185
-101
-231
-337
-465
-649
-738
-821
-1015
-1083
-948
-824
-695
-681
-707
-544
-509
-125
1077
1865
1720
1070
1164
1867
2538
2431
2318
2896
2792
2166
1594
1487
1804
1817
1266
767
566
480
217
-135
-879
-1335
-1473
-1484
-1394
-1758
-2258
-2361
-2217
-2082
-1951
-1986
-1901
-1511
-1188
-940
-691
-647
-512
-231
17
162
170
77
194
268
118
-123
-237
-205
-170
-259
-488
-533
-502
-494
-506
-488
-474
-347
-130
-84
-1
-128
593
1799
2148
1700
1259
1812
2587
2927
2646
2841
3016
2488
1994
1765
1870
2055
1765
1187
692
385
257
-4
-512
-1197
-1441
-1466
-1489
-1654
-2079
-2359
-2313
-2232
-2030
-1955
-1982
-1881
-1671
-1360
-987
-609
-619
-592
-325
-178
-47
-244
-204
-144
-206
-362
-595
-752
-912
-873
-865
-949
-1120
-1346
-1221
-817
-670
-681
-674
-509
-199
-57
563
1881
2337
1892
1241
1760
2511
2819
2374
2436
3111
2871
2257
1668
1676
1944
2137
1730
1044
458
217
272
54
-696
-1274
-1531
-1400
-1467
-1730
-2099
-2272
-2210
-2005
-1602
-1488
-1435
-1352
-1151
-703
-356
-253
-336
-258
-23
103
2
-252
-271
-298
-325
-555
-742
-862
-916
-940
-1075
-1164
-1278
-1355
-1159
-873
-692
-683
-644
-448
-316
187
1507
2318
2065
1315
1575
2522
3140
2847
2771
3405
3258
2630
2049
2018
2251
2159
1677
1242
682
135
31
41
-432
-1133
-1665
-1565
-1433
-1609
-2120
-2335
-2281
-2177
-1888
-1775
-1610
-1496
-1333
-958
-534
-228
-209
-102
116
212
151
87
206
232
124
-242
-619
-906
-1029
-937
-1052
-1334
-1658
-1876
-1721
-1439
-1281
-1300
-1215
-880
-626
-182
942
1813
1840
1288
1372
2124
2870
2869
2587
3167
3233
2698
2210
1987
2227
2326
2017
1396
843
467
153
-47
-624
-1126
-1414
-1473
-1569
-1877
-2184
-2454
-2430
-2361
-2088
-1799
-1647
-1420
-1300
-1019
-588
-235
-95
-11
270
549
562
385
456
563
555
372
-42
-371
-504
-611
-742
-868
-1171
-1554
-1720
-1488
-1165
-1083
-1123
-1160
-1116
-873
376
1238
1329
868
862
1650
2344
2420
2303
3093
3343
3061
2538
2294
2531
2776
2572
2104
1483
986
788
632
48
-508
-1021
-1292
-1423
-1816
-2207
-2487
-2485
-2517
-2412
-2355
-2179
-1926
-1725
-1539
-1148
-762
-556
-421
-77
157
269
188
254
491
653
629
154
-234
-362
-312
-344
-483
-667
-1059
-1305
-1224
-1142
-1080
-1129
-1125
-1168
-1070
-106
906
1106
515
388
1053
1898
2190
2010
2702
3031
2707
2242
2113
2379
2580
2430
2018
1643
1202
988
847
244
-330
-668
-770
-900
-1343
-1830
-2148
-2213
-2339
-2290
-2255
-2142
-1842
-1715
-1572
-1281
-1033
-832
-624
-292
4
186
122
240
405
537
654
493
195
-24
-9
-48
-122
-376
-713
-838
-901
-793
-654
-697
-769
-848
-880
106
1062
1108
618
360
992
1693
1941
1461
1956
2512
2330
1943
1622
1707
2094
2173
1740
1092
788
611
641
304
-433
-806
-1011
-949
-1213
-1745
-2240
-2296
-2290
-2221
-2118
-2109
-1981
-1693
-1536
-1279
-1048
-888
-836
-536
-225
-27
-39
-17
292
764
1159
889
319
-134
5
395
402
97
-320
-591
-508
-406
-290
-377
-67
-128
-310
-558
104
1586
1764
941
227
958
1983
2192
1730
1923
2370
2083
1675
1569
1646
2019
1961
1729
1182
812
687
597
307
-400
-768
-935
-977
-1284
-1739
-2163
-2420
-2375
-2296
-2243
-2085
-1901
-1672
-1692
-1587
-1436
-1029
-865
-719
-494
-397
-273
-173
94
261
257
137
-3
-42
-41
40
-74
-391
-595
-853
-606
-390
-288
-418
-574
-712
-78
1070
1175
818
480
988
1699
2044
1663
1862
2562
2543
2203
1978
1870
2156
2273
2011
1488
1001
765
844
786
-62
-605
-876
-945
-1080
-1475
-1945
-2052
-2185
-2292
-2168
-2031
-2064
-1909
-1748
-1456
-1120
-1021
-938
-654
-364
-266
-279
-215
-35
146
267
306
162
-154
-225
-132
-91
-137
-330
-591
-647
-650
-574
-427
-397
-340
-434
41
1151
1484
1057
633
1189
1849
2318
1982
2011
2688
2571
2147
1931
1964
2160
2226
2041
1722
1525
1112
848
658
29
-359
-630
-802
-1186
-1602
-2052
-2125
-2208
-2473
-2430
-2210
-2103
-1923
-1938
-1838
-1597
-1435
-1316
-938
-584
-490
-473
-477
-267
-98
-15
-9
0
-127
-192
-231
-282
-193
-259
-497
-675
-749
-479
-267
-383
-556
-720
136
1216
1280
649
462
1162
1723
1995
1559
1907
2631
2493
2136
1814
1786
2073
2295
2094
1645
1336
1063
1066
794
162
-203
-425
-585
-946
-1276
-1744
-1881
-2008
-2120
-1952
-1933
-2020
-1949
-1751
-1434
-1287
-1284
-1330
-926
-506
-374
-367
-367
-65
147
277
164
19
-162
-222
-195
-342
-339
-358
-521
-591
-576
-416
-435
-548
-531
-427
540
1191
1052
575
604
1231
1772
1955
1536
2110
2687
2468
1950
1585
1741
2191
2194
1751
1439
1301
1056
1046
515
-105
-445
-685
-739
-1073
-1671
-2124
-2113
-2182
-2271
-2221
-2160
-2091
-2012
-1868
-1496
-1321
-1256
-1282
-937
-605
-350
-311
-239
-107
-92
-102
-131
-139
-232
-298
-360
-377
-371
-356
-490
-501
-520
-374
-334
-223
-413
110
1275
1440
910
521
1186
1893
2178
1696
1919
2739
2694
2298
2119
1977
2177
2363
2390
2008
1555
1160
1072
1056
375
-90
-430
-625
-831
-1089
-1602
-2010
-2281
-2389
-2293
-2103
-2177
-2144
-2116
-1872
-1503
-1329
-1381
-1348
-933
-664
-540
-520
-393
-240
-204
-255
-261
-329
-370
-354
-410
-511
-630
-705
-575
-513
-544
-657
-711
-633
-470
544
1168
940
423
615
1347
1707
1659
1431
2205
2656
2425
2099
1878
1959
2282
2549
2316
1744
1553
1405
1365
992
391
52
-205
-466
-712
-977
-1444
-1799
-2083
-2125
-1918
-1845
-1972
-1998
-1957
-1694
-1455
-1336
-1420
-1224
-1019
-951
-736
-428
-187
-262
-343
-329
-284
-322
-329
-309
-388
-506
-510
-521
-450
-467
-445
-458
-393
-461
244
1321
1272
643
264
1018
1795
2023
1423
1661
2445
2484
2253
1939
1843
2062
2367
2368
2044
1636
1269
1239
1199
588
168
-183
-365
-595
-904
-1366
-1614
-1798
-2092
-2021
-1909
-1950
-1953
-2065
-1899
-1540
-1324
-1274
-1185
-1020
-990
-835
-724
-506
-494
-537
-399
-298
-450
-558
-519
-491
-523
-550
-631
-460
-338
-302
-420
-718
-817
63
1346
1326
677
283
1076
1895
2061
1443
1621
2401
2560
2379
2091
1826
1917
2082
2182
1892
1500
1190
1049
984
346
-1
-159
-291
-698
-1102
-1388
-1555
-1653
-1925
-2090
-1986
-2036
-1901
-1891
-1793
-1626
-1373
-1136
-869
-726
-794
-701
-488
-178
-78
-259
-388
-327
-325
-402
-407
-444
-500
-488
-537
-395
-426
-287
-375
-511
-692
186
1468
1381
620
270
1176
1905
2008
1459
1687
2375
2404
2255
2101
1750
1892
2247
2245
1798
1498
1324
1242
1026
383
51
-80
-282
-627
-992
-1500
-1792
-1896
-2009
-2193
-2145
-2102
-1989
-1963
-1896
-1675
-1455
-1397
-1109
-838
-824
-856
-713
-386
-239
-279
-343
-321
-369
-439
-446
-471
-643
-716
-673
-389
-397
-396
-427
-521
-619
329
1354
1140
419
338
1307
2110
2110
1644
2058
2482
2435
2351
2344
2101
2181
2285
2173
1846
1510
1326
1283
946
348
-18
-264
-478
-700
-1079
-1612
-1836
-1897
-1938
-2134
-2137
-2066
-1962
-1970
-1782
-1513
-1351
-1284
-1079
-880
-767
-757
-653
-492
-440
-351
-160
-96
-419
-629
-464
-374
-489
-697
-771
-600
-412
-407
-577
-889
-536
840
1387
855
180
686
1539
2000
1642
1572
2271
2479
2432
2472
2320
2246
2359
2395
2134
1772
1613
1503
1368
775
359
35
-215
-537
-884
-1327
-1680
-1943
-2148
-2244
-2234
-2246
-2169
-2222
-2090
-1763
-1461
-1406
-1356
-1041
-884
-670
-554
-405
-399
-336
-129
-88
-281
-549
-539
-363
-321
-437
-637
-698
-596
-439
-454
-724
-967
121
1092
1017
210
155
1043
1757
1809
1500
1946
2286
2278
2296
2231
2243
2430
2643
2629
2154
1783
1518
1586
1239
734
254
36
-179
-449
-881
-1413
-1714
-1774
-1918
-2069
-2195
-2276
-2252
-2173
-1914
-1671
-1574
-1633
-1306
-988
-778
-710
-604
-507
-465
-281
-84
-114
-444
-613
-416
-307
-347
-487
-632
-535
-426
-424
-508
-783
-51
877
931
365
177
880
1387
1612
1326
1763
2486
2374
2296
2041
2033
2352
2698
2638
1990
1752
1698
1813
1505
757
402
227
121
-301
-792
-1444
-1808
-1849
-2005
-2083
-2196
-2199
-2204
-2272
-2168
-1928
-1719
-1749
-1593
-1371
-1200
-926
-820
-839
-836
-658
-334
-123
-277
-571
-639
-576
-455
-457
-597
-626
-565
-449
-454
-693
-162
855
924
357
170
898
1598
1637
1242
1611
2357
2462
2349
2296
2153
2391
2808
2952
2532
1961
1758
1933
1890
1388
945
579
308
-9
-434
-1021
-1423
-1646
-1793
-1943
-2051
-2142
-2211
-2426
-2318
-1991
-1846
-1942
-1959
-1755
-1533
-1205
-897
-801
-851
-790
-475
-347
-494
-569
-556
-601
-677
-612
-436
-264
-292
-586
-675
-776
195
1160
912
148
-61
933
1603
1648
1228
1608
2217
2171
2180
2144
2065
2304
2553
2820
2420
2127
1953
2114
2019
1409
1051
654
399
162
-240
-835
-1302
-1521
-1713
-1890
-2126
-2226
-2141
-2315
-2270
-2111
-1964
-1957
-1935
-1879
-1814
-1521
-1202
-1012
-1010
-1047
-779
-585
-654
-664
-567
-533
-668
-731
-688
-403
-344
-393
-554
-554
523
1103
970
208
257
1037
1521
1466
1302
1947
2244
2141
1988
1971
2139
2412
2648
2704
2290
2019
1944
2155
1899
1501
1151
792
531
223
-43
-589
-1070
-1329
-1511
-1613
-1892
-1926
-1965
-2116
-2044
-1961
-1891
-2038
-1923
-1830
-1695
-1557
-1487
-1408
-1355
-1216
-991
-941
-982
-958
-824
-767
-831
-856
-854
-550
-579
-558
-705
-254
716
992
626
121
609
1148
1408
1178
1302
1939
2186
2096
2050
2043
2274
2570
2856
2602
2302
2186
2100
2180
1843
1452
1146
914
521
220
-155
-625
-877
-1086
-1371
-1540
-1699
-1678
-1675
-1745
-1843
-1791
-1755
-1725
-1612
-1647
-1562
-1436
-1371
-1341
-1232
-1100
-1017
-1003
-1018
-938
-764
-838
-888
-931
-721
-552
-617
-797
-747
299
868
549
71
298
972
1283
1168
1077
1602
2032
1982
2058
1920
1970
2347
2692
2687
2338
2195
2065
2168
1934
1475
1175
966
812
484
24
-437
-737
-851
-1097
-1313
-1544
-1705
-1732
-1771
-1733
-1873
-2012
-2080
-1930
-1754
-1789
-1728
-1703
-1679
-1575
-1376
-1216
-1313
-1347
-1181
-957
-947
-1049
-1058
-897
-683
-798
-886
-952
-96
760
679
113
-32
778
1418
1319
902
1244
1906
1961
2027
1895
1853
2300
2670
2812
2522
2325
2114
2250
2443
2029
1649
1245
962
966
730
195
-405
-627
-802
-841
-968
-1277
-1418
-1649
-1513
-1356
-1454
-1726
-1897
-1718
-1631
-1483
-1520
-1699
-1659
-1416
-1142
-1210
-1495
-1574
-1336
-1114
-1167
-1276
-1201
-844
-756
-783
-1073
-445
396
584
198
-67
461
1101
1304
993
1249
1707
1810
1948
1880
1705
2005
2361
2597
2520
2367
2059
2073
2151
1955
1786
1439
1005
827
698
418
-27
-331
-630
-648
-691
-849
-1000
-1290
-1387
-1257
-1171
-1308
-1472
-1489
-1503
-1371
-1354
-1478
-1576
-1578
-1425
-1400
-1510
-1660
-1492
-1302
-1308
-1436
-1335
-1091
-1148
-1238
-1335
-588
209
168
-220
-321
245
710
818
663
1043
1545
1452
1645
1664
1546
1790
2129
2436
2289
2208
1952
1909
2008
1836
1793
1492
994
832
721
409
55
-53
-262
-311
-424
-662
-652
-828
-956
-965
-986
-1043
-1093
-1132
-1197
-1228
-1216
-1222
-1205
-1294
-1260
-1269
-1374
-1439
-1402
-1369
-1398
-1444
-1321
-1176
-1192
-1209
-1401
-756
-24
38
-296
-341
104
462
658
464
811
1333
1249
1430
1532
1419
1566
1890
2149
2137
2198
1906
1724
1727
1485
1475
1323
956
709
508
281
41
-32
-369
-402
-296
-449
-459
-556
-610
-556
-542
-693
-714
-621
-769
-691
-693
-936
-954
-960
-913
-1010
-1267
-1403
-1262
-1090
-1167
-1348
-1355
-1136
-1015
-1066
-1302
-696
-41
-15
-377
-361
152
500
537
379
850
1390
1259
1270
1342
1494
1795
1947
1981
1817
2020
1919
1761
1709
1501
1412
1288
1004
702
477
204
-101
-109
-288
-346
-327
-532
-703
-782
-628
-528
-552
-773
-805
-659
-778
-808
-795
-920
-928
-907
-880
-1107
-1411
-1548
-1361
-1200
-1396
-1637
-1647
-1497
-1437
-1456
-1608
-919
-418
-569
-839
-657
-143
132
101
-70
590
1207
1113
1099
1034
1138
1628
1987
1976
1787
1910
1820
1873
1714
1416
1479
1355
1135
925
705
386
86
83
-120
-185
-371
-551
-529
-638
-509
-346
-318
-476
-509
-322
-308
-279
-388
-589
-519
-473
-362
-542
-816
-1015
-910
-789
-884
-1078
-1200
-1203
-1180
-1316
-1216
-626
-396
-565
-723
-397
30
149
-109
-110
480
931
903
1000
927
1028
1416
1687
1735
1662
1757
1750
1693
1501
1335
1424
1194
866
662
511
321
59
-44
-247
-292
-439
-627
-659
-783
-677
-506
-591
-757
-653
-460
-470
-449
-526
-628
-548
-489
-393
-513
-775
-954
-847
-759
-823
-977
-1058
-1148
-1182
-1310
-1215
-592
-499
-709
-911
-476
-110
-80
-315
-347
290
714
669
729
608
777
1255
1694
1677
1448
1617
1617
1684
1530
1276
1292
1229
1029
716
511
318
85
43
-180
-239
-332
-531
-686
-786
-628
-479
-504
-576
-578
-436
-378
-232
-284
-421
-319
-196
-109
-318
-504
-643
-597
-501
-590
-688
-674
-698
-798
-954
-1038
-484
-273
-584
-903
-694
-277
-118
-333
-474
-9
412
403
472
350
378
814
1163
1203
1092
1287
1380
1406
1249
1147
1260
1170
907
707
573
420
243
71
-250
-337
-400
-423
-479
-723
-712
-547
-456
-578
-588
-479
-433
-227
-160
-234
-213
-94
70
-46
-266
-370
-187
-43
-153
-335
-397
-370
-446
-534
-699
-289
2
-228
-655
-585
-194
-10
-220
-495
-83
384
315
231
257
281
581
909
1047
971
1094
1134
1143
1130
998
1100
1158
897
660
496
353
205
28
-209
-331
-342
-389
-526
-687
-733
-602
-604
-825
-821
-624
-557
-512
-526
-567
-506
-342
-254
-280
-398
-426
-254
-101
-193
-403
-441
-290
-232
-317
-571
-493
2
47
-345
-701
-505
-181
-187
-438
-405
-16
101
42
76
105
263
567
872
902
903
994
1051
1079
1057
1038
1155
1112
922
701
533
348
237
80
-163
-134
-85
-210
-434
-612
-608
-553
-602
-697
-578
-501
-519
-477
-492
-462
-392
-253
-218
-275
-343
-204
8
-3
-193
-276
-171
56
70
-142
-446
-151
338
218
-222
-443
-262
-92
-175
-302
-185
58
23
70
160
40
261
617
830
770
730
845
883
1048
972
910
931
809
831
736
562
349
208
63
-64
-83
-185
-278
-425
-520
-432
-544
-589
-596
-626
-630
-653
-627
-621
-605
-518
-402
-368
-503
-483
-300
-162
-138
-236
-225
-87
139
104
-157
-391
-22
447
232
-264
-375
6
109
-63
-323
-231
179
212
151
82
109
405
610
709
560
619
737
751
805
741
707
639
583
621
573
541
372
121
-51
-112
-54
-253
-493
-617
-594
-474
-517
-706
-803
-744
-735
-769
-738
-767
-710
-615
-585
-599
-565
-442
-366
-306
-283
-312
-251
-82
24
-118
-266
-334
60
575
412
-96
-334
4
291
242
-138
-257
128
392
390
217
217
472
768
903
809
798
940
1030
1042
946
884
892
878
855
738
664
469
305
117
41
108
24
-170
-403
-444
-321
-355
-595
-794
-786
-687
-641
-729
-818
-754
-675
-640
-694
-726
-641
-446
-376
-431
-470
-373
-183
-90
-122
-214
-231
-182
222
417
-33
-428
-259
163
145
-155
-332
4
375
258
220
301
391
615
839
878
725
766
923
1003
988
891
978
1041
887
791
681
519
340
224
94
20
1
-166
-309
-395
-408
-317
-387
-673
-760
-694
-652
-695
-824
-939
-893
-748
-694
-704
-678
-624
-576
-514
-550
-532
-464
-397
-353
-317
-328
-355
-382
-168
-9
-165
-343
-227
34
69
-114
-255
27
392
382
281
301
513
753
875
887
859
1027
1194
1178
1060
1004
1038
1092
995
827
701
695
620
428
249
133
76
-26
-165
-243
-249
-235
-405
-634
-661
-570
-531
-636
-788
-840
-782
-755
-738
-749
-833
-889
-806
-554
-403
-469
-590
-576
-451
-328
-346
-536
-672
-513
-69
74
-220
-529
-366
-24
66
-51
-90
165
438
482
465
458
558
731
917
1028
1061
1114
1117
1015
998
1005
1010
998
943
894
824
768
607
436
324
280
244
72
-79
-112
-174
-355
-528
-544
-472
-478
-607
-715
-730
-699
-690
-727
-781
-787
-726
-607
-559
-553
-581
-630
-589
-530
-495
-536
-586
-563
-473
-396
-322
-254
-313
-320
-206
-53
-3
-70
-60
165
435
488
413
472
635
756
867
926
889
895
1011
1041
1011
982
874
874
919
850
733
598
535
460
369
217
122
85
-92
-224
-285
-318
-438
-627
-633
-646
-689
-815
-881
-814
-784
-758
-795
-797
-805
-841
-854
-837
-753
-682
-724
-771
-804
-751
-645
-589
-565
-593
-557
-410
-243
-200
-192
-149
-87
89
215
237
241
369
576
665
552
539
720
863
912
983
1120
1235
1259
1232
1258
1214
1111
1085
1139
1100
955
777
657
605
566
473
364
232
111
51
-23
-96
-194
-273
-367
-375
-377
-429
-457
-533
-577
-636
-658
-663
-728
-835
-889
-828
-774
-816
-860
-925
-946
-873
-717
-631
-669
-706
-560
-432
-486
-465
-362
-227
-198
-190
-37
93
44
-30
52
231
355
391
426
481
464
450
611
848
876
688
684
822
914
846
670
678
837
868
758
658
505
367
334
366
300
109
-74
-118
-71
-99
-271
-374
-315
-227
-263
-389
-519
-636
-711
-678
-691
-675
-702
-730
-800
-811
-707
-647
-667
-725
-518
-376
-435
-528
-438
-272
-165
-185
-191
5
77
-52
-63
141
284
270
245
271
339
348
294
367
505
503
485
606
700
632
573
629
736
776
734
710
694
630
624
670
729
676
550
490
514
447
316
224
152
98
-45
-177
-227
-236
-301
-425
-476
-465
-465
-519
-630
-697
-710
-723
-716
-673
-745
-787
-736
-672
-674
-736
-726
-683
-604
-546
-526
-539
-508
-415
-330
-276
-260
-292
-308
-181
-61
18
-15
-46
22
126
186
183
166
171
258
382
469
462
484
525
564
623
646
659
664
711
749
817
828
792
762
712
672
666
645
601
539
436
321
224
160
137
141
120
39
-33
-39
-88
-178
-255
-262
-250
-249
-276
-316
-374
-395
-394
-405
-413
-431
-431
-422
-471
-542
-562
-570
-529
-467
-416
-436
-463
-430
-407
-375
-328
-313
-320
-299
-231
-222
-240
-218
-149
-59
71
159
148
112
144
202
255
288
274
313
358
356
363
361
308
319
331
322
279
228
197
231
249
201
178
171
176
121
120
113
46
-20
-64
-57
-32
-31
-62
-128
-179
-126
-73
-68
-125
-126
-102
-100
-103
-154
-158
-168
-154
-120
-131
-117
-97
-81
-57
-68
-75
-65
-85
-101
-97
-77
24
56
32
21
49
116
154
107
95
130
181
207
232
187
117
120
178
220
158
97
88
76
68
53
36
37
37
54
49
34
-25
-54
-61
-22
0
11
36
28
24
52
62
42
-28
-90
-32
28
31
-5
-46
-38
-34
-33
0
-8
-29
-35
-19
-3
-35
-71
-82
-97
-106
-57
-31
-102
-146
-128
-105
-89
-103
-84
-60
-53
-49
-56
-116
-184
-204
-172
-136
-136
-184
-198
-192
-186
-161
-143
-119
-135
-107
-78
-94
-98
-129
-124
-80
-21
17
5
-6
-18
8
73
92
89
82
78
94
111
87
56
80
122
157
209
232
217
229
262
298
286
252
259
263
234
229
238
245
220
246
256
245
191
110
100
78
51
42
0
-17
-18
-39
-76
-112
-152
-163
-117
-114
-165
-191
-236
-259
-271
-275
-260
-270
-265
-225
-161
-136
-151
-134
-91
-100
-82
-86
-83
-71
-72
-70
-62
-47
-19
-19
3
59
83
83
100
129
131
145
170
203
242
265
248
243
232
204
190
204
181
201
241
237
216
187
143
117
108
87
42
5
-7
-39
-49
-63
-89
-94
-90
-116
-169
-223
-254
-290
-312
-312
-324
-316
-257
-209
-203
-205
-205
-201
-173
-153
-167
-188
-183
-108
-88
-52
-47
-46
-15
5
20
-9
-54
-66
-1
67
99
84
52
78
135
184
200
171
154
160
218
254
220
153
120
150
212
224
179
171
150
163
174
144
72
11
26
42
5
-40
-56
-64
-105
-173
-241
-307
-344
-312
-268
-213
-203
-209
-201
-227
-232
-211
-189
-192
-224
-241
-225
-218
-184
-172
-144
-73
-16
3
10
22
3
-17
18
30
55
51
52
82
123
182
239
265
267
304
325
321
298
243
236
296
334
367
383
382
362
352
340
325
303
261
251
235
209
153
97
55
27
48
40
-21
-46
-61
-96
-110
-148
-186
-189
-167
-156
-129
-151
-187
-227
-244
-200
-174
-191
-229
-202
-136
-107
-129
-155
-172
-138
-122
-104
-110
-147
-147
-108
-68
-48
-57
-55
-30
3
74
67
20
-19
-25
19
52
56
14
8
32
83
84
72
63
27
5
8
8
-17
-21
-22
-26
-52
-51
-77
-112
-121
-104
-112
-119
-165
-213
-191
-140
-109
-109
-158
-174
-174
-136
-113
-145
-134
-128
-76
3
31
-11
-4
31
8
-5
-7
-16
-9
35
122
165
185
145
130
134
131
148
131
104
111
154
184
204
175
113
96
112
141
191
197
207
204
164
131
71
72
92
76
86
91
51
6
-16
-44
-29
-37
-34
-10
-14
-30
-58
-111
-162
-167
-136
-77
-68
-80
-87
-100
-84
-19
10
-6
-7
28
52
66
54
6
-14
25
114
184
178
124
104
94
95
103
121
122
109
92
88
91
36
-7
5
23
82
90
45
1
-21
-49
-60
-63
-83
-58
-51
-46
-64
-111
-156
-206
-207
-177
-173
-195
-243
-271
-273
-275
-257
-264
-253
-203
-156
-131
-164
-215
-260
-258
-208
-171
-145
-140
-105
-38
8
27
31
40
76
126
134
115
97
104
145
189
228
236
250
270
281
309
324
328
309
308
305
304
290
265
214
167
153
144
147
135
120
114
66
7
-28
-73
-94
-98
-83
-102
-129
-177
-199
-205
-244
-251
-232
-251
-281
-274
-285
-303
-335
-333
-306
-281
-270
-275
-277
-274
-220
-181
-152
-72
-10
12
70
104
76
50
50
120
160
155
177
194
212
257
286
298
328
331
321
322
342
317
289
272
293
345
338
328
320
280
258
223
176
137
110
82
43
16
-8
-47
-113
-111
-124
-119
-130
-194
-237
-249
-258
-291
-311
-334
-354
-361
-349
-338
-349
-348
-352
-330
-286
-232
-230
-174
-119
-108
-88
-72
-65
-49
7
36
55
70
60
51
103
131
151
194
192
160
164
178
192
202
190
195
198
210
214
225
218
203
210
230
226
221
194
146
113
55
6
-26
-32
-28
-19
-53
-112
-166
-197
-233
-252
-259
-303
-314
-345
-372
-374
-380
-366
-345
-342
-374
-393
-416
-407
-359
-303
-263
-211
-153
-105
-76
-63
-40
1
34
86
112
161
180
141
167
178
192
211
249
290
315
340
367
373
395
431
453
457
456
470
452
399
376
344
327
303
283
276
260
259
229
192
179
150
98
51
-16
-65
-111
-163
-183
-196
-221
-256
-285
-343
-411
-411
-391
-351
-323
-328
-337
-330
-367
-394
-376
-348
-337
-313
-264
-235
-187
-180
-157
-130
-82
-21
20
53
99
150
174
176
175
194
212
246
294
314
328
361
350
344
323
321
314
298
323
335
309
310
296
258
211
176
173
166
138
66
-16
-72
-126
-167
-193
-208
-240
-269
-267
-279
-298
-352
-388
-392
-365
-346
-372
-378
-420
-421
-422
-434
-429
-426
-415
-373
-305
-277
-241
-224
-202
-183
-149
-117
-80
-8
69
114
139
159
171
175
206
235
281
308
300
315
320
330
369
401
399
407
420
426
394
353
304
246
209
172
166
151
111
93
68
30
7
-7
-50
-70
-59
-69
-101
-176
-199
-194
-193
-157
-129
-117
-116
-114
-134
-153
-168
-145
-130
-122
-135
-168
-212
-223
-184
-146
-82
-53
-25
19
34
28
48
113
111
85
136
173
154
166
196
220
272
340
319
285
281
244
229
225
216
183
167
159
143
151
99
13
-48
-37
-32
-35
-43
-88
-141
-173
-203
-236
-237
-238
-237
-217
-225
-253
-292
-317
-321
-320
-288
-268
-258
-245
-217
-208
-208
-209
-199
-182
-173
-150
-141
-123
-85
-50
-19
-14
5
52
73
110
142
168
169
151
170
178
200
238
276
304
307
294
268
247
193
148
123
137
152
126
97
76
70
43
22
-21
-73
-97
-136
-153
-145
-124
-101
-87
-104
-109
-118
-132
-135
-148
-154
-151
-139
-127
-118
-104
-106
-96
-72
-47
-7
14
30
23
-2
-7
25
31
32
44
45
63
92
124
154
166
172
171
186
200
188
183
188
183
188
212
216
174
135
118
107
116
106
97
87
75
59
28
-33
-105
-124
-126
-132
-134
-124
-119
-132
-130
-136
-128
-86
-49
-61
-43
-51
-76
-128
-143
-130
-104
-80
-90
-77
-74
-84
-89
-73
-56
-17
10
36
60
56
50
27
23
41
49
59
77
82
80
93
83
95
106
110
137
165
153
122
92
67
65
58
26
5
18
-26
-65
-117
-154
-180
-193
-193
-202
-214
-213
-228
-217
-211
-216
-214
-212
-213
-192
-201
-224
-226
-215
-203
-196
-177
-158
-144
-127
-102
-90
-68
-59
-37
-19
0
15
46
91
130
160
167
178
187
186
195
222
238
258
295
312
316
317
349
340
348
353
323
311
313
281
238
247
221
169
145
124
129
110
78
49
-11
-68
-105
-129
-173
-180
-184
-187
-180
-195
-206
-211
-223
-246
-235
-226
-228
-222
-222
-233
-218
-206
-195
-200
-182
-164
-169
-162
-143
-122
-90
-70
-47
5
28
44
66
85
91
90
119
161
192
212
247
287
314
314
316
312
313
331
322
324
304
261
216
172
113
77
61
74
87
79
60
21
-18
-77
-145
-209
-237
-262
-286
-276
-274
-282
-301
-304
-313
-292
-271
-278
-292
-302
-316
-314
-277
-251
-223
-180
-152
-158
-160
-161
-145
-103
-80
-49
1
-1
22
52
93
114
108
138
176
190
223
222
221
250
267
274
279
276
274
280
244
230
227
213
202
192
181
158
139
90
61
58
29
3
-32
-47
-73
-103
-142
-169
-186
-170
-146
-156
-165
-175
-179
-171
-171
-184
-160
-163
-170
-176
-155
-123
-114
-104
-76
-47
-42
-31
-28
-50
-59
-29
-4
24
75
93
99
105
123
122
118
124
139
156
196
230
200
183
150
108
100
108
119
129
136
144
118
79
64
41
6
-3
-4
-18
-31
-75
-108
-120
-123
-113
-87
-89
-127
-171
-189
-225
-235
-187
-136
-113
-118
-120
-167
-182
-121
-83
-55
-12
17
16
21
39
29
51
54
52
76
134
160
147
142
123
131
126
156
198
216
233
225
232
258
253
252
276
278
246
189
165
141
79
62
52
56
45
26
23
-50
-121
-110
-117
-139
-141
-137
-151
-180
-209
-246
-253
-249
-254
-268
-277
-312
-332
-340
-323
-321
-317
-271
-272
-239
-240
-258
-268
-259
-252
-251
-235
-209
-174
-123
-86
-63
-58
-65
-49
-25
12
28
64
90
93
95
105
148
199
212
253
261
276
284
271
265
249
220
218
241
237
264
271
272
295
286
261
232
178
136
89
85
89
87
79
103
77
54
87
50
3
-21
-12
-6
-3
-27
-56
-93
-86
-80
-57
-43
-45
-28
-31
-86
-101
-68
-88
-71
-17
-27
-28
-27
-24
-9
3
36
45
51
56
64
47
52
57
80
89
91
72
78
78
54
36
5
-29
-35
-35
-13
6
33
6
-21
-36
-105
-169
-173
-151
-151
-164
-168
-172
-183
-165
-130
-129
-147
-157
-189
-211
-222
-226
-204
-164
-132
-89
-93
-98
-122
-129
-113
-103
-64
-34
18
28
26
42
47
54
43
81
94
103
133
134
128
96
83
82
126
183
211
214
201
202
187
155
120
122
116
74
72
61
55
8
-12
-56
-60
-11
-26
-40
-32
-63
-112
-81
-57
-56
-52
-58
-89
-123
-150
-148
-129
-73
-57
-66
-64
-74
-74
-34
-5
-3
13
0
-2
8
43
66
140
126
611
1147
428
-672
-637
-35
-364
-722
-237
397
180
-470
-533
-16
147
148
460
432
-59
-181
31
-13
204
560
369
174
332
129
-189
-110
241
200
67
203
153
-156
31
132
56
170
295
-28
-308
377
587
-279
-630
-20
22
-255
-113
53
-495
-584
-627
-977
-538
-262
173
151
-471
-855
-312
17
-174
334
378
45
-14
-291
-424
210
531
386
649
990
655
130
52
227
494
331
538
369
-282
-260
13
-263
-485
191
235
-381
-438
-220
-89
-33
42
200
72
11
72
152
257
177
32
-33
240
-31
-214
272
343
-13
-258
18
-68
-454
-186
170
-41
-297
-64
-221
-451
33
24
-328
-160
-1
-419
-178
207
-44
235
412
-24
-174
215
88
-29
302
48
22
-11
-138
-100
117
-67
-401
339
210
-521
16
490
-112
-465
-52
-58
111
-275
-513
380
201
-744
-367
125
-698
-163
297
-206
-44
-28
-417
-31
200
-436
186
603
-441
-396
264
-44
-373
134
327
6
146
211
125
134
196
69
316
312
-135
81
412
-99
-291
273
348
19
203
380
-131
-218
-79
448
345
118
292
179
63
-172
142
321
383
187
82
69
-113
118
226
220
399
178
-275
-202
-51
52
265
91
-176
140
-116
-549
-4
160
-60
58
-156
-434
-310
0
-29
-122
-17
-60
-418
-466
90
221
125
159
-25
-272
-115
-139
-213
275
456
-123
-345
14
-252
-583
-54
338
22
115
92
-309
-254
-246
-129
113
232
170
223
193
-317
-171
255
333
257
228
181
-67
-212
33
155
-129
-93
151
187
-105
-203
-62
31
-221
-177
102
-16
-410
-151
402
-30
-404
-78
322
-147
-485
18
349
-56
-250
106
33
-515
-430
193
271
24
-196
30
77
-331
-307
111
394
145
-86
76
-119
-139
100
212
67
-129
106
245
-80
-210
131
323
225
115
280
187
-35
132
212
29
-176
15
132
-41
-83
1
149
-72
-393
-181
229
63
-177
135
398
15
-296
-72
214
276
44
161
236
-290
-510
-134
185
-136
-154
324
288
-303
-555
-86
159
105
355
375
-94
-415
-294
-57
-44
93
169
186
-39
-395
-275
134
217
49
306
419
14
-67
83
79
25
104
47
18
-43
-254
-229
-153
-66
-25
85
20
-155
-109
-172
-313
-131
13
-3
33
-152
-347
-393
-147
-57
-55
-99
-43
148
27
-74
-20
-75
-139
3
34
-43
90
174
-47
-134
-122
-51
84
177
76
177
279
171
214
316
211
2
65
209
211
216
239
238
211
61
60
52
5
12
67
165
43
-114
-23
67
-19
-27
32
35
-79
-89
-25
0
-15
-38
-7
-161
-207
-175
-149
0
117
75
23
82
-50
-185
-132
-59
32
80
-39
-178
-136
-142
-194
-109
43
116
164
46
-152
-187
-183
-115
52
158
134
195
162
56
22
46
-29
32
193
194
183
61
8
-42
-119
-68
158
245
148
155
66
-220
-275
-158
-34
129
165
142
7
-124
-135
-77
-58
-39
82
139
48
-117
-124
-96
-86
-80
49
41
-87
-4
-38
-159
-136
-56
-88
-97
-79
-144
-188
-258
-287
-121
49
-60
-99
36
-64
-168
-127
-96
-57
19
33
-24
-10
-16
-59
-54
-22
16
50
39
-27
-73
8
-2
-47
-3
25
38
81
128
45
-20
112
127
31
-52
-99
-56
44
44
64
215
184
93
97
75
-5
10
86
121
83
42
20
-3
-106
-38
105
4
-84
93
162
41
100
160
99
-2
-85
-95
35
70
117
215
105
-32
-35
-5
24
177
308
266
107
-127
-222
-94
47
151
295
353
107
-147
-216
-172
-63
204
371
275
150
-7
-128
-104
64
171
221
196
-22
-161
-193
-182
-20
131
213
187
30
-127
-208
-222
-163
-43
10
-33
-124
-236
-222
-182
-142
18
81
-49
-125
-162
-244
-215
-133
-59
-5
-14
-141
-232
-184
-141
-75
-72
-105
-126
-155
-147
-145
-149
-120
-96
-133
-81
-22
-45
-60
-9
-40
-111
-95
-3
6
18
81
46
-24
-36
-6
-22
39
136
138
108
97
-33
-123
11
117
132
180
208
79
27
41
23
43
85
64
77
94
28
24
52
97
123
101
53
38
39
59
116
128
119
128
62
13
55
27
0
39
55
-2
-31
-31
-83
-99
42
122
96
143
56
-76
-80
-18
-26
-18
31
57
54
3
-15
30
82
40
108
225
91
-51
-17
-5
-12
64
135
194
172
53
-1
66
10
-90
-16
45
-51
-107
-66
-99
-213
-188
-33
45
-16
-32
53
9
-41
-30
43
33
-57
-33
30
-18
-161
-177
-228
-357
-355
-211
-107
-116
-109
-87
-88
-152
-127
7
56
68
115
44
-55
-97
-110
-80
-67
-39
-9
31
11
21
103
130
92
70
129
139
89
126
138
-16
-159
-141
-117
-86
-18
33
39
25
42
75
133
163
152
146
118
69
-18
-66
-48
-79
-14
23
-32
-3
37
24
-17
-2
84
93
40
90
93
27
34
75
-16
-57
-53
-37
-32
-105
-106
-42
-25
-72
-2
72
58
74
90
70
39
-35
-15
13
-15
-27
-68
-103
-116
-72
-45
-10
22
37
-15
-81
-87
-58
-22
-12
-56
-42
-21
-69
-68
-26
-64
-94
-36
-18
-101
-123
-20
-18
19
140
138
26
43
98
48
48
136
187
146
62
-17
-84
-57
32
120
200
161
49
-20
-33
-48
-98
-45
42
46
50
36
-15
-18
18
48
61
114
156
139
165
180
104
107
151
164
174
212
187
123
115
77
10
1
-14
-49
-31
39
19
-61
-16
-15
-53
-52
-8
-50
-92
-85
-146
-204
-147
-93
-118
-93
-70
-159
-210
-162
-175
-193
-111
-115
-183
-169
-204
-270
-224
-127
-128
-175
-171
-190
-233
-137
-39
-51
-29
14
-15
-45
-68
-96
-96
-38
-29
-87
-66
-15
6
23
93
168
144
101
85
87
76
56
78
118
144
122
93
105
157
146
150
198
158
63
87
83
32
41
19
16
30
-9
-68
-13
28
21
46
70
30
19
54
94
104
98
89
36
4
-19
2
-38
-60
-17
2
3
3
36
92
117
99
106
128
126
125
126
110
110
60
7
8
-13
-13
28
65
54
5
-70
-78
-105
-97
-23
31
36
-11
-61
-133
-183
-184
-121
-50
-17
-19
-65
-124
-200
-210
-144
-106
-3
51
-12
-27
-38
-103
-151
-71
-13
-17
7
24
-14
-26
-9
-9
60
69
18
-44
-53
-49
-37
60
128
130
115
128
75
-3
-3
49
20
13
78
63
-28
-36
-4
12
36
42
38
39
-15
-85
-58
-50
-118
-125
-57
-87
-134
-122
-67
-41
-64
-66
-88
-78
-23
0
-4
57
54
0
-18
-34
-54
-15
67
163
198
95
-15
-41
-36
-29
15
90
110
58
-6
-69
-139
-130
-28
108
172
187
146
47
-48
-113
-92
0
52
47
33
-40
-88
-90
-25
27
66
96
106
29
-69
-67
-35
-20
22
53
63
44
-7
50
70
79
100
122
112
29
-49
-10
51
42
99
124
97
14
-14
67
118
108
122
108
46
-20
-35
-10
30
47
61
42
-16
-76
-130
-60
8
11
0
30
-58
-175
-160
-128
-141
-115
-84
-100
-124
-141
-140
-123
-83
-59
-23
17
-17
-64
-81
-76
-77
-37
57
75
41
35
34
2
9
47
66
79
71
74
53
-32
-54
-43
-34
-1
2
55
55
5
-41
-50
-47
-23
59
134
115
65
13
-21
-49
-57
-31
-16
-55
-76
-71
-129
-138
-109
-2
50
38
34
34
27
-2
-9
12
24
8
8
5
-24
-28
-20
2
19
7
-16
-8
-1
-5
30
81
74
17
9
-28
-89
-93
-77
-88
-45
-54
-59
-38
-37
-8
48
91
64
37
68
64
34
15
55
85
1
-35
-31
-59
-77
12
94
72
101
171
161
110
59
70
74
43
37
66
48
-46
-52
20
15
-47
-13
30
19
22
64
106
98
81
112
75
-7
-24
-20
-16
-28
-10
-9
-21
-39
-64
-76
-44
-10
-9
12
5
2
-19
-19
-10
-10
-3
21
33
9
-17
-36
-56
-101
-97
-70
-37
-38
-31
-1
16
14
12
21
20
0
3
-10
-73
-118
-131
-143
-149
-137
-128
-112
-92
-74
-57
-15
-7
-32
-39
-25
-44
-47
-3
8
15
-2
-19
-43
-51
-43
-21
12
12
2
11
28
42
20
37
70
84
75
51
36
5
-5
7
29
60
77
79
105
94
84
130
131
93
95
101
80
47
63
92
72
38
30
0
-33
-44
-28
-13
-20
-28
-11
-25
-58
-53
-30
-53
-71
-34
-17
-35
-54
-22
-5
-11
-13
20
27
-23
-59
-52
-46
-63
-45
-12
-4
-22
-20
14
51
52
79
102
72
27
7
-23
-45
-34
-12
48
83
102
92
105
90
57
69
86
100
84
46
-9
-61
-80
-65
-37
8
2
13
25
6
3
11
25
24
27
15
3
-19
-31
-61
-101
-119
-106
-118
-123
-98
-63
-39
-22
-6
-25
-39
-53
-78
-89
-83
-93
-62
-52
-72
-92
-121
-112
-109
-76
-19
5
24
65
89
92
110
71
60
65
51
16
0
-3
-16
-16
0
20
32
49
68
88
79
78
102
92
70
60
32
35
24
35
52
50
49
21
27
61
44
36
41
19
-13
-16
5
12
8
-7
-21
-34
-86
-117
-94
-100
-133
-133
-107
-87
-111
-96
-88
-75
-53
-57
-53
-51
-58
-76
-86
-86
-78
-71
-77
-48
-13
-8
-25
-31
-35
-39
5
32
70
82
71
69
58
69
72
85
89
79
68
71
87
83
100
102
97
107
130
132
142
144
126
117
110
84
41
31
31
21
24
26
34
28
36
23
1
-11
-24
-40
-56
-54
-44
-58
-74
-44
-64
-74
-47
-47
-52
-57
-60
-60
-25
-29
4
32
24
32
49
46
14
-2
-28
-56
-64
-48
-28
-19
2
28
35
25
19
32
21
10
-13
-1
-14
-25
-21
-12
-25
-31
-10
15
8
-26
-32
-37
-54
-45
-17
-33
-44
-55
-62
-66
-80
-108
-105
-75
-89
-94
-65
-58
-74
-66
-47
-58
-60
-33
-34
-57
-58
-42
-34
-20
-6
11
22
28
36
47
52
47
33
19
15
15
10
44
78
77
75
73
72
63
89
109
109
112
81
76
79
40
33
52
56
47
61
54
31
32
36
48
54
51
18
3
-17
-29
2
17
22
19
6
-5
-26
-37
-18
-7
-4
-5
6
-13
-32
-33
-26
-38
-52
-40
-33
-23
-12
-21
-15
-13
-4
24
29
27
6
-15
-38
-50
-52
-37
-28
-17
1
1
3
-5
-5
-2
-3
6
2
-4
-13
-20
-25
-26
-21
-21
-1
17
50
51
18
4
-11
-26
-22
11
29
41
36
19
14
-14
-41
-37
-35
-38
-21
-8
-31
-41
-34
-26
-31
-17
-5
-4
11
-1
-15
-22
-25
-20
-6
8
-7
-13
-17
-26
-13
21
66
81
77
76
69
44
23
21
12
-11
-9
4
-15
-20
-5
-9
-9
12
21
22
18
19
21
33
25
18
24
-4
-33
-49
-44
-62
-78
-68
-70
-78
-51
-51
-38
-23
-24
-14
-13
-7
-8
-11
-15
-31
-62
-70
-69
-63
-46
-30
-10
1
6
31
43
56
56
49
55
50
38
13
4
-15
-29
-24
-13
-2
19
37
54
62
72
72
59
66
70
74
78
70
69
49
24
-7
-31
-32
-30
-9
14
37
49
60
73
80
91
90
72
56
28
10
-8
-28
-32
-30
-20
-19
-12
2
1
7
25
31
45
47
36
15
9
-11
-16
-15
-18
-16
-20
-36
-57
-62
-70
-66
-63
-45
-37
-16
-4
-25
-36
-38
-47
-48
-40
-24
-35
-67
-85
-99
-107
-94
-64
-33
-12
-13
-24
-37
-55
-65
-53
-39
-30
-44
-57
-67
-65
-52
-25
-14
-16
1
4
-2
10
13
21
25
22
29
23
16
13
14
16
26
27
25
34
39
41
47
54
63
68
67
61
54
47
30
20
17
20
19
16
18
26
34
38
39
30
19
9
3
12
20
14
-1
-7
-23
-37
-32
-29
-21
-3
3
16
26
21
14
2
0
-2
3
20
14
-6
-17
-6
1
6
20
18
17
14
23
32
33
33
34
41
33
22
17
14
12
10
10
13
4
4
-2
-6
-10
-6
10
6
11
11
13
8
-19
-31
-27
-35
-41
-26
-12
8
16
6
-3
-20
-31
-33
-22
-15
-12
2
-4
-10
-14
-24
-7
-8
-18
-22
-24
-37
-43
-32
-23
-25
-10
-1
-6
-5
-23
-26
-28
-32
-27
-19
-20
-29
-27
-30
-37
-44
-39
-36
-43
-34
-21
-21
-37
-40
-22
-17
-12
-5
4
17
15
19
30
34
23
23
32
20
17
14
28
44
52
67
65
52
31
23
36
29
30
47
55
52
43
39
27
12
8
9
3
-3
-10
-1
2
2
3
-2
-7
2
14
15
9
-8
-21
-25
-34
-25
-8
-3
2
3
3
-21
-36
-41
-30
-17
-3
9
12
9
-15
-19
-9
7
23
19
9
11
8
10
17
21
13
17
17
25
36
32
16
0
-5
-12
-19
-19
-14
-19
-22
-18
-14
-10
-3
-5
-17
-26
-40
-41
-30
-19
-5
1
3
16
11
4
12
10
15
14
