SAMPLES:	11875
BITSPERSAMPLE:	16
CHANNELS:	1
SAMPLERATE:	16000
NORMALIZED:	FALSE
-1
-3
-1
1
2
1
0
-2
-1
6
7
3
-2
-1
1
5
7
10
11
11
8
0
-1
4
1
1
1
2
1
1
0
4
6
0
0
3
4
6
8
2
-1
4
5
1
3
4
1
-1
-2
-5
-7
-6
-4
-6
-5
-2
-2
-9
-10
-7
-8
-8
-12
-8
-8
-13
-15
-16
-15
-13
-12
-13
-12
-12
-12
-18
-20
-15
-14
-14
-10
-6
-5
-7
-10
-11
-10
-8
-8
-8
-10
-8
-5
-3
-2
-2
2
3
6
7
8
8
9
4
1
6
10
10
11
12
10
12
13
17
20
19
20
15
9
8
11
11
9
9
11
7
7
8
8
12
11
5
0
4
8
5
1
-3
-3
-1
-2
-5
-7
-5
-4
-3
-7
-5
0
-1
-3
-4
-5
-8
-6
-4
-2
1
2
-1
-3
-4
-4
-1
1
4
6
5
3
5
5
2
1
2
5
6
6
6
7
9
10
7
4
5
10
9
9
12
9
4
3
1
1
3
7
8
2
2
1
-1
-1
0
-3
-4
-3
-3
-3
-5
-6
-10
-11
-7
-2
-3
-9
-14
-14
-15
-18
-19
-20
-18
-17
-18
-21
-25
-22
-21
-24
-25
-22
-20
-18
-17
-17
-18
-13
-13
-12
-7
-4
-8
-10
-6
-4
-2
-3
2
10
14
15
14
19
19
19
20
21
27
31
29
25
22
25
23
20
20
20
20
26
27
24
21
19
18
16
17
17
15
14
13
10
8
5
5
6
6
1
-1
-2
-2
-2
-6
-8
-11
-11
-9
-10
-13
-16
-20
-19
-21
-23
-22
-24
-29
-31
-31
-27
-27
-25
-21
-17
-13
-8
-10
-15
-13
-13
-16
-18
-14
-10
-9
-9
-6
1
5
5
4
4
4
5
6
8
18
26
26
23
23
23
19
16
15
16
16
15
13
13
18
19
17
19
22
25
22
18
17
17
11
8
6
5
5
4
-1
-1
1
3
3
3
2
0
-6
-7
-5
-6
-8
-10
-9
-8
-10
-9
-8
-7
-6
-8
-15
-22
-24
-24
-25
-26
-25
-22
-26
-30
-33
-36
-36
-36
-35
-36
-33
-22
-19
-21
-21
-20
-20
-19
-20
-19
-16
-9
-8
-7
-2
5
9
11
18
27
31
31
32
27
25
30
34
40
43
50
52
51
55
53
49
46
46
45
41
40
38
36
35
38
33
24
23
22
14
9
0
-10
-18
-22
-23
-24
-25
-24
-30
-42
-53
-60
-62
-66
-66
-66
-69
-72
-69
-68
-61
-54
-51
-53
-58
-60
-59
-57
-53
-50
-46
-42
-34
-23
-16
-9
0
5
14
23
30
35
40
52
59
61
67
78
89
103
114
124
134
142
144
144
151
156
155
155
153
152
150
143
139
133
123
108
90
68
48
29
3
-21
-43
-58
-75
-95
-107
-122
-140
-156
-170
-182
-194
-200
-206
-212
-215
-222
-229
-243
-245
-246
-248
-245
-236
-233
-230
-225
-218
-213
-206
-189
-175
-160
-139
-122
-110
-86
-64
-41
-18
4
30
59
87
125
159
193
223
250
279
310
347
373
381
395
421
442
454
462
462
463
468
470
456
432
404
369
323
274
223
185
157
123
74
15
-49
-105
-153
-194
-224
-250
-276
-304
-333
-361
-378
-384
-398
-415
-428
-445
-467
-478
-479
-476
-464
-453
-444
-425
-414
-402
-386
-375
-369
-369
-348
-311
-261
-216
-186
-158
-117
-80
-43
1
39
71
102
142
190
233
288
360
434
489
536
571
603
645
675
703
732
763
781
778
769
773
767
757
721
658
601
549
490
425
353
278
204
150
96
23
-56
-139
-215
-282
-359
-418
-452
-477
-508
-559
-605
-651
-689
-699
-704
-724
-731
-743
-769
-800
-828
-846
-860
-878
-883
-885
-864
-838
-818
-810
-800
-769
-717
-628
-537
-464
-390
-308
-216
-143
-95
-27
63
166
262
333
432
564
701
817
888
976
1070
1160
1190
1217
1293
1356
1376
1355
1332
1325
1327
1335
1331
1280
1221
1167
1060
929
802
651
515
379
238
119
-21
-144
-252
-362
-443
-545
-620
-670
-711
-778
-885
-968
-1002
-1038
-1089
-1125
-1157
-1198
-1271
-1345
-1399
-1393
-1353
-1329
-1305
-1273
-1245
-1247
-1250
-1200
-1138
-1051
-921
-798
-691
-599
-496
-365
-229
-104
20
149
247
366
503
618
710
867
1073
1270
1404
1489
1546
1615
1682
1704
1700
1749
1844
1893
1887
1828
1786
1720
1658
1573
1459
1363
1235
1081
910
724
560
443
335
204
8
-212
-429
-628
-749
-866
-974
-1048
-1077
-1128
-1218
-1282
-1292
-1269
-1262
-1272
-1293
-1323
-1319
-1336
-1386
-1424
-1444
-1429
-1417
-1432
-1428
-1422
-1402
-1375
-1338
-1268
-1138
-985
-849
-731
-629
-484
-346
-243
-107
13
109
191
266
344
433
589
785
946
1073
1220
1338
1427
1541
1623
1665
1720
1793
1837
1829
1807
1793
1762
1722
1677
1568
1445
1336
1206
1077
919
752
616
503
376
218
29
-119
-284
-467
-614
-755
-827
-848
-913
-994
-1068
-1142
-1211
-1250
-1258
-1276
-1284
-1295
-1310
-1337
-1353
-1367
-1355
-1347
-1336
-1328
-1321
-1284
-1248
-1235
-1210
-1149
-1076
-982
-884
-774
-669
-552
-449
-334
-211
-69
70
197
335
484
647
836
1027
1155
1259
1355
1428
1476
1535
1576
1650
1735
1807
1864
1880
1871
1861
1871
1827
1724
1591
1453
1283
1108
935
759
622
507
367
197
26
-178
-350
-497
-626
-722
-822
-862
-884
-939
-1022
-1087
-1108
-1098
-1123
-1177
-1219
-1232
-1261
-1318
-1363
-1352
-1334
-1306
-1313
-1372
-1382
-1360
-1375
-1413
-1400
-1328
-1239
-1115
-984
-864
-711
-576
-483
-389
-226
-75
41
131
222
337
490
677
845
984
1104
1192
1280
1389
1454
1487
1553
1652
1722
1770
1796
1803
1830
1838
1791
1716
1651
1581
1467
1281
1082
891
691
524
361
196
21
-146
-309
-452
-591
-719
-820
-863
-885
-922
-978
-1030
-1085
-1181
-1222
-1243
-1271
-1285
-1306
-1354
-1431
-1495
-1522
-1532
-1519
-1489
-1425
-1370
-1323
-1300
-1294
-1261
-1175
-1062
-947
-821
-702
-589
-471
-333
-196
-62
75
224
384
564
790
1006
1188
1327
1446
1551
1666
1811
1875
1881
1914
1978
1991
1998
1983
1954
1953
1974
1958
1833
1710
1588
1437
1262
1050
832
622
449
271
66
-149
-357
-561
-755
-918
-1033
-1115
-1159
-1194
-1275
-1369
-1438
-1469
-1483
-1489
-1531
-1556
-1598
-1648
-1702
-1726
-1689
-1662
-1638
-1602
-1595
-1565
-1519
-1472
-1426
-1375
-1273
-1145
-983
-810
-660
-538
-408
-270
-136
15
182
306
440
588
750
936
1129
1331
1478
1607
1684
1763
1847
1863
1916
2024
2102
2118
2110
2069
1997
1954
1939
1889
1803
1715
1572
1374
1162
963
747
555
399
211
9
-178
-392
-634
-815
-975
-1102
-1181
-1224
-1239
-1288
-1360
-1420
-1480
-1528
-1543
-1549
-1554
-1578
-1583
-1612
-1651
-1625
-1562
-1471
-1423
-1397
-1376
-1400
-1447
-1428
-1350
-1239
-1080
-882
-687
-539
-414
-279
-139
1
160
290
423
563
698
867
1060
1251
1405
1528
1637
1758
1879
1922
1934
1991
2048
2092
2109
2091
2040
1979
1930
1847
1738
1647
1537
1382
1194
1008
803
571
385
204
-5
-261
-489
-691
-886
-1067
-1213
-1314
-1375
-1408
-1485
-1578
-1648
-1648
-1654
-1644
-1633
-1596
-1565
-1566
-1589
-1626
-1633
-1633
-1588
-1548
-1507
-1450
-1434
-1424
-1379
-1294
-1195
-1071
-882
-707
-546
-415
-305
-175
-26
115
270
435
602
747
868
1025
1185
1347
1471
1542
1616
1698
1773
1813
1884
1981
2076
2169
2187
2169
2148
2116
2087
2042
1924
1773
1575
1337
1101
853
644
460
289
122
-83
-290
-491
-728
-938
-1090
-1209
-1286
-1344
-1398
-1491
-1585
-1632
-1665
-1673
-1666
-1675
-1714
-1727
-1697
-1682
-1709
-1696
-1651
-1621
-1576
-1510
-1427
-1382
-1339
-1293
-1228
-1117
-971
-811
-678
-555
-390
-243
-119
12
132
257
390
535
691
884
1124
1363
1543
1716
1861
2005
2122
2186
2216
2259
2310
2340
2355
2301
2202
2135
2117
2068
1967
1837
1696
1550
1383
1202
972
755
589
381
132
-117
-339
-577
-863
-1142
-1349
-1511
-1603
-1666
-1728
-1792
-1853
-1879
-1918
-1982
-2020
-2018
-2004
-1971
-1931
-1898
-1885
-1880
-1870
-1848
-1842
-1817
-1768
-1722
-1678
-1602
-1464
-1283
-1053
-812
-594
-419
-223
-44
94
222
338
473
645
818
1028
1293
1532
1724
1856
1961
2013
2118
2187
2223
2324
2450
2508
2498
2472
2402
2306
2229
2194
2077
1903
1711
1497
1240
968
749
529
346
195
32
-208
-415
-592
-804
-1016
-1198
-1342
-1468
-1522
-1596
-1693
-1787
-1850
-1878
-1903
-1913
-1892
-1874
-1842
-1827
-1820
-1804
-1759
-1705
-1634
-1571
-1507
-1423
-1371
-1328
-1294
-1225
-1139
-973
-771
-593
-439
-297
-127
32
183
330
506
685
851
1006
1179
1318
1441
1552
1665
1779
1881
1975
2070
2185
2297
2353
2378
2371
2316
2225
2139
2065
1967
1840
1705
1561
1348
1133
923
706
509
326
125
-111
-356
-579
-803
-999
-1150
-1267
-1380
-1491
-1605
-1685
-1735
-1777
-1847
-1909
-1946
-1947
-1957
-1982
-1957
-1924
-1883
-1832
-1772
-1707
-1643
-1552
-1480
-1436
-1353
-1268
-1196
-1131
-1004
-824
-642
-488
-305
-122
51
229
367
512
633
773
937
1184
1443
1672
1856
1975
2075
2161
2256
2327
2353
2433
2499
2494
2447
2344
2256
2173
2111
2014
1884
1743
1573
1379
1159
922
665
452
265
52
-179
-432
-725
-1006
-1247
-1469
-1680
-1840
-1920
-1991
-2084
-2155
-2203
-2205
-2191
-2193
-2193
-2152
-2093
-2023
-1985
-1985
-1957
-1912
-1850
-1786
-1724
-1637
-1527
-1386
-1264
-1170
-1042
-862
-647
-466
-264
-100
66
242
395
533
653
786
977
1167
1369
1600
1782
1922
1998
2078
2165
2285
2364
2434
2490
2559
2594
2577
2504
2380
2278
2213
2151
2026
1844
1652
1434
1173
901
631
397
201
48
-126
-356
-611
-834
-1046
-1282
-1480
-1629
-1740
-1774
-1798
-1858
-1940
-1981
-2005
-1993
-1973
-1946
-1913
-1884
-1864
-1856
-1827
-1801
-1808
-1791
-1730
-1657
-1588
-1476
-1362
-1293
-1219
-1118
-937
-745
-531
-344
-200
-49
121
271
414
576
721
896
1085
1308
1513
1690
1814
1920
2008
2146
2217
2256
2430
2528
2511
2507
2542
2487
2383
2265
2259
2214
2003
1800
1635
1398
1108
813
562
398
212
-27
-241
-486
-755
-1005
-1238
-1464
-1655
-1800
-1903
-1968
-2004
-2062
-2142
-2198
-2221
-2248
-2269
-2254
-2241
-2233
-2180
-2123
-2092
-2053
-2014
-1951
-1860
-1742
-1608
-1462
-1337
-1212
-1064
-903
-744
-583
-412
-244
-48
160
339
508
667
830
1017
1216
1505
1747
1966
2184
2325
2412
2483
2562
2589
2644
2709
2738
2723
2670
2585
2498
2435
2408
2338
2198
2028
1837
1631
1358
1076
798
564
358
110
-150
-457
-723
-960
-1220
-1452
-1657
-1818
-1896
-1941
-2011
-2102
-2186
-2247
-2312
-2348
-2347
-2307
-2276
-2230
-2206
-2197
-2160
-2090
-2036
-1997
-1923
-1796
-1657
-1519
-1382
-1238
-1098
-939
-713
-506
-312
-100
104
250
394
522
649
802
951
1113
1387
1648
1890
2052
2137
2234
2292
2393
2473
2531
2571
2616
2600
2564
2490
2341
2238
2190
2117
1995
1841
1652
1427
1152
858
534
252
16
-175
-350
-578
-836
-1135
-1377
-1607
-1805
-1933
-2008
-2055
-2088
-2108
-2170
-2204
-2239
-2255
-2263
-2256
-2212
-2134
-2032
-1971
-1984
-1963
-1907
-1854
-1784
-1674
-1523
-1351
-1202
-1112
-1034
-948
-765
-522
-331
-118
95
276
449
576
704
835
985
1178
1473
1750
1971
2107
2214
2260
2304
2403
2469
2568
2667
2860
2917
2823
2725
2560
2404
2303
2247
2181
2079
1911
1666
1362
1031
670
339
123
-85
-306
-521
-736
-969
-1160
-1396
-1628
-1796
-1876
-1917
-1997
-2040
-2114
-2212
-2328
-2393
-2423
-2423
-2360
-2236
-2142
-2091
-2088
-2081
-2064
-2075
-2018
-1927
-1825
-1677
-1509
-1380
-1246
-1092
-882
-657
-461
-328
-173
47
313
567
763
942
1082
1238
1522
1784
1964
2177
2310
2366
2429
2511
2606
2628
2743
2861
2895
2899
2807
2701
2491
2321
2195
2033
1882
1701
1479
1192
883
579
256
-44
-298
-521
-684
-901
-1160
-1402
-1638
-1821
-2027
-2178
-2217
-2179
-2150
-2158
-2241
-2359
-2477
-2533
-2508
-2467
-2383
-2233
-2107
-2033
-1976
-1982
-2018
-2016
-1961
-1809
-1584
-1368
-1162
-1000
-852
-703
-524
-304
-84
161
392
590
778
929
1057
1208
1379
1665
2006
2232
2410
2548
2625
2596
2637
2698
2722
2809
2918
3046
2990
2873
2668
2426
2284
2149
2059
1936
1778
1541
1260
972
611
245
-13
-236
-479
-654
-773
-973
-1274
-1492
-1707
-1964
-2129
-2144
-2135
-2170
-2210
-2261
-2383
-2543
-2649
-2662
-2642
-2576
-2427
-2313
-2309
-2306
-2292
-2301
-2299
-2225
-2045
-1858
-1687
-1476
-1217
-973
-722
-507
-308
-102
82
300
524
754
971
1172
1299
1504
1901
2264
2523
2748
2885
2903
2728
2675
2684
2671
2561
2067
2280
2711
2702
2731
2894
2776
2620
2249
2053
2175
2116
1970
1624
794
-67
-576
-962
-1347
-1282
-998
-1090
-1260
-1463
-1735
-2054
-2334
-2163
-1854
-1883
-1775
-1617
-1919
-2447
-2739
-2676
-2649
-2815
-2479
-2094
-2238
-2369
-2377
-2486
-2700
-2708
-2348
-2124
-2013
-1616
-1123
-825
-580
-124
322
418
616
873
947
940
1089
1303
1535
2204
3190
3660
3794
3886
3878
3344
2565
2579
2764
2606
2479
2446
2075
1330
609
483
503
610
1116
1685
1634
1251
887
462
-78
-336
-181
-162
-430
-707
-1089
-1821
-2476
-2711
-2529
-2386
-2129
-1737
-1715
-1961
-2221
-2357
-2506
-2600
-2449
-2253
-2214
-2101
-1874
-1641
-1542
-1445
-1253
-1133
-1117
-1119
-1009
-920
-724
-471
-260
-9
155
311
370
458
635
762
836
983
1053
1050
914
1775
2949
3664
3995
3944
3865
3023
1843
1484
1588
1710
1922
1790
1477
718
94
-128
-36
230
1030
1960
2289
1882
1332
822
180
-319
-371
-266
-424
-588
-1021
-1606
-2232
-2461
-2257
-1985
-1608
-1188
-827
-833
-1161
-1510
-1872
-2185
-2378
-2377
-2185
-2045
-1787
-1571
-1578
-1684
-1815
-1861
-1842
-1805
-1652
-1349
-1022
-840
-728
-546
-455
-320
-97
198
588
678
747
686
566
507
882
2033
3313
4034
4179
4011
3247
2210
1246
1171
1401
1805
1956
1811
1246
527
-80
-128
210
827
1661
2435
2612
2085
1449
814
298
-226
-401
-518
-622
-903
-1274
-1781
-2198
-2337
-2243
-1914
-1469
-909
-461
-380
-786
-1413
-2081
-2584
-2869
-2787
-2364
-1908
-1485
-1328
-1451
-1807
-2125
-2119
-1851
-1544
-1145
-718
-573
-733
-805
-787
-517
-100
337
728
940
919
789
509
473
542
1168
2652
3958
4426
4245
3932
3172
1906
872
986
1488
1812
1787
1702
1209
460
-148
-127
281
991
1987
2713
2610
1858
1126
464
-239
-770
-836
-758
-748
-1006
-1292
-1690
-2179
-2237
-1896
-1342
-805
-305
30
-261
-1083
-2022
-2696
-3008
-3059
-2676
-2092
-1605
-1370
-1398
-1618
-1972
-2111
-1902
-1563
-1366
-1264
-1155
-1187
-1352
-1251
-838
-300
12
269
586
591
419
241
238
446
565
1152
2717
3921
4292
4097
3791
2914
1517
606
846
1351
1533
1617
1594
932
-84
-558
-328
292
1149
2355
3168
2936
2022
1152
300
-371
-631
-372
-118
-274
-739
-1260
-1781
-2243
-1994
-1225
-317
369
680
611
-61
-1146
-2142
-2613
-2710
-2562
-2142
-1655
-1346
-1229
-1329
-1494
-1614
-1599
-1393
-1188
-1109
-1178
-1322
-1434
-1535
-1456
-984
-271
289
596
806
799
446
44
-46
136
367
782
2265
3666
4050
3737
3515
2812
1483
546
722
1399
1695
1713
1659
953
-215
-857
-742
-121
824
2059
2961
2860
2024
1089
338
-271
-606
-366
-10
-79
-608
-1325
-1948
-2415
-2432
-1714
-680
217
636
536
-275
-1478
-2604
-3167
-3101
-2741
-2161
-1536
-1203
-1292
-1637
-1839
-1921
-1918
-1489
-1043
-972
-1073
-1380
-1928
-2103
-2005
-1522
-373
470
771
964
719
151
-146
-391
-193
550
932
2197
3869
4322
3993
3481
2793
2053
1135
957
1648
2002
1907
1651
983
-81
-679
-572
69
1031
2096
3050
3305
2476
1445
628
107
-147
-86
83
112
-242
-1079
-1823
-2292
-2336
-1624
-454
524
1001
815
-29
-1261
-2428
-3155
-3127
-2584
-1901
-1272
-1049
-1206
-1458
-1734
-1813
-1611
-1288
-940
-878
-1197
-1635
-2073
-2246
-2044
-1442
-614
146
700
784
503
116
-214
-280
-115
277
624
1054
2401
3647
4098
3890
3516
2823
1685
545
702
1301
1767
1747
1548
741
-319
-954
-753
101
1300
2607
3542
3381
2373
1218
211
-428
-703
-488
-269
-437
-1116
-1933
-2569
-2869
-2535
-1457
-95
938
1225
726
-371
-1717
-2845
-3375
-3158
-2516
-1837
-1306
-1171
-1404
-1749
-1857
-1799
-1612
-1183
-857
-837
-1065
-1646
-2036
-2002
-1709
-1044
-218
460
838
702
264
174
93
244
461
757
964
1656
3013
3987
4388
4119
3657
2613
1363
483
885
1436
1896
1819
1544
588
-282
-688
-421
470
1784
3012
3605
3168
1911
654
-283
-741
-809
-503
-414
-567
-1259
-2038
-2453
-2465
-1885
-802
425
1200
1189
328
-1032
-2271
-3124
-3361
-2866
-2136
-1495
-1164
-1285
-1571
-1811
-1853
-1723
-1290
-880
-682
-870
-1416
-2038
-2373
-2335
-1705
-791
89
613
695
499
197
-52
-204
-29
200
530
866
1663
3195
4241
4245
3948
3106
2089
1039
555
1152
1808
1915
1576
723
-487
-1134
-1114
-337
1070
2621
3586
3790
2832
1335
106
-637
-800
-452
-214
-292
-702
-1647
-2514
-2804
-2523
-1456
16
1263
1847
1409
49
-1527
-2848
-3587
-3464
-2650
-1680
-985
-837
-1153
-1637
-2002
-1939
-1481
-812
-237
-93
-516
-1336
-2166
-2573
-2418
-1801
-784
181
790
869
635
309
65
84
246
447
921
1171
1630
2836
3800
4348
4055
3115
2056
1064
498
915
1509
1833
1770
1012
-242
-1092
-1236
-509
878
2312
3373
3665
2779
1295
-139
-1031
-1107
-621
-265
-251
-703
-1529
-2250
-2587
-2330
-1319
-40
1095
1601
1151
-97
-1563
-2767
-3416
-3282
-2610
-1776
-1239
-1113
-1272
-1652
-1834
-1562
-1027
-482
-187
-307
-803
-1518
-2233
-2458
-2133
-1455
-551
216
578
617
471
309
335
391
548
671
809
695
703
1959
3491
4390
4218
3518
2361
1089
-61
38
820
1578
1813
1491
380
-724
-1254
-1017
183
1731
3185
3940
3610
2112
331
-1043
-1496
-1154
-473
-142
-64
-635
-1587
-2353
-2473
-1773
-488
904
1892
1968
913
-808
-2459
-3590
-3869
-3157
-2011
-1085
-646
-792
-1287
-1791
-1835
-1342
-652
-129
62
-212
-1007
-2008
-2677
-2725
-2081
-1046
-28
585
775
558
152
-58
-18
247
594
783
994
1180
2318
3509
4230
3984
3079
2126
1099
172
238
1050
1821
1971
1253
178
-846
-1251
-923
399
2035
3396
3831
3142
1563
-152
-1234
-1314
-747
-137
-4
-294
-1117
-2188
-2797
-2767
-1835
-527
775
1553
1374
235
-1455
-2870
-3673
-3649
-2912
-1966
-1230
-981
-1231
-1600
-1834
-1594
-973
-277
218
236
-276
-1133
-1954
-2425
-2316
-1582
-634
288
884
1034
894
545
409
536
806
1104
1393
1315
1289
2159
3154
3894
3940
3543
2761
1772
730
642
1112
1520
1743
1367
440
-436
-934
-817
145
1495
2665
3278
2937
1666
277
-789
-1093
-681
-320
-221
-392
-1135
-2120
-2749
-2774
-2172
-1164
-2
910
1060
182
-1076
-2299
-3221
-3361
-2789
-1962
-1310
-993
-1046
-1361
-1608
-1486
-999
-439
-74
-28
-439
-1109
-1830
-2293
-2193
-1657
-939
-249
377
716
723
393
196
332
464
542
844
1071
1155
2378
3536
4006
3670
2993
2222
1165
184
518
1562
1779
1423
809
-84
-942
-1164
-661
695
2035
2901
3167
2546
1115
-171
-767
-679
-128
179
-45
-608
-1613
-2770
-3101
-2690
-1786
-681
407
978
779
-215
-1499
-2311
-2846
-2736
-2123
-1525
-1181
-1182
-1395
-1547
-1489
-1142
-630
-184
-25
-255
-771
-1341
-1719
-1850
-1581
-1021
-454
143
629
881
870
666
558
636
656
679
1026
1188
1733
2905
3771
4214
3711
2891
2027
1213
440
970
1812
2115
1545
453
-606
-1004
-929
-154
1310
2598
3141
2832
1714
294
-447
-508
3
552
492
-181
-1274
-2620
-3361
-3286
-2424
-1117
-10
621
539
-110
-1195
-2148
-2663
-2688
-2295
-1902
-1687
-1732
-1875
-2002
-1911
-1465
-856
-309
-123
-399
-948
-1571
-1984
-2042
-1770
-1151
-648
-338
-68
190
340
444
611
798
910
735
561
542
584
1606
3313
4091
4284
3418
2515
1432
442
313
1584
2483
2365
1483
124
-941
-1369
-996
317
2028
2949
3108
2366
1020
-192
-550
-169
684
1084
620
-402
-1873
-3246
-3580
-3037
-1869
-481
407
713
363
-562
-1580
-2169
-2210
-2006
-1743
-1700
-1754
-2049
-2217
-2026
-1438
-788
-221
77
26
-446
-1104
-1544
-1614
-1476
-1151
-715
-466
-187
63
176
323
509
828
957
897
703
824
997
2016
3317
3894
3994
3278
2393
1619
911
858
1619
1990
1762
984
-20
-678
-631
-217
678
1620
2148
2138
1504
562
-43
7
441
1007
1007
158
-1003
-2155
-3009
-3009
-2407
-1546
-744
-517
-603
-560
-716
-1056
-1449
-1689
-1608
-1684
-2125
-2259
-2030
-1746
-1583
-1472
-1149
-807
-634
-582
-526
-616
-767
-962
-1194
-1354
-1245
-860
-241
342
623
698
493
365
309
466
659
938
1069
1763
3179
3620
3486
2923
2630
2325
1567
1172
1697
2170
1662
769
82
-486
-555
-160
690
1603
1986
1958
1505
667
2
184
730
1081
917
70
-1037
-2090
-2861
-2830
-2125
-1416
-879
-635
-565
-716
-1040
-1301
-1318
-1179
-1285
-1423
-1696
-1998
-2286
-2224
-1695
-1101
-684
-515
-621
-814
-937
-1003
-1065
-1120
-1140
-1090
-1057
-991
-517
-26
278
367
413
634
656
430
285
520
985
2365
3496
3903
3459
2617
2075
1701
1510
1885
2471
2330
1302
161
-738
-969
-525
502
1663
2225
1993
1225
458
-154
-125
597
1511
1885
1214
-178
-1534
-2478
-2711
-2271
-1484
-889
-740
-1097
-1416
-1624
-1579
-1343
-989
-847
-1116
-1655
-2121
-2348
-2417
-2113
-1510
-974
-857
-1009
-1066
-1032
-929
-793
-701
-659
-824
-1060
-1157
-835
-121
465
674
469
378
306
344
540
941
1275
2405
3545
3768
3174
2474
2339
2310
2058
2339
2918
2633
1418
183
-454
-563
-56
768
1680
1932
1707
1252
684
159
138
734
1431
1629
1056
-100
-1160
-1791
-1891
-1559
-1136
-971
-1195
-1648
-1889
-1923
-1754
-1463
-1230
-1107
-1493
-2034
-2352
-2377
-2195
-1940
-1610
-1450
-1546
-1722
-1721
-1525
-1251
-922
-783
-918
-1177
-1432
-1491
-1047
-368
211
429
283
23
-207
-191
261
882
1466
2718
3479
3267
2556
2101
2358
2482
2272
2749
3422
2903
1326
172
-209
78
321
822
1438
1646
1345
986
809
764
941
1251
1418
1231
500
-273
-762
-1042
-1174
-990
-817
-973
-1414
-1681
-1444
-1327
-1418
-1493
-1441
-1479
-1918
-2291
-2210
-1899
-1760
-1673
-1575
-1616
-1794
-1935
-1680
-1293
-1050
-925
-856
-943
-1142
-1181
-966
-456
39
303
308
155
23
114
372
827
1119
1990
3211
3731
3251
2561
2553
2778
2679
2503
2849
2977
2199
940
208
321
719
908
1101
1071
967
775
726
771
928
1090
1110
940
415
-277
-765
-1022
-1077
-901
-784
-831
-1169
-1590
-1517
-1331
-1164
-1378
-1741
-1938
-2075
-2381
-2391
-2151
-1904
-1863
-1915
-1825
-1714
-1781
-1686
-1520
-1412
-1347
-1306
-1226
-1255
-1253
-1060
-496
-69
-19
-218
-364
-282
-198
-100
327
657
1001
1950
2894
3052
2758
2663
2748
2719
2344
2683
3045
2265
1208
778
759
865
781
928
1013
737
374
507
622
699
944
1248
1357
1177
669
26
-479
-782
-701
-496
-482
-597
-1009
-1105
-1078
-944
-990
-1101
-1248
-1440
-1841
-2208
-2233
-2133
-2042
-1927
-1738
-1518
-1495
-1557
-1547
-1472
-1433
-1403
-1298
-1219
-1241
-1263
-869
-330
-14
6
-57
-22
-149
-323
-104
344
1021
1861
2325
2402
2258
2324
2671
2776
2642
2917
2864
2329
1614
1065
933
1055
1127
1189
964
683
626
595
345
267
524
846
1022
927
723
487
233
52
-222
-416
-447
-597
-893
-917
-1035
-835
-794
-1073
-1070
-972
-1310
-1614
-1886
-2219
-2323
-2232
-2026
-1700
-1627
-1622
-1527
-1562
-1637
-1488
-1282
-1103
-1079
-1049
-887
-775
-642
-420
-104
13
-67
-163
-46
27
759
1716
2296
2052
2051
2282
2693
2426
2396
2796
2829
2162
1455
1270
1173
1228
1175
1160
952
835
706
597
213
76
169
356
319
265
42
-37
-103
-88
-131
-111
-453
-783
-957
-1032
-991
-1119
-1282
-1307
-1348
-1312
-1239
-1316
-1511
-1800
-2055
-2073
-2123
-2113
-1937
-1747
-1614
-1569
-1482
-1345
-1288
-1241
-1123
-816
-715
-649
-677
-538
-223
90
150
306
346
663
1510
1932
1884
1487
1651
2162
2406
2217
2618
2751
2375
1654
1476
1701
1978
1800
1709
1326
963
793
807
699
486
438
494
393
41
-212
-278
-187
17
253
477
198
-129
-470
-462
-344
-347
-502
-814
-1239
-1482
-1353
-1158
-982
-1043
-1164
-1276
-1426
-1566
-1620
-1826
-1875
-1759
-1620
-1479
-1447
-1542
-1545
-1345
-983
-804
-831
-784
-571
-375
-473
-355
-50
442
1213
1660
1748
1451
1475
1593
1704
1539
1840
2101
2061
1568
1395
1469
1652
1704
1730
1544
1336
1280
1154
838
544
528
608
506
182
-108
-364
-371
-267
-43
-74
-254
-333
-364
-321
-262
-106
-114
-407
-795
-940
-1031
-1174
-1376
-1575
-1526
-1390
-1200
-1128
-1284
-1506
-1620
-1684
-1705
-1730
-1686
-1608
-1448
-1157
-956
-972
-1075
-975
-779
-573
-462
-318
-298
49
730
1216
1328
1337
1601
1949
2009
1720
1709
1562
1344
1129
1244
1345
1460
1520
1467
1274
1236
1281
1260
950
681
689
723
561
316
-114
-401
-326
-177
-93
-164
-216
-549
-704
-677
-369
-111
-134
-327
-349
-360
-480
-643
-931
-1120
-1230
-1340
-1352
-1384
-1427
-1332
-1198
-1121
-1080
-1052
-1134
-1314
-1382
-1131
-949
-996
-993
-813
-532
-418
-469
-352
-193
502
1102
1261
1221
1489
1770
1860
1790
1729
2088
2053
1740
1445
1263
1263
1429
1446
1305
1280
1431
1483
1151
652
553
598
562
460
397
112
-201
-326
-330
-427
-495
-576
-596
-696
-700
-703
-652
-768
-804
-796
-683
-603
-675
-780
-959
-1205
-1332
-1436
-1594
-1691
-1652
-1626
-1527
-1386
-1245
-1157
-1072
-811
-597
-602
-809
-868
-820
-752
-599
-443
-322
-81
583
988
1078
1019
1407
1692
1715
1587
1735
1803
1537
1188
1209
1374
1319
1300
1201
1045
927
1104
1164
924
608
589
607
441
169
27
-167
-259
-168
-89
-76
-127
-321
-579
-709
-595
-451
-493
-704
-756
-728
-634
-639
-632
-632
-668
-764
-797
-920
-1118
-1322
-1407
-1421
-1336
-1252
-1192
-1233
-1068
-729
-522
-479
-470
-339
-298
-365
-360
-249
-301
264
756
1007
832
1098
1412
1512
1369
1470
1675
1374
1106
1110
1320
1375
1341
1172
1117
1101
1205
1242
1014
615
580
543
389
111
49
-48
-10
35
-5
-105
-217
-257
-319
-442
-347
-302
-425
-694
-695
-636
-565
-645
-767
-855
-903
-904
-948
-1066
-1223
-1204
-1181
-1213
-1219
-1236
-1265
-1266
-1058
-783
-665
-719
-651
-581
-437
-425
-253
-192
-58
410
685
769
653
1063
1273
1326
1128
1484
1649
1381
1078
1136
1189
1134
1089
1031
850
819
954
964
693
454
512
516
341
144
-77
-307
-382
-322
-251
-271
-333
-372
-449
-485
-447
-450
-584
-730
-609
-500
-468
-627
-710
-744
-706
-770
-802
-925
-1044
-1129
-1217
-1277
-1280
-1225
-1142
-979
-696
-494
-449
-431
-393
-300
-137
-39
143
143
317
885
1078
972
1011
1493
1686
1479
1291
1412
1495
1293
1309
1379
1353
1168
1100
1003
812
810
887
767
483
371
400
246
21
-155
-327
-469
-383
-311
-483
-700
-761
-813
-869
-793
-621
-706
-826
-853
-766
-776
-812
-815
-839
-857
-755
-727
-913
-1171
-1232
-1095
-1003
-1045
-1103
-1103
-1077
-906
-742
-641
-552
-364
-162
-5
148
278
366
384
673
1277
1370
1294
1489
1852
1961
1949
1794
1922
1796
1564
1556
1604
1457
1333
1277
1033
931
983
987
727
406
322
397
261
-13
-218
-433
-547
-497
-536
-768
-881
-862
-909
-1036
-1184
-1165
-1178
-1218
-1164
-1025
-1037
-1079
-1140
-1156
-1110
-981
-1035
-1169
-1217
-1157
-1125
-1114
-1188
-1273
-1303
-1271
-1137
-972
-1010
-941
-718
-430
-283
-151
24
243
296
712
1252
1317
1304
1459
1816
1957
1892
1791
1823
1690
1566
1608
1693
1554
1479
1394
1267
1070
986
895
741
558
453
442
323
160
-53
-246
-296
-268
-361
-555
-768
-826
-867
-872
-857
-843
-929
-947
-915
-811
-755
-731
-768
-853
-833
-743
-801
-988
-1104
-1026
-957
-955
-995
-1008
-976
-882
-757
-710
-716
-719
-623
-511
-423
-265
-148
-20
120
592
1077
1243
1285
1453
1837
1942
1997
1961
2122
2042
1811
1593
1595
1541
1463
1283
1175
1125
1164
1010
710
389
361
413
152
-121
-293
-376
-494
-538
-617
-718
-825
-871
-985
-1095
-1180
-1170
-1220
-1227
-1110
-877
-851
-888
-946
-943
-919
-871
-953
-1053
-1026
-915
-969
-1090
-1168
-1154
-1169
-1073
-873
-667
-609
-549
-424
-312
-290
-204
-42
113
147
420
769
909
1025
1321
1683
1835
1932
1911
1991
1828
1735
1716
1646
1482
1461
1399
1155
911
837
729
554
329
250
177
-98
-302
-473
-603
-706
-711
-753
-911
-1020
-1113
-1174
-1258
-1152
-1058
-1089
-1136
-1122
-1056
-1050
-1001
-956
-963
-920
-783
-744
-809
-851
-823
-837
-755
-686
-669
-686
-626
-474
-363
-346
-280
-208
-167
-105
30
97
289
554
972
1300
1339
1460
1633
1861
1978
2110
2196
2345
2298
2222
2110
2015
1838
1763
1649
1448
1303
1315
1185
858
597
373
305
133
-20
-270
-491
-733
-843
-989
-1169
-1196
-1224
-1356
-1434
-1419
-1476
-1538
-1557
-1536
-1409
-1299
-1198
-1209
-1348
-1352
-1247
-1240
-1267
-1251
-1235
-1298
-1261
-1182
-1133
-1113
-1007
-861
-740
-641
-592
-542
-434
-354
-311
-173
60
230
495
901
1132
1362
1512
1782
1941
1971
1983
2065
2065
2025
2063
2047
2025
1964
1851
1647
1522
1440
1377
1107
833
635
431
177
-15
-263
-490
-646
-725
-782
-941
-1062
-1105
-1161
-1296
-1334
-1321
-1397
-1502
-1470
-1390
-1362
-1334
-1312
-1337
-1326
-1224
-1152
-1137
-1156
-1162
-1113
-1051
-1003
-992
-982
-935
-819
-706
-630
-567
-483
-316
-132
37
112
201
376
644
970
1104
1293
1467
1767
1987
2226
2291
2420
2437
2356
2302
2232
2223
2162
2123
1994
1856
1775
1630
1375
1109
882
702
432
222
-5
-235
-505
-617
-693
-882
-998
-1107
-1194
-1277
-1348
-1374
-1494
-1602
-1630
-1556
-1511
-1439
-1433
-1414
-1416
-1402
-1387
-1426
-1431
-1393
-1368
-1290
-1164
-1142
-1178
-1146
-1036
-945
-875
-748
-654
-567
-462
-358
-276
-165
10
203
557
766
972
1100
1284
1479
1618
1732
1912
1992
1918
1987
2088
2135
2181
2125
2032
1866
1745
1662
1375
1095
906
812
611
448
225
18
-148
-266
-378
-615
-844
-951
-1088
-1162
-1162
-1171
-1303
-1337
-1327
-1310
-1309
-1303
-1284
-1301
-1320
-1304
-1275
-1321
-1362
-1338
-1334
-1282
-1201
-1214
-1208
-1172
-1039
-876
-780
-757
-704
-644
-526
-443
-396
-260
-11
196
500
777
944
1053
1213
1514
1691
1816
1914
2085
2116
2157
2222
2257
2268
2276
2271
2174
2079
2023
1896
1617
1309
1074
900
687
477
176
-119
-297
-413
-605
-844
-1008
-1076
-1116
-1164
-1184
-1259
-1348
-1377
-1411
-1459
-1452
-1434
-1427
-1430
-1374
-1364
-1419
-1450
-1466
-1441
-1386
-1317
-1278
-1315
-1305
-1209
-1090
-952
-823
-710
-573
-408
-309
-239
-178
-41
116
319
674
966
1144
1259
1409
1586
1710
1897
2046
2108
2186
2206
2262
2238
2200
2121
2069
2005
1933
1823
1652
1462
1185
870
623
419
163
-114
-321
-484
-706
-848
-997
-1123
-1253
-1397
-1536
-1625
-1610
-1566
-1543
-1561
-1582
-1569
-1550
-1539
-1517
-1547
-1550
-1541
-1516
-1483
-1465
-1419
-1404
-1375
-1302
-1240
-1145
-1055
-950
-832
-702
-586
-411
-246
-77
123
345
486
666
857
992
1137
1296
1483
1664
1810
1921
2054
2120
2137
2166
2187
2206
2225
2211
2155
2006
1885
1756
1612
1462
1311
1121
916
682
448
209
-25
-224
-413
-574
-715
-864
-1010
-1145
-1240
-1302
-1343
-1367
-1370
-1362
-1370
-1372
-1382
-1391
-1404
-1406
-1436
-1429
-1392
-1376
-1363
-1363
-1368
-1374
-1363
-1317
-1257
-1175
-1088
-1011
-893
-790
-698
-558
-433
-276
-103
79
271
492
693
856
1001
1168
1321
1460
1619
1771
1844
1864
1922
1963
1991
2041
2099
2120
2061
1976
1882
1700
1499
1334
1173
961
759
578
389
215
47
-86
-243
-393
-534
-680
-840
-1002
-1085
-1161
-1247
-1267
-1236
-1193
-1181
-1152
-1120
-1147
-1160
-1146
-1155
-1206
-1238
-1259
-1312
-1386
-1427
-1419
-1411
-1362
-1263
-1195
-1156
-1105
-1000
-881
-810
-698
-565
-438
-302
-141
43
319
586
759
963
1138
1262
1351
1463
1542
1644
1755
1851
1905
1971
1993
1993
1991
1937
1847
1737
1653
1535
1426
1308
1139
905
689
476
322
169
12
-105
-232
-385
-578
-738
-913
-1045
-1116
-1145
-1166
-1178
-1179
-1261
-1336
-1385
-1423
-1426
-1429
-1430
-1455
-1492
-1514
-1546
-1613
-1601
-1559
-1497
-1421
-1319
-1169
-1095
-1027
-913
-796
-668
-508
-404
-259
-106
28
183
413
655
873
1125
1327
1517
1652
1785
1931
2005
2072
2157
2224
2256
2253
2216
2164
2091
2004
1957
1857
1719
1630
1521
1340
1139
918
651
399
205
37
-143
-319
-460
-604
-775
-920
-1095
-1265
-1391
-1432
-1436
-1473
-1501
-1513
-1556
-1577
-1581
-1603
-1609
-1607
-1574
-1588
-1655
-1655
-1652
-1657
-1630
-1537
-1457
-1398
-1310
-1226
-1120
-982
-833
-668
-489
-323
-180
-34
147
343
552
793
1047
1254
1408
1545
1643
1718
1788
1863
1911
1925
1941
1965
1975
1957
1962
1931
1892
1829
1754
1647
1519
1358
1148
909
691
511
352
181
-47
-243
-420
-568
-686
-826
-969
-1100
-1172
-1254
-1338
-1393
-1432
-1469
-1496
-1527
-1568
-1628
-1645
-1656
-1691
-1734
-1750
-1729
-1724
-1657
-1536
-1454
-1367
-1238
-1106
-1012
-915
-805
-720
-585
-447
-303
-122
56
243
457
666
888
1077
1236
1372
1504
1617
1727
1837
1916
1994
2048
2074
2124
2140
2120
2147
2134
2099
2031
1957
1840
1724
1603
1465
1335
1176
1005
829
619
374
163
-34
-245
-478
-660
-808
-926
-1019
-1102
-1182
-1262
-1322
-1438
-1563
-1654
-1786
-1900
-1957
-2007
-2047
-2084
-2068
-2026
-1999
-1959
-1872
-1763
-1675
-1585
-1494
-1385
-1273
-1140
-1011
-879
-728
-578
-412
-219
-41
127
331
465
616
798
953
1090
1241
1400
1528
1626
1709
1822
1889
1920
1922
1931
1900
1879
1885
1902
1877
1844
1799
1681
1566
1416
1252
1075
883
704
519
349
155
-44
-216
-391
-575
-753
-910
-1042
-1156
-1245
-1323
-1399
-1479
-1544
-1621
-1671
-1721
-1794
-1812
-1785
-1770
-1750
-1707
-1642
-1575
-1497
-1392
-1313
-1251
-1130
-1001
-871
-772
-668
-562
-447
-288
-138
11
127
206
333
492
650
844
1027
1166
1305
1444
1532
1619
1713
1777
1861
1934
1978
1945
1904
1889
1871
1872
1867
1845
1767
1669
1589
1503
1363
1226
1071
893
687
529
374
148
-68
-259
-412
-533
-657
-790
-911
-1053
-1158
-1262
-1369
-1476
-1587
-1663
-1706
-1755
-1781
-1781
-1781
-1758
-1697
-1635
-1578
-1522
-1454
-1400
-1345
-1273
-1218
-1152
-1041
-931
-760
-607
-488
-376
-303
-223
-139
-18
152
290
407
574
711
834
939
1016
1117
1207
1284
1330
1356
1395
1452
1508
1534
1552
1566
1582
1602
1588
1563
1445
1287
1127
975
885
777
648
485
307
145
-1
-126
-220
-352
-503
-636
-799
-939
-1049
-1139
-1204
-1231
-1243
-1258
-1314
-1356
-1331
-1294
-1277
-1277
-1262
-1274
-1272
-1247
-1211
-1154
-1102
-1016
-916
-824
-747
-655
-561
-480
-400
-301
-185
-89
-17
60
148
237
285
355
479
604
735
885
1052
1164
1214
1258
1342
1393
1464
1565
1597
1635
1672
1666
1677
1676
1623
1601
1551
1469
1358
1229
1103
944
795
642
485
332
174
18
-124
-257
-412
-575
-734
-880
-993
-1084
-1154
-1209
-1270
-1293
-1320
-1350
-1358
-1390
-1370
-1350
-1341
-1320
-1307
-1277
-1253
-1203
-1136
-1069
-998
-929
-878
-821
-751
-683
-640
-570
-480
-394
-310
-233
-176
-99
13
121
224
345
482
578
688
822
937
1053
1153
1232
1313
1362
1452
1512
1530
1565
1576
1587
1602
1614
1562
1475
1373
1244
1117
952
790
648
508
375
203
37
-132
-265
-407
-538
-651
-813
-959
-1082
-1153
-1212
-1273
-1300
-1302
-1298
-1279
-1268
-1279
-1302
-1322
-1309
-1238
-1179
-1168
-1112
-1028
-973
-948
-918
-914
-895
-834
-766
-663
-573
-520
-457
-375
-309
-242
-149
-89
-4
135
264
380
491
642
783
894
1006
1085
1155
1224
1326
1424
1492
1557
1631
1692
1699
1709
1716
1709
1683
1638
1606
1538
1428
1327
1189
997
826
656
483
328
157
-22
-190
-349
-504
-653
-775
-872
-958
-999
-1035
-1072
-1126
-1163
-1193
-1222
-1230
-1258
-1246
-1227
-1220
-1215
-1195
-1167
-1140
-1118
-1104
-1093
-1054
-1004
-1007
-985
-940
-891
-786
-679
-590
-499
-403
-323
-248
-149
-43
74
225
338
428
515
638
777
916
1049
1156
1211
1276
1393
1458
1512
1553
1585
1643
1656
1630
1642
1667
1658
1605
1491
1334
1205
1068
926
772
589
426
273
119
-50
-234
-396
-556
-679
-751
-815
-880
-921
-976
-1036
-1090
-1153
-1186
-1213
-1237
-1271
-1321
-1354
-1341
-1304
-1319
-1339
-1347
-1336
-1359
-1385
-1380
-1373
-1335
-1290
-1223
-1179
-1107
-1001
-908
-811
-663
-540
-449
-328
-209
-81
18
126
257
404
567
764
941
1096
1257
1387
1515
1619
1721
1763
1801
1823
1854
1895
1899
1924
1911
1896
1882
1821
1732
1623
1502
1382
1263
1113
945
755
595
446
255
67
-97
-249
-373
-450
-548
-646
-724
-804
-897
-990
-1032
-1089
-1152
-1223
-1271
-1318
-1355
-1405
-1454
-1485
-1502
-1484
-1475
-1457
-1447
-1464
-1459
-1416
-1379
-1325
-1255
-1179
-1091
-997
-888
-777
-673
-529
-386
-241
-128
-27
121
252
382
507
628
807
957
1056
1163
1234
1284
1345
1432
1496
1569
1630
1662
1678
1640
1613
1610
1623
1637
1612
1577
1507
1388
1276
1120
928
763
633
508
359
217
92
-35
-144
-239
-354
-472
-567
-680
-777
-846
-983
-1081
-1145
-1197
-1261
-1362
-1436
-1496
-1512
-1504
-1506
-1510
-1527
-1549
-1602
-1618
-1645
-1659
-1630
-1585
-1511
-1426
-1309
-1168
-1032
-894
-716
-575
-466
-380
-256
-156
-70
39
172
307
454
632
787
984
1140
1275
1403
1536
1640
1710
1800
1870
1908
1951
1976
1959
1925
1900
1848
1804
1782
1717
1643
1579
1505
1409
1274
1129
1000
837
669
465
237
-3
-228
-400
-570
-702
-785
-855
-932
-1029
-1104
-1204
-1308
-1357
-1410
-1487
-1553
-1605
-1638
-1675
-1696
-1676
-1654
-1600
-1508
-1412
-1346
-1300
-1280
-1243
-1168
-1105
-1024
-946
-854
-733
-616
-487
-345
-229
-111
13
134
260
369
497
630
766
897
1007
1069
1146
1216
1276
1353
1391
1434
1485
1564
1618
1652
1687
1708
1700
1648
1603
1581
1537
1461
1374
1243
1104
952
784
630
483
355
201
57
-127
-314
-488
-671
-811
-949
-1073
-1191
-1279
-1361
-1432
-1509
-1589
-1615
-1622
-1627
-1627
-1644
-1654
-1663
-1632
-1588
-1545
-1470
-1419
-1359
-1305
-1266
-1217
-1156
-1072
-961
-841
-717
-581
-448
-308
-149
-3
143
293
439
571
681
777
877
981
1052
1146
1256
1374
1478
1580
1662
1719
1766
1787
1774
1771
1796
1819
1846
1826
1774
1694
1596
1478
1392
1317
1256
1198
1100
956
767
581
399
202
-16
-222
-443
-634
-792
-961
-1130
-1268
-1370
-1468
-1543
-1589
-1627
-1661
-1654
-1654
-1649
-1649
-1668
-1655
-1607
-1564
-1512
-1455
-1381
-1310
-1241
-1131
-1031
-950
-848
-744
-654
-574
-501
-415
-359
-243
-118
-4
113
227
352
474
616
725
824
915
1018
1139
1209
1277
1344
1373
1367
1385
1378
1373
1420
1447
1468
1465
1449
1384
1316
1214
1084
968
877
806
731
691
631
566
502
435
324
145
11
-102
-212
-360
-505
-623
-768
-891
-994
-1096
-1191
-1228
-1296
-1349
-1397
-1451
-1428
-1356
-1260
-1194
-1148
-1123
-1094
-1096
-1083
-1047
-987
-908
-818
-738
-652
-608
-594
-509
-404
-317
-223
-88
5
73
153
191
231
303
364
454
540
629
720
803
857
877
886
923
936
942
953
966
960
933
912
882
896
929
888
821
711
623
547
493
442
362
315
295
307
275
226
174
111
104
94
49
-44
-150
-226
-332
-454
-557
-616
-631
-620
-602
-602
-628
-637
-620
-617
-636
-653
-654
-621
-577
-542
-512
-491
-452
-416
-342
-264
-196
-148
-84
-38
-25
-29
-17
-13
-22
-16
-2
38
41
21
-10
-16
-2
26
71
110
141
180
193
218
257
259
246
257
228
181
146
100
96
103
110
123
83
61
105
123
158
174
196
190
188
166
157
159
182
256
293
330
319
329
390
439
479
495
499
478
418
373
330
269
210
159
135
139
106
71
16
-37
-96
-163
-179
-153
-144
-182
-204
-241
-282
-337
-369
-388
-403
-394
-381
-399
-454
-526
-546
-543
-555
-556
-567
-562
-591
-596
-625
-665
-675
-672
-669
-654
-621
-616
-568
-523
-495
-486
-486
-473
-435
-391
-351
-309
-274
-226
-165
-128
-87
-59
-6
100
190
330
455
550
646
741
816
868
941
1035
1142
1262
1326
1365
1391
1433
1463
1470
1477
1452
1409
1337
1256
1161
1065
976
882
783
675
548
435
304
185
80
-36
-119
-198
-271
-344
-437
-542
-624
-686
-748
-816
-880
-945
-997
-1061
-1142
-1210
-1276
-1339
-1397
-1428
-1445
-1478
-1474
-1431
-1425
-1408
-1363
-1329
-1311
-1288
-1248
-1135
-985
-820
-640
-506
-418
-335
-245
-150
-86
12
112
218
321
415
504
568
484
581
920
1074
1189
1402
1523
1572
1550
1477
1544
1669
1716
1772
1821
1741
1660
1597
1551
1513
1489
1494
1456
1356
1198
1002
780
592
499
432
299
188
53
-152
-365
-537
-695
-862
-932
-936
-965
-1022
-1069
-1148
-1260
-1348
-1424
-1469
-1542
-1619
-1709
-1814
-1914
-1971
-1941
-1872
-1800
-1714
-1634
-1611
-1598
-1589
-1549
-1463
-1317
-1159
-1014
-914
-807
-688
-583
-425
-233
-70
139
336
478
587
661
728
817
923
1045
1179
1275
1353
1404
1446
1580
1734
1864
2007
2149
2219
2176
2115
2054
2001
1948
1916
1891
1833
1725
1602
1458
1315
1170
1010
927
836
650
509
357
166
-40
-149
-256
-367
-487
-640
-770
-932
-1079
-1174
-1224
-1281
-1291
-1308
-1377
-1451
-1528
-1618
-1681
-1686
-1668
-1509
-1450
-1537
-1585
-1644
-1741
-1811
-1750
-1611
-1467
-1341
-1275
-1234
-1142
-1018
-856
-605
-360
-144
69
170
231
270
307
441
613
759
904
967
976
968
930
919
962
999
1063
1127
1178
1183
1102
1078
1079
1199
1358
1463
1535
1549
1534
1471
1363
1353
1354
1315
1278
1187
962
700
482
314
192
101
83
5
-178
-385
-542
-693
-789
-828
-767
-793
-925
-1012
-1094
-1215
-1261
-1151
-1068
-1058
-1049
-1034
-1088
-1189
-1265
-1243
-1245
-1280
-1189
-1119
-1130
-1135
-1096
-1030
-981
-906
-756
-655
-603
-521
-446
-398
-304
-136
59
243
389
526
623
632
643
701
755
801
873
903
887
861
837
800
723
677
715
773
751
767
786
791
779
740
711
697
680
768
933
1046
1113
1175
1158
1029
821
729
776
737
715
656
478
218
-25
-195
-278
-322
-257
-180
-258
-458
-606
-718
-765
-727
-606
-485
-465
-536
-631
-748
-869
-828
-720
-619
-546
-523
-583
-713
-839
-876
-856
-810
-698
-659
-695
-762
-802
-795
-792
-729
-569
-436
-401
-423
-455
-447
-377
-251
-112
12
107
158
168
135
136
183
269
338
360
383
348
317
302
290
295
317
348
342
324
279
289
351
381
409
478
501
573
785
975
1094
1119
1128
1093
961
831
797
738
690
653
539
366
183
66
51
42
-18
12
24
-43
-160
-229
-245
-231
-220
-174
-139
-196
-263
-324
-403
-419
-389
-399
-397
-419
-478
-492
-512
-535
-518
-512
-529
-497
-527
-638
-728
-747
-738
-738
-722
-636
-541
-490
-437
-412
-390
-373
-318
-234
-168
-146
-143
-140
-152
-167
-175
-131
-60
-15
31
109
157
208
204
181
180
201
236
271
287
339
418
448
478
555
645
673
831
1028
1123
1115
1142
1171
1105
960
937
980
974
947
871
729
527
381
321
273
271
328
384
298
86
-37
-97
-147
-194
-181
-160
-218
-351
-484
-588
-703
-716
-673
-693
-743
-795
-845
-921
-988
-1002
-947
-887
-858
-887
-954
-1011
-1052
-1047
-1009
-913
-819
-750
-719
-686
-638
-564
-445
-320
-189
-69
11
57
85
83
79
103
138
174
255
320
372
423
457
468
444
461
489
514
548
610
644
643
640
649
661
725
845
908
995
1092
1091
995
908
915
861
730
668
665
599
464
357
271
208
162
117
101
78
20
-44
-97
-162
-227
-237
-210
-250
-301
-284
-316
-431
-507
-499
-486
-497
-528
-566
-624
-703
-761
-791
-848
-865
-805
-830
-876
-918
-935
-936
-935
-909
-829
-742
-654
-595
-558
-517
-478
-437
-394
-284
-186
-97
-28
25
27
50
126
204
274
361
438
477
477
464
475
471
504
576
672
729
734
719
700
718
773
835
880
924
932
915
877
823
847
870
915
927
923
893
830
741
642
560
480
448
422
337
241
178
101
-12
-95
-87
-103
-181
-247
-316
-385
-482
-552
-561
-583
-597
-602
-606
-680
-760
-798
-834
-869
-887
-853
-765
-767
-816
-887
-982
-1013
-1059
-1057
-979
-873
-779
-724
-702
-758
-811
-792
-705
-567
-432
-324
-244
-245
-276
-285
-269
-217
-108
47
169
258
301
278
255
256
304
384
457
552
626
672
673
622
617
646
722
815
911
970
992
975
876
788
772
790
811
851
888
929
911
831
754
732
690
634
610
572
494
428
327
230
144
61
45
7
-41
-69
-106
-188
-263
-325
-368
-391
-415
-441
-458
-499
-585
-673
-766
-868
-929
-952
-955
-954
-954
-969
-1001
-1017
-1022
-983
-921
-833
-728
-632
-583
-550
-524
-545
-528
-455
-375
-296
-187
-107
-85
-43
19
91
200
280
342
378
374
375
384
406
489
574
621
629
587
531
560
627
684
777
901
977
998
952
847
759
730
747
785
811
784
712
611
535
478
452
437
439
447
403
318
187
91
27
-24
-31
-88
-156
-240
-315
-381
-467
-502
-491
-487
-546
-579
-611
-639
-682
-727
-752
-785
-801
-825
-851
-887
-921
-921
-934
-977
-1001
-981
-971
-979
-969
-920
-817
-753
-690
-633
-602
-583
-588
-529
-456
-356
-239
-153
-75
30
139
244
336
389
437
468
521
560
591
646
678
730
797
858
917
968
1019
1017
1004
989
965
931
910
901
886
899
909
876
859
820
740
705
674
654
637
605
590
541
441
349
287
225
143
41
-44
-80
-154
-232
-287
-323
-342
-358
-354
-344
-345
-385
-438
-500
-550
-600
-611
-604
-624
-657
-706
-707
-680
-668
-638
-560
-511
-510
-525
-562
-589
-614
-618
-617
-593
-553
-511
-489
-481
-454
-445
-418
-368
-328
-290
-261
-221
-176
-156
-113
-72
-41
5
28
65
124
185
236
289
334
352
355
337
349
367
394
449
505
552
583
581
585
583
566
557
598
600
601
591
560
548
521
506
494
479
480
436
412
383
340
307
243
156
95
58
-3
-83
-154
-182
-221
-240
-216
-193
-175
-147
-120
-150
-219
-301
-369
-437
-502
-532
-529
-520
-541
-558
-593
-633
-645
-620
-587
-573
-549
-528
-505
-495
-489
-453
-404
-360
-317
-275
-257
-218
-150
-122
-72
-41
-13
2
18
53
72
96
140
220
286
347
364
358
361
349
361
408
441
444
434
424
427
432
406
405
456
508
527
531
554
529
493
467
453
435
368
356
342
294
253
199
173
139
107
112
123
93
65
33
-3
-46
-88
-110
-106
-96
-104
-98
-110
-170
-221
-270
-317
-334
-343
-331
-314
-306
-312
-318
-331
-360
-356
-367
-392
-418
-425
-440
-464
-458
-442
-404
-377
-340
-332
-343
-357
-358
-352
-326
-295
-262
-223
-210
-204
-189
-174
-174
-178
-151
-107
-83
-44
-4
14
20
36
72
128
197
258
291
305
315
317
298
328
348
361
419
435
447
485
522
549
582
615
603
586
564
535
499
469
471
467
447
420
383
349
301
251
205
151
112
68
34
-9
-49
-72
-104
-141
-164
-178
-225
-252
-258
-292
-338
-369
-360
-356
-405
-446
-468
-516
-564
-580
-575
-563
-534
-485
-440
-434
-425
-430
-438
-430
-413
-385
-353
-352
-347
-338
-347
-312
-254
-167
-77
-18
19
43
66
106
156
201
235
265
294
294
306
326
335
357
412
486
547
569
561
548
534
502
505
539
545
545
537
541
527
467
420
393
353
313
316
315
275
247
208
155
98
50
8
-34
-50
-65
-98
-156
-188
-218
-223
-257
-303
-321
-346
-355
-356
-385
-391
-416
-479
-530
-560
-590
-605
-579
-556
-552
-549
-533
-521
-515
-514
-511
-483
-454
-457
-418
-373
-348
-328
-292
-263
-194
-139
-127
-90
-44
6
61
112
150
191
211
231
265
284
320
353
364
368
393
436
451
479
514
547
576
605
634
634
626
630
624
590
558
546
520
499
485
480
476
466
427
362
309
277
245
209
161
105
30
-51
-92
-138
-156
-163
-205
-245
-271
-325
-372
-405
-432
-478
-499
-484
-485
-479
-480
-494
-546
-593
-623
-636
-597
-584
-581
-537
-530
-542
-507
-464
-426
-383
-351
-318
-289
-271
-271
-269
-249
-231
-183
-102
-13
53
96
123
156
192
213
240
279
321
358
392
429
419
455
492
507
552
581
592
583
543
490
472
454
445
447
444
437
430
442
444
422
397
380
372
347
285
238
196
138
106
94
91
88
59
10
-31
-90
-143
-198
-235
-242
-254
-261
-284
-323
-335
-363
-411
-431
-435
-434
-439
-477
-514
-539
-572
-599
-619
-633
-629
-633
-621
-600
-587
-567
-519
-483
-469
-446
-416
-392
-361
-317
-302
-293
-257
-219
-193
-135
-58
28
78
134
179
231
281
306
330
362
406
437
486
535
585
645
668
662
673
707
705
709
716
710
705
707
692
675
660
626
593
539
506
497
481
449
426
386
328
262
195
146
105
89
62
26
-7
-50
-100
-158
-187
-225
-272
-321
-361
-394
-415
-449
-512
-565
-606
-630
-650
-647
-635
-628
-616
-615
-611
-613
-621
-612
-602
-593
-580
-556
-524
-532
-514
-481
-460
-411
-338
-260
-182
-122
-73
-29
-17
9
58
98
143
209
256
272
264
241
241
283
324
373
403
430
451
460
479
500
520
537
564
584
581
547
540
538
516
499
469
415
369
339
296
272
255
246
204
170
131
88
58
14
-24
-65
-98
-140
-177
-212
-240
-276
-300
-327
-334
-334
-349
-364
-381
-413
-454
-468
-506
-531
-524
-521
-495
-449
-433
-401
-380
-375
-366
-371
-356
-342
-290
-230
-195
-179
-158
-139
-110
-56
-1
41
49
66
112
136
166
182
201
225
234
241
272
304
337
381
406
426
433
419
401
388
371
377
405
420
444
459
427
384
362
339
298
289
288
269
233
209
177
144
118
91
88
79
55
40
16
-25
-62
-106
-132
-142
-155
-160
-176
-201
-265
-325
-359
-377
-388
-393
-382
-388
-392
-392
-388
-402
-394
-373
-352
-324
-301
-308
-310
-304
-303
-270
-218
-193
-162
-129
-120
-129
-125
-108
-69
-27
1
29
58
63
58
82
92
111
144
196
230
245
229
198
197
180
176
194
221
239
260
266
246
223
186
182
199
202
238
291
300
269
240
224
193
146
155
181
182
191
179
155
104
42
27
21
10
-6
-4
-26
-44
-46
-80
-108
-111
-113
-140
-142
-163
-175
-189
-232
-244
-237
-241
-288
-318
-328
-317
-303
-265
-220
-219
-232
-215
-216
-195
-179
-179
-170
-175
-165
-167
-155
-165
-135
-100
-81
-61
-26
-5
7
17
25
51
80
100
133
178
205
229
246
247
232
223
233
252
253
254
255
245
242
230
211
177
145
148
144
120
101
78
65
68
76
89
84
76
71
79
95
77
57
54
30
12
-5
-43
-69
-84
-111
-124
-142
-151
-164
-170
-169
-178
-162
-160
-148
-133
-155
-172
-174
-178
-169
-132
-97
-72
-38
-1
18
22
28
50
67
85
99
106
81
45
38
31
26
12
22
20
28
62
86
101
89
86
94
109
127
136
107
76
52
20
12
24
9
15
28
39
41
29
24
8
-7
-16
-13
-30
-37
-39
-35
-37
-54
-53
-46
-44
-42
-37
-30
-50
-70
-72
-64
-66
-57
-41
-16
-6
-15
1
-11
-43
-41
-27
-26
-22
-16
-11
-15
-25
-39
-33
-15
-26
-18
-15
-43
-58
-70
-79
-80
-91
-93
-105
-117
-107
-84
-74
-62
-46
-43
-60
-80
-94
-96
-98
-103
-98
-97
-77
-69
-64
-51
-38
-27
-20
-3
15
-7
-29
-11
-12
-19
-25
-9
10
37
64
71
71
40
29
42
73
94
137
171
178
185
178
192
179
184
216
229
242
262
263
260
263
240
206
199
188
165
153
140
126
97
103
102
86
71
47
44
40
43
39
19
-15
-39
-49
-73
-78
-81
-104
-114
-124
-131
-133
-138
-156
-173
-198
-217
-220
-215
-208
-201
-199
-212
-215
-216
-205
-163
-139
-127
-86
-74
-79
-75
-83
-87
-82
-82
-71
-56
-42
-24
-8
23
52
65
84
106
123
136
168
195
169
155
153
116
80
67
62
71
79
82
90
74
59
51
69
90
74
48
4
-35
-49
-56
-61
-55
-44
-51
-61
-64
-70
-87
-90
-93
-82
-70
-72
-81
-90
-112
-110
-105
-117
-121
-143
-145
-142
-131
-102
-78
-63
-37
-25
-33
-24
-28
-27
-10
33
77
113
136
146
144
135
119
117
122
144
165
176
196
196
193
172
154
138
107
83
87
88
83
67
72
68
41
37
29
13
-8
-25
-24
-29
-54
-49
-58
-91
-102
-120
-157
-172
-170
-190
-192
-186
-167
-144
-137
-130
-116
-120
-122
-123
-108
-99
-89
-66
-48
-36
-13
-2
1
8
15
38
64
97
131
163
200
213
201
184
176
159
147
141
143
151
155
145
122
105
72
44
26
34
44
37
33
19
-4
-20
-61
-98
-101
-84
-92
-85
-71
-84
-81
-70
-60
-53
-66
-90
-119
-134
-146
-164
-168
-165
-162
-129
-101
-79
-75
-56
-44
-41
-19
10
35
41
38
20
10
9
15
12
33
43
45
53
68
67
72
81
83
109
130
132
115
116
106
75
78
83
76
61
52
45
39
33
39
44
43
44
41
42
37
59
22
24
24
0
-15
-7
22
36
28
-10
-13
-32
-48
-47
-64
-81
-62
-48
-53
-56
-69
-70
-42
-41
-46
-46
-65
-89
-112
-100
-91
-79
-78
-93
-104
-120
-133
-138
-105
-85
-78
-75
-77
-82
-72
-52
-46
-43
-22
18
46
64
98
94
79
70
59
56
33
25
24
22
28
51
75
95
106
126
123
110
99
93
83
89
96
115
144
132
123
111
90
66
58
55
63
68
58
63
31
18
6
-11
-3
-11
-36
-57
-93
-132
-161
-158
-138
-119
-116
-116
-132
-125
-119
-127
-91
-71
-75
-75
-76
-64
-65
-70
-63
-56
-40
-33
-35
-25
-18
-30
-30
-29
-40
-35
-25
-14
3
1
4
16
32
56
84
85
92
83
64
53
49
59
69
96
129
130
135
129
101
62
49
58
59
51
52
47
16
29
32
21
1
-38
-47
-59
-58
-40
-22
-34
-41
-47
-46
-46
-47
-53
-24
7
32
39
28
23
-1
-24
-26
-27
-40
-46
-46
-62
-68
-84
-98
-92
-82
-66
-53
-27
-18
-4
12
30
13
3
9
-7
-32
-51
-47
-39
-33
-3
33
69
70
77
72
39
5
-31
-45
-41
-46
-35
-19
-13
-6
1
16
19
16
47
73
105
139
158
165
172
167
146
117
83
59
50
43
36
18
12
18
34
49
60
89
66
43
29
28
16
11
15
7
15
28
33
19
0
-33
-54
-50
-34
-26
-27
-45
-64
-84
-100
-113
-107
-109
-119
-102
-117
-148
-171
-187
-176
-171
-153
-146
-120
-101
-101
-99
-116
-133
-133
-124
-103
-73
-53
-41
-42
-27
-20
-21
-18
-1
2
7
35
52
69
79
75
87
99
95
93
92
89
81
77
86
104
122
135
122
116
114
109
103
94
94
105
90
92
103
94
99
89
84
84
75
62
46
37
44
39
43
44
27
11
4
-1
-23
-22
-20
-20
-10
-8
-28
-44
-59
-68
-77
-77
-55
-56
-60
-56
-59
-66
-76
-77
-78
-100
-113
-111
-110
-114
-94
-76
-66
-44
-22
-15
-22
-21
-21
-12
2
8
28
35
30
13
-11
-22
-35
-29
-17
-14
-19
-16
1
3
16
33
42
59
67
61
56
35
35
43
44
48
56
58
49
36
39
29
24
26
32
54
53
50
42
22
-4
-16
-29
-29
-19
-30
-46
-44
-42
-48
-65
-55
-40
-47
-65
-67
-73
-80
-76
-57
-51
-54
-64
-83
-72
-77
-88
-78
-54
-45
-34
-35
-56
-65
-56
-37
-36
-26
-21
-19
6
27
34
26
24
33
30
48
79
88
84
90
79
63
52
66
81
98
102
85
87
95
92
81
78
71
62
33
32
37
29
14
15
15
15
36
46
49
55
73
71
69
66
62
49
37
55
64
76
76
66
52
40
49
64
93
103
92
78
55
50
48
53
51
20
-1
4
-29
-60
-46
-65
-56
-24
-23
-37
-58
-99
-117
-118
-126
-131
-151
-169
-160
-150
-150
-143
-151
-150
-144
-155
-147
-145
-148
-146
-131
-105
-95
-74
-79
-104
-122
-134
-135
-107
-80
-70
-59
-48
-39
-20
-21
-40
-43
-29
-3
20
23
26
27
29
36
49
70
88
91
90
84
75
80
95
106
118
110
106
110
103
121
147
164
188
197
196
180
161
139
118
119
100
88
63
39
55
65
62
57
61
73
53
34
25
-3
-22
-39
-52
-75
-95
-108
-133
-131
-130
-132
-155
-150
-163
-184
-204
-213
-207
-206
-191
-167
-146
-141
-135
-115
-80
-70
-59
-53
-51
-42
-27
-13
14
40
55
81
106
114
113
111
99
103
108
120
133
156
164
162
177
186
175
152
132
131
124
122
140
153
172
186
166
133
108
91
66
41
51
58
39
20
7
-30
-56
-51
-54
-62
-54
-47
-64
-68
-68
-70
-90
-121
-137
-153
-172
-171
-146
-149
-147
-138
-142
-133
-115
-115
-120
-115
-108
-99
-86
-93
-108
-116
-123
-127
-123
-112
-100
-71
-27
-2
37
62
82
95
86
100
90
77
86
83
75
75
76
84
93
97
106
103
103
98
82
83
75
72
79
72
70
62
62
74
65
49
46
50
40
28
25
6
-5
-9
-20
-17
-7
-19
-32
-41
-41
-53
-57
-59
-53
-34
-26
-11
-18
-35
-52
-65
-81
-97
-94
-88
-75
-71
-77
-90
-100
-120
-114
-86
-71
-57
-43
-47
-57
-52
-58
-43
-13
14
7
5
7
2
8
18
38
64
53
36
41
51
61
73
70
58
53
40
52
58
51
51
56
62
57
59
42
33
17
5
-5
3
22
44
64
52
46
34
17
19
37
53
68
66
57
63
60
66
58
37
34
17
-1
-10
-25
-35
-35
-34
-17
8
33
40
44
49
34
18
0
-18
-23
-46
-58
-44
-44
-47
-37
-21
-14
-15
-35
-48
-59
-64
-72
-82
-82
-86
-82
-62
-53
-56
-51
-66
-82
-91
-109
-125
-141
-138
-131
-111
-91
-77
-53
-27
-25
-22
-8
-12
6
24
24
22
22
21
21
10
27
52
60
65
74
71
54
68
84
92
98
99
95
85
77
82
69
66
73
79
99
98
98
100
83
49
33
25
27
28
20
12
3
-16
-26
-15
-18
-19
-18
-8
-9
-7
-10
-11
-18
-33
-19
-18
-17
-3
-15
-32
-37
-49
-44
-42
-40
-36
-22
-14
-20
-33
-54
-56
-49
-36
-16
14
23
16
2
-22
-28
-21
-17
9
10
11
9
2
-4
-22
-6
1
21
21
-1
6
0
-12
13
39
51
53
51
46
28
6
13
33
31
40
61
69
67
63
50
43
27
14
18
26
29
31
23
-1
-23
-26
-34
-46
-55
-62
-60
-77
-87
-76
-71
-64
-56
-47
-55
-80
-94
-120
-138
-133
-112
-100
-95
-89
-103
-111
-109
-108
-107
-100
-91
-72
-51
-33
-17
-17
-21
-25
-13
18
44
70
95
118
107
110
113
108
122
120
128
130
136
134
141
159
148
148
126
96
90
81
77
87
107
117
118
118
117
83
55
52
37
23
30
22
10
9
-2
-10
-16
-41
-61
-75
-91
-106
-98
-102
-92
-73
-54
-58
-69
-83
-123
-158
-164
-155
-155
-140
-131
-121
-115
-113
-113
-104
-93
-90
-67
-53
-37
-28
-24
-10
5
3
26
56
88
121
125
121
95
63
24
-1
7
18
16
34
53
70
74
88
101
94
86
88
65
50
61
52
33
23
49
52
56
79
85
75
80
77
43
23
-1
-31
-31
-42
-32
-38
-57
-68
-87
-92
-94
-95
-87
-73
-52
-32
-14
-14
-34
-38
-43
-48
-32
-13
-4
-9
-11
-28
-56
-52
-50
-32
-4
13
20
16
17
20
22
20
25
25
-2
-31
-58
-62
-55
-46
-16
22
42
17
15
-1
-8
-15
-14
2
1
-11
-26
-26
-42
-36
-34
-40
-35
-25
-13
5
17
38
35
-3
-13
-10
-1
1
1
11
16
18
36
39
37
35
29
41
56
51
62
66
60
53
57
75
82
70
43
25
-5
-25
-23
-16
-2
10
23
29
18
20
25
28
24
9
-3
-23
-18
-17
-19
-15
-9
-8
-8
14
19
15
17
35
48
48
49
34
27
32
31
16
3
-4
-4
-12
-7
3
7
16
19
26
20
15
-6
-16
-1
-3
-7
-21
-25
-34
-55
-63
-66
-63
-66
-63
-65
-53
-46
-55
-49
-37
-30
-33
-32
-48
-73
-94
-97
-89
-61
-41
-31
-48
-52
-51
-42
-16
10
26
24
15
1
1
-5
-11
-7
3
14
23
17
7
6
4
27
55
57
64
67
73
55
45
37
49
61
62
64
43
11
-17
-21
-25
-25
-31
-29
-18
-17
-16
-9
-19
-19
-13
-22
-33
-38
-58
-83
-94
-76
-56
-48
-28
2
7
-4
-11
-21
-18
-10
-6
-2
12
32
25
29
35
23
19
36
47
52
45
38
53
57
54
73
97
108
110
93
74
71
74
83
81
90
102
107
94
62
28
8
-4
-11
5
12
3
-5
3
13
12
15
25
35
23
27
22
-13
-26
-11
13
33
39
27
27
13
-17
-26
-25
-24
-32
-28
-22
-32
-63
-86
-87
-84
-102
-95
-102
-115
-101
-82
-69
-69
-67
-76
-96
-106
-116
-140
-149
-146
-130
-104
-103
-103
-110
-119
-104
-88
-80
-58
-43
-32
-14
-16
-9
1
-14
-18
-3
10
24
34
44
47
51
64
78
90
92
87
68
68
81
91
101
107
136
140
119
104
88
83
65
54
49
44
38
13
9
19
8
-4
-2
-10
-23
-35
-46
-45
-31
-9
-2
-14
-15
-27
-35
-36
-29
-12
-9
-12
-9
-1
-11
1
32
51
58
57
72
68
48
49
46
33
44
63
70
59
50
53
56
80
84
84
68
46
41
40
42
36
24
17
6
0
1
0
-11
-30
-42
-53
-54
-46
-42
-21
-17
-20
-15
-29
-45
-53
-68
-75
-72
-68
-54
-29
-22
-26
-25
-38
-37
-42
-35
-29
-36
-37
-37
-28
-14
-12
10
17
12
6
-17
-42
-42
-43
-29
-5
-2
11
15
0
-19
-34
-46
-59
-55
-36
-22
-18
-19
-31
-46
-47
-48
-48
-49
-49
-47
-40
-28
-22
-16
-23
-34
-56
-50
-46
-36
-25
-19
-17
-24
-33
-46
-35
-27
-29
-19
-12
-10
-7
-14
-10
0
-4
-1
5
10
25
33
36
53
71
89
98
104
110
117
115
110
117
121
136
159
168
145
127
106
84
72
72
73
76
81
83
78
56
45
42
44
54
54
52
48
41
30
26
32
34
36
34
27
15
-12
-38
-50
-62
-62
-55
-56
-59
-80
-98
-119
-135
-122
-114
-108
-118
-120
-134
-146
-131
-114
-107
-108
-92
-74
-75
-72
-66
-71
-67
-58
-60
-66
-57
-55
-36
-10
0
3
10
10
-3
-17
-23
-21
7
20
44
66
75
74
66
67
68
61
57
67
77
89
97
99
86
78
68
53
47
43
27
24
48
60
75
86
82
71
50
24
10
5
-17
-15
-5
-12
-17
-9
-26
-50
-71
-96
-105
-114
-116
-119
-118
-105
-96
-95
-87
-80
-69
-62
-58
-62
-54
-51
-60
-64
-55
-50
-41
-23
-12
-13
-13
3
10
19
31
45
54
76
86
79
95
76
64
71
75
95
112
112
113
106
105
101
91
87
79
68
60
55
47
45
35
24
12
5
-2
-5
-12
-22
-23
-15
-14
-10
1
-1
-10
-16
-30
-35
-42
-55
-52
-49
-51
-42
-32
-32
-17
3
8
22
26
10
3
-17
-23
-21
-24
-14
-19
-14
-6
-1
-13
-19
-12
-17
-18
-20
-19
-32
-41
-39
-43
-47
-48
-47
-51
-47
-67
-70
-69
-76
-67
-59
-40
-22
-22
-19
-25
-37
-40
-32
-20
-11
-12
4
13
9
19
27
37
37
35
25
13
16
22
28
46
59
60
66
74
73
72
56
44
43
45
55
70
84
63
43
32
16
4
0
2
1
1
-2
1
5
2
24
34
28
18
9
-14
-26
-39
-39
-33
-33
-26
-21
-20
-37
-42
-31
-30
-23
-8
1
2
2
-3
-11
-17
-25
-33
-34
-37
-40
-39
-42
-31
-27
-13
0
11
12
25
21
12
20
19
26
35
48
41
39
38
29
15
17
22
17
17
24
25
25
31
27
28
23
21
20
16
16
6
1
9
11
0
-15
-31
-48
-57
-50
-43
-37
-33
-27
-26
-33
-32
-38
-40
-51
-54
-53
-56
-41
-34
-34
-24
-26
-21
-14
-6
0
0
-3
-9
-10
-13
-8
-2
16
32
42
45
41
33
14
6
3
15
24
38
54
64
62
46
44
42
38
38
32
19
0
-10
-13
-12
-2
3
5
7
5
-3
-8
-18
-23
-31
-38
-40
-36
-30
-34
-31
-20
-23
-24
-27
-23
-12
-2
7
12
18
9
6
5
5
-1
-6
-12
-10
-4
6
19
26
24
16
10
4
-5
-10
-13
-8
-2
5
2
4
8
9
11
8
6
-2
-9
-9
-7
-8
-1
12
21
23
21
20
8
0
-4
-7
-8
-12
-5
1
10
14
7
-6
-7
-15
-20
-5
15
26
31
37
38
35
37
38
36
32
29
29
26
21
13
11
7
7
8
0
-3
-18
-24
-23
-26
-19
-20
-21
-25
-29
-41
-44
-50
-53
-49
-40
-28
-23
-24
-17
-9
-7
-1
2
9
6
9
10
16
23
28
31
27
