SAMPLES:	12425
BITSPERSAMPLE:	16
CHANNELS:	1
SAMPLERATE:	16000
NORMALIZED:	FALSE
-3
-3
-4
-4
-3
-1
0
1
2
3
2
1
1
1
-1
0
-1
0
-1
-1
1
1
1
2
3
3
3
3
1
1
2
0
1
2
1
0
1
2
1
1
1
2
1
1
-2
-2
-2
-1
-2
0
1
2
0
-1
-2
-2
-2
-1
0
0
0
-1
-2
-5
-6
-7
-6
-2
-1
0
-1
-1
-3
-5
-5
-4
-3
-1
-1
0
-1
-1
-2
-3
-1
0
1
0
0
0
-2
-2
-2
-2
-1
0
1
1
2
1
0
1
1
-1
-1
-1
-3
0
-1
0
0
-1
-2
-3
-3
-3
-3
-2
-1
-1
-2
-2
-3
-1
-1
0
1
-2
0
1
4
4
7
7
7
7
6
5
5
4
5
7
6
8
6
6
7
9
8
9
8
8
6
5
4
2
2
2
1
-1
-1
-1
-2
-1
-1
0
0
-3
-3
-4
-6
-5
-4
-2
-2
-4
-5
-6
-6
-6
-6
-5
-4
-4
-7
-6
-7
-8
-7
-6
-3
-3
-4
-2
-1
-2
-2
-4
-3
-4
-2
-2
-1
0
0
-1
0
1
1
2
1
2
4
3
2
3
4
3
2
0
-1
0
1
2
4
6
5
5
4
1
0
-2
-1
1
1
1
-1
0
-1
0
-1
-1
0
0
-1
-2
-4
-3
-5
-5
-4
-2
-1
1
1
1
0
-1
-2
-2
-1
-1
-1
1
1
0
0
1
3
3
2
0
1
0
1
1
3
4
6
5
4
3
1
1
1
4
5
5
5
5
4
4
4
3
4
4
2
1
-2
-1
0
0
2
5
5
5
4
3
6
3
0
0
0
-1
-2
-2
-1
-4
-4
-3
-2
-2
-2
-2
-2
-3
-5
-5
-6
-5
-6
-5
-4
-4
-6
-5
-6
-3
-2
-2
-1
-3
-4
-5
-5
-6
-4
-1
1
2
1
0
0
0
-1
-1
-2
-2
-2
-2
-1
-1
-1
0
2
4
6
5
6
5
3
4
5
6
6
5
5
0
-1
-2
-1
0
0
1
0
0
1
1
1
-1
0
-2
-3
-3
-3
-4
-3
-2
-2
0
1
0
-1
-2
-3
-5
-6
-5
-5
-4
-2
0
1
2
0
0
1
1
1
1
-1
-2
-2
-4
-4
-2
-1
0
2
0
2
1
1
3
4
4
3
2
0
0
0
2
2
3
3
3
3
4
5
5
4
4
4
2
3
2
2
3
4
3
2
2
0
2
2
4
4
3
2
0
-2
-1
2
3
3
2
4
2
-1
-1
-1
-1
-2
-2
-2
-2
-1
-4
-5
-6
-7
-6
-5
-4
-4
-4
-4
-3
0
0
-1
-2
-2
-2
-2
-2
-2
-1
1
0
-2
-2
-2
1
2
3
1
-1
-2
-3
-4
-2
-1
1
1
3
3
3
2
4
3
4
4
3
3
2
2
0
-1
-2
-2
0
2
4
5
4
2
1
2
2
3
1
-1
-3
-4
-3
-4
-3
-3
-3
-3
-2
-2
-1
0
2
1
1
0
-1
-2
-3
-5
-3
-2
-2
-2
-2
-3
-4
-2
-2
-2
-2
-3
-3
-2
-1
0
1
3
2
0
0
1
-2
-2
-2
0
-1
-1
-2
-1
0
1
1
1
2
0
1
2
1
0
-1
-1
-1
0
1
2
3
4
5
4
3
1
-1
-2
-2
-1
0
1
1
2
3
2
2
4
5
4
2
-1
2
1
2
0
0
-1
-3
-2
-2
0
-1
-2
-1
-1
-1
1
2
2
1
-2
-1
-1
0
2
2
1
-1
-2
-2
-1
2
3
3
4
4
4
3
2
4
2
1
1
1
1
0
0
1
3
4
4
4
3
2
0
-3
-4
-4
-1
0
1
0
-1
1
1
1
1
2
-1
-2
-5
-5
-4
-5
-2
-1
1
2
1
-1
0
1
-1
-2
-2
-3
-6
-6
-8
-6
-3
-2
-3
-2
-1
-2
-2
1
2
4
2
1
1
0
-1
0
1
1
0
-1
-3
-3
-1
0
1
3
4
4
3
2
1
0
-1
0
1
1
1
0
0
0
0
0
1
3
3
4
5
4
3
3
4
4
4
2
2
1
-1
-3
-3
-2
1
2
1
2
0
-2
-3
-4
-3
-3
0
0
1
0
0
-3
-4
-2
-3
-2
-2
-1
-1
-3
-4
-2
-3
-5
-5
-4
-4
-2
-2
-2
-3
-3
-5
-5
-6
-5
-4
-3
-2
-2
-1
-2
-1
2
3
3
2
3
3
1
1
3
3
4
6
5
4
3
2
2
2
2
0
-1
-2
0
2
3
2
2
0
-2
-1
1
1
2
1
1
3
4
3
1
1
1
1
2
2
4
2
0
-2
-2
-4
-3
-3
-2
-1
0
0
0
1
0
0
-1
1
1
1
1
2
0
-2
-2
-2
0
0
0
-2
0
-1
-1
-1
0
1
1
-1
-1
-2
-3
-3
-3
-2
-2
-2
-2
-2
-1
-1
-1
-1
0
0
2
2
1
1
2
3
5
5
5
5
2
2
0
2
2
1
2
1
2
4
3
4
5
4
2
-1
-1
-1
0
0
-1
-1
-2
-2
-2
-2
-1
-1
-1
-2
-2
-4
-5
-4
-4
-3
-4
-2
-2
-1
-2
-1
1
2
2
2
-1
-2
-4
-2
0
1
2
3
2
2
3
3
3
3
4
3
2
3
3
2
2
4
4
2
1
1
3
2
3
4
3
5
4
2
2
2
2
2
4
2
0
-3
-5
-6
-7
-5
-3
0
1
1
0
-1
-3
-4
-4
-3
-2
-3
-3
-2
-2
-4
-4
0
0
1
0
-1
-3
-4
-5
-7
-6
-5
-4
-2
-1
-2
-3
-5
-5
-6
-4
-4
-2
-2
-2
-2
-2
-1
1
2
2
2
1
0
-2
-2
-4
-3
-2
0
1
2
2
2
3
2
3
4
3
4
4
4
2
1
1
1
2
1
3
4
3
3
2
3
2
4
4
5
4
1
0
-2
-4
-4
-5
-5
-5
-4
-3
-2
-1
0
1
1
1
0
-1
0
0
0
1
1
0
0
0
2
2
3
2
0
0
0
1
1
1
2
6
7
4
5
3
3
2
2
2
0
-1
-2
-4
-3
-2
0
2
3
5
4
3
1
0
0
0
-1
0
1
1
0
1
-1
-1
-2
-1
-2
-3
-1
-2
-2
-5
-5
-5
-2
0
1
1
-1
-3
-2
-2
-2
-2
-3
-2
-2
-1
-2
-2
-1
-1
0
-2
-2
-2
-2
-3
-3
-4
-3
-1
2
4
3
3
0
-2
-2
-3
-3
-3
-3
-3
-4
-3
-3
-1
0
2
1
0
-1
-3
-4
-4
-3
-2
0
0
0
-1
1
-2
-1
1
3
2
2
3
2
1
2
4
4
4
6
5
5
4
4
4
5
8
7
7
9
10
7
7
8
8
5
7
8
10
9
7
7
5
6
5
2
2
2
2
1
0
1
0
1
0
0
-2
-5
-6
-4
-3
-3
-1
-1
-3
-5
-6
-7
-10
-7
-7
-6
-7
-6
-8
-6
-7
-7
-10
-9
-8
-7
-3
-6
-8
-6
-6
-6
-4
-5
-5
-4
-1
-1
0
1
-2
-2
-3
-4
-4
-2
-1
-1
2
4
0
2
0
-2
-6
-5
-3
-2
-1
-1
-5
-5
-5
-3
-3
1
3
2
1
1
-1
-1
0
2
6
5
6
4
3
0
-1
2
5
6
4
2
3
3
2
2
7
5
6
7
5
5
6
6
4
6
8
7
9
6
5
4
1
-2
-3
4
5
2
4
5
0
-6
-5
-5
-3
-2
-1
-1
-4
-3
-5
-8
-5
0
0
-5
-1
1
-7
-7
-1
5
2
6
6
2
-2
-1
1
0
3
8
7
4
13
11
6
7
13
15
7
11
12
10
13
11
12
12
8
10
15
14
10
7
6
3
3
4
0
-1
3
3
-4
-1
-1
-10
-17
-13
-16
-23
-18
-15
-25
-24
-19
-29
-24
-17
-20
-19
-27
-22
-25
-35
-32
-36
-25
-34
-30
-16
-33
-20
-19
-32
-18
-15
-16
-23
-5
-5
-22
0
-6
-13
5
3
6
-1
9
15
-2
15
17
16
20
18
27
17
20
40
30
35
47
39
36
35
32
31
35
36
35
42
46
39
40
39
34
39
44
33
31
28
22
19
19
16
8
9
5
-1
-1
0
-7
-8
-13
-15
-15
-26
-26
-25
-32
-23
-40
-36
-39
-50
-29
-50
-36
-35
-49
-27
-55
-42
-42
-53
-37
-51
-34
-41
-56
-26
-40
-19
-15
-29
-6
-27
-7
-11
-16
10
-2
-2
7
12
26
19
28
34
26
39
22
34
42
33
39
46
49
42
44
46
48
56
57
62
56
56
61
42
49
56
48
47
45
46
38
27
29
15
16
16
9
8
6
-7
-17
-26
-35
-35
-45
-51
-55
-50
-74
-68
-52
-87
-76
-57
-74
-90
-65
-88
-95
-81
-74
-97
-83
-47
-83
-73
-51
-52
-70
-43
-49
-45
-18
-41
-32
-26
6
-32
-14
27
8
25
33
32
36
32
42
54
61
58
61
76
58
73
78
65
106
89
86
101
97
106
81
97
108
93
87
87
92
82
67
77
64
58
59
53
50
40
31
16
8
13
1
-15
-12
-13
-28
-40
-49
-48
-63
-55
-74
-73
-50
-83
-81
-86
-85
-106
-111
-82
-109
-97
-69
-105
-104
-77
-115
-112
-71
-92
-68
-97
-70
-91
-69
-56
-89
-40
-8
-70
-39
-9
-32
-10
3
8
-17
37
45
11
49
61
47
59
72
84
112
88
119
114
75
116
102
111
122
128
131
92
123
119
87
128
124
90
132
96
70
87
71
50
47
70
39
36
39
6
-4
-9
-13
-16
-30
-27
-24
-73
-66
-69
-103
-80
-95
-95
-105
-107
-98
-173
-126
-131
-150
-152
-101
-156
-117
-167
-143
-166
-149
-106
-165
-82
-98
-111
-101
-112
-110
-58
-58
-49
-43
-5
-30
-90
26
0
-56
72
59
20
89
77
40
47
143
70
50
176
130
79
161
128
112
135
175
162
164
202
164
162
156
143
135
149
179
187
139
168
136
115
128
99
96
87
79
87
46
49
48
-5
-18
-12
-17
-46
-48
-48
-63
-94
-105
-126
-107
-123
-157
-115
-157
-139
-180
-197
-172
-186
-163
-205
-179
-170
-182
-188
-194
-212
-144
-191
-173
-126
-136
-123
-116
-112
-104
-76
-66
-14
-37
-20
4
-22
40
24
35
82
56
90
104
80
132
130
100
153
147
173
130
182
192
111
192
199
108
165
233
146
146
177
152
128
182
132
120
181
125
80
94
115
14
54
61
45
30
12
22
-30
-13
-39
-54
-40
-55
-110
-114
-84
-143
-164
-156
-121
-229
-145
-122
-195
-179
-130
-181
-163
-200
-211
-164
-186
-202
-210
-151
-259
-205
-72
-189
-132
-123
-100
-62
-204
-41
-126
-45
7
-124
24
40
12
21
21
140
4
83
196
35
167
176
107
139
211
247
90
288
294
140
234
266
183
196
310
208
154
279
221
73
277
186
81
247
100
126
179
94
101
104
109
12
0
102
-26
51
36
-21
47
-88
-24
-83
-95
3
-151
-47
-69
-204
-75
-210
-195
-85
-230
-147
-127
-164
-199
-247
-158
-277
-229
-105
-217
-228
-139
-253
-244
-192
-238
-150
-180
-145
-164
-209
-99
-181
-97
-57
-80
-47
-52
36
-64
-85
34
-58
-21
84
55
85
130
129
74
98
175
84
184
177
177
133
77
196
161
134
161
264
158
173
202
130
113
246
98
111
229
108
86
160
162
26
152
97
38
139
116
-33
140
54
-31
87
0
-22
-36
16
-88
-83
23
-131
-120
-12
-204
-123
-49
-238
-164
-77
-256
-214
-178
-116
-245
-143
-145
-241
-144
-230
-200
-133
-156
-139
-84
-238
-120
-157
-140
-154
-81
-10
-158
-57
-7
8
-43
14
91
19
33
157
98
92
167
135
114
211
179
204
184
236
284
97
276
227
217
295
241
262
166
231
216
105
252
102
117
189
99
133
92
168
17
25
132
44
30
83
-7
60
10
-50
-44
-72
16
-119
-43
-83
-172
-144
-125
-178
-196
-78
-107
-173
-130
-104
-277
-163
-176
-227
-139
-303
-142
-252
-267
-178
-258
-285
-168
-167
-226
-215
-168
-196
-225
-86
-202
-161
-90
-119
-172
-15
-113
-146
-6
-94
-6
-40
38
-34
43
50
91
122
39
230
176
99
250
219
132
222
209
247
187
277
260
170
318
233
184
270
214
228
233
169
279
165
272
247
113
192
104
84
167
50
154
126
50
131
18
35
31
43
7
-70
55
-102
-169
68
-159
-86
-74
-135
-117
-182
-70
-159
-277
-75
-258
-136
-132
-262
-71
-309
-104
-228
-287
-84
-234
-215
-181
-289
-69
-298
-135
-143
-192
9
-244
-82
-47
-107
-86
-175
-41
-55
-140
32
-68
101
15
51
95
33
144
107
-45
165
99
70
228
123
254
129
226
233
95
284
195
75
319
158
116
217
201
333
33
269
261
83
254
98
177
131
66
187
8
29
121
40
-15
55
72
-19
-82
45
-116
-94
-37
-101
-128
-147
-26
-279
-130
-167
-156
-212
-232
-107
-262
-215
-153
-272
-225
-131
-380
-122
-268
-252
-173
-319
-165
-324
-210
-129
-327
7
-253
-221
37
-262
-132
15
-105
-5
-42
-47
3
-71
157
-167
71
218
-3
170
203
19
179
280
37
217
240
344
112
241
330
85
362
274
163
360
385
152
254
305
246
165
380
282
174
374
217
110
234
298
108
117
195
99
52
54
122
33
9
133
-81
53
-93
-117
-61
-130
-163
-183
-23
-186
-376
27
-209
-355
-114
-210
-324
-100
-160
-526
-148
-239
-362
-298
-230
-242
-248
-40
-459
-249
96
-474
-275
83
-306
-176
-12
-160
-257
148
-157
-117
98
7
30
-30
126
-37
56
239
-32
107
305
-31
268
163
193
195
177
515
-45
292
407
-92
277
236
162
-9
366
404
-229
410
180
-81
249
203
-18
36
242
21
-168
236
-61
-197
217
-89
-242
143
-116
-199
11
-84
-232
-113
-9
-289
-134
-84
-342
-71
-157
-358
-13
-155
-333
-118
-131
-384
-182
-7
-363
-176
74
-198
-181
-34
-131
-44
-83
-56
9
-71
-42
-117
13
-20
-98
192
-169
83
124
-83
125
118
44
-65
238
104
-27
365
-5
116
350
39
46
306
136
-86
401
319
-161
294
393
-90
275
326
-106
230
465
-100
24
375
99
24
231
124
45
326
82
-36
155
149
-28
5
141
13
-68
167
-81
-115
234
-162
-152
128
-50
-104
-217
97
-252
-204
103
-346
-21
-60
-224
-179
-137
-62
-292
-241
36
-314
-78
-150
-105
-213
-162
-110
-316
-55
-189
-76
-186
-149
-44
-288
-98
-104
-242
19
-81
-72
-67
-115
54
-45
-122
54
-62
50
-124
122
253
-234
282
84
72
-38
132
258
-195
311
247
-181
392
141
-69
245
178
199
82
245
157
21
335
136
-118
370
248
-73
293
110
16
136
116
150
-19
167
158
-72
181
-17
-194
100
-74
37
-112
-44
28
-135
-23
-284
30
-112
-207
-136
-148
-82
-263
-57
-153
-204
-117
-173
-130
-276
-288
67
-308
-119
17
-212
-155
-66
-67
-337
71
-125
-210
181
-226
-4
-7
-111
66
-102
47
-78
190
62
-191
381
84
-188
314
-17
180
314
71
233
207
211
44
95
219
33
269
247
66
319
98
173
247
68
221
154
236
97
96
123
33
169
25
155
151
-100
93
104
-70
-48
208
-89
-96
127
-210
-81
-40
-181
-53
-39
-25
-127
-59
-90
-248
-80
-154
-382
70
-150
-242
-36
-254
-200
-302
-214
74
-401
-96
-17
-357
126
-334
-383
-144
-24
-192
-387
246
-267
-484
233
-324
-382
207
-61
-121
-16
70
-323
-28
207
-288
339
8
-169
417
-98
-245
562
132
-296
483
350
9
174
473
92
185
264
232
82
190
526
238
75
382
281
126
196
378
62
35
377
-37
72
404
-90
77
520
-253
50
234
-179
-164
365
-81
-370
438
-10
-486
303
-95
-388
-15
30
-466
-213
270
-635
-363
397
-450
-188
66
-384
27
-275
-192
-120
-442
142
-172
-412
-68
-231
-106
-165
153
0
-513
294
-184
-386
192
-89
-48
-15
66
-45
-26
255
-261
-146
331
-227
241
188
-47
335
169
-165
135
210
327
38
294
391
-221
462
46
-93
562
232
-13
169
156
181
-61
364
342
6
591
-198
-55
413
-338
374
178
-304
509
-101
-34
-30
-96
155
-398
261
-81
-334
277
-445
-126
6
-448
178
-264
-274
41
-576
-198
-27
-312
-363
-35
-96
-474
-228
-82
-540
77
-56
-609
122
-70
-541
39
-264
-204
-106
-68
-201
-288
296
-361
-94
124
-256
36
114
215
-302
223
199
-139
149
146
-76
291
315
70
-50
473
121
-163
491
164
-7
491
295
-106
444
260
196
204
400
33
288
281
-43
329
131
226
288
39
284
236
20
72
162
137
-185
293
55
-105
282
-9
-468
345
10
-566
332
-80
-353
-112
-88
-116
-591
304
-46
-630
42
-88
-553
-162
-45
-632
-122
231
-394
-455
229
-238
-564
-6
-140
-279
-149
369
-340
-551
60
-208
-434
386
100
-324
303
144
-488
-87
564
-483
39
585
-183
-226
689
-230
-450
1006
-11
-246
685
318
-312
222
620
-387
304
483
180
318
177
261
-22
80
555
1
181
477
-39
-4
150
-124
336
535
-251
71
609
-668
-79
496
-258
-119
565
213
-837
703
5
-683
-91
320
-134
-581
272
45
-834
-230
138
-350
-401
128
133
-615
-391
-66
-289
-815
50
249
-705
-560
533
-492
-1146
603
321
-1549
754
678
-1162
-48
513
-739
-237
540
-126
-70
38
62
138
-12
-240
846
86
-722
1131
25
-817
1014
416
-578
853
645
-391
-71
809
-203
-313
857
218
83
270
270
-82
90
417
220
56
209
464
13
-453
544
286
-630
584
352
-646
575
-201
-420
129
-314
397
-52
169
-69
-139
-138
-588
1
68
2
198
-397
-19
-147
-663
136
-225
-208
76
-206
-295
-423
-110
-133
-309
356
-185
179
-255
-144
-158
-340
-135
15
260
-402
215
117
-548
4
152
-264
462
146
143
19
-50
7
72
330
69
600
-1
100
289
-53
-228
699
63
-367
753
227
-526
560
498
-295
136
535
-28
-80
451
-390
203
-130
-307
357
-47
-319
338
-234
-306
245
-145
-111
2
243
-190
-302
118
161
-313
-216
437
-112
-633
391
133
-809
100
313
-809
97
237
-671
74
-29
-369
133
41
-336
-269
-19
-435
-90
205
-746
36
586
-639
-107
667
-546
-161
689
-504
-251
355
-198
-330
-7
97
-466
268
367
-401
184
-6
-60
186
-64
208
141
61
-122
-49
312
-236
237
675
-289
194
567
-227
31
493
220
-199
641
502
-169
355
167
61
184
441
371
142
251
194
69
111
226
107
227
400
342
319
-4
85
244
123
165
196
344
55
-201
166
-40
-194
79
15
-189
-137
27
-704
-390
79
-608
-530
3
-438
-476
-247
-190
-769
-510
-389
-819
-454
-218
-963
-421
-310
-994
-487
-126
-596
-290
-82
-601
-357
-373
-278
-232
70
-31
-338
-90
45
-186
207
119
178
114
252
219
-27
450
347
488
677
674
686
686
767
963
951
1020
907
691
785
696
783
1003
781
777
1140
615
551
638
283
379
537
273
39
-55
-141
-521
-462
-449
-528
-482
-738
-761
-908
-831
-826
-791
-877
-964
-945
-1063
-1174
-963
-977
-683
-747
-786
-583
-957
-925
-723
-654
-622
-296
-442
-482
-317
-461
-397
-51
222
-148
63
253
-131
23
213
159
927
1264
809
887
944
724
824
1233
1258
1421
1719
1407
1267
1294
1102
1247
1606
1504
1276
1288
937
575
631
479
306
375
9
-111
-337
-545
-719
-915
-841
-969
-968
-1262
-1185
-1171
-1253
-1043
-1076
-1059
-946
-931
-985
-759
-774
-894
-874
-882
-991
-1139
-965
-633
-749
-661
-375
-511
-543
-240
-580
-446
-145
-354
-467
-225
-83
-447
19
205
171
805
1037
723
1131
1047
772
1224
1427
1329
1665
1843
1515
1602
1682
1529
1373
1883
1682
1340
1269
1019
838
648
716
532
232
268
-178
-744
-824
-883
-1122
-1000
-882
-1355
-1408
-1365
-1510
-1346
-1103
-1238
-1342
-1182
-1160
-1238
-1062
-1046
-888
-939
-1005
-885
-1149
-937
-694
-696
-775
-486
-795
-799
-679
-673
-500
-333
-339
-403
-190
-410
-310
-27
373
808
1185
956
827
1130
1033
1279
1845
1890
2026
2356
2040
1792
1802
1858
2138
2340
2443
2094
1597
1321
1199
1117
1026
829
576
195
-238
-686
-1093
-1156
-1054
-1106
-1243
-1557
-1792
-1947
-1799
-1649
-1610
-1371
-1481
-1679
-1590
-1664
-1658
-1373
-1102
-878
-908
-1143
-1298
-1250
-1140
-859
-623
-592
-685
-597
-699
-973
-787
-659
-423
-101
-110
-220
-374
273
611
806
1235
1169
1110
1236
1362
1611
1744
2238
2506
2353
2647
2198
1914
2393
2445
2573
2553
1967
1623
1647
1294
876
843
537
76
24
-490
-1055
-1030
-1351
-1407
-1446
-1713
-1996
-2057
-1963
-1960
-1664
-1673
-1705
-1493
-1509
-1636
-1430
-1345
-1334
-981
-1100
-1194
-1204
-1278
-1188
-817
-744
-849
-584
-782
-901
-745
-790
-851
-418
-301
-509
-544
-188
470
615
1141
980
861
1110
1309
1462
1832
2192
2469
2513
2559
2372
2049
2449
2641
2875
2847
2417
1891
1733
1497
1242
1111
864
446
127
-316
-848
-1137
-1215
-1131
-1246
-1403
-1616
-1868
-2016
-1757
-1807
-1785
-1659
-1625
-1558
-1513
-1503
-1499
-1404
-1215
-1262
-1165
-1091
-1288
-1140
-1125
-1240
-1115
-801
-825
-846
-812
-1083
-1289
-986
-911
-789
-481
-122
559
633
678
451
555
768
1280
1659
1835
1996
2094
2223
2134
2420
2498
2645
2930
3016
2627
2347
2048
1905
1832
1567
1161
842
455
-12
-218
-561
-955
-1100
-1138
-1455
-1668
-1750
-1802
-1781
-1511
-1558
-1889
-1835
-1564
-1513
-1260
-1186
-1287
-1319
-1290
-1326
-1369
-1128
-1079
-939
-868
-922
-925
-844
-737
-662
-733
-951
-1066
-1031
-1004
-822
-637
157
772
766
480
505
715
986
1634
1969
2005
2298
2241
2142
2300
2489
2639
2979
3199
2721
2396
2070
1711
1782
1796
1345
934
525
-38
-277
-516
-987
-1171
-1342
-1551
-1838
-2061
-2171
-2068
-1805
-1702
-1776
-2024
-1902
-1714
-1501
-1398
-1327
-1331
-1403
-1350
-1234
-1305
-1258
-942
-978
-1011
-826
-691
-565
-557
-575
-822
-919
-803
-660
-696
-649
189
697
851
707
529
565
895
1652
1982
2170
2454
2463
2239
2456
2585
2864
3091
3275
3032
2509
2190
1876
1862
1771
1460
959
474
90
-88
-368
-738
-1144
-1328
-1551
-1795
-1934
-2065
-2079
-1947
-1971
-2087
-2160
-2033
-1748
-1493
-1401
-1499
-1681
-1719
-1505
-1404
-1311
-1136
-1046
-1135
-1301
-1138
-881
-684
-473
-578
-1047
-1284
-1133
-974
-740
-399
490
772
836
462
180
509
1045
1914
2049
2016
2186
1938
1894
2380
2523
2855
3031
3213
2867
2367
2127
1951
2128
1917
1491
935
288
118
-3
-355
-650
-1093
-1473
-1594
-1809
-1923
-2002
-1919
-1870
-1884
-1933
-2008
-1857
-1566
-1370
-1326
-1470
-1491
-1376
-1247
-1293
-1225
-1036
-1072
-1013
-1041
-1035
-754
-487
-393
-431
-817
-938
-871
-527
-515
-323
601
675
782
533
577
799
1165
1994
2045
2000
2262
2083
2155
2452
2464
2719
2828
2993
2695
2423
2129
1837
1822
1511
1118
767
209
-76
-188
-471
-825
-1345
-1481
-1643
-1715
-1751
-1904
-1938
-1948
-1994
-1992
-1928
-1738
-1514
-1474
-1578
-1580
-1478
-1359
-1083
-1111
-1194
-1164
-1174
-1127
-1040
-915
-667
-496
-546
-663
-923
-780
-662
-408
-461
-140
662
902
894
490
593
858
1499
2021
2019
2088
2253
2073
2368
2583
2541
2709
2803
2871
2601
2272
1866
1660
1667
1469
1047
506
14
-76
-395
-662
-1007
-1467
-1622
-1613
-1803
-2055
-2222
-2165
-2129
-2070
-2134
-2280
-2056
-1743
-1527
-1592
-1702
-1699
-1533
-1415
-1405
-1433
-1331
-1213
-969
-1013
-991
-745
-662
-621
-606
-697
-636
-502
-289
-395
371
1039
1142
1109
763
893
1311
2094
2258
2301
2464
2429
2416
2760
2815
2968
3062
3284
3158
2747
2520
2031
1979
1846
1391
928
492
154
-58
-239
-635
-1244
-1409
-1648
-1706
-1821
-2068
-2210
-2237
-2131
-2169
-2381
-2365
-2167
-1827
-1733
-1867
-1943
-2002
-1685
-1555
-1533
-1615
-1558
-1350
-1326
-1210
-1114
-986
-726
-603
-720
-919
-879
-572
-345
-282
601
993
1108
915
832
971
1442
2201
2188
2216
2556
2367
2399
2818
2837
3185
3262
3383
2952
2689
2473
2154
2215
1717
1312
956
454
258
12
-389
-881
-1370
-1531
-1711
-1699
-1826
-2109
-2104
-2194
-2307
-2252
-2319
-2209
-2043
-1822
-1961
-1994
-1953
-1887
-1709
-1627
-1721
-1705
-1541
-1468
-1409
-1402
-1151
-974
-773
-956
-1147
-1057
-830
-545
-465
-69
622
849
982
788
839
1322
1822
2368
2257
2423
2586
2463
2774
2951
2983
3141
3267
3364
2934
2751
2460
2093
2075
1710
1364
975
640
418
-77
-613
-1133
-1529
-1569
-1573
-1610
-1836
-2189
-2258
-2276
-2276
-2127
-2171
-2100
-1835
-1673
-1695
-1855
-1895
-1944
-1804
-1825
-1789
-1567
-1420
-1250
-1360
-1504
-1410
-1032
-795
-455
-768
-942
-1038
-829
-652
-71
872
1084
1068
752
718
919
1806
2307
2424
2570
2613
2437
2662
2721
2980
3287
3455
3488
2974
2821
2427
2308
2141
1672
1321
953
588
323
-33
-425
-901
-1241
-1415
-1438
-1546
-1839
-2170
-2209
-2182
-2140
-2012
-2046
-1944
-1760
-1755
-1903
-1812
-1859
-1731
-1638
-1640
-1771
-1754
-1565
-1589
-1509
-1444
-1274
-1010
-896
-1055
-1177
-1266
-964
-744
-609
31
504
577
337
338
696
1149
2005
2198
1985
2374
2200
2484
2837
2961
3068
3062
3323
3044
2845
2731
2309
2274
1979
1492
1111
587
419
144
-89
-617
-1184
-1533
-1619
-1515
-1601
-1843
-1997
-2028
-2075
-1976
-2048
-2121
-1952
-1663
-1714
-1763
-1787
-1747
-1643
-1438
-1485
-1581
-1529
-1481
-1433
-1322
-1223
-951
-788
-890
-1126
-1285
-1216
-935
-702
-369
526
749
645
277
542
1026
1712
2223
2007
2022
2263
2203
2592
2882
2987
3100
3150
3364
2980
2987
2744
2433
2273
1775
1324
890
768
757
208
-445
-1028
-1253
-1267
-1195
-1123
-1455
-1743
-2063
-2286
-2038
-1768
-1748
-1707
-1491
-1598
-1792
-1745
-1764
-1526
-1340
-1506
-1668
-1611
-1414
-1241
-1164
-1200
-1204
-918
-738
-747
-1068
-1180
-1086
-748
-720
-29
652
737
636
412
585
1007
1739
1915
1861
2151
2241
2107
2482
2526
2678
2818
2992
2961
2837
2732
2311
2085
1742
1329
928
650
452
151
-230
-664
-1117
-1296
-1429
-1521
-1736
-1898
-2077
-2095
-2069
-1983
-1986
-1982
-1982
-1765
-1692
-1594
-1516
-1489
-1511
-1513
-1516
-1528
-1262
-1168
-1069
-1140
-1156
-914
-689
-660
-732
-996
-999
-919
-715
-385
439
856
730
419
440
823
1445
2079
2021
1982
2151
2122
2337
2599
2642
2750
2872
3044
2823
2699
2456
2175
1933
1532
1135
826
616
342
82
-360
-934
-1306
-1394
-1405
-1533
-1792
-1941
-1956
-1789
-1783
-1817
-1870
-1859
-1679
-1481
-1443
-1400
-1413
-1351
-1350
-1374
-1428
-1346
-1109
-926
-926
-1067
-1047
-751
-461
-388
-722
-979
-902
-634
-355
27
738
885
780
414
550
1007
1658
2154
1919
1968
2081
2046
2335
2522
2669
2673
2754
2893
2678
2674
2317
1985
1665
1236
932
563
372
74
-286
-658
-1198
-1453
-1640
-1591
-1669
-1901
-1982
-2096
-2111
-1936
-1929
-2015
-1954
-1638
-1520
-1523
-1493
-1672
-1580
-1485
-1399
-1375
-1293
-1206
-1160
-1131
-1131
-839
-562
-437
-528
-876
-1017
-793
-544
-170
660
1037
798
449
595
1057
1600
2184
2027
1939
2127
2128
2390
2637
2830
2823
2749
2845
2638
2578
2441
2158
2024
1512
1040
704
381
171
-243
-665
-1221
-1487
-1614
-1630
-1745
-2039
-2163
-2197
-2097
-1988
-1943
-2081
-2220
-2062
-1714
-1594
-1390
-1443
-1423
-1379
-1383
-1375
-1289
-1059
-987
-895
-970
-897
-636
-314
-186
-466
-720
-683
-454
-172
466
1116
1134
915
663
865
1430
2100
2399
2113
2251
2327
2251
2590
2720
2917
2902
2912
2945
2655
2648
2328
1998
1684
1126
849
405
208
-71
-584
-1001
-1439
-1582
-1663
-1700
-1942
-2227
-2381
-2335
-2322
-2221
-2236
-2230
-2141
-1872
-1693
-1628
-1547
-1591
-1497
-1513
-1526
-1539
-1395
-1254
-1198
-1136
-1187
-923
-610
-385
-470
-662
-809
-601
-417
-8
840
1142
963
496
612
1047
1756
2423
2347
2099
2272
2233
2494
2729
2871
2867
2861
3047
2716
2569
2383
2133
1930
1496
951
563
339
130
-265
-675
-1285
-1520
-1499
-1534
-1709
-2030
-2247
-2294
-2019
-1938
-1983
-2153
-2228
-2013
-1658
-1543
-1406
-1460
-1467
-1475
-1420
-1457
-1435
-1205
-1121
-1018
-1107
-1083
-826
-489
-360
-596
-975
-940
-726
-405
564
1153
1028
663
711
968
1495
2255
2393
2291
2518
2423
2409
2629
2842
2923
2950
2920
2658
2647
2585
2442
2235
1755
1156
752
531
340
-13
-518
-1135
-1491
-1578
-1639
-1770
-2112
-2234
-2257
-2138
-2130
-2025
-2095
-2092
-1920
-1706
-1671
-1543
-1387
-1350
-1307
-1415
-1650
-1693
-1430
-1328
-1264
-1261
-1168
-905
-587
-453
-773
-1000
-1003
-643
-418
380
1061
1089
839
495
818
1260
1965
2342
2247
2363
2359
2299
2560
2762
2986
2977
3018
3007
2747
2704
2377
2071
1684
1202
811
521
330
99
-350
-843
-1357
-1516
-1559
-1683
-1916
-2178
-2327
-2271
-2155
-2020
-2094
-2134
-2051
-1906
-1741
-1647
-1498
-1492
-1411
-1365
-1433
-1492
-1378
-1274
-1268
-1255
-1240
-1026
-796
-534
-644
-842
-1068
-987
-821
3
961
1152
885
495
658
1001
1745
2205
2237
2481
2534
2340
2483
2663
2912
3031
3117
2985
2617
2657
2447
2266
1909
1291
847
530
392
159
-224
-684
-1273
-1453
-1512
-1554
-1804
-2066
-2129
-2112
-2018
-1973
-1964
-1918
-1856
-1786
-1748
-1672
-1442
-1338
-1179
-1252
-1371
-1479
-1305
-1046
-959
-992
-1076
-927
-624
-412
-568
-861
-1098
-949
-866
-214
644
1047
965
603
659
867
1556
2299
2314
2547
2612
2268
2457
2652
2968
3035
3067
2981
2581
2626
2397
2126
1972
1406
915
535
332
97
-295
-627
-1326
-1661
-1692
-1821
-1917
-2095
-2226
-2261
-2213
-2021
-1930
-1856
-1793
-1770
-1739
-1716
-1495
-1339
-1256
-1286
-1401
-1498
-1423
-1263
-1170
-1234
-1252
-1126
-852
-556
-689
-987
-1223
-1144
-1084
-419
556
937
899
410
320
746
1496
2133
2224
2557
2614
2405
2561
2544
2836
3108
3198
3094
2670
2602
2363
2196
2098
1473
953
401
250
84
-223
-570
-1228
-1508
-1602
-1657
-1751
-1985
-2062
-2014
-1968
-1880
-1910
-1736
-1613
-1474
-1425
-1501
-1370
-1278
-1064
-953
-1102
-1256
-1320
-1128
-1022
-1052
-1151
-1059
-779
-524
-669
-1029
-1253
-1269
-1185
-508
516
811
894
457
420
677
1308
2124
2265
2594
2616
2268
2358
2392
2632
2926
3029
3011
2505
2407
2212
2070
1985
1437
991
533
213
-10
-368
-621
-1190
-1467
-1543
-1643
-1704
-1862
-1873
-1899
-1886
-1793
-1832
-1604
-1358
-1258
-1243
-1432
-1351
-1252
-915
-810
-1023
-1163
-1245
-1205
-1066
-1111
-1179
-1027
-838
-657
-759
-1003
-1220
-1252
-1271
-564
440
1044
1011
516
285
510
1229
1888
2214
2673
2672
2430
2336
2202
2525
2829
2999
2884
2582
2282
1950
1845
1727
1287
800
285
-90
-280
-531
-827
-1276
-1522
-1666
-1696
-1672
-1813
-1860
-1823
-1743
-1701
-1742
-1574
-1320
-1111
-1044
-1171
-1188
-1134
-877
-729
-815
-1023
-1180
-1137
-1043
-1041
-1130
-1096
-904
-670
-710
-966
-1292
-1293
-1190
-476
435
1041
986
504
379
551
1205
1835
2220
2613
2725
2430
2231
2096
2450
2802
3033
2986
2540
2082
1729
1692
1632
1255
780
323
-117
-383
-690
-947
-1256
-1407
-1465
-1592
-1737
-1890
-1895
-1762
-1577
-1560
-1677
-1672
-1391
-1100
-957
-995
-982
-928
-749
-621
-703
-885
-1027
-963
-853
-900
-1053
-1102
-959
-622
-577
-858
-1185
-1195
-1129
-605
274
1059
1284
872
625
552
998
1634
2117
2476
2753
2589
2205
1919
2180
2601
2957
3113
2702
2238
1728
1506
1351
1136
835
484
115
-243
-679
-1009
-1374
-1494
-1405
-1459
-1541
-1874
-1992
-1924
-1736
-1573
-1498
-1449
-1310
-1124
-972
-966
-950
-926
-868
-690
-770
-940
-1042
-1010
-809
-750
-921
-1094
-1099
-815
-697
-775
-1005
-1142
-1083
-973
-562
197
906
1030
756
483
567
970
1484
1968
2472
2747
2490
2084
1734
1836
2197
2580
2755
2648
2263
1676
1215
837
587
577
457
248
-188
-671
-1175
-1547
-1569
-1406
-1262
-1318
-1571
-1822
-1865
-1724
-1436
-1112
-867
-781
-765
-875
-896
-805
-580
-381
-346
-557
-843
-998
-943
-827
-748
-728
-774
-750
-695
-697
-738
-653
-689
-697
-640
-328
238
803
1075
1005
824
772
1032
1453
1843
2106
2410
2441
2363
2008
1745
1780
2092
2408
2300
1986
1615
1125
684
402
281
284
65
-169
-527
-1000
-1449
-1667
-1587
-1409
-1312
-1375
-1582
-1702
-1619
-1401
-1055
-851
-754
-729
-783
-841
-918
-836
-680
-659
-644
-641
-667
-825
-911
-765
-554
-525
-690
-713
-533
-442
-598
-777
-601
-296
-158
-84
224
843
1189
1074
815
779
1128
1443
1606
1664
1928
2272
2351
1886
1555
1563
1805
1958
1896
1706
1388
1117
746
266
11
-29
-155
-260
-411
-641
-1043
-1396
-1560
-1458
-1228
-1122
-1265
-1333
-1281
-1228
-1205
-1228
-1074
-860
-654
-593
-853
-1009
-851
-757
-684
-636
-622
-666
-724
-855
-921
-728
-558
-655
-571
-271
-266
-399
-502
-438
-148
40
74
524
1273
1574
1273
813
612
833
1227
1426
1634
2001
2168
1881
1354
1015
1143
1527
1899
1862
1608
1240
766
287
-112
-112
36
171
146
-203
-734
-1198
-1422
-1334
-1031
-671
-544
-689
-968
-1220
-1210
-1091
-844
-598
-354
-256
-439
-802
-988
-939
-766
-546
-361
-295
-465
-705
-864
-713
-544
-443
-544
-404
-59
88
-270
-661
-505
-154
-23
47
261
776
1142
1040
579
242
541
885
1207
1348
1442
1598
1579
1263
858
649
969
1457
1658
1388
971
537
172
-24
-120
-31
121
139
-34
-436
-936
-1232
-1298
-1131
-821
-574
-574
-743
-950
-993
-959
-800
-561
-353
-273
-366
-607
-795
-873
-687
-317
4
-9
-333
-772
-841
-657
-414
-73
42
-13
-76
-9
-257
-548
-552
-356
61
260
104
181
593
842
604
329
234
485
976
990
971
1165
1184
1117
848
475
419
791
1269
1361
1184
986
649
402
179
-7
-32
-10
55
-36
-304
-736
-1043
-1014
-742
-481
-330
-436
-628
-785
-829
-671
-484
-351
-224
-129
-141
-210
-349
-404
-192
-13
-149
-210
-346
-504
-322
-128
-112
-351
-326
-304
-336
-181
-250
-489
-550
-543
-590
-490
-187
104
364
712
698
165
-116
75
484
865
1075
987
906
897
772
578
624
989
1320
1421
1189
730
376
314
305
276
172
71
0
-178
-442
-716
-818
-799
-594
-437
-486
-614
-661
-562
-394
-274
-238
-82
-57
-69
-91
-182
-217
-240
-214
-78
-116
-303
-413
-355
-301
-498
-759
-896
-816
-440
-198
-314
-570
-751
-904
-1086
-1280
-1030
-156
663
919
705
165
-229
-345
-15
306
825
1577
1818
1746
1161
413
102
344
959
1521
1832
1831
1399
763
102
-401
-471
-183
299
610
455
-83
-764
-1250
-1381
-1039
-482
26
362
457
277
-113
-522
-641
-369
141
531
605
311
-140
-532
-754
-664
-451
-316
-229
-265
-510
-928
-1275
-1155
-740
-485
-451
-578
-848
-1196
-1561
-1638
-1209
-161
797
1092
913
302
-278
-378
-91
376
1054
1796
2255
2070
1375
491
42
389
1083
1732
2011
1892
1387
724
1
-565
-755
-358
279
725
650
39
-719
-1300
-1359
-1073
-510
34
449
494
233
-269
-662
-705
-312
247
611
649
295
-195
-556
-615
-558
-621
-705
-571
-542
-721
-1012
-1259
-1311
-1147
-938
-914
-1085
-1247
-1469
-1497
-1171
-489
330
827
946
502
54
-92
35
471
1101
1713
2122
2127
1650
977
542
692
1172
1746
1977
1884
1466
846
200
-323
-523
-287
239
544
443
12
-610
-1168
-1284
-1085
-728
-289
215
459
356
3
-334
-514
-441
-170
204
457
405
78
-457
-887
-1100
-1153
-1116
-917
-806
-934
-1196
-1495
-1602
-1542
-1408
-1313
-1319
-1356
-1484
-1389
-1003
-212
565
920
838
506
267
199
380
766
1331
2058
2642
2596
2009
1198
821
922
1359
1720
1892
1978
1763
1157
240
-485
-744
-439
-2
213
128
-141
-451
-709
-877
-965
-858
-413
144
602
792
633
278
-109
-322
-367
-233
27
208
175
-121
-623
-1111
-1425
-1548
-1476
-1360
-1290
-1299
-1304
-1382
-1537
-1737
-1951
-2051
-2021
-1623
-871
92
838
1188
1074
547
167
135
416
958
1765
2582
3019
2849
2153
1238
709
692
939
1368
1765
2010
1837
1144
140
-766
-1209
-1030
-483
-2
200
157
-137
-621
-1026
-1181
-1094
-683
-56
578
927
923
614
174
-155
-347
-299
-149
-46
-43
-155
-466
-897
-1428
-1853
-2047
-2065
-1868
-1620
-1323
-1179
-1330
-1709
-2103
-2439
-2340
-1688
-511
717
1465
1584
1211
752
474
407
593
1220
2103
2866
3009
2616
1837
1214
877
845
967
1154
1400
1497
1220
585
-210
-873
-1115
-995
-740
-565
-343
-187
-155
-354
-538
-666
-577
-281
121
548
787
850
724
462
130
-78
-202
-224
-303
-428
-585
-767
-1010
-1287
-1585
-1913
-2098
-2044
-1735
-1357
-1125
-1272
-1571
-1931
-2039
-1712
-816
272
1202
1724
1737
1613
1360
1115
943
1284
1981
2777
3097
2912
2379
1825
1265
797
478
428
674
906
912
481
-157
-733
-1049
-1275
-1276
-1163
-888
-556
-273
-282
-394
-505
-519
-421
-237
84
451
755
883
817
554
234
-160
-411
-627
-759
-939
-1164
-1398
-1625
-1798
-1937
-2093
-2226
-2124
-1882
-1629
-1555
-1578
-1804
-1765
-1377
-503
488
1248
1664
1753
1807
1678
1588
1437
1714
2231
2839
3106
2996
2529
1981
1432
902
506
263
389
510
531
180
-296
-728
-984
-1233
-1359
-1304
-1043
-700
-393
-233
-207
-216
-251
-121
63
365
598
770
824
821
672
428
86
-225
-578
-840
-1137
-1450
-1712
-1924
-2046
-2154
-2182
-2115
-1950
-1831
-1831
-1986
-2154
-2273
-1884
-1069
150
1158
1843
2034
2094
1978
1686
1388
1346
1824
2513
3093
3091
2802
2329
1969
1324
757
282
189
262
369
209
-180
-596
-877
-1093
-1273
-1352
-1296
-1099
-832
-338
-9
252
304
374
387
536
692
831
836
932
993
917
605
157
-252
-615
-994
-1497
-1856
-2094
-2136
-2253
-2407
-2511
-2342
-2103
-1904
-1896
-2057
-2293
-2394
-1965
-988
291
1312
1997
2258
2412
2305
1999
1600
1522
1936
2474
2846
2864
2669
2339
1912
1195
488
-11
-101
-76
-56
-184
-379
-577
-766
-1002
-1182
-1288
-1198
-1031
-800
-471
-143
182
338
560
815
1051
1052
898
789
781
753
643
360
142
-85
-439
-994
-1705
-2171
-2443
-2530
-2583
-2572
-2475
-2180
-1930
-1791
-1843
-1953
-2138
-2012
-1499
-486
646
1600
2283
2583
2750
2470
2080
1701
1736
1995
2379
2518
2614
2468
2292
1736
985
220
-270
-421
-579
-594
-698
-698
-721
-797
-942
-1023
-1106
-1051
-1021
-734
-379
34
312
538
827
1102
1267
1257
1192
1135
979
643
226
-197
-335
-509
-673
-1101
-1544
-1968
-2370
-2687
-2831
-2803
-2549
-2205
-1793
-1501
-1449
-1559
-1773
-1459
-923
68
790
1634
2288
2860
3041
2593
2124
1764
1888
1940
2054
2024
2039
2042
1835
1284
700
142
-216
-512
-691
-786
-902
-903
-938
-898
-806
-754
-727
-754
-656
-296
-90
167
416
769
1144
1311
1402
1330
1343
1302
1019
623
70
-334
-633
-863
-1036
-1339
-1581
-1918
-2256
-2600
-2818
-2830
-2598
-2303
-1925
-1662
-1484
-1589
-1551
-1161
-497
341
938
1784
2373
3022
3027
2696
2227
2004
1962
1907
1832
1847
1833
1749
1396
845
357
-196
-514
-882
-953
-1010
-1037
-1095
-1024
-900
-744
-758
-735
-681
-432
-215
-135
-4
203
599
947
1118
1151
1186
1275
1236
971
570
32
-451
-903
-1184
-1453
-1649
-1828
-2014
-2216
-2430
-2542
-2510
-2261
-1947
-1588
-1344
-1206
-1270
-1068
-609
178
854
1496
2127
2648
3113
3057
2794
2423
2233
2070
1931
1756
1672
1601
1539
1198
847
408
-35
-441
-751
-939
-1099
-1221
-1273
-1122
-904
-668
-663
-645
-556
-318
-201
-171
-68
214
530
766
897
961
1036
997
947
721
464
-28
-512
-993
-1384
-1702
-1988
-2197
-2275
-2215
-2172
-2184
-2231
-2054
-1836
-1578
-1459
-1355
-1321
-984
-452
318
990
1546
2150
2660
3145
3042
2750
2368
2202
2059
1787
1562
1494
1460
1433
1128
774
503
210
-101
-491
-810
-1104
-1364
-1531
-1345
-1099
-775
-680
-551
-315
-125
-141
-288
-259
32
282
496
575
673
817
759
707
466
232
-193
-626
-1029
-1345
-1711
-2065
-2279
-2266
-2175
-2185
-2150
-2041
-1735
-1521
-1420
-1376
-1292
-1220
-982
-449
334
1154
1670
2266
2744
3186
3218
2878
2559
2329
2188
1845
1479
1397
1442
1428
1272
1012
779
483
55
-284
-598
-867
-1141
-1349
-1132
-876
-636
-552
-378
-19
217
156
-39
-81
-3
87
167
397
553
719
795
805
696
386
-78
-552
-990
-1394
-1889
-2301
-2448
-2419
-2316
-2324
-2224
-2030
-1625
-1359
-1232
-1207
-1191
-1159
-1116
-729
-210
550
1136
1814
2548
3064
3241
2905
2588
2405
2159
1819
1429
1226
1256
1158
1005
788
659
552
377
156
-162
-549
-965
-1293
-1320
-1131
-965
-753
-502
-124
121
77
-15
-27
-27
-36
-73
4
113
309
421
528
478
292
-17
-426
-709
-1194
-1723
-2273
-2543
-2581
-2565
-2512
-2335
-2008
-1608
-1302
-1194
-1028
-926
-863
-921
-739
-339
272
852
1369
2155
2718
3168
3115
2941
2719
2424
2038
1596
1304
1195
1050
918
888
849
779
580
409
175
-35
-436
-777
-1044
-1111
-1101
-1019
-780
-467
-116
149
315
353
324
157
-3
-92
-72
11
53
160
212
171
41
-167
-385
-741
-1200
-1664
-2047
-2280
-2403
-2447
-2361
-2030
-1613
-1191
-870
-602
-438
-386
-419
-545
-395
-123
436
958
1533
2194
2732
3232
3264
3188
2915
2567
2109
1529
1112
759
505
416
454
559
634
609
483
243
-52
-445
-802
-1085
-1191
-1294
-1332
-1218
-981
-640
-325
-17
182
240
147
-68
-211
-302
-377
-411
-430
-361
-348
-376
-555
-699
-958
-1340
-1706
-2004
-2208
-2339
-2401
-2328
-2075
-1718
-1310
-977
-686
-412
-263
-254
-318
-176
94
552
974
1388
2021
2548
3008
3046
3056
2953
2712
2330
1831
1481
1132
791
601
628
677
674
661
613
547
358
-38
-392
-642
-802
-995
-1099
-1046
-862
-646
-467
-222
60
221
177
79
31
-116
-270
-433
-486
-411
-400
-441
-537
-606
-856
-1197
-1561
-1812
-2005
-2220
-2321
-2275
-2111
-1915
-1667
-1337
-958
-641
-423
-210
-141
-3
192
460
817
1112
1692
2211
2710
2914
2916
2879
2740
2434
1965
1522
1173
932
793
736
686
708
646
631
524
393
72
-218
-463
-676
-885
-1100
-1150
-1073
-875
-655
-456
-252
-76
87
124
197
134
-61
-206
-323
-331
-416
-498
-652
-776
-936
-1191
-1476
-1733
-1879
-1995
-2072
-2009
-1921
-1758
-1605
-1378
-1003
-676
-394
-211
-160
-146
59
284
708
1036
1512
1977
2443
2746
2824
2836
2745
2559
2223
1788
1403
1062
786
614
445
367
353
428
456
353
117
-151
-373
-567
-754
-896
-951
-932
-872
-769
-657
-539
-388
-190
33
179
218
103
-15
-122
-221
-333
-445
-599
-727
-957
-1230
-1453
-1621
-1658
-1770
-1771
-1790
-1767
-1757
-1698
-1516
-1229
-890
-553
-284
-129
-149
-55
222
569
902
1210
1699
2111
2493
2650
2669
2697
2579
2297
1968
1612
1308
975
782
632
513
435
378
363
354
252
35
-182
-377
-572
-791
-938
-1002
-984
-915
-813
-662
-507
-315
-157
14
48
48
47
14
-35
-156
-310
-525
-704
-932
-1152
-1261
-1310
-1406
-1512
-1606
-1612
-1599
-1601
-1574
-1472
-1233
-948
-630
-350
-116
15
23
212
441
728
907
1220
1694
2084
2410
2424
2479
2505
2410
2152
1828
1589
1327
1006
732
545
414
304
278
294
245
105
-115
-241
-403
-557
-764
-917
-992
-1020
-1054
-1044
-919
-735
-559
-375
-193
-35
86
139
163
126
-33
-304
-579
-813
-982
-1165
-1230
-1248
-1280
-1395
-1446
-1446
-1381
-1358
-1326
-1146
-946
-703
-450
-224
-36
37
38
181
386
645
797
1119
1548
1948
2190
2261
2340
2301
2178
1984
1780
1565
1322
1011
690
457
267
128
63
57
8
-92
-208
-301
-405
-597
-754
-869
-954
-1026
-1056
-997
-891
-723
-551
-373
-172
-8
101
137
139
3
-197
-347
-516
-693
-906
-1011
-1070
-1021
-1037
-1059
-1070
-1025
-1024
-992
-979
-837
-599
-366
-203
-31
79
103
42
67
241
423
713
948
1349
1607
1913
2016
2134
2246
2215
2075
1786
1567
1209
865
469
256
35
-103
-146
-132
-74
-33
-25
-72
-151
-363
-622
-831
-978
-1184
-1315
-1347
-1244
-1069
-835
-593
-295
-84
105
215
272
240
129
-9
-146
-308
-499
-666
-763
-798
-878
-912
-903
-812
-802
-788
-717
-621
-460
-350
-271
-237
-139
-119
-73
-95
-3
111
241
422
612
1008
1343
1688
1840
2010
2091
2065
1900
1705
1441
1086
780
453
276
75
-32
-80
14
89
111
77
-1
-168
-433
-753
-989
-1168
-1293
-1332
-1272
-1095
-918
-744
-557
-278
-136
-66
-3
54
21
-48
-139
-205
-284
-439
-583
-694
-738
-785
-802
-776
-718
-672
-627
-624
-590
-525
-457
-361
-278
-232
-228
-280
-450
-512
-438
-257
32
340
840
1287
1731
1965
2159
2280
2260
2141
1937
1695
1398
1076
768
541
379
328
349
442
465
465
336
187
-5
-284
-569
-764
-939
-1105
-1181
-1181
-1120
-961
-758
-571
-404
-321
-254
-181
-77
-13
29
24
9
-54
-187
-351
-499
-576
-703
-815
-885
-904
-887
-861
-839
-806
-705
-628
-529
-466
-454
-490
-579
-672
-798
-711
-525
-212
109
540
1068
1477
1841
2045
2209
2183
2098
1876
1642
1358
1075
817
634
505
379
350
337
362
326
295
175
25
-141
-323
-573
-809
-1046
-1207
-1242
-1192
-1038
-910
-731
-513
-281
-85
77
264
392
419
459
451
322
143
-73
-286
-500
-709
-869
-930
-913
-868
-826
-766
-730
-700
-690
-668
-684
-726
-783
-804
-871
-968
-1053
-897
-565
-206
170
622
1120
1500
1792
1885
1966
1963
1875
1709
1577
1389
1150
909
775
663
487
380
378
411
352
296
197
66
-119
-330
-478
-573
-721
-808
-840
-834
-806
-742
-637
-438
-219
-11
193
415
573
629
652
591
468
246
2
-295
-515
-716
-888
-995
-1025
-1006
-930
-856
-858
-904
-937
-939
-997
-1037
-1105
-1137
-1129
-1067
-991
-876
-605
-298
62
423
824
1154
1418
1619
1743
1823
1842
1780
1663
1513
1306
1090
920
841
740
651
601
566
485
366
251
210
157
60
-24
-180
-354
-526
-682
-778
-849
-835
-727
-549
-320
-68
175
390
594
634
565
428
234
14
-214
-455
-702
-892
-1065
-1155
-1219
-1214
-1197
-1183
-1209
-1243
-1280
-1287
-1278
-1212
-1105
-1016
-954
-859
-760
-707
-655
-445
-206
37
316
668
1065
1377
1614
1787
1963
2062
2044
1937
1825
1641
1398
1156
925
720
605
565
567
582
572
535
539
497
400
220
-20
-259
-504
-679
-761
-791
-716
-607
-468
-312
-189
-36
78
166
183
220
198
107
-41
-200
-401
-601
-810
-978
-1095
-1179
-1281
-1338
-1344
-1343
-1304
-1260
-1196
-1162
-1061
-980
-847
-743
-694
-685
-638
-641
-604
-416
-148
164
526
978
1362
1665
1904
2095
2237
2289
2217
2051
1879
1599
1356
1101
919
771
697
713
713
697
628
559
445
300
86
-95
-242
-388
-561
-681
-758
-808
-883
-849
-765
-638
-508
-376
-205
-79
17
16
32
-58
-158
-325
-537
-720
-949
-1210
-1448
-1582
-1592
-1575
-1511
-1423
-1296
-1167
-1057
-997
-890
-821
-798
-799
-723
-690
-603
-523
-377
-124
174
457
796
1260
1634
1949
2147
2320
2410
2409
2329
2233
2107
1922
1704
1523
1359
1125
913
759
638
524
439
353
257
120
-42
-179
-348
-543
-751
-910
-1078
-1211
-1291
-1260
-1198
-1030
-791
-540
-350
-236
-166
-139
-137
-269
-404
-572
-802
-1036
-1239
-1429
-1567
-1637
-1626
-1561
-1430
-1338
-1254
-1127
-1014
-933
-879
-786
-694
-593
-453
-294
-150
-46
66
230
542
840
1132
1453
1792
2069
2331
2545
2652
2762
2785
2693
2497
2250
1943
1666
1407
1141
910
725
564
434
332
254
165
55
-70
-228
-416
-608
-891
-1109
-1283
-1360
-1386
-1336
-1239
-1137
-994
-881
-729
-608
-512
-467
-433
-465
-497
-627
-755
-934
-1047
-1181
-1310
-1412
-1498
-1509
-1513
-1475
-1407
-1275
-1101
-925
-767
-569
-390
-241
-58
143
275
387
435
548
633
805
1032
1314
1586
1869
2092
2267
2365
2365
2342
2248
2125
1903
1689
1450
1249
1024
811
570
364
184
-18
-188
-362
-453
-528
-637
-729
-774
-766
-808
-863
-917
-917
-981
-1105
-1180
-1238
-1227
-1184
-1052
-912
-736
-660
-620
-565
-514
-491
-509
-525
-603
-737
-948
-1105
-1217
-1280
-1269
-1180
-1057
-898
-726
-553
-392
-211
-25
188
400
605
795
957
1087
1106
1115
1076
1109
1174
1247
1304
1406
1552
1636
1708
1760
1797
1801
1799
1708
1605
1393
1138
843
558
279
12
-157
-299
-353
-372
-356
-367
-376
-386
-417
-444
-509
-649
-843
-966
-1103
-1204
-1278
-1301
-1302
-1244
-1128
-951
-768
-599
-484
-338
-243
-231
-238
-291
-379
-505
-632
-783
-863
-963
-1002
-1002
-878
-685
-467
-195
43
235
413
609
744
832
851
804
725
621
492
399
316
229
258
319
448
591
836
1073
1289
1435
1491
1479
1389
1197
950
773
552
353
162
10
-113
-171
-205
-235
-219
-215
-184
-180
-206
-336
-456
-593
-736
-888
-1027
-1165
-1267
-1278
-1238
-1136
-959
-738
-512
-258
-34
145
276
337
299
217
66
-117
-283
-445
-578
-637
-677
-645
-579
-430
-272
-110
55
221
351
422
418
317
241
145
53
-73
-135
-207
-213
-211
-163
-95
68
260
418
593
774
941
1045
1151
1159
1181
1078
973
817
704
545
403
289
222
153
111
134
136
164
148
174
135
81
-47
-128
-222
-277
-364
-413
-454
-489
-474
-458
-389
-295
-157
-44
43
131
165
166
127
100
50
-72
-216
-391
-540
-697
-800
-877
-884
-893
-858
-765
-659
-562
-453
-381
-334
-312
-295
-269
-283
-286
-328
-380
-419
-407
-407
-348
-265
-141
50
239
396
543
730
867
997
1067
1139
1141
1062
962
841
769
687
635
612
625
618
611
593
582
568
516
447
378
272
153
33
-86
-162
-268
-344
-377
-381
-381
-359
-371
-366
-334
-292
-224
-164
-107
-120
-177
-239
-328
-430
-539
-664
-758
-842
-933
-1020
-1030
-982
-907
-813
-729
-661
-597
-533
-476
-419
-403
-423
-455
-437
-431
-385
-327
-250
-197
-106
8
102
227
394
567
751
922
1099
1209
1285
1333
1336
1374
1329
1310
1249
1215
1133
1072
1034
1007
965
920
863
774
672
518
405
270
120
-51
-193
-351
-460
-553
-618
-658
-673
-667
-692
-696
-690
-650
-619
-582
-559
-543
-505
-482
-497
-540
-619
-713
-832
-933
-1016
-1069
-1151
-1164
-1148
-1094
-971
-859
-719
-568
-430
-357
-262
-175
-101
-84
-38
-4
60
143
219
310
394
478
574
716
855
1001
1128
1243
1324
1428
1484
1516
1517
1527
1511
1459
1382
1289
1159
1020
846
676
526
384
268
147
92
7
-101
-242
-384
-537
-634
-727
-804
-882
-962
-1047
-1096
-1075
-1057
-1032
-1003
-951
-901
-854
-827
-780
-761
-739
-738
-746
-780
-803
-827
-816
-803
-776
-740
-712
-663
-588
-489
-355
-190
-32
118
227
320
382
465
489
512
548
562
578
623
690
744
779
845
883
932
946
966
999
1030
1057
1078
1078
1046
996
946
934
877
811
725
682
579
428
293
178
65
-52
-143
-246
-358
-473
-587
-678
-744
-789
-794
-831
-882
-944
-965
-964
-915
-875
-815
-750
-681
-617
-548
-465
-390
-313
-251
-199
-174
-154
-212
-256
-284
-297
-327
-312
-308
-283
-269
-196
-118
-55
46
132
241
311
354
365
414
465
495
496
483
436
367
320
282
283
312
355
396
435
482
511
570
604
635
670
664
618
600
562
505
418
329
260
195
133
93
37
-52
-142
-238
-316
-384
-417
-461
-477
-486
-464
-455
-484
-496
-513
-530
-535
-538
-520
-494
-471
-442
-380
-320
-258
-192
-160
-117
-83
-82
-90
-97
-137
-186
-253
-290
-290
-272
-247
-221
-157
-96
-62
-21
34
74
96
101
99
77
59
19
21
21
30
-4
-36
-32
-25
9
36
106
172
272
372
474
555
579
570
538
533
508
491
463
446
441
433
424
407
399
393
385
399
413
395
347
271
180
97
40
-55
-119
-184
-230
-250
-253
-244
-255
-207
-182
-144
-111
-90
-76
-76
-53
-55
-64
-101
-157
-238
-373
-483
-560
-630
-654
-680
-652
-632
-594
-582
-545
-505
-448
-407
-369
-361
-335
-309
-279
-228
-199
-161
-166
-161
-140
-98
-39
34
108
218
309
409
476
543
583
647
689
735
734
741
731
698
712
692
696
660
664
620
567
521
480
421
344
270
232
181
142
64
-16
-100
-153
-176
-199
-212
-209
-194
-212
-224
-233
-244
-288
-371
-410
-425
-404
-451
-465
-510
-562
-593
-605
-606
-623
-627
-679
-692
-696
-703
-732
-674
-579
-498
-422
-362
-327
-262
-170
-92
-8
91
165
217
283
319
357
374
405
409
420
417
398
414
434
486
520
553
581
575
515
507
487
488
475
442
395
373
329
274
247
242
219
182
141
125
99
52
17
12
-4
-33
-50
-34
-76
-119
-167
-164
-154
-164
-187
-177
-208
-262
-297
-324
-327
-336
-332
-346
-326
-318
-303
-316
-318
-307
-278
-260
-228
-205
-175
-166
-133
-104
-65
-18
18
60
89
130
149
175
172
190
201
193
177
169
145
97
60
58
58
62
78
81
59
35
61
81
66
69
56
32
5
19
12
11
27
20
26
53
65
76
125
156
156
135
146
121
111
85
68
56
50
25
-11
-47
-97
-172
-216
-232
-230
-202
-174
-168
-160
-128
-86
-44
-5
47
69
94
81
103
117
107
105
88
81
59
48
14
13
1
-2
1
25
53
26
-7
-32
-57
-110
-164
-202
-262
-337
-364
-377
-375
-377
-396
-369
-341
-327
-332
-324
-279
-248
-206
-173
-140
-97
-66
-59
-36
-25
-29
6
65
145
211
256
275
281
318
331
355
400
445
484
491
506
517
545
545
532
552
555
517
462
416
395
374
367
387
415
433
428
414
388
359
336
276
267
229
169
58
-71
-179
-258
-347
-430
-499
-542
-615
-662
-714
-731
-743
-771
-850
-871
-890
-928
-948
-941
-919
-906
-867
-800
-720
-644
-598
-559
-498
-415
-344
-313
-234
-201
-155
-95
-21
77
161
221
267
320
369
417
482
579
663
744
813
867
909
954
983
972
960
954
923
913
910
900
856
820
768
721
697
656
615
564
516
435
369
287
223
158
83
6
-84
-179
-307
-388
-471
-562
-631
-687
-727
-770
-806
-874
-915
-965
-992
-1022
-1058
-1091
-1110
-1119
-1092
-1081
-1053
-1010
-955
-864
-769
-684
-612
-532
-487
-434
-389
-309
-224
-140
-78
1
107
210
310
420
526
632
704
761
816
911
975
1031
1086
1130
1132
1127
1118
1093
1056
1034
1013
994
963
905
872
841
805
720
660
572
502
396
304
214
142
43
-59
-154
-250
-341
-424
-461
-496
-533
-576
-627
-688
-732
-768
-801
-830
-872
-914
-966
-1003
-1011
-1040
-1040
-1014
-973
-927
-917
-891
-836
-770
-673
-572
-441
-325
-233
-180
-109
-50
-5
31
89
164
245
287
337
413
469
530
626
723
781
820
841
848
840
819
811
827
807
758
706
642
594
548
508
497
499
518
509
491
451
411
365
323
295
229
190
122
42
-44
-117
-182
-212
-258
-299
-332
-371
-444
-505
-522
-552
-577
-608
-608
-645
-675
-694
-731
-770
-810
-826
-810
-759
-711
-664
-601
-525
-446
-391
-354
-296
-244
-219
-177
-138
-130
-129
-129
-95
-20
59
115
163
216
268
295
304
376
415
445
431
421
397
351
325
316
335
356
396
439
493
538
575
595
606
586
551
492
448
439
425
396
364
327
275
229
148
89
44
22
-19
-52
-64
-75
-123
-183
-235
-303
-365
-407
-408
-384
-365
-368
-376
-366
-355
-346
-289
-239
-200
-172
-141
-127
-109
-120
-136
-139
-138
-122
-139
-123
-124
-99
-105
-123
-116
-109
-119
-111
-67
-47
-47
-45
-27
-10
27
75
117
150
184
181
195
212
228
210
173
168
140
89
41
47
56
51
65
85
104
59
59
77
97
98
108
107
124
121
92
78
46
36
20
-2
-1
3
8
10
13
35
56
85
101
159
168
169
142
114
76
54
18
-10
-25
-50
-70
-78
-89
-120
-137
-135
-144
-131
-129
-164
-195
-250
-278
-299
-304
-303
-293
-292
-278
-297
-313
-305
-295
-260
-198
-122
-56
-32
-14
-10
-19
-24
-24
-44
-68
-77
-81
-54
-42
-32
-16
30
59
89
100
124
137
151
165
180
175
155
143
162
192
210
238
272
307
293
295
288
302
308
326
344
360
316
264
199
152
92
50
40
58
75
64
21
-7
-3
-28
-32
-30
-29
-62
-70
-64
-71
-106
-114
-113
-90
-101
-101
-139
-163
-213
-231
-233
-215
-190
-175
-162
-143
-144
-163
-155
-171
-183
-166
-156
-146
-148
-149
-129
-129
-124
-106
-72
-47
-25
-17
23
64
75
58
58
64
56
22
44
91
102
102
99
87
78
36
51
75
112
142
158
150
163
159
142
133
114
99
75
65
96
104
111
110
112
113
91
56
24
46
56
58
54
46
30
-16
-57
-64
-57
-60
-95
-119
-140
-152
-177
-193
-157
-157
-182
-190
-186
-179
-166
-154
-117
-48
-36
-44
-72
-104
-132
-156
-169
-151
-122
-101
-53
-27
2
14
6
33
53
69
81
92
103
72
51
30
27
25
27
30
43
62
68
104
140
168
194
196
187
188
151
122
94
63
37
26
10
-23
-16
-28
-14
6
23
44
56
56
71
74
70
59
46
3
-29
-48
-68
-59
-58
-54
-57
-62
-31
-8
21
23
43
41
46
41
48
37
18
1
10
29
19
3
-2
6
4
25
48
103
110
103
75
58
36
-3
-27
-31
-66
-100
-111
-97
-106
-115
-111
-102
-90
-89
-88
-59
-60
-55
-71
-74
-100
-126
-146
-171
-169
-179
-159
-149
-127
-107
-93
-74
-62
-57
-42
-37
-19
-9
-5
23
59
70
77
55
51
61
30
19
20
33
36
23
44
48
58
69
80
85
111
126
120
135
115
92
85
90
71
63
83
61
67
78
89
83
69
55
57
44
28
1
-11
-3
-16
-27
-53
-61
-69
-68
-54
-29
-16
-7
8
0
-2
-26
-27
-28
-39
-52
-36
-4
-4
4
38
45
54
46
36
33
25
20
0
-28
-51
-40
-26
-7
-7
27
10
-18
-26
-42
-60
-26
4
16
13
-17
-37
-74
-83
-65
-46
-1
26
19
7
6
3
19
20
37
37
35
5
-1
33
47
42
24
14
-25
-27
-45
-54
-67
-16
-4
-21
-8
16
14
-13
-29
-13
-13
-17
-21
7
32
32
17
-13
-19
-45
-32
-38
8
19
20
16
11
-13
-23
-36
-25
-23
-23
-47
-61
-63
-86
-82
-80
-54
-51
-41
-57
-45
-16
-37
-30
16
59
59
39
34
37
25
38
59
64
19
-42
-75
-80
-45
-22
-15
-8
27
20
22
40
77
89
77
75
71
87
54
47
60
82
61
38
30
54
69
82
100
135
143
101
87
69
63
50
35
52
45
12
4
-7
-6
38
54
61
39
9
-22
-48
-40
-30
-22
-47
-59
-86
-81
-97
-96
-96
-94
-90
-87
-115
-135
-142
-117
-95
-59
-29
-31
-62
-85
-76
-96
-112
-114
-71
-40
-27
6
14
15
-16
-16
-10
6
30
25
44
32
20
-24
-23
25
65
89
123
116
110
81
60
63
54
68
79
74
66
60
28
8
25
32
-4
-7
-22
-7
-24
-6
23
42
34
29
28
15
-5
-18
-36
-66
-78
-76
-69
-97
-136
-133
-116
-96
-83
-75
-64
-79
-95
-92
-85
-105
-121
-111
-93
-56
-29
-10
21
25
14
-10
-7
-15
8
19
59
88
105
101
119
128
133
119
115
120
119
96
71
94
100
120
143
142
123
100
76
38
4
-5
14
19
17
23
26
17
24
44
43
65
52
50
32
32
20
23
2
20
5
-14
-42
-56
-59
-83
-88
-105
-113
-154
-161
-170
-128
-119
-99
-107
-89
-100
-105
-115
-100
-82
-78
-65
-41
-7
0
4
0
3
2
11
-8
32
77
109
111
156
171
166
164
150
126
86
74
63
76
81
67
60
48
53
73
81
69
55
62
46
33
21
22
13
-9
-14
-15
-19
-43
-62
-77
-99
-104
-130
-157
-158
-153
-151
-138
-115
-107
-116
-133
-116
-132
-158
-181
-177
-183
-173
-139
-135
-99
-84
-81
-63
-46
-28
-8
20
55
63
75
94
132
164
169
175
145
139
127
127
147
154
157
140
122
113
111
83
60
63
36
16
32
37
23
7
4
15
10
-3
-22
-17
-21
-46
-44
-56
-64
-63
-31
-3
1
-13
-58
-87
-88
-96
-92
-82
-52
-36
-34
-29
-23
-41
-34
-24
-21
-22
-23
-32
-32
-25
0
22
38
56
59
45
58
65
66
87
99
120
108
100
87
101
76
92
105
115
110
68
83
45
40
14
14
11
22
11
17
32
34
37
23
34
30
36
2
0
-35
-46
-61
-68
-71
-77
-80
-84
-89
-95
-108
-126
-133
-124
-107
-96
-89
-88
-93
-85
-93
-92
-87
-78
-61
-41
-25
-48
-30
-33
-34
-18
0
8
15
44
60
63
67
66
47
53
52
37
20
21
15
-13
-61
-63
-74
-84
-79
-54
-22
-21
-10
-18
9
-23
-47
-86
-77
-84
-83
-101
-81
-81
-55
-46
-35
-2
21
39
52
80
81
70
27
37
12
14
-11
10
25
45
45
64
57
55
64
91
122
163
169
146
140
115
86
62
80
82
115
122
130
137
157
147
154
174
153
140
109
73
41
11
-8
-30
-30
-51
-48
-52
-72
-70
-79
-99
-104
-124
-120
-132
-146
-171
-177
-191
-178
-163
-134
-108
-90
-75
-86
-73
-78
-84
-63
-41
-15
19
37
46
22
-3
-4
-33
-48
-42
-16
-11
5
8
40
76
99
130
125
127
73
31
26
37
14
30
65
104
121
133
126
111
116
103
125
124
142
101
85
80
93
84
63
44
19
-13
-50
-56
-46
-53
-69
-79
-71
-77
-96
-108
-131
-138
-151
-141
-152
-150
-133
-125
-106
-84
-67
-54
-53
-69
-72
-61
-68
-69
-81
-83
-96
-124
-116
-92
-96
-95
-99
-96
-82
-74
-74
-62
-49
-33
-30
-22
-6
4
13
37
53
61
36
7
15
23
83
106
136
150
148
133
138
138
133
106
110
113
101
125
139
166
162
147
127
116
94
79
74
62
37
5
-5
0
0
11
34
26
33
14
-6
-23
-31
-25
-2
28
23
20
-13
-19
-35
-34
-43
-36
-41
-53
-52
-57
-50
-55
-40
-27
-40
-54
-59
-68
-100
-89
-59
-49
-50
-41
-32
-28
-21
-11
7
9
-12
-19
31
22
5
5
25
20
8
-23
-15
2
5
15
36
41
18
2
19
61
65
75
43
44
-9
-36
-44
-49
-25
-30
-30
-13
4
-19
-14
-4
18
14
-8
-25
-35
-25
-7
18
29
30
10
-14
-42
-68
-83
-84
-69
-51
-32
-16
-19
-18
-6
-23
-29
-36
-45
-31
-29
-39
-54
-65
-88
-105
-110
-94
-61
-56
-67
-53
-32
-25
-34
3
18
6
-21
-21
-39
-50
-36
-19
3
28
77
81
86
81
72
81
80
94
110
92
90
103
90
87
94
118
142
146
158
158
167
169
188
201
174
159
147
124
120
122
116
106
94
79
61
65
44
8
12
-6
-24
-27
-16
-12
-43
-63
-96
-133
-171
-192
-202
-207
-212
-222
-210
-226
-226
-231
-216
-199
-190
-179
-181
-175
-173
-150
-132
-99
-92
-79
-70
-53
-71
-74
-63
-50
-29
-9
24
45
93
106
130
135
134
133
135
114
96
75
64
51
49
63
83
118
134
168
189
195
181
178
169
159
131
83
52
30
16
13
18
20
4
-20
-38
-39
-26
-34
-35
-24
-7
-14
-22
-35
-38
-72
-87
-95
-98
-108
-131
-131
-124
-113
-120
-87
-85
-67
-56
-65
-50
-55
-64
-80
-88
-89
-73
-40
-13
-1
4
8
2
5
18
27
44
55
62
51
71
58
62
74
95
84
67
56
54
34
45
78
109
115
103
105
88
78
66
63
35
37
45
46
47
50
33
17
17
9
7
6
0
7
-25
-34
-49
-70
-79
-75
-48
-46
-41
-56
-66
-68
-59
-56
-40
-47
-60
-86
-82
-38
-18
-11
-5
32
27
7
-15
6
20
21
2
3
22
24
15
28
53
58
57
58
80
81
69
35
33
25
-1
-23
-49
-35
-16
-30
-26
-25
-22
-23
-41
-53
-66
-57
-60
-64
-57
-45
-43
-63
-80
-89
-111
-134
-139
-113
-87
-73
-64
-39
-25
-31
-36
-43
-39
-30
-23
-2
13
23
19
27
43
50
37
58
59
75
94
108
92
67
50
22
31
39
50
52
58
57
39
37
36
36
20
26
38
48
32
20
34
68
76
63
44
40
-7
-40
-73
-74
-74
-72
-60
-40
-21
-29
-5
12
26
26
24
5
-18
-20
-11
-19
-5
0
29
52
68
65
54
33
20
21
22
36
30
25
16
30
33
47
78
102
86
39
5
-24
-31
-5
2
17
14
-1
-14
-9
9
30
27
14
3
9
-10
-27
-22
-21
-20
-10
-14
-29
-53
-90
-93
-109
-98
-103
-90
-93
-77
-65
-62
-35
-29
-29
-18
-20
-41
-40
-47
-32
-17
7
2
0
0
4
15
11
5
17
34
44
51
70
92
96
108
108
107
76
64
42
33
35
33
41
41
44
41
38
40
39
47
47
29
13
-28
-58
-109
-137
-120
-107
-90
-101
-84
-85
-102
-109
-114
-120
-144
-160
-162
-150
-122
-110
-108
-90
-91
-85
-87
-78
-78
-71
-54
-38
-1
20
27
35
22
21
32
32
37
42
43
58
79
92
108
125
122
104
96
94
95
106
102
130
137
129
106
93
82
54
52
57
61
71
73
81
69
68
73
68
65
54
31
-1
1
-2
11
24
15
16
22
26
24
33
41
54
35
30
2
6
8
16
20
31
44
31
27
6
11
-11
-26
-24
-22
-28
-22
-23
-30
-42
-36
-36
-57
-64
-90
-125
-103
-83
-65
-47
-27
0
-20
-38
-61
-76
-97
-94
-75
-50
-37
-42
-50
-75
-69
-69
-50
-18
-30
-33
-57
-82
-84
-87
-94
-69
-44
-41
-44
-47
-38
-36
-36
-41
-22
-5
-15
-3
2
8
-18
-33
-30
-7
9
25
39
58
45
22
30
50
44
36
67
82
65
38
28
25
25
8
4
11
21
19
13
14
28
35
37
64
87
70
52
34
26
23
9
2
0
0
5
21
19
33
23
22
4
4
0
1
15
9
13
-5
-1
-10
-8
-6
-16
-20
-7
2
22
52
70
62
57
49
35
21
4
12
31
39
42
48
46
32
31
31
40
32
-6
-53
-59
-76
-84
-85
-59
-36
-37
-41
-19
-11
-15
-9
10
22
28
18
5
-4
-20
-10
-31
-17
2
-6
-22
-5
12
34
40
63
69
62
46
37
46
29
13
8
-6
-43
-49
-38
-23
-26
-30
-31
-7
2
-3
3
-21
-49
-75
-74
-67
-80
-97
-98
-81
-79
-88
-81
-83
-86
-95
-74
-68
-64
-49
-43
-22
-6
16
28
4
-1
-20
-40
-38
-17
18
45
66
81
102
102
88
75
98
103
98
108
130
100
77
76
64
78
81
72
64
49
16
-14
-20
-27
-44
-52
-60
-53
-25
-26
-18
-12
-50
-86
-90
-81
-56
-45
-13
20
38
35
40
37
29
12
-22
-24
-11
10
10
39
49
60
32
25
19
10
9
12
24
34
40
33
49
51
35
13
18
18
14
6
-10
-18
-35
-42
-55
-49
-47
-45
-64
-55
-45
-69
-66
-66
-49
-55
-41
-18
5
1
-11
-1
-4
-10
3
0
4
-13
-12
-23
-14
4
10
22
42
51
68
65
44
28
20
16
4
0
-2
21
30
34
24
30
24
17
7
23
31
15
-1
-10
-23
-41
-75
-99
-99
-90
-84
-74
-55
-46
-52
-62
-35
-15
6
9
25
38
19
-10
-21
-15
-5
-18
-25
-27
-12
-11
2
38
65
78
61
49
39
49
35
36
37
40
19
4
-4
-5
-18
-27
-7
-4
15
24
11
11
23
20
21
9
-12
-29
