SAMPLES:	8247
BITSPERSAMPLE:	16
CHANNELS:	1
SAMPLERATE:	16000
NORMALIZED:	FALSE
-1
0
-1
-1
-9
-2
0
0
-1
1
2
-2
0
-7
-1
3
-5
-6
1
2
-7
-4
-4
-2
-3
-2
1
4
-1
-5
2
0
0
0
-2
-2
3
-1
-2
-2
-2
-5
1
2
0
2
1
0
-3
-2
2
-5
-3
0
-2
-3
-3
2
-5
4
2
1
2
-1
-3
-3
1
-2
2
-3
2
1
-3
-4
0
0
-3
5
1
-2
-1
0
-1
-4
-4
-2
-1
-2
-1
-4
5
1
-6
-4
-6
3
-1
-1
6
-1
6
3
-3
3
0
3
-3
-1
-2
-3
6
-4
3
2
4
6
5
4
1
0
-1
5
1
1
3
-1
-1
-8
-1
-4
5
-1
1
3
2
1
-4
7
8
0
0
4
2
2
8
6
8
7
3
3
11
-2
-2
2
6
10
7
6
4
6
4
3
11
4
7
3
1
-7
0
-2
1
-2
-2
4
0
1
-5
-4
-8
-8
0
-8
-2
-4
-6
0
-8
-10
-7
-1
-5
-11
-3
-9
-10
-7
-13
-5
-2
0
0
-1
2
2
-4
-12
-8
-2
3
-3
1
6
7
2
1
1
-6
4
0
-3
6
3
4
-2
10
5
-6
4
-1
1
8
3
2
0
3
-7
-12
3
1
-1
3
0
2
-1
-3
-3
-2
2
-1
1
5
-8
-4
-1
-2
-1
2
5
-6
-1
-2
-6
-5
-4
1
0
-1
5
-1
-3
-12
-5
-4
-8
2
-2
-3
6
0
-3
-2
7
4
-6
2
-6
2
5
0
2
7
6
1
5
0
1
2
7
5
8
3
7
9
8
4
7
11
7
10
3
6
4
10
6
3
2
5
-2
3
1
9
4
4
6
0
6
0
-1
-1
1
0
-2
-2
-2
3
5
-1
-5
-1
-3
-3
-8
-3
-5
2
-1
-1
2
-1
-4
-12
-5
-6
-5
-5
-5
7
3
-2
-2
-3
-9
-8
2
5
3
4
0
-4
-10
-6
-2
-1
3
-2
0
-3
-7
-13
-4
-3
-6
-1
0
2
-5
-6
-6
-3
2
-2
-1
-1
-2
-2
1
0
-1
2
-6
-3
-7
-1
1
3
6
0
2
3
1
-3
1
2
-1
1
2
-1
-3
-9
-2
7
5
8
8
10
2
5
3
5
10
8
2
4
3
-6
-1
1
1
1
2
2
-4
-6
-13
-2
2
-2
7
5
-2
-3
0
-3
-2
4
1
-5
2
-4
-10
-7
-1
3
1
6
0
-8
-10
-10
-8
-1
3
4
8
3
2
2
3
6
10
10
5
9
10
3
2
1
2
2
13
12
4
2
-3
-3
2
4
7
5
6
6
-7
-11
-2
6
4
11
13
3
-2
1
-1
-2
6
5
3
1
-3
-7
-5
-4
-3
-1
-2
-5
-5
-7
-7
-2
2
3
2
2
-4
-12
-7
-1
-3
-3
1
6
4
2
0
-3
-8
-9
-6
-5
-11
-12
-14
-17
-12
-12
-7
-7
-2
-2
0
9
6
3
-1
-3
-3
-2
-4
-7
-12
-15
-13
-12
-12
-8
0
8
7
3
6
6
2
-5
-7
-10
-13
-17
-11
1
2
8
13
10
3
11
21
20
16
5
0
5
9
11
14
20
18
9
4
-5
-18
-17
-12
-8
0
7
14
19
13
11
4
-4
-5
0
5
10
13
10
9
13
14
10
9
6
2
0
0
-1
2
2
1
4
4
7
13
9
10
2
-1
-7
-8
-6
-2
-3
-3
-1
1
6
6
3
3
-2
-11
-18
-26
-23
-22
-17
-7
-2
0
-5
-8
-12
-11
-10
-6
0
4
3
-3
-4
-7
-11
-5
-8
-9
-1
-3
0
10
17
29
27
19
17
8
1
-11
-12
-6
-7
-5
6
13
11
18
21
26
31
29
20
15
18
4
-6
-6
-7
-12
-18
-16
-13
-20
-25
-28
-17
-22
-26
-18
-17
-24
-27
-26
-28
-37
-54
-58
-51
-42
-41
-40
-37
-42
-40
-28
-21
-22
-27
-23
-28
-39
-50
-49
-37
-34
-14
15
49
67
65
95
120
143
150
161
184
195
200
200
212
226
227
224
201
165
100
5
-70
-135
-182
-213
-204
-179
-158
-123
-89
-71
-80
-93
-106
-104
-111
-128
-129
-140
-173
-193
-206
-213
-223
-244
-258
-256
-250
-255
-248
-217
-185
-166
-146
-141
-176
-248
-267
-61
284
664
1000
1336
1555
1560
1375
1064
741
414
65
-198
-300
-344
-403
-427
-304
-176
-74
-14
-5
-75
-191
-298
-319
-231
-144
-45
116
286
350
295
169
-18
-248
-486
-657
-691
-668
-607
-486
-288
-199
-259
-412
-632
-892
-1104
-1242
-1279
-1273
-1166
-928
-546
-140
132
336
410
703
1138
1772
2444
2991
3361
3380
3110
2406
1515
687
-189
-942
-1448
-1659
-1740
-1749
-1544
-1134
-504
75
409
548
529
354
120
59
153
162
290
461
603
603
446
160
-232
-578
-1057
-1403
-1560
-1712
-1783
-1624
-1330
-1098
-952
-897
-943
-972
-995
-959
-712
-477
-296
-85
209
407
355
148
-92
-471
-199
719
2006
3436
4581
5483
5590
4908
3391
1617
140
-1408
-2630
-3165
-2918
-2455
-2121
-1477
-712
118
534
587
656
520
135
-173
-16
398
604
761
1058
1105
694
-79
-824
-1399
-2007
-2409
-2326
-1782
-1327
-1025
-547
-128
-124
-558
-997
-1260
-1472
-1693
-1685
-1341
-975
-800
-529
-126
177
145
-43
-162
-435
92
1287
2871
4349
5444
6090
5732
4570
2551
470
-1019
-2440
-3486
-3533
-2873
-2190
-1828
-1184
-436
213
502
411
489
366
99
-3
433
1035
1245
1469
1707
1464
735
-271
-999
-1639
-2231
-2501
-2283
-1684
-1381
-1201
-682
-347
-454
-754
-871
-829
-976
-1068
-978
-607
-449
-566
-457
-227
-240
-527
-669
-690
-627
422
1925
3751
5333
6272
6339
5404
3652
1121
-858
-2282
-3559
-4141
-3672
-2722
-1961
-1385
-668
2
540
657
693
884
842
579
570
1022
1320
1255
973
714
216
-595
-1495
-1959
-2147
-2293
-2169
-1609
-931
-669
-529
-242
-163
-322
-585
-691
-685
-810
-940
-836
-576
-655
-904
-903
-695
-590
-610
-597
-575
272
1856
3618
5299
6513
6832
5865
4170
1733
-637
-2294
-3584
-4271
-3905
-2869
-2016
-1369
-836
-372
99
436
672
916
956
845
855
1226
1415
1169
800
428
-207
-1081
-1980
-2468
-2609
-2527
-1964
-1224
-367
-150
-221
-204
-332
-671
-994
-893
-850
-865
-801
-538
-399
-691
-1084
-1207
-1047
-960
-993
-915
-862
-389
1145
3147
5285
6624
7212
6609
4949
2372
-504
-2339
-3553
-4181
-4022
-2910
-1686
-975
-657
-339
223
607
694
886
1141
1170
1119
1266
1562
1437
964
448
17
-669
-1580
-2201
-2202
-2014
-1827
-1504
-1001
-654
-838
-891
-732
-504
-502
-636
-548
-425
-560
-764
-844
-892
-1114
-1345
-1266
-994
-878
-939
-1065
-454
1358
3323
5363
6841
7647
6960
4912
2093
-873
-2717
-4041
-4532
-4105
-2853
-1783
-1326
-975
-600
-32
464
840
1375
1762
1706
1486
1408
1313
841
299
-259
-702
-1326
-1979
-2326
-2087
-1706
-1449
-1089
-720
-474
-626
-690
-464
-195
-111
-147
-46
-61
-273
-546
-805
-1070
-1436
-1624
-1589
-1346
-1205
-1078
-957
-268
1682
3802
5820
7179
7778
7026
4972
2007
-993
-2783
-3963
-4597
-4220
-3039
-1924
-1283
-1032
-612
56
575
747
1143
1382
1092
777
718
774
590
168
-373
-722
-1189
-1818
-2176
-1967
-1652
-1516
-1237
-779
-409
-425
-472
-304
-130
-160
-229
-95
-4
-112
-448
-744
-1041
-1462
-1675
-1558
-1332
-1101
-1037
-1089
-346
1730
4013
6262
7793
8195
7091
4600
1325
-1809
-3505
-4559
-4730
-3918
-2549
-1523
-1056
-851
-644
-133
406
917
1520
1673
1242
815
663
535
200
-169
-559
-877
-1270
-1603
-1799
-1592
-1428
-1289
-1022
-823
-818
-1037
-954
-725
-432
-112
190
600
626
398
79
-365
-902
-1530
-1747
-1656
-1448
-1335
-1170
-1116
-347
1872
4319
6564
7824
8190
7016
4459
1142
-1943
-3467
-4250
-4431
-3740
-2373
-1368
-1132
-1131
-884
-150
579
932
1494
1754
1265
524
124
-46
-171
-383
-624
-797
-1065
-1486
-1819
-1528
-1364
-1302
-1204
-971
-808
-868
-767
-499
-166
139
379
726
776
499
-102
-752
-1304
-1925
-2196
-2143
-1860
-1588
-1293
-1084
53
2464
4865
6977
8219
8395
6820
3907
381
-2599
-3961
-4703
-4573
-3499
-2000
-1079
-871
-925
-760
-217
306
831
1616
1846
1296
627
152
-265
-537
-601
-627
-665
-944
-1196
-1362
-1227
-1394
-1252
-786
-660
-694
-976
-833
-684
-574
-355
142
859
954
756
323
-281
-1102
-2005
-2357
-2317
-2010
-1730
-1274
-866
218
2592
5068
7298
8324
8248
6602
3810
262
-2762
-4004
-4412
-4199
-3224
-1772
-916
-796
-1060
-940
-210
534
974
1647
1880
1222
313
-133
-470
-704
-714
-511
-260
-355
-755
-1108
-1115
-1449
-1803
-1664
-1330
-1217
-1289
-1021
-555
-335
-201
-8
626
1006
875
357
-240
-998
-1865
-2297
-2307
-1951
-1557
-1145
-803
113
2347
4821
7041
8137
8162
6671
3877
449
-2688
-4133
-4548
-4203
-3189
-1510
-540
-393
-729
-841
-339
434
1129
1904
2362
1723
683
9
-506
-1073
-1214
-1015
-646
-577
-664
-948
-1045
-1478
-1994
-1953
-1870
-1941
-2161
-1747
-1121
-682
-301
254
1057
1346
1180
732
236
-634
-1791
-2370
-2477
-2192
-1902
-1470
-1033
-282
2034
4702
7207
8498
8421
7006
4232
689
-2821
-4188
-4436
-4150
-3094
-1489
-265
-102
-538
-875
-182
766
1372
2225
2687
2056
687
-194
-714
-1176
-1373
-1293
-719
-572
-810
-1335
-1423
-1690
-2416
-2547
-2342
-1937
-1784
-1303
-559
-76
172
211
751
1206
1069
585
97
-636
-1762
-2442
-2672
-2292
-1817
-1328
-797
-197
1919
4329
6824
8256
8419
7235
4487
1142
-2520
-4080
-4380
-3916
-2760
-1141
107
248
-147
-747
-455
504
1353
2236
2776
2247
799
-307
-978
-1585
-1691
-1600
-1034
-679
-568
-902
-1072
-1272
-2092
-2310
-2300
-1926
-1757
-1317
-563
-88
402
544
1017
1312
1061
489
-202
-931
-1997
-2665
-2871
-2553
-2041
-1632
-957
-476
1417
3874
6393
8116
8520
7594
4883
1664
-2156
-4230
-4638
-4161
-3056
-1401
-53
97
-349
-1026
-996
-56
861
1790
2604
2404
1078
-186
-811
-1470
-1752
-1666
-896
-191
63
-362
-887
-1154
-2023
-2772
-2890
-2350
-1890
-1380
-508
66
454
487
659
989
1047
660
28
-494
-1396
-2298
-2702
-2591
-2122
-1660
-1013
-471
1330
3983
6396
8034
8350
7472
4907
1746
-1909
-4101
-4333
-3837
-2943
-1449
-29
181
-299
-962
-982
-29
959
1831
2730
2677
1439
147
-363
-903
-1213
-1201
-735
-200
-96
-488
-1034
-1324
-2172
-2962
-2933
-2306
-1798
-1316
-436
175
486
505
698
1265
1388
924
287
-284
-1272
-2366
-2929
-2919
-2357
-1936
-1337
-657
901
3452
5824
7880
8426
7761
5469
2269
-1337
-4068
-4668
-4233
-3043
-1597
-350
-5
-582
-1352
-1583
-613
752
1954
3034
3084
1987
380
-728
-1560
-1867
-1746
-1208
-245
146
-198
-972
-1579
-2393
-3147
-3046
-2247
-1122
-403
229
657
602
307
45
541
1026
1038
659
78
-799
-2058
-2999
-3305
-2819
-2088
-1333
-316
761
2992
5138
7241
8270
7827
6023
3083
-235
-3518
-4663
-4481
-3288
-1688
-423
-2
-475
-1465
-2237
-1634
-68
1479
2985
3513
2631
919
-639
-1607
-1928
-1608
-1081
56
758
493
-590
-1606
-2486
-3230
-3140
-2380
-1227
-346
162
537
695
590
421
821
1360
1395
948
254
-616
-1840
-2926
-3396
-3049
-2266
-1647
-771
63
1896
4308
6537
8121
8151
7001
4277
1174
-2387
-4311
-4352
-3469
-2041
-869
-327
-870
-1644
-2499
-2095
-438
1248
2733
3630
3173
1525
-83
-1164
-1718
-1485
-1176
-356
472
439
-659
-1784
-2523
-3221
-3173
-2674
-1551
-465
196
644
886
798
438
375
773
1032
779
159
-585
-1604
-2710
-3376
-3374
-2663
-1765
-896
9
856
2898
5057
7213
8079
7622
6092
3263
-86
-3501
-4417
-4039
-2668
-1484
-604
-516
-1394
-2274
-2646
-1435
396
2162
3582
4081
3214
1306
-231
-1178
-1523
-1158
-645
282
491
-190
-1656
-2808
-3532
-3840
-3151
-1766
-404
419
800
936
775
541
309
688
1338
1275
606
-329
-1390
-2633
-3444
-3671
-3150
-2105
-1090
-208
417
1319
3457
5590
7531
7943
7087
4966
1775
-1772
-4305
-4434
-3510
-2130
-947
-466
-985
-2012
-2823
-2571
-985
1045
2739
4145
4059
2566
629
-802
-1604
-1610
-954
-323
268
60
-1032
-2428
-3431
-3886
-3621
-2294
-681
724
1530
1761
1598
1080
678
243
467
801
722
228
-604
-1627
-2633
-3370
-3490
-2853
-1505
-229
809
1270
1731
3456
5294
7108
7558
6953
4844
1874
-1601
-4260
-4250
-3383
-2051
-1062
-603
-1268
-2208
-2925
-2798
-994
1091
2935
4368
4526
3008
739
-1029
-2011
-1831
-987
-296
208
-201
-1448
-3020
-3902
-4109
-3372
-1641
230
1610
2026
1732
1075
388
-54
-224
256
712
587
-162
-1131
-2165
-3141
-3590
-3242
-2128
-728
450
1035
1227
1250
2694
4584
6677
7569
6990
4962
1692
-1807
-4462
-4387
-3396
-1946
-783
-320
-884
-2185
-3260
-3165
-1335
987
3087
4768
4984
3371
780
-1250
-2079
-1791
-754
83
598
-63
-1716
-3449
-4393
-4288
-3320
-1415
511
1846
2239
1805
1173
548
264
17
210
309
-4
-610
-1408
-2310
-3125
-3405
-3009
-1825
-439
653
1217
1246
1003
2319
4376
6283
7047
6596
4853
2127
-937
-3696
-3996
-3189
-2097
-1039
-302
-556
-1677
-2704
-2955
-1478
630
2622
4421
4929
3520
1161
-702
-1677
-1725
-911
-111
327
-233
-1620
-3171
-3979
-3853
-3002
-1185
676
1950
2243
1713
911
128
-136
-310
-105
171
-14
-525
-1414
-2438
-3306
-3292
-2605
-1227
73
1000
1131
983
538
1153
3310
5470
6944
6523
5105
2479
-153
-2927
-3957
-3166
-1875
-535
-113
-340
-1686
-2956
-3438
-2203
193
2430
4050
4474
3348
1312
-780
-1699
-1650
-835
43
399
-138
-1486
-3005
-3932
-3705
-2755
-1137
498
1730
2081
1566
813
50
-375
-573
-649
-393
-362
-738
-1545
-2178
-2620
-2363
-1749
-718
336
937
1084
862
639
337
1866
3773
5677
6118
5483
3883
1584
-976
-3338
-3053
-1937
-369
502
635
-486
-2398
-3817
-3764
-1732
829
2917
4243
4116
2492
229
-1380
-1924
-1529
-314
667
945
-134
-1788
-3386
-3841
-3388
-2151
-302
1407
2146
1803
1055
-47
-886
-1259
-1049
-398
-81
-286
-819
-1375
-1989
-2224
-1625
-682
276
825
1094
1051
695
147
-369
1125
3210
5244
6065
5122
3301
541
-1498
-3296
-2421
-780
795
1760
1234
-447
-3055
-4486
-4328
-1860
1157
3287
4251
3404
1180
-1183
-2457
-2310
-1143
753
1997
2008
565
-1795
-3692
-4143
-3130
-1310
893
2194
2162
1112
-498
-1809
-2349
-1756
-761
226
687
393
-328
-1295
-1900
-1953
-1098
-95
692
1199
979
457
-383
-793
-1198
160
2561
4576
5545
4704
3304
1133
-473
-1857
-1303
252
1294
1569
768
-821
-3068
-4602
-4285
-2105
787
2682
3382
2694
673
-1233
-2360
-1866
-567
1251
2410
2289
722
-1579
-3151
-3353
-2137
-306
1383
2084
1350
-188
-1857
-2734
-2787
-1954
-557
647
1228
770
-150
-1084
-1580
-1341
-546
461
982
963
356
-334
-808
-1155
-1143
-867
1332
3240
4669
4457
3673
2398
1043
6
-716
166
658
974
563
-232
-2030
-3594
-3890
-2502
-189
1565
2322
2013
682
-995
-1826
-1506
-410
896
2105
2323
1354
-418
-1768
-2175
-1346
-139
905
1315
437
-1091
-2449
-2905
-2553
-1467
36
1138
1592
1108
138
-771
-1162
-1050
-386
577
1069
709
-70
-878
-1275
-1409
-1268
-1078
-465
1565
3135
4458
4004
3119
1909
841
93
-427
433
684
824
82
-816
-1983
-3044
-2955
-1889
-122
993
1131
797
-200
-1049
-1492
-865
243
1231
2006
1853
1222
-145
-919
-1015
-355
209
229
-192
-1154
-2085
-2502
-1993
-810
207
1125
1335
1043
109
-839
-1106
-995
-454
23
477
267
-483
-1248
-1533
-1309
-951
-556
-355
-111
1435
2759
3886
3598
2453
1330
512
36
-500
227
590
808
646
-37
-1091
-2328
-2819
-2177
-671
537
768
500
-315
-870
-948
-443
513
1424
2150
2100
1605
495
-605
-1099
-889
-417
-143
-219
-676
-1155
-1213
-823
-270
174
425
241
2
-358
-715
-800
-670
-359
-137
35
-269
-725
-1113
-1228
-1029
-439
16
191
-246
-181
1266
2510
3051
2108
1190
516
498
483
692
1470
1346
1045
372
-372
-1412
-2270
-2125
-1102
91
379
158
-231
-657
-481
-6
753
1355
1587
1508
1048
330
-603
-893
-504
151
536
463
89
-632
-1027
-1014
-343
157
236
-14
-563
-796
-1075
-897
-606
-174
-188
-425
-565
-891
-979
-1019
-669
-183
201
-51
-580
-1439
-1434
209
1785
2756
2088
1607
1110
1135
1013
788
1371
1301
1063
143
-575
-1466
-2172
-1835
-888
213
549
318
87
-232
-98
49
478
677
598
523
377
273
-44
-5
471
842
690
229
-224
-566
-816
-873
-578
-397
-434
-612
-794
-617
-710
-769
-601
-258
-232
-408
-497
-690
-893
-1038
-997
-989
-1068
-1316
-1400
-1343
-912
949
2481
3502
2825
1823
1305
1153
1131
553
1049
878
586
-51
-589
-930
-1215
-801
57
774
771
106
-313
-467
-280
-91
122
413
369
563
849
1034
690
310
301
447
366
45
-339
-496
-669
-671
-549
-236
-379
-620
-764
-427
-190
-276
-319
-396
-585
-856
-1036
-1306
-1537
-1828
-1920
-1657
-1108
-612
-317
-118
-364
-66
1382
2452
2988
1987
1351
938
984
941
770
1384
1159
1031
540
395
258
-57
152
421
662
194
-407
-516
-398
-25
115
336
299
149
191
300
449
254
228
196
270
-57
-399
-307
-259
-63
-254
-234
-194
-327
-409
-568
-255
-401
-698
-1095
-1645
-2100
-2568
-2485
-2157
-1551
-1128
-961
-695
-764
-569
-587
-362
-491
-447
1072
1842
2329
1428
914
744
907
1150
1091
2119
2108
1794
1202
796
554
214
429
765
908
324
-628
-950
-997
-684
-432
-50
199
-29
-42
119
455
416
355
503
549
443
212
132
23
-105
-182
-21
342
89
-407
-969
-1214
-1473
-1854
-2003
-2037
-1811
-1513
-1099
-816
-888
-1140
-1494
-1202
-809
-511
-323
-468
-470
-929
-127
1118
1894
2099
1313
1297
1384
1998
2056
2211
2744
2407
2304
1700
1549
950
390
308
86
-195
-989
-1368
-1233
-646
37
324
392
-12
-380
-177
431
961
939
872
533
203
9
-31
-73
-316
-308
-274
-238
-494
-1182
-1718
-1896
-1537
-1135
-743
-732
-1242
-1694
-1859
-1710
-1678
-1578
-1460
-1276
-1130
-998
-1001
-1058
-1256
-1299
-1263
-406
1516
2637
2949
2033
1498
1522
2377
2948
2993
3598
3200
2358
1183
357
-522
-878
-224
477
913
521
-353
-912
-925
-446
-113
444
765
597
415
378
183
-338
-448
-311
-7
140
-61
-538
-1008
-1079
-894
-509
-187
-399
-662
-943
-913
-1047
-1159
-1387
-1644
-1856
-1865
-1598
-1659
-1843
-2150
-2271
-2149
-1747
-1199
-645
-284
-209
-194
-199
536
2080
3126
3441
2657
2119
2066
2383
2396
2131
2290
1936
1561
1231
1045
903
530
559
596
601
368
-33
-15
180
596
480
260
-173
-544
-630
-451
-381
-565
-548
-455
-439
-684
-927
-982
-856
-436
-164
-38
-44
-341
-527
-590
-428
-732
-1120
-1415
-1813
-2073
-2171
-1968
-1900
-1881
-1838
-1639
-1207
-808
-509
-261
-6
290
405
423
257
944
1984
2442
2098
1317
1320
1667
2326
2492
2632
2603
1937
1470
1077
1123
1146
1271
1416
1215
792
23
-433
-590
-570
-362
-250
-223
-521
-832
-1098
-1356
-1467
-1295
-1009
-814
-775
-837
-646
-331
-253
-422
-529
-406
-290
-479
-708
-953
-936
-1013
-1067
-1163
-1440
-1593
-1509
-1107
-877
-872
-1060
-937
-566
-243
-122
-212
-380
-475
-316
-87
-133
629
1588
2297
2078
1360
1433
1796
2577
2663
2789
2798
2408
1920
1364
1351
1097
969
1046
948
714
96
-347
-531
-576
-570
-782
-833
-1064
-1109
-1179
-1009
-957
-1228
-1326
-1327
-1259
-1235
-1184
-1074
-885
-678
-562
-186
102
42
-262
-367
-292
-378
-514
-730
-707
-627
-389
-248
-397
-702
-1086
-1087
-805
-541
-419
-477
-407
-482
-380
-195
-144
-93
971
2036
2421
1811
1249
1333
1808
2349
2180
2266
2057
1844
1505
1333
1291
949
810
912
942
688
216
45
-30
4
-184
-488
-801
-1343
-1620
-1813
-1659
-1731
-1691
-1496
-1336
-1290
-1219
-952
-617
-394
-341
-343
-69
130
225
99
-5
92
93
105
-11
-316
-542
-558
-351
-282
-294
-676
-1051
-1046
-945
-698
-662
-491
-444
-185
-137
-206
-487
-249
799
1355
1497
800
716
1183
1898
2209
2069
2108
1710
1535
1572
1844
1891
1437
1146
916
677
329
-35
-30
-220
-290
-557
-633
-768
-1203
-1518
-1811
-1862
-1933
-1698
-1399
-1275
-1284
-1203
-942
-648
-427
-297
-83
145
121
-12
-136
-27
185
249
163
-215
-491
-443
-167
-45
-267
-523
-636
-527
-373
-568
-820
-1097
-1046
-825
-528
-574
-771
-978
-431
937
1553
1547
965
955
1345
1678
1779
1591
1763
1672
1598
1651
1556
1620
1559
1915
2099
1667
1005
338
240
59
94
-36
-443
-759
-1171
-1221
-1327
-1476
-1620
-1576
-1264
-1223
-1162
-1118
-1036
-965
-920
-728
-527
-166
-34
-30
-66
111
333
326
281
27
-173
-116
-8
-45
-242
-351
-464
-417
-391
-516
-698
-804
-611
-418
-343
-544
-913
-1087
-1204
-583
465
868
806
415
689
1172
1539
1674
1525
1766
1647
1728
1734
1668
1571
1409
1760
1943
1705
1116
588
422
151
107
-31
-287
-643
-1131
-1367
-1661
-1778
-1861
-1776
-1665
-1651
-1625
-1610
-1434
-1226
-1003
-869
-882
-891
-935
-630
-202
233
428
340
305
218
257
395
557
548
312
17
-253
-368
-440
-443
-428
-500
-487
-429
-354
-341
-411
-574
-751
-948
-445
428
873
755
385
769
1220
1614
1528
1606
1845
1734
1814
1823
1996
1888
1602
1676
1693
1382
864
600
550
317
148
-104
-364
-779
-1242
-1494
-1775
-1967
-2151
-2083
-1913
-1953
-1986
-2009
-1785
-1480
-1038
-592
-364
-332
-442
-303
-52
359
520
481
469
463
634
852
1122
1146
806
363
-92
-256
-266
-149
-216
-384
-508
-580
-519
-416
-409
-566
-621
-722
-528
229
639
665
396
507
729
960
1222
1398
1793
1850
1790
1652
1519
1474
1242
1320
1482
1386
949
515
352
155
9
-190
-577
-847
-1111
-1236
-1406
-1671
-1997
-2191
-2021
-1831
-1779
-1783
-1699
-1409
-1116
-667
-257
87
212
254
371
547
653
627
670
644
530
483
585
714
517
172
-181
-452
-445
-258
-144
-378
-776
-956
-977
-695
-527
-560
-645
-671
-626
-320
494
744
530
-27
-129
125
457
893
1003
1223
1286
1245
1200
1210
1412
1584
1889
2061
1807
1280
758
505
226
16
-153
-503
-739
-901
-935
-1070
-1272
-1379
-1404
-1185
-1024
-913
-784
-745
-629
-492
-231
-31
132
123
-21
-123
-95
94
153
206
148
-1
25
106
208
134
-82
-278
-329
-168
-164
-247
-480
-653
-792
-942
-899
-851
-815
-900
-887
-850
-1036
-965
-298
358
543
278
206
529
898
1167
1227
1115
911
840
1164
1516
1661
1521
1435
1559
1669
1559
1275
1085
845
682
733
719
418
65
-108
-130
-202
-286
-542
-792
-938
-990
-975
-956
-930
-885
-738
-533
-415
-464
-531
-489
-389
-216
-101
-186
-390
-615
-656
-562
-382
-366
-591
-788
-913
-897
-867
-823
-849
-932
-825
-637
-375
-288
-328
-479
-707
-742
-752
-679
-153
341
553
331
151
249
501
895
1087
1385
1605
1698
1707
1691
1867
1936
2008
2088
2078
1770
1407
1239
1094
942
670
317
32
-217
-293
-445
-606
-773
-829
-788
-732
-821
-1114
-1365
-1408
-1302
-1215
-1170
-1140
-1221
-1299
-1300
-1163
-894
-792
-771
-768
-694
-580
-372
-132
-91
-274
-506
-526
-313
-80
27
-113
-229
-275
-168
60
193
57
-122
-59
180
302
367
228
397
732
975
958
687
623
623
824
1002
1186
1240
1067
907
944
1217
1490
1548
1624
1739
1755
1556
1391
1277
989
727
489
267
34
-214
-454
-749
-1051
-1379
-1647
-1762
-1672
-1549
-1470
-1486
-1466
-1432
-1279
-1134
-1091
-1195
-1206
-1071
-847
-668
-740
-899
-939
-752
-463
-280
-231
-228
-85
191
544
761
682
523
451
586
697
639
576
446
338
260
161
-59
-391
-561
-591
-259
281
462
319
24
98
373
599
798
809
876
819
892
1055
1251
1386
1301
1347
1383
1322
1155
1001
990
838
716
568
269
-12
-312
-473
-602
-776
-1064
-1364
-1534
-1625
-1683
-1821
-1899
-1944
-1863
-1636
-1407
-1245
-1239
-1174
-984
-640
-289
-183
-201
-228
-72
299
602
716
579
509
488
537
619
571
497
500
572
597
538
340
83
-105
-201
-209
-243
-320
-456
-545
-577
-299
7
78
-42
-107
83
336
633
792
974
1207
1345
1437
1493
1617
1688
1692
1748
1747
1537
1155
837
703
641
529
369
106
-228
-564
-754
-906
-1080
-1337
-1563
-1645
-1654
-1598
-1517
-1395
-1286
-1213
-1129
-964
-846
-743
-647
-557
-481
-340
-153
53
216
280
320
277
200
230
343
391
335
183
30
-126
-206
-277
-331
-388
-420
-415
-389
-395
-372
-369
-361
-370
-335
-307
-104
273
499
408
173
122
327
671
950
1164
1258
1224
1194
1295
1496
1588
1462
1377
1417
1425
1222
911
717
564
424
307
132
-153
-534
-741
-792
-801
-889
-1116
-1252
-1252
-1181
-1146
-1190
-1195
-1157
-1015
-786
-592
-584
-695
-713
-558
-429
-433
-560
-654
-651
-455
-274
-201
-163
-233
-232
-117
27
80
19
-26
-117
-181
-173
-110
-80
-97
0
39
76
91
122
77
7
-59
12
290
581
689
600
579
614
705
878
1133
1321
1367
1322
1354
1485
1611
1633
1664
1664
1603
1389
1139
1033
902
746
532
332
131
-116
-316
-509
-717
-940
-1143
-1222
-1245
-1337
-1484
-1534
-1463
-1318
-1156
-1002
-926
-1023
-1115
-1098
-935
-832
-811
-791
-780
-769
-705
-494
-263
-154
-169
-267
-277
-222
-170
-103
-10
58
49
-49
-142
-170
-138
-9
125
139
6
-142
-161
-21
100
107
159
332
522
638
642
688
714
807
946
1118
1294
1359
1372
1313
1308
1346
1327
1302
1279
1256
1157
979
765
568
426
272
138
-28
-299
-617
-894
-1069
-1122
-1198
-1295
-1327
-1386
-1457
-1471
-1415
-1330
-1236
-1103
-950
-851
-855
-869
-828
-679
-496
-310
-230
-235
-242
-263
-185
-46
78
62
-9
5
71
130
183
297
408
383
353
250
203
225
247
319
386
379
331
339
408
438
409
311
400
641
850
895
774
733
711
813
961
1085
1155
1127
1096
1017
986
969
896
837
811
770
590
362
151
7
-93
-207
-325
-472
-684
-901
-1095
-1263
-1371
-1457
-1498
-1431
-1379
-1399
-1412
-1382
-1325
-1239
-1073
-877
-719
-680
-666
-616
-494
-343
-195
-54
21
93
144
190
252
250
191
172
214
262
253
291
381
482
517
445
360
309
300
299
298
300
284
278
290
248
231
190
156
205
308
427
555
625
599
594
581
539
492
449
505
622
629
522
333
177
90
104
211
276
191
-28
-253
-428
-537
-570
-568
-573
-604
-651
-788
-920
-994
-1030
-978
-796
-630
-580
-591
-613
-537
-368
-155
33
140
183
179
208
291
364
429
454
498
536
484
445
312
132
-25
-84
8
112
164
116
47
3
17
86
140
136
50
-22
8
89
189
221
154
95
64
92
105
78
22
-28
-9
80
156
82
-71
-154
-162
-130
-88
-134
-170
-99
-42
26
30
-54
-171
-156
23
224
318
266
167
82
77
121
201
284
305
314
317
258
153
32
-42
5
66
91
-2
-91
-84
-49
14
59
30
-88
-187
-233
-214
-222
-280
-309
-312
-326
-320
-332
-343
-386
-440
-438
-340
-299
-277
-250
-219
-157
-115
-70
5
12
9
68
116
99
0
-88
-142
-92
-30
-5
-13
-66
-156
-226
-234
-186
-113
-113
-101
-35
54
71
32
38
100
252
367
393
395
457
551
662
810
915
915
851
836
812
753
631
516
443
410
366
256
110
9
-81
-172
-259
-349
-416
-476
-513
-512
-523
-563
-552
-521
-499
-464
-429
-411
-403
-384
-378
-386
-366
-314
-263
-274
-284
-277
-260
-127
13
94
107
52
38
71
86
95
69
21
-4
-13
-21
-67
-163
-183
-158
-131
-132
-230
-275
-286
-246
-167
-118
-108
-74
1
58
157
161
159
203
246
344
466
566
611
649
671
692
717
687
644
666
762
833
782
633
434
260
190
206
187
122
24
-129
-237
-327
-412
-461
-433
-336
-250
-209
-261
-329
-335
-246
-94
-16
-23
-68
-87
-104
-94
-95
-104
-145
-181
-148
-137
-199
-279
-381
-405
-408
-451
-441
-444
-483
-509
-535
-585
-680
-756
-727
-640
-534
-483
-491
-486
-441
-384
-321
-260
-219
-173
-74
26
113
121
87
62
124
244
395
522
573
542
479
440
455
571
677
735
782
824
852
881
843
786
797
852
927
932
867
704
530
448
432
468
476
365
220
139
34
-58
-53
12
41
50
-2
-105
-248
-394
-429
-420
-408
-418
-423
-510
-622
-771
-896
-934
-897
-831
-805
-832
-889
-960
-980
-932
-873
-855
-806
-723
-641
-562
-522
-464
-393
-274
-161
-48
2
26
68
161
269
358
424
513
625
670
681
731
785
783
765
733
715
750
818
834
834
815
768
726
751
762
735
700
671
668
658
621
586
517
482
481
493
476
362
208
30
-111
-224
-309
-363
-442
-567
-685
-781
-889
-950
-1007
-1039
-1038
-1062
-1082
-1100
-1148
-1177
-1128
-1077
-1061
-1075
-1072
-1065
-1049
-989
-874
-779
-693
-607
-459
-363
-298
-151
16
158
302
449
532
584
606
645
716
804
848
844
844
822
760
754
753
736
741
675
630
599
528
472
469
444
379
373
365
314
305
278
215
236
250
248
279
349
416
411
407
343
240
161
151
208
188
125
17
-137
-260
-300
-314
-327
-344
-442
-534
-610
-716
-824
-920
-926
-898
-826
-731
-636
-612
-639
-604
-511
-396
-307
-197
-79
-23
20
49
91
153
225
275
313
340
332
365
419
421
386
356
383
386
356
339
298
256
215
198
179
134
61
15
13
35
89
99
110
93
96
109
132
166
113
63
23
10
7
-16
-5
-29
-97
-155
-174
-108
-93
-130
-171
-225
-270
-289
-255
-224
-187
-182
-196
-218
-251
-290
-249
-156
-60
-3
20
43
22
16
52
94
91
78
105
150
194
218
180
133
107
133
184
192
171
141
142
143
113
107
99
30
-47
-97
-133
-177
-202
-233
-288
-306
-347
-326
-328
-317
-262
-239
-228
-219
-184
-171
-146
-153
-142
-148
-141
-155
-170
-188
-202
-156
-100
-86
-110
-139
-153
-116
-49
3
-14
-71
-75
-18
28
98
161
171
156
176
232
277
285
300
357
456
577
668
719
698
651
624
647
658
621
544
487
443
387
336
296
246
233
207
161
110
41
-81
-159
-135
-136
-135
-118
-130
-163
-163
-146
-115
-130
-185
-232
-251
-237
-257
-260
-273
-313
-359
-367
-353
-309
-329
-357
-388
-434
-472
-473
-432
-406
-397
-433
-412
-466
-496
-428
-344
-260
-248
-221
-137
-99
-61
-41
9
71
93
171
232
254
263
246
242
315
352
354
369
427
474
458
471
460
401
306
251
210
176
171
167
176
198
151
91
77
52
-4
41
101
83
81
65
-4
-79
-95
-88
-34
18
15
-10
-39
-84
-98
-47
-47
-135
-193
-180
-172
-170
-164
-204
-234
-275
-291
-299
-281
-283
-299
-273
-249
-262
-308
-343
-289
-242
-197
-198
-243
-252
-208
-190
-207
-171
-125
-115
-95
-38
-12
25
93
121
171
267
312
261
221
239
237
271
306
300
299
310
294
263
265
255
216
260
290
268
234
234
225
191
206
204
218
233
213
216
223
221
227
252
292
280
251
242
225
207
246
258
229
205
176
99
37
1
-78
-166
-211
-184
-206
-239
-267
-339
-368
-378
-356
-334
-282
-291
-383
-467
-449
-439
-439
-435
-374
-330
-344
-339
-356
-354
-383
-387
-326
-248
-190
-299
-314
-264
-218
-154
-144
-127
-100
-74
-4
28
34
56
67
110
141
176
187
198
252
263
236
283
305
299
311
347
374
387
406
350
350
327
280
302
328
314
252
194
152
154
151
144
152
181
152
118
77
71
23
-7
-25
-81
-82
-91
-95
-112
-174
-243
-268
-301
-269
-180
-174
-174
-151
-125
-120
-79
-100
-120
-118
-162
-185
-205
-212
-231
-237
-214
-226
-189
-177
-163
-98
-134
-109
-51
-29
-35
-36
-7
-17
34
55
-20
7
73
54
83
154
209
187
166
154
129
182
218
224
218
180
99
19
68
87
112
197
192
130
89
51
-11
17
102
148
203
179
121
88
40
20
59
138
195
224
215
149
61
55
69
45
60
122
125
46
5
12
23
20
63
50
18
13
-20
-68
-73
-75
-87
-92
-73
-81
-136
-163
-183
-172
-160
-113
-150
-194
-188
-249
-286
-297
-272
-257
-263
-238
-261
-296
-271
-313
-363
-359
-321
-281
-233
-223
-250
-184
-167
-179
-171
-147
-166
-161
-75
23
86
99
100
92
106
40
-21
38
113
174
146
160
165
178
193
209
241
290
343
372
300
249
206
189
275
314
272
226
209
223
180
163
211
235
187
136
132
182
140
83
43
94
101
49
48
2
-18
-75
-61
-63
-53
-53
-109
-133
-139
-151
-145
-78
-47
-51
-120
-139
-107
-105
-164
-168
-135
-124
-102
-101
-99
-135
-122
-122
-151
-77
-34
-25
-18
26
8
-42
3
23
6
5
56
51
35
54
65
50
116
123
94
93
107
54
17
59
29
36
43
9
-21
18
53
78
111
94
33
7
18
-39
-36
-58
-48
-16
-17
-32
-44
-19
-53
-21
-21
-47
-38
-58
-55
-67
-67
-75
-77
-94
-113
-84
-78
-95
-60
-62
-51
-40
-58
-20
23
-13
-60
-62
-52
-83
-109
-65
1
17
18
17
7
-7
40
60
64
83
-24
-77
-133
-139
-100
-83
-38
-22
-57
-142
-123
-55
-33
-32
-34
-51
-64
-41
-38
-21
86
92
45
22
46
50
45
109
84
54
116
152
113
105
132
141
167
167
122
160
188
184
99
110
124
99
48
28
113
179
206
148
116
109
92
67
77
108
128
103
86
109
87
101
109
77
59
91
103
84
25
9
28
-35
-103
-132
-117
-70
-110
-169
-150
-131
-177
-193
-126
-170
-166
-182
-189
-203
-245
-235
-234
-183
-215
-176
-146
-182
-193
-211
-167
-92
-40
1
-12
33
35
0
16
-17
8
6
14
-15
-114
-97
-44
-6
14
25
12
-1
-5
9
-28
-66
-44
-7
39
67
77
129
130
79
15
13
26
65
72
121
199
206
180
126
124
151
96
22
80
122
138
152
174
128
79
89
36
20
2
-36
-60
2
22
23
46
28
11
-54
-99
-64
-48
-44
-31
13
32
-31
-46
-35
1
26
-29
-21
-10
-13
-41
-89
-100
-82
-51
-58
-66
-153
-178
-188
-222
-249
-241
-146
-110
-137
-202
-252
-271
-218
-186
-148
-79
-13
-9
-21
-25
-59
-97
-100
-19
53
157
253
282
267
222
160
195
252
238
268
286
322
265
219
126
122
175
150
189
242
250
195
150
129
131
117
117
129
104
111
78
138
159
121
109
67
11
13
24
-2
-13
2
-41
-40
-42
-146
-245
-222
-206
-245
-254
-204
-172
-118
-174
-207
-237
-292
-352
-361
-318
-290
-223
-232
-216
-268
-335
-351
-377
-258
-161
-110
-69
-6
9
-20
-14
22
22
-17
54
87
63
59
108
142
171
167
121
96
104
95
104
154
171
224
230
216
207
184
100
82
150
197
198
205
269
206
142
56
25
19
82
160
197
238
200
162
79
9
-31
2
81
78
78
72
-39
-138
-156
-211
-195
-122
-114
-169
-101
-148
-248
-216
-243
-286
-233
-164
-207
-140
-131
-217
-241
-212
-217
-196
-115
-100
-146
-185
-187
-209
-141
-132
-120
-6
38
33
-6
4
14
8
53
147
176
187
154
143
171
169
197
201
233
215
215
206
178
150
131
156
202
247
271
238
235
240
194
145
187
216
217
213
234
230
217
182
150
189
200
212
175
160
91
-6
-107
-147
-128
-120
-66
-143
-155
-185
-277
-275
-254
-229
-233
-219
-216
-268
-286
-261
-261
-237
-195
-180
-151
-184
-215
-265
-245
-177
-186
-196
-131
-84
-109
-116
-105
-114
-129
-164
-205
-177
-125
-60
-28
-17
-17
-58
-78
-79
-20
-16
18
122
107
24
13
62
86
87
109
132
156
178
162
183
199
200
195
159
195
190
144
140
156
193
175
172
156
121
76
36
59
73
66
39
1
-14
-33
-77
-53
-16
9
42
-6
-25
-13
-28
3
0
-2
-15
-71
-78
-43
-8
-26
20
55
-9
-6
17
-24
-41
-12
-91
-158
-126
-136
-102
-38
-40
-35
-24
-69
-158
-176
-145
-111
-72
-34
-21
-1
18
-47
-51
10
39
124
138
116
83
88
98
53
72
67
80
65
66
115
148
171
198
166
121
81
84
28
70
87
52
71
47
41
28
26
4
-20
12
17
16
-16
12
22
-21
-63
-46
-33
-35
-25
12
-1
-13
0
4
4
-10
-32
-51
7
37
1
-64
-94
-97
-184
-227
-184
-113
-180
-173
-195
-264
-267
-214
-155
-156
-111
-77
-50
-73
-117
-109
-128
-120
-58
-13
-27
28
23
-12
-25
5
-5
-15
60
102
75
59
113
129
123
125
153
107
48
59
45
64
61
69
94
110
125
145
108
81
98
71
19
14
52
42
50
106
79
-7
42
53
58
61
55
83
54
41
6
-4
43
-7
-23
-6
9
-22
-46
-25
-26
-55
-111
-175
-149
-118
-148
-79
-63
-80
-106
-100
-72
-123
-58
-29
-17
-3
-3
-28
5
11
-41
-19
30
47
65
99
81
67
113
50
-6
19
-48
-95
-45
16
13
69
118
60
54
83
88
63
56
47
74
145
165
175
201
192
125
104
68
-18
-29
13
68
97
91
73
40
17
-28
-49
-37
-42
-55
-69
-84
-94
-131
-109
-117
-125
-114
-95
-104
-119
-93
-119
-141
-126
-132
-170
-177
-174
-179
-113
-92
-21
28
-12
8
15
-36
-74
-32
-20
-18
37
61
51
63
15
-52
-34
-49
-74
-26
41
40
8
-11
-35
-11
5
10
24
35
62
70
96
96
89
79
26
-4
-36
-11
82
110
147
126
133
134
71
17
-13
39
45
52
71
83
106
52
31
21
-10
2
-23
-1
-18
-19
3
10
19
-29
-44
-43
-81
-119
-112
-75
-43
-36
-28
3
-20
-56
-66
-37
-33
-44
20
37
13
18
-9
-39
-79
-51
-50
1
43
-2
5
-46
-61
-70
-86
-24
-17
7
39
21
28
48
43
22
10
9
-25
-53
-43
-25
23
30
68
126
127
111
146
130
62
87
101
53
17
21
15
5
50
21
9
65
77
27
20
14
2
-6
3
-30
-65
-46
-54
-43
-8
-28
-7
-5
-33
-38
-45
-49
-77
-59
-44
-30
14
26
53
29
9
4
-39
-42
-21
-15
10
6
3
9
-8
-10
-41
-51
14
-10
-19
-41
-40
28
47
83
94
60
10
-34
-81
-115
-98
-49
-37
-26
1
-44
-34
-6
14
22
22
14
-58
-71
-105
-112
-56
-27
-2
16
-13
-76
-101
-128
-105
-39
15
33
2
-22
-55
-89
-92
-84
-42
10
56
43
-16
-17
-6
13
-6
4
45
24
4
-16
-14
32
56
53
80
101
75
45
22
34
56
43
43
62
59
51
50
35
17
12
-8
-18
3
38
61
65
67
59
9
-41
9
60
80
114
153
168
92
48
27
-11
-11
13
24
28
58
40
14
-10
-28
-23
2
28
54
58
10
-9
-13
-21
-40
-32
14
3
-16
-22
-35
-15
1
18
55
87
58
7
-12
-10
-13
-27
-10
7
-1
-43
-62
-78
-84
-97
-72
-24
-15
-4
-19
-12
-39
-97
-141
-135
-104
-91
-75
-41
-12
-49
-80
-61
-61
-98
-118
-90
-47
2
23
33
19
-41
-68
-66
-31
-8
15
34
35
34
21
26
30
34
21
24
56
63
31
4
43
44
39
33
31
12
-50
-54
23
76
93
132
143
91
34
7
14
35
34
28
17
6
8
11
4
-12
-12
-38
-39
-28
-40
-35
-30
-6
-8
-16
-33
-50
-55
-60
-36
16
52
26
23
27
22
9
26
55
59
21
9
39
34
19
10
14
10
5
-1
-15
-10
6
33
42
42
0
-63
-74
-77
-71
-36
-12
-18
-10
-22
-40
-25
-27
-37
-47
-24
-18
-36
-13
37
47
39
14
-13
-35
-75
-65
-39
9
63
69
81
56
12
7
23
30
46
71
67
61
35
28
26
17
24
28
50
47
27
36
35
13
-3
-1
-2
14
3
-5
8
-3
-2
-14
-29
-21
-29
-45
-45
-57
-51
-54
-53
-54
-45
-58
-63
-43
-72
-63
-75
-91
-80
-73
-55
-43
-37
-65
-92
-95
-100
-100
-70
-28
-2
10
40
49
57
75
70
57
41
12
-1
-3
6
31
64
76
77
84
83
72
72
70
51
64
72
53
25
30
25
15
30
57
51
50
64
48
23
-16
-52
-43
-15
-3
17
14
8
13
10
-5
-14
-14
-21
-37
-18
-15
-33
-40
-28
-11
11
39
23
18
-9
-35
-37
-19
5
20
40
28
39
25
13
7
-2
-4
-12
-40
-73
-90
-78
-48
-5
52
56
40
35
-4
-57
-54
-40
-26
-29
-15
-4
16
17
5
-19
-11
-16
1
41
60
67
31
4
12
20
6
16
28
42
44
44
42
17
-19
-14
11
41
53
27
15
-6
-19
-17
-18
-5
-4
-15
-39
-73
-106
-131
-119
-111
-105
-104
-93
-92
-93
-94
-94
-92
-95
-98
-96
-89
-71
-30
-26
-36
-34
-58
-66
-44
-23
7
33
53
75
84
70
53
57
69
76
87
103
125
123
123
143
137
137
123
142
179
150
133
147
152
144
119
101
101
95
76
61
53
23
2
14
17
6
-14
-33
-41
-44
-58
-57
-48
-57
-38
-33
-65
-93
-131
-174
-182
-160
-146
-137
-115
-86
-65
-43
-46
-46
-37
-35
-46
-30
-10
-28
-34
-30
-30
-11
15
3
-5
-7
7
15
27
8
-5
2
6
16
45
58
58
57
53
53
35
36
9
8
27
33
16
17
8
-7
-17
-28
-21
-27
-4
-1
-5
-11
-20
-28
-34
-5
8
-6
6
15
7
3
2
-8
-17
5
12
14
16
9
5
-5
5
8
-5
-8
18
31
28
18
-11
-15
-25
-32
-23
-39
-41
-31
-12
-11
-23
-32
-27
-46
-83
-88
-97
-92
-83
-60
-23
2
19
33
23
10
-8
-33
-51
-64
-68
-52
-46
-29
-15
19
51
54
62
50
31
28
34
32
55
72
70
60
54
62
47
40
41
65
76
54
40
42
36
24
46
56
69
76
60
51
35
7
-10
-7
-25
-25
-19
-10
17
54
84
81
71
55
58
30
5
13
-22
-35
-6
15
20
36
44
42
40
36
-4
-17
-13
-21
-37
-32
-16
-17
-13
-20
-11
-27
-33
-31
-28
-16
-17
-16
-19
-38
-41
-36
-17
-14
-11
6
-22
-42
-60
-61
-51
-54
-36
-16
-23
-31
-54
-57
-67
-56
-21
12
7
14
-6
-25
-13
-37
-45
-3
18
12
28
8
-20
-30
-35
-37
-14
-3
6
25
26
14
-20
-49
-59
-55
-57
-43
-20
-23
-19
-26
-39
-31
-36
-44
-37
-17
-22
-18
-8
-1
-5
-30
-48
-46
-53
-63
-54
-36
-29
-17
7
38
56
31
37
54
44
50
63
46
43
39
29
39
59
77
98
104
85
78
76
75
71
64
51
39
35
18
10
0
0
26
31
44
50
61
56
38
49
41
21
19
21
32
31
9
14
15
3
-1
7
20
12
2
35
56
68
67
62
52
49
40
24
9
-21
-52
-69
-56
-46
-30
-19
-33
-29
-29
-47
-47
-55
-57
-47
-61
-67
-62
-74
-53
-31
-42
-44
-45
-49
-44
-34
-35
-53
-80
-95
-107
-105
-88
-62
-28
-8
-3
2
-1
-20
-8
-13
-18
-15
-15
7
18
34
47
31
32
32
14
-5
6
2
-5
27
20
12
19
15
0
0
4
14
23
16
2
-4
-11
-16
-2
6
8
-26
-41
-49
-56
-52
-56
-39
-42
-39
-21
-11
-17
-27
-23
-27
-38
-42
-38
-36
-21
5
10
8
4
-14
-20
-16
-24
-14
-7
-8
11
44
62
65
84
80
61
51
51
49
50
57
57
74
71
67
68
63
84
95
92
112
108
84
86
89
81
84
99
100
88
59
46
25
34
49
45
47
42
31
40
55
46
40
37
32
22
22
13
21
25
2
-12
-19
-38
-69
-66
-47
-32
-46
-72
-71
-72
-82
-94
-91
-104
-120
-114
-134
-123
-119
-102
-83
-81
-80
-93
-96
-77
-59
-49
-41
-56
-64
-81
-93
-89
-79
-77
-78
-68
-48
-24
-27
-14
-16
-35
-27
-40
-37
-17
8
31
47
54
48
48
34
20
26
32
46
57
58
65
60
55
51
47
62
71
78
65
51
34
18
12
7
11
15
0
1
25
14
23
16
17
13
14
16
6
9
-2
-6
4
8
0
1
1
0
-15
-10
-19
-35
-29
-34
-25
-27
-14
-4
-3
4
6
4
-7
-12
-10
-2
-8
-1
3
3
-11
-18
-19
-20
-9
-8
1
24
35
38
38
46
54
47
42
54
52
40
49
53
58
42
41
57
64
79
75
72
77
73
68
46
25
16
2
-1
-3
1
4
13
25
17
2
-17
-17
-13
-29
-29
-16
-21
-37
-31
-35
-59
-61
-61
-67
-82
-83
-68
-49
-38
-35
-35
-51
-73
-76
-68
-75
-85
-91
-77
-61
-54
-44
-35
-29
-16
-12
-2
0
-3
6
1
-9
-5
-20
-31
-30
-27
-17
8
33
51
54
41
40
38
40
32
35
32
21
16
16
14
17
24
18
26
31
28
8
-8
-23
-20
-5
