SAMPLES:	8716
BITSPERSAMPLE:	16
CHANNELS:	1
SAMPLERATE:	16000
NORMALIZED:	FALSE
-27
-9
-1
3
5
-6
1
2
6
7
-9
-15
-12
1
14
19
25
24
25
39
43
34
28
26
20
25
25
12
0
-15
-8
-4
-8
4
-8
-7
-3
-5
-9
-28
-24
-29
-23
-16
-19
-17
-18
-7
-5
-11
-17
-26
-21
-20
-23
-20
-23
-16
-20
-10
0
1
19
28
27
24
15
17
14
10
10
10
23
25
34
35
32
30
32
31
21
20
10
15
17
17
5
-10
-8
-14
-13
-5
-19
-28
-34
-33
-26
-18
-15
-17
-12
-3
12
30
41
41
37
34
35
34
34
28
20
17
9
20
25
7
-6
-25
-36
-43
-49
-45
-48
-57
-66
-69
-67
-67
-67
-71
-77
-75
-67
-59
-61
-66
-69
-66
-54
-27
-9
-17
-60
-28
269
330
142
-27
10
221
355
482
282
-65
-201
-36
391
431
89
-143
-250
-58
134
95
-43
-225
-354
-286
-83
-64
-181
-247
-350
-295
-169
-120
4
-70
-178
-159
-88
75
156
124
50
-6
9
116
292
239
92
32
9
117
138
72
10
-62
-122
-102
-39
-41
-72
-123
-156
-114
-79
-36
9
-48
-74
-38
9
111
162
118
97
122
165
202
236
185
141
110
77
105
95
86
59
-13
-32
-41
-24
-39
-34
-92
-81
97
0
-81
-141
-78
19
-7
99
-58
-179
-150
-39
197
61
-70
-99
-108
89
65
20
5
-133
-103
-27
18
-19
-125
-120
-104
-36
-21
3
-16
-103
-87
-138
-89
21
-47
6
92
153
273
93
24
118
307
483
409
244
-53
-111
170
444
459
102
-178
-106
60
193
119
-127
-304
-282
-154
-87
-134
-315
-463
-389
-306
-225
-180
-237
-233
-299
-268
-148
-81
-5
-24
-59
-51
13
114
374
369
16
-140
-17
313
342
226
16
-285
-267
-98
178
94
-305
-417
-355
-129
-34
-197
-277
-357
-332
-161
31
60
-96
-183
-169
-45
73
112
96
-25
-75
-3
69
238
138
179
614
798
647
311
317
512
816
1183
972
440
-55
50
710
910
571
15
-264
-65
162
208
-9
-327
-575
-542
-248
-221
-394
-556
-726
-708
-589
-411
-267
-306
-411
-517
-395
-134
33
111
35
-39
269
392
258
121
161
405
248
202
65
-335
-332
-169
107
-178
-799
-762
-581
-365
-324
-609
-665
-551
-348
-163
-150
-216
-363
-173
54
98
56
38
104
32
63
190
91
201
102
243
1488
1533
546
-312
182
1239
1641
2077
1080
-376
-830
89
1911
1838
237
-846
-910
149
806
538
-300
-1028
-1079
-608
253
43
-1015
-1237
-1265
-950
-434
-278
-269
-656
-701
-637
-255
391
510
473
216
63
109
453
1091
767
193
-256
-253
128
161
10
-549
-862
-872
-849
-653
-688
-1044
-1375
-1387
-1115
-1058
-808
-683
-873
-893
-734
-333
97
357
187
17
57
1423
2877
2458
1095
411
1391
2596
3622
3426
1463
-72
-109
1910
3442
1996
-157
-1037
-412
586
808
-49
-1404
-2064
-1851
-996
-333
-1044
-1944
-2264
-2057
-1177
-613
-394
-796
-1368
-1215
-544
373
632
371
61
-86
428
897
1271
895
138
-62
99
731
765
168
-571
-1038
-1050
-1038
-971
-1146
-1450
-1700
-1816
-1369
-1156
-1000
-1024
-1221
-1165
-732
951
1773
1007
21
354
1809
2932
3695
2999
1312
563
1173
2903
3346
1887
629
153
565
1058
862
120
-730
-1282
-1323
-889
-752
-1475
-2033
-2444
-2397
-1776
-1461
-1254
-1523
-1787
-1564
-937
-133
65
-22
9
340
747
1075
1349
987
645
633
925
1149
684
135
-247
-257
-342
-605
-764
-975
-1146
-1347
-1222
-919
-1299
-936
437
652
-197
-864
-24
1181
1843
2193
1417
778
927
1686
2903
2725
1586
807
940
1703
1746
1257
379
-233
-377
-254
-8
-648
-1533
-1918
-2180
-1829
-1537
-1521
-1646
-1913
-1881
-1615
-861
-578
-884
-904
-608
-146
168
390
526
325
453
555
657
803
637
442
203
85
-159
-379
-203
-192
-461
-750
-895
-724
-400
-29
-591
-340
921
1029
270
-198
547
1340
2171
2632
1737
666
466
1576
2882
2472
1154
261
519
1299
1384
822
-96
-828
-1029
-543
-129
-745
-1500
-1725
-1972
-1766
-1316
-994
-1202
-1564
-1653
-1491
-835
-251
-136
-390
-656
-532
66
840
890
163
-341
-353
140
395
165
-558
-1050
-948
-764
-758
-943
-1198
-1473
-1371
-1175
-1114
-1132
-20
838
277
-350
-375
808
1957
2698
2558
1243
745
1300
2762
3622
2589
1317
788
1408
1984
1891
1196
-32
-532
-284
284
349
-774
-1620
-1830
-1753
-1291
-1211
-1297
-1728
-1994
-1885
-1392
-618
-515
-576
-541
-473
-93
194
474
434
166
277
313
618
594
189
-121
-294
-289
-491
-529
-596
-805
-902
-987
-1091
-1289
-1146
120
882
251
-705
-768
424
1528
2285
1955
597
-78
479
2155
3049
2038
663
106
770
1778
2019
1335
82
-488
-207
472
774
-98
-1198
-1750
-1486
-762
-454
-687
-1462
-1952
-1785
-1061
-405
-519
-786
-722
-460
-131
93
260
199
-43
85
376
489
111
-283
-437
-402
-469
-686
-640
-603
-809
-970
-1065
-944
-963
-67
1286
1019
-143
-723
287
1488
2325
2540
1394
180
233
1667
3067
2524
1070
213
559
1497
1735
1152
55
-732
-763
-206
302
-228
-1392
-2065
-2205
-1535
-1002
-1015
-1558
-2065
-1974
-1473
-573
-205
-582
-741
-433
94
525
601
423
-59
-114
276
615
443
-135
-616
-714
-480
-361
-518
-678
-957
-1123
-1074
-988
-934
-352
960
1269
283
-578
45
1222
2234
2758
1932
720
448
1613
3284
3383
2049
892
848
1663
2165
1860
779
-255
-720
-359
309
2
-1078
-1968
-2413
-2049
-1427
-1134
-1467
-2267
-2444
-1981
-982
-411
-678
-1015
-1009
-486
81
459
456
-34
-226
-81
349
452
-60
-566
-918
-813
-603
-568
-552
-946
-1184
-1341
-1186
-982
-775
548
952
176
-759
-334
1073
1962
2672
2181
1047
694
1361
2944
3461
2411
1313
1119
1944
2387
2232
1358
341
-42
24
437
346
-546
-1228
-1765
-1738
-1269
-954
-1118
-1811
-2059
-1987
-1438
-844
-900
-1098
-1097
-808
-471
-271
-103
-345
-381
-325
-120
126
-158
-396
-519
-434
-498
-740
-637
-575
-603
-971
-1107
-1037
-543
914
1211
166
-951
-389
1031
2004
2412
1396
153
-31
1071
2755
2832
1509
669
1001
1908
2220
1794
786
108
44
355
689
238
-710
-1160
-1447
-1288
-975
-941
-1175
-1610
-1747
-1627
-1086
-765
-881
-1019
-966
-536
-202
-180
-251
-460
-274
-59
-54
-249
-610
-746
-743
-604
-825
-1200
-1135
-881
-656
-841
-1177
-1428
-584
1131
1422
196
-774
-122
1135
2463
2872
1709
501
479
1938
3511
3192
1800
971
1502
2339
2526
2011
966
216
17
640
991
198
-924
-1430
-1516
-1152
-845
-939
-1460
-1866
-1913
-1520
-866
-711
-934
-1067
-713
-205
86
69
-182
-407
-127
282
363
-53
-669
-1033
-841
-569
-883
-1272
-1359
-1145
-1143
-1294
-1537
-1448
-203
684
285
-849
-876
178
1262
2294
1699
261
-171
780
2510
2823
1652
588
712
1842
2350
1981
978
276
285
601
1009
641
-366
-965
-966
-647
-392
-419
-847
-1417
-1520
-1205
-474
-118
-522
-941
-824
-255
164
299
58
-480
-546
-6
454
295
-401
-987
-1005
-472
-262
-677
-1202
-1337
-1080
-1030
-1147
-1424
-794
586
975
150
-704
-254
830
1962
2359
1244
47
200
1548
2753
2344
1014
361
956
1820
1923
1155
149
-305
-36
442
497
-196
-1184
-1560
-1442
-1052
-818
-874
-1152
-1386
-1450
-1190
-524
-123
-355
-664
-481
104
664
744
318
-217
-173
384
758
576
-154
-820
-750
-261
-225
-597
-1074
-1105
-1078
-1115
-1408
-1089
201
810
268
-742
-397
358
1272
2244
1698
269
-131
1134
2925
2971
1654
694
1119
2133
2497
2123
1071
274
160
696
997
303
-877
-1365
-1363
-1123
-985
-1101
-1609
-1986
-1929
-1696
-1294
-1131
-1182
-1249
-1108
-686
-98
223
-79
-618
-504
150
667
392
-338
-869
-757
-202
-76
-470
-887
-989
-878
-724
-902
-947
3
700
311
-654
-486
344
1071
1818
1337
124
-373
686
2352
2488
1235
313
759
2005
2593
2271
1178
470
525
1172
1636
952
-198
-809
-759
-373
-195
-432
-1075
-1637
-1541
-1290
-854
-801
-1085
-1276
-1138
-718
-335
-138
-402
-988
-933
-224
313
69
-668
-1141
-1064
-450
-288
-604
-962
-1119
-1046
-764
-729
-619
65
621
316
-351
-228
420
1169
1849
1285
135
-67
908
2351
2347
1130
213
626
1807
2402
2021
1078
381
361
834
1364
945
-41
-614
-699
-376
-114
-98
-529
-939
-1067
-942
-442
-153
-372
-691
-712
-476
-174
195
73
-425
-631
-324
163
67
-588
-1276
-1349
-834
-761
-1098
-1408
-1502
-1407
-1253
-1396
-983
16
431
-32
-517
-69
286
1051
1840
1379
246
-187
1023
2467
2327
1127
281
813
1845
2215
1706
714
168
182
737
978
287
-589
-830
-839
-694
-633
-750
-1050
-1211
-1113
-1034
-744
-614
-650
-701
-619
-450
-93
332
261
-206
-262
42
429
382
-176
-786
-849
-378
-302
-613
-1008
-1226
-1206
-998
-1036
-544
189
152
-435
-502
64
433
993
1390
877
42
107
1233
2169
1642
616
282
1030
1869
1890
1153
425
322
598
1020
952
196
-351
-340
-151
-60
-237
-489
-738
-556
-450
-489
-423
-473
-491
-326
-159
-168
-85
140
87
-93
-146
-63
139
-9
-284
-579
-462
-234
-402
-682
-785
-884
-853
-830
-720
23
431
83
-521
-272
331
796
1259
1076
267
-275
271
1519
1691
724
-85
72
789
1232
961
175
-307
-363
25
332
15
-821
-1187
-937
-590
-482
-694
-977
-1036
-744
-502
-421
-414
-426
-328
-201
-164
-155
66
311
180
3
43
224
237
53
-265
-564
-514
-419
-384
-501
-697
-904
-906
-780
14
669
454
-310
-377
514
1008
1324
1233
613
185
561
1665
2203
1357
384
333
1150
1580
1346
520
-114
-46
352
626
233
-615
-1136
-1082
-872
-725
-734
-851
-1240
-1218
-923
-606
-471
-611
-596
-417
-231
-132
-33
159
117
-105
-57
237
418
157
-100
-308
-267
-157
-278
-358
-478
-674
-716
-783
-191
625
747
164
-333
177
774
1440
1774
1002
132
34
1068
2242
1821
670
56
625
1438
1621
1056
-41
-428
-48
458
455
-309
-982
-1070
-863
-683
-796
-832
-935
-1002
-937
-816
-555
-461
-430
-313
-313
-350
-262
38
197
-48
-319
-382
-9
172
-158
-643
-802
-497
-339
-272
-440
-823
-897
-832
-597
220
733
426
-214
52
766
1114
1600
1438
611
182
636
1775
2049
1068
191
372
1277
1507
1043
137
-388
-147
232
399
-324
-1309
-1438
-962
-585
-789
-1260
-1462
-1206
-663
-513
-606
-795
-913
-360
191
202
-74
-283
-81
84
116
28
-111
-56
-117
-295
-446
-384
-455
-575
-444
-413
-629
-747
-758
-40
667
550
-39
-179
471
935
1507
1746
1068
442
623
1712
2381
1797
883
497
1081
1691
1681
854
-184
-388
14
475
129
-849
-1505
-1537
-1194
-913
-1034
-1414
-1654
-1408
-923
-710
-679
-845
-749
-339
12
37
-69
-23
-12
-44
12
19
143
14
-205
-352
-428
-438
-542
-418
-214
-311
-507
-716
-216
652
796
328
-170
312
865
1443
1776
1237
494
445
1371
2369
2048
1093
660
1023
1597
1746
1234
285
-178
102
544
287
-659
-1405
-1307
-1097
-949
-1019
-1301
-1539
-1434
-1019
-807
-873
-999
-894
-450
-114
-166
-292
-293
-107
-15
-17
-134
-240
-232
-380
-437
-406
-518
-851
-950
-698
-593
-716
-1018
-567
250
478
116
-239
185
756
1357
1615
1194
568
492
1504
2423
2049
1203
831
1340
1925
1949
1297
243
-180
108
630
338
-709
-1442
-1373
-1032
-797
-1087
-1494
-1619
-1427
-1014
-885
-899
-1059
-858
-394
-92
-67
-144
-23
189
208
158
30
5
81
15
-239
-407
-388
-489
-543
-519
-600
-716
-979
-460
436
541
-64
-421
189
709
1198
1498
977
207
232
1385
2439
1949
911
558
1226
1882
1985
1459
469
9
338
899
695
-472
-1441
-1398
-992
-817
-1112
-1575
-1892
-1714
-1231
-998
-1045
-1309
-1173
-531
-25
-57
-289
-264
-21
202
278
166
4
-198
-227
-151
-138
-241
-602
-764
-517
-446
-433
-707
-385
311
485
298
86
438
635
1104
1590
1305
674
478
1260
2218
1944
1175
938
1439
1816
1839
1419
610
236
375
795
582
-309
-1121
-1150
-855
-776
-1104
-1631
-1793
-1508
-1091
-955
-1134
-1442
-1315
-705
-267
-296
-445
-366
-92
61
46
-152
-242
-194
-187
-282
-458
-620
-753
-732
-568
-553
-649
-962
-657
269
631
212
-341
139
584
1048
1570
1284
631
339
1123
2220
2153
1393
878
1321
1879
2022
1733
849
310
297
866
966
52
-972
-1284
-1014
-713
-855
-1342
-1809
-1762
-1291
-1001
-1015
-1333
-1379
-886
-341
-312
-563
-637
-379
-95
36
-187
-453
-532
-498
-301
-305
-538
-907
-937
-585
-522
-604
-931
-437
350
487
266
40
365
536
1008
1630
1273
605
562
1457
2178
1702
1179
1074
1606
1979
2049
1752
927
570
712
1072
815
-71
-755
-863
-761
-737
-957
-1323
-1608
-1418
-1060
-946
-1062
-1332
-1168
-575
-147
-223
-411
-404
-142
176
256
45
-191
-327
-363
-303
-353
-476
-801
-918
-628
-644
-729
-1013
-412
217
270
-51
-317
205
455
960
1393
986
503
455
1391
2064
1604
1048
870
1504
1908
1936
1456
655
345
545
1069
848
-39
-823
-1017
-863
-699
-902
-1357
-1801
-1656
-1159
-911
-1055
-1457
-1432
-902
-251
-127
-388
-621
-452
-51
134
89
-99
-388
-427
-255
-165
-319
-739
-904
-757
-713
-617
-642
-87
300
244
26
130
568
590
908
1172
804
486
598
1387
1790
1357
1077
1098
1554
1644
1727
1528
867
588
564
889
661
-16
-459
-668
-694
-585
-642
-945
-1349
-1379
-1176
-935
-857
-1073
-1097
-765
-416
-371
-319
-355
-289
-117
-11
-55
-148
-251
-414
-466
-471
-574
-776
-750
-737
-874
-1042
-1040
-274
258
40
-567
-398
306
677
1088
1181
639
341
722
1744
2060
1291
889
1233
1851
1926
1720
1275
777
678
856
1050
621
-218
-620
-552
-582
-738
-950
-1189
-1346
-1181
-1081
-1011
-1040
-1103
-913
-546
-317
-346
-296
-225
-25
157
102
-12
-102
-190
-301
-324
-365
-516
-706
-706
-654
-779
-955
-1093
-427
114
37
-450
-479
-60
266
753
929
531
132
505
1469
1811
1376
952
1169
1805
1971
1851
1414
973
825
1041
1207
709
-61
-482
-450
-408
-492
-785
-1106
-1261
-1094
-962
-907
-905
-990
-795
-481
-393
-492
-438
-294
-185
-85
-48
-110
-53
-28
-208
-396
-438
-503
-564
-583
-612
-784
-904
-947
-387
86
-29
-479
-541
-46
140
513
676
315
4
235
1161
1542
1075
656
699
1268
1447
1441
1124
657
548
756
1021
738
145
-230
-257
-174
-221
-471
-796
-971
-782
-669
-677
-721
-756
-519
-201
5
-73
-214
-157
84
305
210
-27
-56
-8
-81
-171
-270
-408
-584
-538
-406
-437
-638
-1038
-683
89
323
-117
-549
-153
81
389
784
554
146
-30
681
1449
1194
654
428
1086
1487
1442
1266
757
484
498
842
776
86
-488
-634
-463
-377
-569
-920
-1208
-1029
-798
-780
-885
-1073
-946
-562
-230
-309
-454
-359
-91
113
131
-70
-116
43
49
2
-236
-498
-650
-546
-402
-414
-574
-935
-1044
-199
459
207
-505
-491
8
330
863
914
292
-146
136
1199
1620
992
412
596
1189
1617
1645
1050
420
399
1015
1321
830
-19
-459
-382
-117
-12
-345
-900
-1077
-792
-541
-527
-754
-848
-590
-148
-35
-159
-229
-159
17
103
-26
-172
-102
-49
-78
-165
-270
-427
-548
-562
-448
-462
-677
-1039
-811
-59
189
-113
-446
-271
40
329
839
722
120
-105
422
1352
1496
822
370
600
1095
1423
1310
651
135
297
756
842
293
-391
-632
-426
-211
-254
-634
-977
-1040
-797
-540
-573
-709
-732
-412
-167
-195
-270
-293
-144
2
-44
-107
-95
-61
-159
-226
-275
-345
-424
-526
-489
-398
-344
-515
-911
-706
14
117
-208
-466
-183
167
409
825
628
112
4
716
1613
1467
734
499
979
1618
1715
1322
643
458
904
1263
987
131
-477
-424
-76
39
-317
-765
-956
-774
-388
-418
-673
-897
-755
-279
26
-115
-348
-363
-111
154
198
-70
-244
-201
-122
-67
-206
-412
-644
-627
-565
-525
-579
-786
-964
-905
-265
65
-239
-647
-464
-47
148
537
593
94
-16
439
1162
1184
540
393
943
1470
1445
1180
732
400
682
994
776
144
-359
-342
-147
-175
-366
-685
-888
-747
-434
-390
-531
-631
-623
-326
-56
-93
-211
-194
-79
116
163
-42
-202
-142
-128
-224
-287
-425
-448
-505
-526
-539
-498
-525
-682
-929
-902
-187
149
-73
-434
-345
13
295
711
656
242
122
533
1331
1369
828
611
865
1239
1409
1331
826
478
555
790
846
384
-198
-333
-149
34
40
-258
-603
-607
-333
-165
-228
-423
-562
-295
17
72
-89
-299
-286
-82
82
16
-138
-198
-305
-316
-215
-273
-549
-822
-780
-582
-422
-621
-921
-1002
-873
-81
218
-170
-737
-638
-41
342
752
555
-63
-12
515
1338
1289
592
317
619
1276
1454
1230
550
92
512
1030
1004
236
-431
-411
-35
209
-8
-479
-759
-542
-66
-46
-384
-754
-844
-541
-177
-109
-421
-643
-622
-267
-38
-274
-575
-692
-673
-411
-208
-397
-771
-828
-614
-449
-522
-681
-823
-732
-627
-135
274
-24
-445
-428
212
624
674
723
514
518
726
1132
1341
876
726
1077
1580
1633
1212
871
670
824
1102
1093
682
187
226
494
495
201
-123
-175
-84
116
121
-128
-382
-529
-295
-76
-139
-406
-671
-731
-572
-330
-418
-774
-928
-778
-623
-575
-677
-939
-1156
-1095
-942
-910
-996
-1231
-1235
-1070
-927
-668
-320
-344
-601
-557
-107
158
348
619
535
392
429
860
1280
1129
841
856
1152
1361
1373
1214
839
820
1107
1268
1137
729
527
488
639
673
461
198
9
107
167
108
-35
-314
-343
-123
27
-171
-535
-702
-560
-403
-488
-721
-840
-836
-773
-688
-740
-1006
-1121
-985
-821
-795
-962
-1100
-973
-809
-720
-790
-512
-232
-304
-407
-300
-49
-32
120
480
360
279
472
821
1146
898
686
885
1238
1408
1408
1219
906
1016
1395
1399
1177
832
666
758
874
845
436
49
-59
82
95
-107
-341
-602
-610
-352
-320
-653
-968
-1079
-874
-677
-799
-1074
-1246
-1289
-1155
-982
-1026
-1194
-1212
-1087
-851
-748
-783
-876
-822
-739
-698
-605
-457
-54
101
-84
-156
81
316
398
597
591
411
550
924
1343
1184
800
967
1506
1874
1876
1563
1189
1317
1773
1903
1660
1281
1099
1203
1206
964
639
257
18
142
170
-173
-515
-693
-768
-735
-743
-910
-1097
-1273
-1289
-1176
-1179
-1362
-1420
-1411
-1405
-1289
-1236
-1307
-1331
-1295
-1214
-1102
-1025
-1000
-962
-849
-740
-732
-709
-682
-273
90
29
-181
-174
79
301
661
854
610
572
867
1487
1775
1435
1313
1560
2042
2216
2038
1792
1529
1673
1914
1851
1495
1035
887
964
912
694
319
76
-61
-135
-244
-473
-680
-879
-918
-944
-1110
-1285
-1390
-1403
-1385
-1390
-1526
-1557
-1460
-1467
-1487
-1485
-1470
-1371
-1250
-1171
-1142
-1106
-1103
-1027
-807
-712
-734
-794
-753
-717
-303
67
60
-74
-65
393
780
1060
1197
1004
1085
1333
1822
2054
1699
1504
1719
2226
2429
2254
1890
1398
1573
1901
1926
1482
931
748
741
815
619
103
-337
-488
-344
-352
-727
-1147
-1369
-1236
-1083
-1159
-1411
-1671
-1663
-1458
-1317
-1485
-1664
-1593
-1442
-1299
-1216
-1251
-1365
-1257
-951
-757
-725
-799
-878
-789
-548
-397
-368
-466
-563
-422
99
612
634
401
328
711
1165
1339
1388
1179
1087
1364
1766
1972
1623
1353
1505
1844
2066
1915
1546
1202
1201
1496
1472
1150
720
414
435
448
296
-66
-331
-427
-521
-624
-857
-1027
-1213
-1311
-1247
-1234
-1374
-1452
-1461
-1380
-1347
-1373
-1392
-1355
-1262
-1220
-1142
-1165
-1207
-1127
-878
-755
-753
-750
-713
-592
-377
-223
-151
-68
-120
-18
199
321
573
745
683
577
742
896
962
1158
1199
979
960
1132
1442
1476
1232
1134
1314
1565
1604
1456
1115
843
972
1163
1107
698
356
187
157
214
2
-394
-707
-793
-640
-650
-838
-1136
-1377
-1243
-1096
-1068
-1269
-1438
-1490
-1400
-1241
-1287
-1359
-1348
-1314
-1111
-941
-892
-850
-732
-518
-354
-213
-117
-58
95
167
224
242
294
373
414
509
513
427
674
896
825
590
642
988
1047
1001
981
904
938
1062
1348
1317
958
864
1187
1453
1327
1037
881
875
1004
882
558
319
221
270
177
-84
-346
-536
-588
-529
-599
-838
-1105
-1106
-977
-979
-1123
-1325
-1402
-1371
-1202
-1102
-1208
-1309
-1220
-926
-739
-804
-887
-834
-650
-435
-368
-344
-347
-302
-193
-106
-62
-85
-88
-40
51
135
95
55
148
249
302
442
496
395
325
441
630
661
664
712
688
790
854
871
825
826
939
1001
1095
1100
970
865
848
918
944
777
596
446
390
325
153
26
-180
-267
-310
-387
-495
-607
-602
-587
-654
-700
-656
-647
-712
-751
-733
-740
-756
-726
-716
-768
-764
-713
-684
-652
-568
-539
-507
-390
-338
-384
-346
-254
-167
-81
-91
-118
-109
-36
81
91
6
-30
45
106
295
425
407
256
289
592
666
546
522
593
552
556
789
939
696
574
806
991
991
848
781
759
677
679
652
459
189
111
215
204
78
-124
-314
-302
-291
-356
-504
-588
-675
-695
-623
-705
-871
-966
-909
-795
-761
-869
-992
-926
-739
-692
-692
-611
-519
-424
-330
-278
-256
-301
-362
-243
-104
-113
-94
-73
-68
-1
103
164
215
284
304
344
318
256
224
204
375
480
375
338
399
537
490
462
520
517
591
613
630
657
592
576
626
638
576
559
505
404
487
450
230
103
109
142
32
-106
-171
-206
-190
-191
-229
-252
-381
-431
-375
-371
-457
-554
-576
-536
-428
-451
-481
-462
-475
-450
-404
-452
-505
-481
-393
-288
-206
-162
-188
-180
-116
-51
-23
-33
-30
-37
18
88
90
55
52
139
159
183
174
151
195
215
122
25
15
32
40
98
67
-58
-28
85
157
168
170
180
227
331
439
438
385
404
513
585
491
425
465
453
404
458
426
311
195
223
306
239
105
7
-25
-2
-8
-90
-209
-258
-197
-194
-290
-327
-306
-319
-351
-376
-395
-443
-459
-534
-577
-495
-438
-515
-602
-545
-500
-545
-587
-601
-550
-454
-448
-443
-407
-389
-425
-397
-249
-210
-268
-273
-156
-59
-85
-172
-148
-44
44
117
211
227
149
211
469
610
510
436
540
706
799
824
845
822
776
751
834
962
920
864
924
1011
1001
907
873
933
797
599
519
451
286
106
82
74
-58
-208
-281
-371
-508
-624
-649
-661
-784
-946
-953
-901
-937
-964
-910
-844
-843
-840
-799
-780
-809
-755
-761
-826
-700
-494
-496
-573
-538
-479
-506
-434
-260
-157
-211
-131
139
244
199
164
172
181
327
522
558
480
453
553
752
811
848
881
855
872
932
923
854
836
829
790
762
689
517
406
409
273
160
56
-165
-130
-36
-165
-299
-359
-349
-430
-488
-482
-529
-512
-531
-523
-424
-460
-530
-558
-494
-441
-482
-496
-387
-391
-423
-354
-241
-244
-307
-251
-132
13
-63
-129
0
118
57
6
190
250
232
272
341
415
308
252
405
558
501
437
464
434
357
321
333
382
337
259
276
243
104
8
24
21
-79
-146
-191
-219
-307
-478
-590
-546
-539
-613
-566
-544
-549
-555
-527
-456
-459
-496
-431
-298
-219
-194
-223
-202
-151
-122
-58
-15
-30
-30
66
181
244
271
285
338
429
537
583
607
623
646
650
700
748
772
708
635
621
625
646
567
500
457
430
363
267
165
110
45
-25
-105
-188
-232
-223
-206
-239
-329
-442
-533
-530
-505
-535
-607
-638
-604
-595
-622
-624
-624
-606
-576
-475
-389
-438
-489
-435
-355
-321
-282
-223
-204
-237
-209
-118
-30
20
51
91
144
195
251
358
419
448
535
574
554
533
541
555
572
507
469
491
481
452
419
390
387
356
284
170
91
50
19
22
-22
-66
-107
-155
-142
-142
-188
-219
-233
-235
-249
-310
-385
-406
-369
-342
-327
-380
-441
-437
-411
-392
-347
-291
-263
-261
-270
-297
-286
-222
-147
-83
-25
17
26
27
40
101
152
167
232
293
296
297
308
274
277
281
290
306
271
201
182
212
206
163
119
45
-17
-11
5
-25
-88
-115
-114
-96
-86
-67
-84
-85
-46
40
18
-35
-24
-62
-57
-32
-15
-13
-33
-57
-63
-32
-37
-19
-6
19
73
117
110
70
112
149
183
199
188
197
210
256
269
222
203
227
283
301
277
240
214
221
240
252
231
146
49
18
40
-1
-117
-200
-240
-266
-294
-338
-412
-475
-495
-455
-410
-458
-526
-572
-575
-518
-487
-467
-449
-431
-357
-328
-331
-334
-322
-254
-221
-167
-71
-3
-14
3
42
47
93
135
220
303
383
437
463
457
462
501
517
542
591
612
582
556
551
526
479
459
450
420
401
400
367
318
230
178
118
48
-24
-52
-55
-147
-200
-260
-272
-307
-363
-411
-475
-504
-540
-572
-643
-691
-693
-685
-635
-627
-651
-636
-572
-500
-458
-415
-351
-287
-209
-170
-168
-159
-135
-85
-60
-28
1
96
210
279
319
346
380
423
484
496
459
409
428
483
473
472
469
466
496
570
601
542
471
409
391
371
331
313
289
287
268
250
245
217
183
153
115
67
51
30
-148
-409
-412
-322
-407
-442
-245
-216
-530
-540
-443
-579
-603
-418
-339
-386
-405
-462
-483
-441
-390
-305
-190
-198
-224
-189
-201
-189
-114
-4
88
149
209
195
166
156
156
212
264
338
377
338
282
257
259
207
226
268
280
261
245
215
137
88
107
106
59
16
-57
-73
-54
-41
-59
-59
-47
-45
-32
-37
-85
-159
-203
-165
-175
-237
-239
-230
-220
-203
-205
-227
-234
-198
-156
-135
-156
-169
-207
-216
-176
-148
-119
-115
-80
-24
-20
-26
-2
53
78
129
169
141
159
189
215
213
198
217
243
263
329
398
428
440
436
434
380
349
331
328
286
260
225
153
63
-1
-16
-32
-9
-22
13
45
40
34
26
3
-32
-67
-116
-152
-217
-237
-247
-278
-317
-320
-302
-302
-293
-262
-219
-211
-207
-213
-213
-224
-265
-296
-292
-323
-370
-353
-361
-353
-339
-372
-361
-308
-245
-161
-80
0
47
89
146
141
123
116
142
186
217
221
203
222
266
297
367
451
486
488
474
472
487
452
360
282
242
209
169
130
100
104
71
43
29
30
42
26
25
-10
-44
-78
-81
-100
-123
-137
-164
-193
-213
-233
-281
-327
-327
-315
-283
-265
-274
-284
-299
-320
-310
-303
-288
-258
-229
-193
-147
-98
-74
-56
-8
16
10
24
65
113
134
145
202
260
277
258
196
195
211
228
233
246
235
204
165
164
161
136
117
123
165
151
142
143
127
116
104
55
16
9
13
49
47
2
-31
-65
-98
-117
-107
-67
-7
5
-4
-26
-75
-95
-90
-70
-15
-5
-38
-73
-76
-81
-135
-145
-127
-33
38
59
74
41
5
-41
-57
-57
-62
-67
-72
-25
-18
-34
-44
-37
-29
0
-20
-69
-89
-104
-102
-48
-19
-29
-8
-10
-27
-84
-111
-128
-122
-93
-72
-67
-79
-71
-59
-57
-75
-83
-95
-89
-70
-48
-24
-19
10
34
45
73
141
196
227
261
284
284
282
278
293
329
302
276
245
217
197
165
134
137
124
112
111
69
41
16
-27
-45
-55
-72
-113
-126
-111
-119
-120
-131
-140
-180
-203
-218
-280
-305
-322
-327
-309
-294
-307
-366
-398
-417
-391
-350
-322
-321
-320
-288
-261
-206
-190
-201
-181
-126
-65
-40
-11
22
62
87
125
174
210
227
259
298
278
296
347
407
442
453
474
466
444
412
391
363
308
274
279
256
256
270
287
281
272
261
224
161
145
121
88
69
15
-87
-153
-184
-224
-218
-217
-231
-278
-294
-303
-329
-361
-338
-315
-318
-302
-299
-293
-264
-251
-215
-176
-139
-144
-145
-98
-93
-72
-33
4
59
90
118
128
138
133
137
152
134
122
159
230
249
250
215
181
186
232
256
227
169
154
172
158
131
86
65
66
52
38
-4
-74
-141
-151
-135
-154
-185
-222
-258
-246
-301
-362
-388
-412
-419
-431
-420
-403
-369
-352
-334
-323
-293
-260
-201
-147
-130
-147
-138
-108
-71
-3
69
166
200
202
229
295
346
373
388
407
445
489
500
483
465
452
472
492
483
480
461
415
349
290
245
235
250
235
213
163
128
78
27
-1
-28
-81
-135
-197
-255
-310
-379
-427
-485
-501
-530
-548
-563
-584
-601
-613
-614
-618
-593
-535
-508
-499
-490
-485
-447
-410
-390
-367
-291
-201
-127
-72
-26
6
17
60
108
163
193
229
259
296
341
373
421
477
544
570
597
580
561
584
603
596
604
603
575
545
504
475
428
383
372
358
312
252
222
185
129
103
66
25
-30
-83
-116
-148
-136
-151
-198
-230
-286
-323
-341
-353
-339
-378
-398
-376
-381
-380
-360
-315
-268
-275
-260
-252
-280
-284
-237
-193
-165
-158
-150
-150
-147
-114
-100
-99
-58
-5
42
97
119
118
118
135
135
167
170
163
199
209
200
183
168
145
129
121
91
59
16
-28
-40
-74
-71
-57
-85
-120
-139
-155
-159
-177
-167
-129
-126
-104
-110
-120
-129
-151
-151
-116
-88
-100
-70
-48
-22
-11
-9
27
8
27
46
43
24
25
43
80
104
93
72
36
13
-7
23
44
41
92
122
127
116
94
80
101
107
104
157
179
160
156
162
156
147
106
76
89
87
70
94
89
31
1
-21
-29
-34
-72
-92
-110
-146
-184
-210
-210
-197
-159
-125
-72
-84
-142
-164
-171
-145
-131
-98
-87
-63
-21
-13
-22
-18
13
48
96
138
144
131
123
107
80
85
116
139
148
158
148
131
131
121
152
193
221
244
232
239
253
226
220
222
204
190
179
145
121
72
0
-26
-58
-100
-118
-115
-122
-126
-149
-170
-206
-234
-222
-230
-236
-267
-282
-315
-334
-296
-306
-264
-212
-205
-181
-168
-193
-208
-201
-181
-119
-87
-106
-101
-106
-106
-79
-49
-31
-22
-2
27
13
7
-13
-39
-23
34
84
123
144
121
103
88
92
87
112
154
196
223
227
234
227
221
213
226
224
199
172
158
154
136
116
103
96
65
47
-2
-8
15
29
58
29
10
4
17
12
3
-17
-58
-72
-70
-81
-83
-109
-112
-123
-118
-95
-113
-147
-153
-155
-182
-182
-174
-152
-144
-142
-161
-180
-204
-170
-135
-131
-123
-129
-131
-114
-76
-31
2
33
46
38
53
62
101
141
157
177
194
196
163
175
194
179
157
149
131
120
100
99
131
128
129
116
127
119
123
144
124
114
93
67
67
31
-6
-22
-36
-38
-25
-21
-44
-48
-62
-74
-77
-83
-82
-67
-63
-61
-86
-102
-98
-98
-106
-108
-100
-102
-88
-66
-52
-37
-41
-69
-54
-49
-42
-6
6
-9
-31
-43
-59
-28
-24
-14
3
-19
-24
-24
-23
-4
37
52
49
65
52
52
53
54
81
87
109
127
72
24
-36
-102
-93
-100
-79
-50
-33
-3
33
11
10
16
25
22
5
-4
-20
-21
-9
-6
-25
-40
-43
-26
-31
-21
26
35
28
33
18
9
8
36
55
53
52
45
7
-4
-12
-43
-45
-50
-42
-46
-28
-19
-10
-15
-34
-51
-80
-87
-64
-50
-53
-46
-12
-23
-49
-40
-45
-49
-48
-55
-65
-54
-93
-111
-127
-165
-155
-126
-91
-52
-23
-22
0
29
25
36
56
73
95
97
103
104
88
90
111
142
167
179
195
205
223
235
223
219
223
226
241
248
211
174
172
159
150
155
167
132
124
109
90
72
40
19
10
-2
-35
-50
-58
-43
-36
-56
-77
-95
-138
-150
-157
-159
-181
-199
-219
-232
-213
-214
-180
-163
-154
-180
-201
-194
-190
-188
-193
-168
-156
-151
-161
-157
-155
-148
-114
-77
-68
-55
-25
-15
-2
17
8
11
35
71
58
60
49
33
36
60
88
84
86
102
84
82
91
93
110
108
137
118
70
58
55
50
55
51
18
7
8
-22
-34
-35
-48
-57
-31
-19
-15
-29
-36
-16
-15
-14
-31
-30
-58
-65
-68
-54
-30
-48
-6
42
64
61
23
11
24
7
19
40
45
66
71
80
99
88
64
62
59
73
75
71
89
94
79
74
87
84
106
100
96
94
62
39
-5
-8
-21
-17
-8
-6
-22
-74
-125
-152
-138
-132
-110
-91
-107
-128
-141
-159
-173
-167
-161
-143
-83
-46
-63
-76
-81
-71
-25
11
41
58
37
13
15
18
31
20
20
32
49
66
94
115
126
148
177
220
260
258
252
239
192
157
145
113
96
93
112
124
107
81
71
47
27
18
3
-31
-72
-84
-133
-150
-147
-133
-121
-132
-149
-174
-197
-221
-205
-184
-187
-168
-162
-162
-160
-161
-155
-144
-150
-165
-130
-117
-102
-97
-76
-41
-26
-4
21
54
43
15
-8
13
31
45
70
69
93
121
93
94
129
119
95
96
85
66
54
39
23
23
20
10
36
34
14
-2
-6
-13
-26
-24
-27
-50
-62
-45
-67
-66
-63
-41
-5
-16
-4
18
43
53
67
90
69
51
36
59
92
111
107
113
104
102
92
79
98
107
126
129
85
55
42
50
56
48
50
29
-10
-19
-10
-18
-12
30
44
42
31
-21
-47
-55
-36
16
43
42
26
-11
-52
-85
-113
-125
-115
-85
-83
-81
-79
-124
-134
-106
-74
-55
-55
-60
-74
-91
-108
-86
-66
-46
-22
-28
-52
-83
-97
-118
-114
-91
-50
-40
-36
-22
-9
-1
-7
18
22
25
25
35
33
13
22
43
62
56
35
36
48
41
54
63
52
50
67
74
59
59
48
44
53
46
25
16
13
25
28
46
39
19
-18
-64
-76
-44
11
54
52
25
19
-2
-20
-24
-23
-16
-14
5
25
35
36
24
17
22
26
13
-4
-34
-14
-5
23
84
108
105
71
35
4
-10
-36
-53
-23
0
16
26
10
16
12
-9
-10
-44
-72
-80
-85
-53
-31
-16
-23
-41
-34
-12
-10
-11
-14
-43
-84
-93
-77
-74
-59
-21
17
15
9
-13
-32
-42
-34
-21
-27
-30
-29
-30
-5
16
39
55
70
84
93
94
82
91
65
61
79
82
76
67
81
84
73
67
60
22
29
38
28
28
20
41
59
53
33
2
-27
-37
-45
-73
-109
-128
-137
-116
-108
-74
-88
-113
-106
-91
-95
-89
-87
-106
-96
-67
-47
-54
-50
-40
-31
-6
-1
-6
4
6
1
12
19
39
60
89
131
158
149
136
133
110
119
136
149
145
131
106
88
77
81
110
118
106
73
20
-15
-23
-65
-62
-39
-48
-41
-36
-52
-79
-96
-109
-122
-124
-118
-140
-203
-247
-239
-240
-245
-246
-221
-224
-238
-221
-207
-201
-166
-124
-87
-78
-70
-74
-91
-94
-63
-15
27
77
112
157
173
190
204
201
203
237
238
233
215
206
229
223
220
225
254
213
221
208
164
138
136
145
137
155
178
170
110
98
86
43
49
73
38
9
10
-11
-60
-70
-84
-119
-116
-103
-114
-85
-77
-99
-115
-119
-127
-141
-137
-131
-128
-121
-100
-96
-100
-86
-104
-94
-96
-74
-32
-22
-25
-17
5
1
-11
-25
-35
-13
2
-26
-34
-44
-56
-47
2
1
-26
-21
-50
-78
-93
-109
-80
-107
-106
-116
-115
-126
-136
-107
-73
-38
-48
-52
-89
-124
-136
-141
-117
-37
11
38
17
-27
-49
-52
-61
-44
-7
12
20
9
1
-10
11
21
61
126
153
171
167
153
139
170
194
171
162
154
144
148
185
186
163
168
163
159
189
191
176
177
156
119
114
74
98
103
96
79
43
20
3
18
56
67
32
19
-40
-45
-25
-23
-2
-6
-46
-60
-67
-90
-79
-73
-52
-30
-25
-16
-9
-32
-51
-51
-87
-107
-97
-64
-52
-42
-49
-79
-81
-79
-76
-25
-5
-25
8
-3
-26
-35
-72
-77
-72
-113
-151
-137
-135
-129
-111
-77
-52
-32
-17
-39
-47
-37
-64
-81
-62
-58
-68
-81
-70
-66
-71
-88
-74
-35
-5
-1
6
-3
-23
-24
-37
-23
-16
-31
-51
-43
4
20
48
56
46
42
33
26
40
55
87
96
76
50
16
-1
13
45
61
44
31
25
12
17
41
67
68
57
55
25
0
26
11
15
50
76
30
5
4
-2
10
34
69
51
40
22
-3
11
53
-15
52
45
590
857
-265
-1049
-415
245
-215
-66
839
79
-1109
-682
289
647
372
200
171
66
-186
-463
-264
171
274
85
-66
169
208
-52
-235
79
337
9
9
246
453
-21
-181
55
-92
-88
86
191
-228
-612
-533
-381
-10
36
306
496
-225
-346
78
158
-148
393
384
-197
-218
55
-195
88
1027
390
-136
216
213
-648
-721
227
-8
-268
233
-211
-748
-627
-51
-125
85
751
-384
-956
-208
-247
-245
76
272
361
174
44
-125
146
382
422
463
-108
-277
187
34
-105
357
315
-70
-27
64
-70
166
-38
-498
259
254
-575
-367
53
-51
-110
328
403
15
-129
-258
-84
192
-89
146
370
-217
-350
-126
-185
-17
379
211
104
98
-186
-521
-108
210
188
60
-131
-110
-102
-237
-337
289
419
-242
166
256
21
-206
-2
587
369
-89
-356
270
209
-382
73
454
-42
-432
169
480
-293
-296
251
-136
-227
-212
-81
98
-266
-58
69
-41
-135
-39
168
75
-197
-85
-57
40
138
115
-56
-135
184
33
-199
-76
207
348
-208
-75
171
-212
-362
126
573
0
-430
-98
260
-172
-87
406
-40
-255
76
-32
-208
14
162
-159
38
159
-248
-120
137
-142
-45
157
-465
-470
388
53
-349
326
104
-744
-88
582
-113
-172
497
342
-467
-43
417
-65
40
39
480
212
-513
75
244
139
-1
169
293
-322
-168
208
82
213
92
55
2
-70
67
-53
310
412
31
-53
-110
-82
-105
159
422
-43
-224
51
-314
-212
129
39
96
52
-354
-298
120
-54
-147
252
302
-431
-461
115
300
-105
-147
197
98
-343
-295
537
245
-435
-38
115
-249
-138
281
31
-67
70
-457
-299
312
174
32
-36
-207
-375
-100
106
-134
289
264
-262
-29
-153
-208
-72
157
462
354
71
-525
-307
282
-138
284
640
-156
-317
106
-58
-282
88
324
-1
103
-72
-291
108
-60
66
332
176
-87
-223
2
19
158
-140
-119
515
-91
-484
257
110
-622
17
165
-324
135
95
-274
-115
267
-185
-226
430
-243
-462
100
110
38
129
70
6
-14
-344
4
592
141
-332
103
225
-555
-170
564
310
-11
-77
284
272
207
46
105
320
-150
-357
89
290
-244
-159
304
125
-297
-262
103
162
316
108
-204
19
-45
-450
-198
299
195
-153
-262
199
-204
-707
-3
231
260
-144
-321
-55
-375
-146
-160
108
381
-157
-145
7
-97
-230
-38
350
220
31
-316
-263
93
141
56
170
306
15
-307
-319
-38
112
-22
-40
197
29
-488
-280
247
146
-28
-86
322
251
-220
-94
50
425
149
-142
471
362
-346
-424
273
546
33
231
468
45
-375
-472
247
627
89
-138
294
95
-737
-219
649
312
83
519
220
-533
-260
-71
110
628
375
-208
-389
-238
-392
-93
524
255
-120
-119
-408
-589
59
413
27
61
24
-223
-589
-363
293
44
-37
64
-14
-364
-509
-116
183
237
80
56
-91
-305
-362
-89
198
-12
67
304
-9
-236
34
29
-206
0
36
-32
-34
20
103
18
8
-96
97
96
-85
68
149
11
-203
-48
140
-65
-241
-25
188
-44
-33
216
-206
-304
15
-39
76
29
-93
-214
-201
-69
-41
228
6
-187
192
-33
-286
74
5
-146
187
-54
-262
168
148
-284
79
381
-315
-66
355
-122
-96
58
52
166
223
35
38
272
34
-106
375
210
-188
207
318
-111
-113
302
187
62
206
-1
42
194
21
29
72
-62
-64
199
267
-99
-98
6
-254
-227
66
71
-83
264
227
-170
-157
-141
36
151
84
12
28
-92
-355
22
145
-78
55
121
75
-101
-34
-28
-183
27
9
6
1
-93
-50
-158
-64
54
216
257
47
-84
-133
-66
-23
50
187
-21
-210
-58
-215
-153
306
272
-37
26
69
-264
-217
-94
-161
-22
-37
-76
-63
-256
-472
-223
87
-8
171
280
-202
-281
71
-87
-237
89
208
58
15
-58
-154
-191
9
110
63
-56
-197
-177
-89
-46
-144
-47
180
257
-5
-100
-47
-159
126
314
239
155
-46
-175
-151
35
55
0
126
22
-33
-11
-84
-10
228
268
96
89
65
-33
36
162
105
62
95
98
-14
-53
98
119
136
211
79
-176
-98
137
230
268
126
73
5
-131
-132
103
280
82
-35
28
-126
-363
-166
242
301
-8
-134
-136
-153
-163
-57
286
185
-78
-91
-108
-311
-371
-146
54
161
-8
-286
-264
-40
-172
-205
145
164
-93
-101
-11
-81
-67
6
103
152
8
-81
-40
-28
-28
68
103
10
-36
-69
-41
-75
-85
163
180
30
102
77
-78
-9
216
121
97
241
54
-87
51
-15
-169
64
195
143
118
11
70
20
-51
51
158
-14
-281
-143
-85
-303
-177
15
95
43
-59
-41
-217
-273
-148
104
169
69
139
112
-216
-188
10
64
48
24
140
-151
-428
-182
1
11
-27
149
194
-117
-123
-17
39
69
126
154
65
-33
-194
-152
-18
29
171
178
76
-28
-110
-80
14
184
154
-39
-10
33
-167
-170
77
125
27
41
54
-57
-219
-201
62
173
130
44
61
7
-121
-105
-18
35
94
141
25
-140
-260
-231
-57
104
123
88
5
-134
-177
-136
-29
105
210
245
124
-23
-125
-145
-51
213
369
298
170
-80
-252
-187
-46
64
235
226
50
-3
-12
-76
52
209
187
255
193
37
5
57
13
9
36
14
74
-63
-221
-184
-172
-125
12
186
-7
-136
-75
-127
-53
41
68
27
69
-71
-306
-298
-213
-54
148
144
-52
-245
-255
-191
-88
95
150
126
108
-27
-194
-167
24
215
302
289
134
-119
-173
-36
104
222
174
97
35
-42
-102
-71
-22
47
138
145
4
-86
-96
-94
0
32
29
77
17
-154
-212
-213
-302
-227
-39
79
47
-54
-185
-235
-199
-159
-32
104
64
-103
-224
-222
-92
59
213
311
237
37
-85
-59
-35
43
144
193
181
71
-39
36
113
125
197
256
160
25
-41
-91
-64
33
83
75
29
-113
-158
-138
-67
-8
89
87
5
23
-47
-138
-121
35
56
-6
30
-50
-144
-152
-96
-51
-143
-253
-144
-51
-173
-149
56
126
91
119
107
14
-26
46
167
153
57
35
72
3
-44
6
80
126
134
120
77
13
-10
31
118
153
79
72
111
174
100
5
10
40
68
83
93
42
-37
-78
-55
3
46
38
60
24
-92
-113
-55
-39
-4
74
48
-11
-8
-41
-45
-6
-13
-17
0
-45
-36
12
6
8
25
29
-51
-85
-47
-47
38
78
-36
-165
-229
-204
-108
16
118
75
-50
-170
-228
-173
-46
68
156
197
38
-127
-152
-143
-82
56
112
67
-46
-238
-362
-286
-183
-20
130
93
-42
-173
-241
-168
29
134
159
110
-51
-184
-256
-195
-5
138
153
134
76
-48
-75
13
100
213
259
149
-17
-167
-221
-169
28
199
246
172
9
-143
-190
-109
87
309
384
225
-14
-180
-237
-87
200
393
384
194
-31
-123
-133
-67
111
271
254
135
-28
-158
-174
-47
134
238
226
160
54
-33
-53
-67
-24
10
15
15
3
-22
-92
-42
58
34
39
46
5
-55
-41
-29
-4
7
-53
-33
52
13
-35
32
31
-52
-81
-85
-79
3
49
24
16
-31
-91
-89
-47
24
83
77
35
-8
-60
-106
-47
25
24
-12
-53
-118
-137
-84
-43
-3
-27
-73
-62
-19
-60
-128
-134
-84
-65
-36
10
-26
-80
-122
-120
-87
-47
-54
-27
16
-12
-72
-49
2
-40
7
84
25
-9
2
-26
-24
3
7
43
86
48
-6
17
-5
-23
96
186
171
137
112
87
62
57
51
53
39
-24
-87
-112
-81
-40
31
97
74
20
-15
-16
-3
49
77
56
56
-2
-78
-73
-23
1
36
79
47
-36
-45
-30
-8
-1
-53
-14
18
-29
-4
23
20
31
56
64
37
-2
-19
-8
3
30
56
33
-24
-33
-14
9
57
83
130
95
32
41
44
38
39
51
5
-58
-72
-79
-93
-46
-18
-25
-11
3
22
62
103
87
45
5
-30
-65
-70
-42
-29
-11
30
-2
-47
-57
-61
-47
-9
25
12
-3
-40
-59
-39
-7
9
4
-5
-46
-58
-41
-31
5
46
26
-24
-22
-28
-11
19
41
85
64
15
-13
-27
-38
-25
-16
-20
-3
-2
-40
-54
-35
-45
-36
11
20
10
-14
-78
-139
-164
-103
-12
46
70
22
-95
-138
-140
-98
-19
20
10
-30
-42
-44
-9
45
79
120
108
60
-1
-32
-28
27
75
86
73
16
-14
0
28
47
95
122
78
35
25
3
-9
37
100
88
38
-9
-18
-3
-13
-8
39
58
40
44
40
-24
-62
-28
12
40
48
25
-9
-40
-42
-56
-37
-13
0
-2
-9
-12
-42
-54
-13
34
31
21
10
31
49
31
15
21
-27
-70
-45
-20
-34
-27
4
-41
-68
-72
-48
-28
-5
21
41
10
4
23
26
24
9
16
-6
1
-5
-10
1
-7
-20
-3
24
28
21
25
33
16
27
20
27
35
14
2
5
9
22
38
24
-3
13
35
45
37
20
28
18
26
34
41
24
5
-22
-25
-42
-85
-107
-82
-62
-67
-35
-49
-48
-50
-55
-24
14
-3
-44
-66
-82
-89
-102
-57
-11
3
4
-13
-55
-77
-65
-41
-17
0
18
5
-13
-25
-23
-4
12
32
51
54
35
-9
-31
-7
11
28
52
56
22
-10
-19
0
52
85
79
38
-14
-44
-14
31
42
40
37
8
-33
-22
-9
-6
23
46
17
10
15
9
48
68
79
92
76
40
21
8
-5
18
29
42
62
60
39
50
60
49
58
54
27
13
34
2
-33
-11
27
39
41
29
20
1
-45
-35
0
-23
-28
-7
1
-19
-50
-37
-34
-34
-29
-26
-26
-54
-76
-83
-92
-101
-73
-28
5
7
-2
-18
-26
-12
7
39
46
30
0
-26
-24
-18
-14
-7
3
13
5
-6
-21
-30
-30
-3
7
1
0
16
-8
-29
-25
-36
-39
-25
-12
-43
-76
-76
-59
-49
-47
-55
-64
-85
-69
-45
-40
-50
-45
-40
-34
-11
-13
-22
-44
-41
-33
-28
-4
12
-25
-27
0
19
51
74
60
44
31
33
45
75
86
90
82
66
63
57
71
87
103
77
42
18
0
3
21
39
37
57
61
37
19
31
41
54
65
72
62
33
21
10
-9
-13
-3
4
12
10
-17
-33
-31
-26
-2
15
25
44
31
15
23
32
34
17
12
17
-26
-47
-31
-16
3
18
8
-17
-37
-30
-5
-2
-15
-24
-39
-45
-36
-20
3
-7
-35
-56
-57
-60
-60
-51
-27
-10
-12
-2
-11
-23
-6
8
3
-11
-32
-64
-100
-90
-54
-57
-44
-17
-13
-8
-2
19
17
7
20
27
19
5
-4
-32
-49
-44
-20
-7
4
22
6
-5
4
-2
-12
-7
10
16
16
13
22
15
2
9
20
25
26
21
7
4
-12
-8
-3
1
17
28
39
34
20
12
9
-3
11
39
45
39
47
43
12
-16
-29
-39
-31
11
42
36
21
9
-17
-20
-11
1
1
-5
-22
-42
-57
-37
-34
-11
5
-16
-35
-55
-33
-16
-11
14
34
32
14
1
-12
