SAMPLES:	10565
BITSPERSAMPLE:	16
CHANNELS:	1
SAMPLERATE:	16000
NORMALIZED:	FALSE
-7
1
-8
-6
3
-5
-1
-2
-3
4
2
-3
6
-5
-3
-6
-2
-2
5
6
-1
7
-3
-2
0
4
5
5
1
9
5
-2
4
3
2
0
5
4
8
4
3
9
-1
5
-1
2
0
-2
4
0
3
7
2
4
-1
-1
5
-4
0
-4
6
1
-2
-1
0
-3
-4
0
0
3
1
4
3
0
4
-2
-3
3
-2
-2
7
-5
5
4
-1
1
6
-6
-2
3
-4
0
6
-1
6
7
-1
4
-1
-7
3
3
-5
-1
0
-1
1
-5
-7
-2
-1
-1
-1
5
2
5
-6
-4
1
-8
-1
-5
-4
3
-5
-3
1
-4
2
0
-2
-2
-4
-5
-3
-1
-3
-6
0
1
-5
3
-6
0
1
-2
2
-4
-2
-3
-3
-13
1
0
-6
0
-2
-3
0
-6
-6
3
-2
-1
-4
1
-6
3
-4
-2
8
-5
-8
3
4
-9
4
0
-3
6
-4
-2
3
-5
3
0
6
4
4
-4
2
-2
-5
4
-3
8
1
5
4
7
8
6
9
8
-1
5
-2
1
9
-4
16
3
7
3
-2
8
-5
13
-1
12
9
-3
12
-4
1
-9
0
2
-7
9
-5
16
6
-1
7
7
0
-5
-5
-1
-6
-2
-2
-11
9
-6
-3
3
2
2
10
-2
5
0
-10
-2
-4
0
-2
-1
-5
-4
-3
-4
3
1
-4
4
-5
-6
2
-2
-8
3
-4
-9
6
-14
-1
3
-10
6
0
-4
-1
-5
-6
1
-9
-10
-4
1
-11
2
-3
-7
2
-7
1
-3
2
-6
-2
3
-3
10
-9
3
-2
-4
3
4
7
-2
4
-5
6
5
-2
4
5
9
-5
6
-2
4
-1
5
11
6
7
-7
12
-9
3
-4
6
4
3
-1
2
3
-12
5
4
5
-3
11
-5
5
4
-6
8
-2
-7
-5
-2
-5
-7
7
-3
4
-3
-1
1
-1
-6
-6
1
-3
-2
4
-4
1
5
-16
10
-8
-5
5
-1
10
8
13
-4
2
1
0
9
3
8
0
5
-2
-8
8
6
-3
6
8
2
6
-10
4
11
-7
-3
13
5
3
10
5
1
6
-4
3
4
0
-2
4
-5
-11
5
-16
-2
2
2
-6
2
-9
3
-2
-2
7
-17
11
-10
-6
-12
2
-6
-1
-1
4
-10
2
-14
2
-3
-12
-3
-11
0
-18
-14
-4
-13
-1
5
-6
10
-6
-11
-3
8
-13
10
-14
-1
-5
-8
-1
-6
15
8
-7
5
-1
-1
-4
3
-10
0
11
-1
5
17
3
4
10
-6
1
12
-5
7
12
-9
13
-7
-4
6
9
-5
11
15
5
-1
0
1
-2
13
-9
16
4
-13
12
-20
8
13
-13
13
5
5
-9
2
-11
2
6
6
4
10
-9
0
-4
-5
10
3
5
-3
8
-13
7
-10
-13
14
-5
4
5
-9
-2
-16
13
-3
-5
8
-7
19
-14
-3
0
-16
9
-13
9
-4
-11
-5
-7
4
1
1
12
0
11
-10
10
7
-2
21
-14
5
-3
-8
-2
-9
11
14
4
16
-13
12
-9
-9
9
-7
3
-8
18
-3
3
8
-9
-7
3
-6
-16
14
-12
2
-2
-6
-6
1
1
-2
-3
-17
-5
-7
-1
-4
-1
-8
-11
-3
2
-11
-6
-12
12
-6
7
-14
4
3
-12
1
-8
7
-18
4
3
7
5
-1
6
5
15
-6
5
-8
4
-6
5
1
1
11
-15
32
-2
3
9
-3
-5
3
11
-23
32
-13
6
-4
4
3
2
14
2
15
-9
26
-9
13
-23
17
10
-8
26
-4
22
-8
-2
-1
1
21
-13
11
3
13
1
-16
7
-4
20
-23
9
5
5
10
-22
-6
-7
23
-14
-13
6
-14
-17
3
-18
4
-1
-12
8
-17
20
-29
1
-4
-13
9
-16
5
-9
19
-16
-16
9
2
1
24
-21
14
-12
-7
-9
-5
15
-11
12
3
-8
8
-11
7
15
-6
1
-2
11
-9
27
-13
10
17
-21
-2
9
-8
-6
16
11
2
0
-6
-10
17
-31
30
-1
-6
3
-9
-2
-5
-20
15
7
-8
13
-25
16
-4
-14
-12
4
-7
-15
20
-24
8
14
-28
12
-15
-4
-16
27
-28
2
14
-19
7
-12
0
-10
13
-17
13
-5
23
-7
-3
14
19
10
-12
30
-29
0
10
-24
23
6
4
-1
29
-13
11
29
-16
22
2
5
-2
-4
4
2
3
-1
-6
16
3
6
7
-3
8
3
-16
-7
-16
27
-27
4
14
-10
7
-14
14
0
9
-15
0
10
14
-16
-9
7
-5
21
-20
7
-11
-3
-7
-3
34
-9
8
-7
6
-12
-3
-3
9
-4
13
-10
-4
5
-22
23
-24
10
1
-7
-26
-3
-5
-3
9
5
7
8
-3
-8
1
-23
4
3
-17
27
-16
-17
-10
-4
-11
-6
4
-7
31
-21
-1
-11
-19
-2
-2
-10
7
8
7
12
-14
-1
7
-17
2
14
27
-18
2
1
13
2
13
13
-20
10
-1
-12
17
9
-1
10
16
-19
12
-14
-5
17
-17
19
-21
35
-36
23
4
-1
-1
-32
3
8
24
-37
42
-8
-10
1
-15
10
-29
34
-31
30
3
-26
-4
2
1
2
10
-10
40
-7
-12
5
-11
9
11
-4
16
6
2
7
1
-2
22
-15
-1
22
-32
30
-14
-10
-1
10
4
15
7
-15
15
-15
-28
1
13
2
3
19
-27
51
-29
-19
25
-18
3
-10
0
-12
23
-16
-18
4
-6
19
28
9
-12
-13
-17
-11
4
17
34
10
-1
-22
-2
-6
-1
6
-3
12
7
-12
12
-13
10
-31
0
17
-12
-2
-8
0
-15
13
-41
35
-9
-10
8
-2
4
-20
-13
-18
-2
-9
-13
30
-23
-7
10
-22
-16
14
-9
16
17
13
-2
-37
27
-41
21
19
-22
43
-6
2
0
9
-23
47
-12
35
-8
7
-31
-9
-9
29
15
-22
9
-8
18
-41
25
-24
52
-37
16
3
-40
25
-7
-43
21
14
-25
-13
13
-52
47
-49
10
43
-6
-13
16
-10
3
8
-54
52
-29
26
-26
5
4
-12
46
-39
57
30
7
0
-21
9
22
-42
-1
26
24
31
20
-46
31
3
-46
61
-74
97
-31
-1
1
-5
-9
-51
61
-97
92
-53
16
10
11
-36
22
20
-77
94
-62
3
-23
13
-46
-3
29
-29
74
-48
48
-24
-4
-32
46
-43
71
-8
-3
49
-31
-15
-1
-22
9
23
23
-2
53
-48
36
-56
28
4
-4
-19
20
23
-27
4
-1
-16
4
12
-22
23
-17
-28
-5
-23
-12
49
-34
9
2
-31
29
-36
27
-95
83
-67
9
31
-27
9
-35
21
-44
32
-68
-13
45
-11
2
5
-18
3
22
-40
44
-53
-5
32
-94
86
-56
-6
32
-33
17
20
12
-55
65
-86
36
38
-96
68
81
-65
66
-81
34
-14
8
-50
102
-1
-23
11
25
-44
55
-6
17
83
-51
45
-24
9
12
2
-31
71
-18
-1
120
-87
21
54
-122
121
-70
18
45
57
-70
50
-25
-55
80
-117
35
-26
8
14
56
-54
0
33
8
10
-2
-35
-13
10
-44
-3
4
18
20
3
23
-1
-39
32
-86
55
16
-17
-5
-28
-6
55
40
-33
-52
51
-23
23
-20
83
-4
-10
-19
-69
57
-95
76
2
38
2
85
-102
-10
-71
8
-48
63
21
52
-82
65
-146
-63
-11
-9
14
36
23
0
44
-108
-43
33
-46
23
86
21
-39
-41
63
-170
116
9
-24
98
-63
-16
-39
-76
-5
35
66
47
77
-59
-88
68
-125
-31
80
67
33
32
-22
2
-69
-6
-32
98
-56
69
39
-80
59
-158
115
-53
84
-65
129
-105
55
-82
5
-51
124
-18
-14
-27
1
-68
17
-39
14
41
-4
118
-62
34
-64
45
-165
136
-75
141
-95
65
-69
113
-94
-72
130
-103
189
-138
129
-44
95
-130
80
-94
115
17
-51
62
-8
-23
-20
6
12
-41
154
-45
200
-94
18
29
110
-119
76
65
-151
178
-100
-1
72
130
-191
152
-100
47
-17
-32
100
-114
106
-33
-52
46
33
-136
70
-152
-59
79
-116
-1
-121
-48
66
-126
41
-44
48
-184
-60
-23
-83
-20
-174
177
-154
23
-113
66
-165
44
-81
-238
335
-173
112
-146
81
-163
40
107
-96
217
-26
-15
-95
11
-121
74
116
-23
245
18
41
-15
-31
27
124
-64
70
191
55
47
-64
-24
-66
153
17
154
66
236
-196
104
-141
-88
178
-4
101
13
86
-70
-23
92
-58
61
128
17
144
5
-92
-92
136
-156
47
42
14
32
-32
-95
-36
-32
140
33
85
-160
-32
-184
-75
-241
159
-34
-60
137
-231
68
-62
-108
-81
132
-89
-34
-134
-21
-59
-74
-95
-1
1
-141
-22
-113
-46
184
-213
59
28
67
17
28
-33
24
15
-38
112
-111
171
-73
133
172
71
129
151
197
-139
306
-7
13
298
-21
217
233
-10
84
176
-26
118
114
21
103
199
-211
192
-120
-119
93
-70
115
-1
-51
-113
-34
-62
-333
-100
3
-117
-3
-205
-310
-21
-189
-471
-7
-323
-134
-163
-261
-255
-258
-275
-135
-383
14
-213
-177
-59
-286
-89
-107
-46
-309
147
-239
-118
41
-127
-14
173
109
-9
304
294
72
173
-51
21
504
102
28
652
123
307
335
146
328
446
265
467
558
259
576
270
364
379
397
350
283
441
369
255
330
185
155
279
92
-39
208
-31
-63
-45
-413
-171
-383
-329
-491
-235
-603
-549
-530
-604
-628
-538
-538
-708
-349
-754
-549
-681
-592
-519
-741
-660
-386
-534
-503
-176
-332
-163
-220
-243
3
-231
-21
-9
268
-47
386
208
138
587
74
669
165
440
779
524
773
618
839
609
732
901
371
923
984
428
1163
714
479
1097
496
629
989
651
321
590
383
0
314
-142
-175
204
-207
-368
-122
-816
-664
-584
-988
-723
-716
-794
-829
-754
-1042
-1071
-846
-1046
-815
-511
-926
-808
-830
-1366
-802
-876
-779
-719
-1005
-819
-1072
-803
-764
-628
-582
-341
-37
-226
77
-275
59
36
181
457
686
743
580
240
319
803
831
920
1217
1452
1137
1341
1356
1157
1319
1625
1404
1973
1579
1374
1477
1306
1183
1695
1358
1609
1479
839
848
739
217
200
4
-233
116
-501
-678
-788
-1140
-1249
-1030
-1178
-910
-1023
-1471
-1124
-1418
-1548
-1080
-1108
-1055
-807
-971
-1179
-1211
-1579
-1530
-1431
-1022
-1167
-765
-795
-1344
-1267
-1151
-1223
-1131
-683
-800
-225
5
-432
-588
111
-284
43
617
148
327
953
789
925
1468
1323
1217
1571
1720
1746
1753
1569
1503
1898
2096
1981
1978
1895
1854
1876
1907
1589
1430
1370
1225
810
701
544
-212
-192
-310
-906
-785
-1086
-1525
-1193
-1431
-1626
-1237
-1620
-1543
-1281
-1651
-1438
-1547
-1469
-1427
-1498
-1192
-1381
-1243
-1240
-1495
-1168
-1183
-1178
-996
-978
-1192
-1436
-1146
-1145
-1243
-633
-939
-820
-293
-479
-249
43
146
-36
665
626
567
1406
1260
1263
1705
1697
1624
2016
1904
1836
1997
2050
2006
2318
2339
2375
2756
2503
2234
2414
1970
1764
1707
1359
1103
773
305
117
-232
-524
-800
-947
-1241
-1615
-1645
-1775
-1806
-1702
-1602
-1809
-1760
-1773
-1988
-1831
-1745
-1817
-1331
-1106
-1317
-1132
-1458
-1334
-1182
-1281
-990
-956
-1013
-1188
-1443
-1346
-1366
-1326
-805
-820
-492
-46
-231
-286
-327
-131
175
362
835
1230
1565
1652
1492
1796
1654
1674
2029
2096
2324
2723
2594
2421
2400
2312
2568
2730
2748
2662
2274
1750
1419
1109
662
520
348
-8
-317
-661
-1152
-1698
-2004
-2144
-2142
-1972
-2172
-2279
-2373
-2485
-2342
-2257
-2154
-1974
-1800
-1696
-1509
-1510
-1332
-1445
-1286
-1135
-959
-834
-742
-798
-1008
-969
-996
-953
-984
-1020
-824
-607
-226
-60
-213
-97
77
-217
688
1260
1171
2031
1968
1755
2025
1912
1906
2276
2609
2871
3394
3395
2876
2792
2668
2479
3014
2918
2709
2624
1892
1401
844
172
-30
-317
-614
-723
-1202
-1862
-2405
-2622
-2518
-2474
-2513
-2513
-2558
-2802
-2781
-2563
-2608
-2423
-1932
-1897
-1626
-1584
-1612
-1624
-1611
-1286
-983
-691
-569
-726
-982
-968
-940
-938
-740
-562
-112
203
-275
-116
-40
-129
83
600
1193
1571
2081
1691
1838
2109
2184
2442
2716
2786
3155
3365
3236
3122
2948
2985
3067
3463
3432
2987
2518
1847
1533
1032
690
211
-384
-668
-1182
-1637
-2250
-2593
-2886
-2573
-2460
-2652
-2870
-3291
-3419
-3035
-2798
-2579
-2272
-2206
-2067
-1970
-1986
-2168
-1960
-1652
-1353
-917
-775
-1180
-1264
-1211
-1176
-805
-742
-819
-562
-511
-420
-180
-269
-233
-82
475
1411
1604
1792
1845
1761
1911
2173
2197
2460
2923
3229
3488
3749
3350
3013
3272
3390
3686
3963
3357
2866
2464
1900
1502
1098
529
-79
-472
-724
-1343
-1941
-2398
-2804
-2583
-2481
-2707
-2857
-3117
-3368
-3139
-2756
-2728
-2581
-2312
-2329
-2150
-2022
-2203
-1849
-1719
-1613
-1182
-1156
-1294
-1268
-1319
-1157
-826
-802
-792
-630
-615
-660
-432
-304
-207
-35
698
1444
1868
1851
1557
1910
1857
2422
2696
2662
3114
3161
3402
3595
3449
3281
3430
3671
3957
3821
3371
2561
2186
1916
1399
1005
398
-275
-671
-1080
-1503
-2137
-2620
-2798
-2660
-2673
-3074
-3230
-3301
-3377
-3031
-2776
-2774
-2630
-2447
-2272
-2070
-2029
-1956
-1776
-1678
-1220
-1033
-1042
-1120
-1167
-1099
-1002
-861
-905
-453
-444
-449
-337
-438
-436
62
947
1655
2118
1833
1647
1734
1891
2295
2597
2726
3187
3138
3238
3191
2896
3174
3391
3673
3999
3377
2818
2354
1983
1871
1362
758
105
-445
-1000
-1548
-1983
-2483
-2761
-2556
-2798
-2993
-3335
-3374
-3270
-2934
-2741
-2635
-2594
-2647
-2406
-2080
-2110
-1687
-1386
-1528
-1259
-1242
-1241
-1004
-1055
-884
-779
-918
-734
-680
-465
-449
-204
-245
-159
-218
574
1334
1797
2161
1775
1911
1788
2018
2145
2514
3069
2993
3281
3296
2797
2950
2940
3054
3649
3599
3026
2589
2011
1636
1442
925
230
-215
-954
-1641
-1770
-2382
-2633
-2574
-2640
-2832
-3009
-3092
-3152
-2924
-2672
-2561
-2329
-2262
-2342
-1973
-1892
-1779
-1241
-1378
-1347
-1067
-1107
-883
-695
-648
-580
-594
-622
-434
-28
-43
-11
194
96
136
932
1583
1849
2231
1915
1842
2063
2204
2171
2533
2946
2890
3272
3193
2807
2902
3046
2872
3337
3214
2498
2143
1785
1376
957
405
-285
-738
-1065
-1698
-1930
-2435
-2957
-3046
-3145
-3174
-3529
-3551
-3326
-3111
-2708
-2565
-2743
-2528
-2493
-2175
-1758
-1591
-1473
-1588
-1621
-1409
-1203
-918
-951
-773
-500
-455
-361
-134
145
273
367
444
347
513
1584
2023
2478
2305
2183
2164
2341
2570
2608
3136
3348
3435
3617
3276
2915
2971
2988
3274
3353
2935
2243
1681
1618
1253
810
401
-588
-938
-1257
-1847
-2339
-2895
-3375
-3360
-3184
-3469
-3864
-3864
-3669
-3445
-2805
-2671
-2754
-2543
-2431
-2204
-1799
-1777
-1814
-1637
-1632
-1492
-1021
-970
-944
-581
-550
-364
-94
-63
177
510
556
479
395
1219
1978
2357
2579
2505
2599
2643
2877
2992
3156
3563
3606
3796
3854
3353
3374
3384
3480
3719
3413
2642
2246
1971
1744
1418
860
-34
-766
-1007
-1449
-1845
-2536
-3161
-3430
-3261
-3410
-3747
-3857
-3779
-3655
-3197
-2957
-3189
-2944
-2842
-2627
-2121
-2167
-2288
-2148
-2096
-1980
-1438
-1237
-1353
-1195
-1292
-1214
-792
-596
-490
21
-36
101
-91
431
1459
1971
2349
2266
2361
2456
2823
2882
3105
3487
3636
3756
4020
3552
3602
3825
3762
4032
3816
3174
2731
2506
2283
2022
1440
589
-479
-786
-1102
-1489
-1899
-2593
-3146
-3210
-3372
-3739
-3804
-3501
-3524
-3144
-2818
-3189
-3024
-2744
-2760
-2250
-1996
-2263
-2059
-2086
-2121
-1769
-1423
-1535
-1379
-1383
-1426
-1111
-881
-947
-554
-477
-477
-390
-159
977
1403
1872
1922
2092
2136
2433
2726
2844
3248
3682
3590
3918
3952
3523
3865
3964
4026
4047
3765
3118
2943
2801
2412
2010
1253
138
-270
-499
-1091
-1566
-2170
-2878
-3003
-2985
-3322
-3479
-3401
-3370
-3259
-2963
-3042
-2995
-2588
-2464
-2201
-2018
-2215
-2259
-2108
-1997
-1731
-1308
-1427
-1349
-1433
-1577
-1458
-1113
-999
-658
-336
-638
-601
-590
426
1253
1693
1792
1743
1734
1984
2457
2589
2856
3262
3449
3713
3903
3678
3653
3758
3914
3936
3651
3221
2833
2790
2591
2098
1471
552
-267
-498
-674
-1284
-1954
-2716
-3037
-3037
-3090
-3405
-3397
-3398
-3388
-3083
-2921
-3084
-2809
-2588
-2483
-1975
-2011
-1963
-1957
-1847
-1902
-1508
-1256
-1276
-1130
-1315
-1312
-1054
-839
-964
-595
-625
-427
-541
-71
921
1378
1542
1009
1628
1844
2131
2339
2588
2739
2938
3462
3459
3394
3525
3376
3492
4101
3615
3154
3138
2661
2396
2514
1709
630
259
-148
-401
-683
-1358
-2407
-2785
-2720
-2790
-2945
-3230
-3297
-3178
-3075
-2734
-2653
-2876
-2625
-2415
-2015
-1941
-1844
-1730
-1677
-1676
-1540
-1217
-1167
-976
-1053
-989
-844
-823
-494
-273
-158
-124
-276
-111
922
1517
1673
1443
1469
1552
2039
2326
2139
2679
2952
3071
3459
3371
3053
3239
3428
3467
3548
3244
2497
2404
2529
2084
1940
914
-128
-485
-558
-898
-1443
-1995
-2757
-2842
-2876
-3308
-3490
-3435
-3452
-3031
-2785
-2946
-2945
-2683
-2630
-2257
-1817
-1958
-1734
-1599
-1663
-1446
-1146
-1058
-888
-785
-1000
-902
-750
-612
-343
23
-168
11
-116
633
1638
1838
1875
1619
1871
2008
2539
2620
2798
3143
3236
3379
3599
3304
3308
3576
3557
3656
3166
2691
2318
2250
2315
1921
1138
65
-522
-683
-1056
-1474
-2029
-2839
-3128
-3211
-3281
-3523
-3695
-3621
-3468
-3115
-3028
-3127
-3054
-2742
-2434
-2249
-2207
-2053
-1942
-1879
-1705
-1330
-1084
-1089
-963
-1038
-912
-678
-499
-384
-133
-119
89
171
646
1683
2045
2279
2098
2271
2523
2999
2920
3015
3435
3553
3784
4017
3978
3762
3935
3925
3967
3669
3138
2708
2533
2355
1927
1141
188
-477
-857
-1161
-1640
-2218
-2897
-3248
-3396
-3542
-3762
-4007
-3921
-3724
-3457
-3241
-3298
-3277
-3102
-2955
-2549
-2368
-2268
-2103
-2081
-1987
-1767
-1387
-1041
-961
-981
-1091
-962
-677
-422
-166
-237
52
62
756
1722
2109
2087
2035
2317
2462
2999
3102
2973
3441
3760
3899
4287
3949
3780
4036
4174
4128
3812
3338
2659
2699
2515
2126
1435
395
-263
-577
-903
-1554
-2321
-3063
-3427
-3447
-3608
-4018
-4076
-4070
-3831
-3486
-3310
-3367
-3447
-3162
-2842
-2517
-2264
-2180
-2098
-2142
-2116
-1900
-1492
-1176
-1060
-1048
-1190
-1110
-767
-565
-318
-273
12
-151
451
1669
2035
1975
1819
2026
2507
2981
2891
2937
3421
3674
3834
4285
3918
3756
4005
4063
4291
3930
3404
2956
2901
2812
2304
1445
514
-73
-251
-641
-1228
-2012
-2850
-3034
-3122
-3191
-3578
-3939
-3815
-3710
-3386
-3225
-3271
-3367
-3207
-2947
-2640
-2477
-2307
-2067
-1944
-2047
-2021
-1658
-1418
-1204
-1267
-1278
-1245
-1091
-832
-527
-382
-206
-417
367
1578
1836
1730
1583
1993
2423
2969
2851
2933
3436
3584
4010
4456
4106
3893
4140
4121
4235
3993
3404
2949
3090
2930
2425
1668
518
48
-207
-560
-1066
-1907
-2771
-3077
-3082
-3280
-3692
-3926
-3835
-3744
-3400
-3281
-3392
-3444
-3285
-3019
-2706
-2545
-2476
-2261
-2264
-2394
-2161
-1705
-1484
-1336
-1350
-1427
-1293
-1159
-877
-643
-444
-506
-416
572
1578
1856
1554
1699
1906
2394
2844
2761
2993
3287
3551
4134
4383
3872
3767
4149
4485
4290
3811
3193
3002
3148
2862
2614
1703
650
-14
-179
-384
-1114
-2086
-2760
-2918
-2831
-3108
-3466
-3739
-3689
-3389
-3212
-3017
-3195
-3345
-3176
-2849
-2533
-2410
-2289
-2167
-2195
-2290
-2134
-1643
-1447
-1443
-1467
-1444
-1353
-1240
-1050
-928
-756
-613
-233
846
1311
1425
1332
1720
2060
2465
2610
2516
3071
3440
3633
3893
3881
3658
4032
4148
4331
4206
3684
3209
3133
3269
2740
2298
1522
672
326
-189
-646
-1261
-2055
-2511
-2607
-2759
-3189
-3368
-3238
-3351
-3242
-3006
-3018
-2940
-3013
-2838
-2762
-2491
-2395
-2312
-2226
-2348
-2251
-2021
-1642
-1254
-1310
-1630
-1634
-1406
-1133
-1043
-1112
-1028
-1051
-520
557
1141
1163
1001
1364
1679
2179
2415
2416
2800
3236
3456
3854
3828
3602
3902
4206
4365
4149
3788
3151
3065
3211
2821
2090
1249
606
222
80
-473
-1182
-1909
-2280
-2437
-2648
-2978
-3244
-3130
-3129
-3078
-2825
-2718
-2781
-2759
-2606
-2471
-2344
-2147
-1997
-1904
-2005
-2141
-1946
-1573
-1291
-1373
-1903
-1870
-995
-994
-1547
-1118
-447
-1149
-987
307
1314
1584
750
520
1952
2864
1795
1614
2860
3451
3350
3515
3149
3713
4191
3599
3705
3989
3800
2939
2738
3017
2890
2143
719
242
294
-301
-757
-1292
-2092
-2384
-2309
-2432
-2823
-2797
-2884
-2931
-2753
-2662
-2290
-2240
-2612
-2313
-1959
-2065
-1935
-1734
-1677
-1736
-1766
-1642
-1208
-863
-1085
-1257
-1428
-1218
-917
-1006
-1035
-727
-900
-342
592
1120
1424
766
943
1489
2312
2038
1805
2408
2877
3409
3367
3036
3389
3582
3467
3850
3724
3337
2514
2281
2655
2686
1911
655
237
261
-132
-568
-1240
-1838
-2118
-2435
-2421
-2543
-2838
-3122
-3143
-2656
-2528
-2521
-2482
-2494
-2182
-2157
-2239
-1920
-1722
-1818
-1856
-1897
-1578
-1162
-882
-979
-1040
-1155
-973
-762
-732
-649
-399
-475
-296
433
949
1241
856
945
1329
1878
1836
1642
2144
2840
3119
2987
2737
2945
3206
3229
3460
3543
3409
2789
2387
2537
2573
2023
1277
790
613
156
-549
-1028
-1447
-1732
-2040
-2235
-2379
-2503
-2729
-2956
-2661
-2272
-2229
-2429
-2454
-2224
-1921
-1830
-1629
-1516
-1534
-1629
-1765
-1536
-1214
-758
-569
-967
-1357
-1208
-933
-955
-894
-473
-183
-274
-332
-32
689
1041
838
892
1234
1441
1324
1389
1805
2285
2384
2443
2557
2558
2511
2733
3152
3254
3018
2682
2582
2479
2135
1699
1535
1287
825
422
159
-179
-774
-1241
-1293
-1210
-1475
-1824
-1981
-1996
-2035
-2003
-2031
-1971
-1986
-1964
-1947
-1907
-1840
-1811
-1804
-1782
-1576
-1446
-1464
-1621
-1540
-1362
-1282
-1294
-1025
-733
-633
-788
-831
-527
-290
-341
-326
169
630
738
763
920
1178
1327
1418
1330
1422
1624
1581
1601
1838
2116
2147
2079
2053
2243
2451
2390
2198
2152
2128
1971
1829
1488
1206
1050
799
522
210
-90
-334
-625
-833
-927
-983
-1281
-1548
-1598
-1565
-1636
-1658
-1672
-1742
-1799
-1808
-1744
-1746
-1644
-1592
-1552
-1625
-1750
-1575
-1223
-1245
-1466
-1499
-1255
-968
-812
-820
-712
-366
-197
-171
-119
163
405
459
508
727
931
1090
1178
1353
1615
1709
1545
1349
1470
1647
1808
1727
1516
1560
1725
1698
1582
1486
1480
1447
1315
1145
1001
994
846
573
291
75
-126
-345
-524
-658
-756
-967
-1183
-1310
-1461
-1569
-1567
-1555
-1643
-1480
-1343
-1434
-1607
-1583
-1294
-1036
-907
-961
-1067
-1056
-884
-737
-595
-567
-591
-559
-398
-231
-52
63
271
571
761
634
477
713
879
1000
964
946
967
1026
1081
1068
964
879
913
896
808
768
774
789
682
554
470
398
285
143
11
-4
64
7
-57
-108
-128
-239
-367
-424
-388
-409
-523
-578
-700
-858
-770
-661
-669
-906
-1022
-936
-740
-620
-617
-599
-567
-423
-247
-146
-76
70
260
426
339
363
535
702
555
557
775
876
777
597
666
864
742
445
415
457
479
371
288
212
126
119
119
3
-109
-160
-256
-333
-416
-625
-602
-562
-706
-750
-726
-644
-693
-863
-954
-815
-688
-722
-735
-650
-672
-678
-552
-360
-277
-340
-356
-238
-155
-113
-25
168
277
286
385
460
524
631
719
790
962
990
911
871
1088
1378
1410
1258
1197
1238
1269
1230
1314
1184
1010
1016
913
744
514
350
299
316
113
-139
-266
-494
-506
-485
-718
-949
-1100
-1066
-1074
-981
-1316
-1550
-1272
-1040
-1303
-1856
-1899
-1524
-1155
-1326
-1665
-1402
-1011
-1094
-1377
-1263
-881
-561
-564
-739
-513
-152
-34
-185
-158
238
499
446
508
793
999
1081
1244
1307
1343
1532
1595
1610
1645
1739
1688
1625
1621
1682
1679
1458
1421
1461
1522
1405
1134
787
644
741
638
410
214
132
-129
-330
-377
-487
-833
-1164
-1144
-975
-1157
-1695
-1876
-1772
-1556
-1573
-1922
-2014
-1787
-1780
-1953
-1834
-1671
-1663
-1527
-1453
-1356
-883
-764
-1026
-918
-531
-242
-106
-204
-401
-18
757
848
541
498
963
1443
1380
1177
1174
1445
1564
1502
1475
1724
1947
1837
1700
1689
1826
1884
1636
1308
1376
1666
1507
1156
833
794
835
530
164
109
102
-61
-166
-304
-505
-735
-977
-1020
-1051
-1300
-1558
-1459
-1523
-1729
-1744
-1730
-1638
-1711
-1810
-1766
-1518
-1353
-1434
-1518
-1486
-1257
-1044
-829
-771
-829
-525
-167
-11
-267
-202
145
483
668
411
399
964
1254
764
479
1166
1728
1498
1187
988
1538
2054
1583
1169
1548
1836
1664
1420
1113
1027
1260
1193
828
786
631
437
401
190
-75
-170
-217
-507
-653
-871
-1031
-924
-1047
-1346
-1301
-1281
-1428
-1480
-1619
-1495
-1446
-1483
-1378
-1173
-1055
-1233
-1312
-1140
-908
-802
-867
-746
-350
-118
-270
-519
-302
25
43
-175
-98
474
823
629
437
671
968
1020
823
684
909
1058
1104
1285
1634
1448
1093
1326
1393
1230
1092
996
1141
1286
914
576
729
604
300
187
284
150
-105
-324
-382
-197
-298
-587
-972
-1070
-909
-829
-812
-953
-1214
-1132
-862
-970
-1274
-1416
-1195
-860
-681
-757
-685
-475
-534
-527
-338
-331
-397
-255
-130
-38
239
299
158
187
218
262
502
627
536
588
678
801
904
672
494
771
1167
1172
1084
1109
813
667
611
632
870
637
373
541
771
588
-37
-440
-590
-384
-144
-233
-357
-278
-452
-925
-1024
-845
-1026
-1351
-1075
-624
-534
-885
-1140
-1003
-900
-839
-669
-339
-269
-344
-567
-490
34
315
-133
-216
408
488
357
102
-16
227
516
652
749
711
389
321
645
801
683
551
587
941
895
787
621
354
415
591
685
309
87
254
497
341
58
-28
199
-82
-745
-734
-647
-647
-1006
-1028
-556
-582
-787
-1178
-1202
-1106
-942
-891
-988
-907
-862
-748
-562
-507
-761
-739
-460
-238
21
197
141
74
242
544
859
908
587
568
995
1204
1169
1037
921
939
1049
1153
1117
968
950
1070
1250
1232
952
710
572
540
507
519
463
323
293
217
43
-97
-211
-364
-443
-318
-283
-665
-1003
-1145
-1312
-1334
-1506
-1562
-1288
-1001
-1246
-1555
-1495
-1406
-1417
-1602
-1655
-1237
-820
-1092
-1118
-537
-142
-216
-482
-259
297
525
155
-12
525
1011
1251
1260
1089
1194
1408
1325
1394
1721
1734
1530
1592
1778
1886
1736
1362
1160
1306
1379
1196
871
604
503
417
402
349
142
-201
-450
-475
-473
-592
-830
-1152
-1141
-715
-525
-865
-1412
-1627
-1608
-1617
-1731
-1922
-2098
-2112
-1760
-1572
-1581
-1559
-1641
-1570
-1538
-1449
-1378
-1278
-1117
-893
-484
-132
-41
98
464
803
1047
1264
1326
1370
1528
1671
1735
1746
1801
1950
2112
2215
2346
2330
2320
2306
2150
1830
1585
1359
1132
1028
1030
1111
877
582
421
231
-70
-523
-855
-1000
-976
-964
-838
-671
-763
-960
-1039
-1139
-1392
-1725
-1837
-1759
-1735
-1817
-2105
-2340
-2455
-2359
-2163
-1929
-1683
-1512
-1584
-1670
-1626
-1700
-1833
-1894
-1481
-620
254
839
1237
1594
1754
1706
1612
1370
1235
1347
1861
2492
2978
3198
3119
2905
2796
2619
2213
1736
1367
1344
1528
1653
1512
1187
850
670
446
20
-445
-775
-980
-1030
-895
-722
-665
-692
-695
-608
-532
-646
-997
-1223
-1372
-1547
-1656
-1759
-1941
-2113
-2138
-2042
-1932
-1990
-2091
-2246
-2348
-2352
-2368
-2499
-2517
-2332
-1714
-836
101
727
966
1013
1096
1360
1527
1495
1519
1921
2653
3241
3338
3210
3045
3004
2897
2704
2321
1911
1650
1549
1481
1383
1093
660
387
178
-132
-531
-932
-1247
-1285
-1047
-697
-557
-568
-562
-411
-301
-316
-440
-526
-619
-677
-692
-688
-921
-1361
-1676
-1781
-1764
-1829
-1939
-2128
-2255
-2341
-2422
-2514
-2713
-2774
-2349
-1476
-492
102
464
705
1206
1557
1393
1084
958
1400
2006
2523
2713
2767
2819
2994
2906
2461
1795
1217
945
746
646
494
294
11
-193
-325
-430
-780
-1228
-1529
-1461
-1042
-676
-488
-457
-119
439
797
765
498
339
297
245
106
-131
-387
-529
-611
-620
-688
-847
-1123
-1418
-1623
-1832
-2044
-2296
-2607
-2501
-1844
-843
-71
265
587
1091
1598
1602
1175
756
850
1292
1736
1980
2090
2360
2621
2648
2270
1679
959
348
16
-291
-507
-705
-847
-1006
-955
-908
-1035
-1359
-1775
-1867
-1665
-1330
-1175
-866
-385
335
1046
1357
1231
1021
926
765
470
167
-100
-218
-253
-315
-346
-382
-473
-716
-1067
-1442
-1689
-1981
-2393
-2478
-1938
-919
-38
399
842
1388
1970
1870
1322
818
755
1181
1467
1608
1740
2181
2543
2524
2090
1634
1041
327
-334
-846
-1061
-1302
-1503
-1652
-1557
-1262
-1194
-1439
-1853
-1984
-1792
-1602
-1493
-1285
-703
182
953
1350
1477
1474
1409
1211
793
360
7
-195
-410
-586
-487
-286
-226
-383
-667
-898
-1203
-1528
-2140
-2415
-2078
-1188
-221
247
969
1641
2523
2625
2145
1631
1409
1515
1488
1588
1694
2102
2351
2399
2165
1968
1467
644
-191
-788
-1055
-1463
-1985
-2274
-2032
-1517
-1243
-1486
-1722
-1735
-1507
-1465
-1600
-1451
-913
-162
500
999
1476
1837
1809
1492
1166
893
340
-340
-832
-944
-853
-830
-917
-943
-834
-728
-966
-1351
-1902
-2337
-2220
-1795
-956
-355
492
1327
2158
2613
2553
2259
1878
1651
1443
1326
1253
1351
1459
1756
1961
2024
1665
1039
403
-229
-814
-1532
-2274
-2637
-2509
-2068
-1683
-1542
-1388
-1152
-861
-750
-805
-863
-711
-382
58
575
1170
1603
1796
1888
1812
1666
1126
317
-350
-778
-1023
-1271
-1421
-1252
-1005
-790
-796
-941
-1197
-1674
-1874
-1906
-1375
-879
-314
415
1278
2142
2326
2220
2019
2063
2010
1701
1259
1010
915
1018
1054
1102
1068
862
509
92
-384
-1095
-1854
-2448
-2588
-2479
-2281
-2096
-1755
-1230
-748
-429
-334
-170
22
223
457
790
1132
1367
1591
1813
1999
1991
1631
1136
648
117
-498
-1058
-1288
-1303
-1133
-1062
-886
-814
-784
-1101
-1300
-1292
-887
-427
-172
342
915
1743
2078
2185
2044
2016
1945
1666
1313
969
716
502
408
327
250
55
-235
-556
-861
-1338
-1905
-2421
-2714
-2799
-2690
-2585
-2309
-1901
-1421
-932
-460
-13
264
484
752
1149
1456
1593
1699
1888
1986
1914
1623
1276
981
623
84
-409
-676
-792
-835
-863
-713
-583
-478
-725
-943
-839
-570
-107
61
541
1048
1769
2044
1996
2073
2056
2062
1749
1430
1001
680
382
76
-61
-280
-526
-810
-1072
-1265
-1633
-2022
-2506
-2790
-3082
-3108
-3009
-2842
-2517
-2145
-1502
-987
-566
-210
183
625
916
1110
1268
1483
1657
1719
1649
1581
1419
1053
614
215
-120
-358
-508
-590
-558
-496
-362
-273
-258
-413
-241
5
461
657
953
1548
2102
2597
2619
2647
2637
2586
2330
1969
1589
1210
805
440
176
-82
-361
-646
-910
-1114
-1413
-1845
-2310
-2759
-3009
-3087
-3045
-2988
-2724
-2328
-1773
-1374
-1049
-637
-189
199
459
682
914
1127
1135
1108
1073
1079
931
650
318
35
-283
-553
-776
-815
-791
-723
-539
-417
-333
-474
-329
-84
373
767
1140
1709
2189
2699
2792
2860
2821
2813
2638
2212
1742
1243
951
708
446
89
-193
-342
-640
-935
-1264
-1579
-1986
-2435
-2735
-2897
-2860
-2950
-2854
-2589
-2127
-1706
-1352
-936
-445
-13
225
484
739
906
902
823
757
699
547
267
23
-164
-441
-621
-750
-771
-727
-683
-597
-445
-296
-366
-452
-266
43
602
990
1402
1968
2534
2905
2962
3066
3011
2900
2530
2047
1715
1372
1015
677
405
122
-137
-466
-798
-1019
-1278
-1618
-1968
-2272
-2475
-2504
-2567
-2577
-2446
-2186
-1896
-1575
-1204
-689
-152
161
427
675
834
833
699
585
462
283
29
-255
-404
-605
-780
-890
-887
-831
-756
-686
-581
-422
-324
-389
-215
60
429
895
1252
1792
2400
2955
3065
3117
3058
2940
2746
2306
1887
1578
1261
778
451
159
-29
-252
-568
-785
-950
-1293
-1771
-2107
-2361
-2425
-2496
-2538
-2415
-2117
-1875
-1620
-1243
-886
-454
-84
207
538
782
880
818
605
361
130
-124
-436
-691
-883
-1044
-1192
-1206
-1094
-867
-706
-637
-495
-337
-381
-539
-349
-35
477
798
1211
1859
2556
2854
2985
3163
3243
3175
2812
2372
1899
1559
1005
615
303
62
-141
-344
-557
-643
-817
-1235
-1635
-1894
-2099
-2150
-2137
-2211
-2077
-1919
-1802
-1532
-1146
-789
-378
-24
200
522
772
753
678
578
378
171
-159
-578
-810
-966
-1223
-1378
-1300
-1214
-1059
-1004
-856
-642
-515
-638
-489
-90
210
583
831
1356
2025
2620
2753
2947
3135
3112
2934
2516
2080
1816
1469
1007
658
379
153
-72
-291
-526
-555
-761
-1078
-1305
-1503
-1673
-1763
-1920
-2011
-1850
-1673
-1581
-1303
-971
-623
-252
23
322
645
780
688
659
564
345
84
-297
-667
-916
-1188
-1395
-1471
-1375
-1235
-1007
-837
-667
-481
-429
-524
-377
-138
142
439
748
1233
1821
2337
2475
2734
2909
2880
2677
2393
2030
1733
1362
889
597
385
133
-123
-309
-545
-583
-725
-1015
-1156
-1215
-1382
-1573
-1722
-1790
-1724
-1618
-1505
-1156
-808
-608
-361
-67
254
536
692
623
621
489
118
-248
-610
-976
-1217
-1419
-1615
-1569
-1377
-1236
-1012
-779
-639
-460
-461
-612
-409
-155
45
278
711
1244
1797
2165
2276
2618
2879
2835
2638
2372
2007
1713
1299
781
489
333
-13
-220
-257
-343
-339
-433
-649
-764
-848
-1127
-1286
-1369
-1475
-1453
-1432
-1386
-1131
-835
-672
-352
56
329
564
652
564
532
435
81
-292
-560
-888
-1169
-1411
-1576
-1511
-1353
-1250
-1029
-684
-451
-348
-335
-395
-233
-35
49
235
591
1065
1531
1927
2052
2399
2702
2741
2617
2421
2149
1817
1461
875
525
362
112
-123
-177
-259
-301
-395
-562
-651
-620
-821
-1066
-1214
-1345
-1424
-1458
-1460
-1382
-1148
-944
-631
-278
10
283
471
486
426
321
22
-307
-564
-918
-1230
-1471
-1625
-1657
-1500
-1327
-1093
-813
-528
-354
-280
-362
-276
-134
12
221
447
824
1192
1637
1904
2239
2545
2640
2588
2555
2370
2141
1826
1335
909
670
373
41
-63
-157
-224
-233
-275
-383
-444
-541
-702
-833
-974
-1134
-1231
-1385
-1462
-1363
-1171
-990
-707
-389
-123
134
230
224
190
37
-234
-500
-816
-1163
-1438
-1651
-1780
-1695
-1598
-1447
-1243
-983
-768
-565
-462
-387
-140
-35
92
284
660
1005
1359
1592
1791
2210
2442
2481
2540
2481
2302
2087
1754
1350
1058
758
351
173
96
-29
-130
-125
-149
-227
-277
-418
-494
-613
-807
-992
-1056
-1117
-1109
-1023
-918
-756
-502
-266
-42
172
326
422
412
233
-32
-317
-684
-1057
-1330
-1514
-1632
-1642
-1620
-1487
-1275
-1020
-786
-536
-444
-262
-113
-53
98
287
505
852
1197
1378
1699
2051
2180
2188
2190
2084
1968
1765
1380
1068
894
587
285
159
87
21
-99
-261
-386
-475
-651
-812
-882
-966
-1066
-1121
-1174
-1136
-1016
-947
-820
-605
-367
-186
-2
138
276
349
269
169
68
-125
-438
-736
-1016
-1242
-1394
-1478
-1357
-1150
-985
-800
-616
-484
-467
-315
-198
-22
187
379
633
996
1245
1370
1633
1924
2063
2138
2177
2075
1999
1764
1437
1108
907
603
376
233
53
-88
-270
-423
-555
-624
-752
-869
-960
-1052
-1173
-1268
-1297
-1267
-1242
-1185
-1000
-780
-626
-454
-250
-50
84
154
192
151
39
-158
-354
-602
-820
-1002
-1142
-1221
-1242
-1177
-1014
-796
-611
-458
-352
-81
60
197
339
539
847
1179
1462
1624
1952
2193
2345
2384
2351
2294
2194
2049
1795
1580
1368
1057
813
616
398
192
-57
-298
-506
-649
-823
-998
-1108
-1235
-1319
-1402
-1439
-1447
-1437
-1398
-1285
-1087
-929
-741
-543
-289
-91
15
75
57
-76
-268
-471
-685
-933
-1203
-1426
-1536
-1529
-1497
-1412
-1173
-886
-697
-612
-427
-268
-150
-40
146
541
917
1207
1392
1704
2045
2209
2274
2421
2524
2503
2326
2078
1841
1620
1288
968
783
623
357
58
-137
-318
-514
-699
-832
-920
-1035
-1173
-1247
-1316
-1343
-1399
-1415
-1380
-1248
-1040
-831
-560
-333
-132
29
171
212
141
3
-227
-496
-782
-1068
-1298
-1482
-1561
-1554
-1438
-1198
-1005
-778
-627
-502
-317
-156
32
170
461
739
1082
1357
1605
1882
2138
2309
2421
2516
2530
2476
2326
2127
1883
1642
1254
936
672
410
139
-120
-343
-505
-677
-841
-964
-1071
-1245
-1352
-1397
-1399
-1399
-1366
-1277
-1111
-913
-790
-587
-386
-167
-2
162
288
304
146
-61
-297
-588
-882
-1170
-1389
-1519
-1603
-1598
-1496
-1308
-1082
-865
-630
-382
-143
-4
146
248
528
835
1124
1373
1621
1925
2151
2333
2460
2602
2689
2622
2448
2210
1920
1568
1190
836
503
162
-113
-399
-635
-827
-1006
-1110
-1192
-1250
-1356
-1391
-1466
-1507
-1565
-1587
-1471
-1258
-994
-776
-500
-228
-32
138
256
262
191
-12
-282
-605
-904
-1243
-1489
-1631
-1666
-1636
-1602
-1466
-1201
-927
-683
-511
-301
-93
14
175
396
751
1038
1378
1695
1985
2317
2548
2760
2861
2931
2851
2705
2505
2170
1783
1411
1059
690
336
-20
-276
-490
-713
-918
-1029
-1134
-1206
-1302
-1339
-1347
-1401
-1477
-1494
-1442
-1332
-1169
-977
-751
-458
-208
-2
122
191
190
32
-190
-486
-771
-1089
-1357
-1583
-1719
-1754
-1719
-1621
-1429
-1143
-893
-699
-507
-338
-156
21
200
465
801
1161
1481
1825
2148
2429
2714
2894
2991
2992
2928
2760
2537
2242
1849
1481
1080
707
377
62
-220
-483
-664
-796
-887
-969
-1047
-1136
-1226
-1283
-1312
-1309
-1296
-1302
-1223
-1081
-889
-695
-497
-276
-88
36
74
41
-78
-262
-514
-821
-1120
-1442
-1709
-1910
-1986
-1985
-1914
-1770
-1508
-1209
-934
-665
-443
-213
-12
185
410
684
941
1309
1635
1975
2235
2493
2734
2888
2971
2959
2894
2655
2347
1921
1492
1072
612
213
-68
-309
-507
-655
-765
-851
-890
-899
-940
-945
-934
-930
-986
-1035
-1037
-1031
-991
-915
-733
-554
-399
-233
-128
-64
-76
-140
-231
-417
-732
-1039
-1281
-1576
-1850
-2041
-2094
-2056
-1926
-1730
-1475
-1190
-933
-708
-480
-266
19
304
603
889
1193
1531
1881
2215
2421
2700
2862
2956
2928
2873
2748
2539
2270
1875
1509
1128
733
303
-16
-262
-422
-512
-567
-600
-630
-675
-703
-731
-703
-710
-711
-702
-716
-740
-749
-766
-736
-663
-558
-416
-308
-256
-268
-282
-384
-558
-784
-998
-1267
-1539
-1798
-1994
-2115
-2172
-2118
-1930
-1634
-1311
-951
-610
-289
-30
251
565
831
1084
1282
1519
1754
1999
2166
2292
2465
2536
2534
2466
2409
2234
1965
1653
1314
1011
653
300
35
-151
-368
-575
-697
-742
-729
-670
-593
-498
-478
-528
-573
-598
-653
-725
-725
-650
-609
-573
-536
-461
-366
-317
-310
-305
-364
-559
-779
-992
-1193
-1440
-1664
-1830
-1894
-1908
-1878
-1746
-1494
-1219
-917
-590
-266
3
224
445
678
887
1029
1175
1376
1599
1750
1939
2064
2208
2238
2197
2109
1976
1835
1617
1360
1066
834
520
207
-45
-189
-341
-473
-506
-454
-375
-300
-236
-179
-156
-227
-274
-318
-427
-589
-750
-852
-894
-875
-800
-704
-616
-549
-475
-442
-443
-494
-621
-811
-1017
-1263
-1515
-1678
-1790
-1823
-1740
-1559
-1336
-1056
-777
-452
-103
164
430
650
818
929
971
1000
1059
1198
1357
1526
1720
1870
1993
2022
2025
1969
1888
1696
1455
1234
995
728
447
232
43
-65
-131
-158
-152
-131
-93
-19
11
-12
-123
-271
-410
-583
-763
-932
-1009
-1074
-1053
-988
-897
-774
-682
-575
-524
-484
-519
-646
-773
-917
-1077
-1289
-1457
-1567
-1606
-1562
-1404
-1126
-808
-510
-241
4
208
370
469
564
651
725
756
844
939
1098
1236
1412
1603
1737
1855
1905
1909
1842
1716
1577
1370
1159
946
741
511
292
97
-54
-108
-150
-170
-214
-186
-213
-251
-362
-476
-611
-780
-917
-1041
-1156
-1287
-1326
-1351
-1345
-1242
-1047
-852
-706
-600
-494
-472
-582
-721
-857
-1006
-1155
-1307
-1385
-1386
-1330
-1233
-997
-735
-466
-176
40
213
345
454
518
553
580
640
718
836
960
1129
1304
1510
1654
1799
1928
2021
2058
2002
1942
1784
1583
1270
1009
765
541
311
120
25
-60
-131
-152
-125
-139
-188
-265
-348
-496
-654
-832
-969
-1097
-1179
-1198
-1217
-1151
-1062
-918
-754
-617
-527
-470
-410
-399
-464
-614
-760
-925
-1076
-1236
-1342
-1347
-1299
-1193
-995
-717
-398
-100
129
280
413
494
534
569
625
706
748
816
931
1075
1261
1468
1679
1830
1943
2003
1978
1901
1768
1589
1343
1068
754
478
233
67
-57
-115
-129
-131
-128
-144
-153
-194
-252
-389
-541
-769
-969
-1132
-1237
-1328
-1340
-1280
-1174
-1035
-909
-759
-648
-586
-566
-568
-640
-743
-878
-1037
-1199
-1349
-1462
-1506
-1481
-1355
-1175
-970
-723
-463
-224
-30
166
340
493
581
630
682
739
794
879
1009
1215
1407
1563
1735
1848
1925
1963
1945
1877
1773
1574
1328
1064
826
622
445
307
195
117
34
-40
-72
-104
-157
-176
-219
-294
-405
-538
-703
-865
-981
-1009
-1030
-1035
-970
-918
-881
-821
-741
-648
-588
-622
-662
-701
-805
-916
-993
-1064
-1137
-1228
-1237
-1174
-1063
-910
-721
-447
-216
-4
195
383
497
572
656
713
781
824
892
961
1029
1069
1150
1278
1408
1511
1576
1628
1630
1544
1465
1354
1214
1011
760
543
352
161
-39
-151
-211
-238
-263
-254
-213
-205
-223
-283
-357
-456
-595
-708
-799
-868
-983
-1003
-1012
-993
-962
-883
-770
-708
-636
-587
-562
-586
-657
-781
-857
-961
-1000
-998
-982
-905
-822
-668
-502
-313
-129
50
187
325
409
425
455
451
424
406
437
515
571
695
840
1018
1168
1285
1389
1486
1528
1480
1392
1254
1061
823
615
429
272
121
17
-27
-73
-104
-104
-15
60
59
24
-10
-100
-289
-478
-636
-744
-902
-1009
-1033
-1019
-986
-925
-779
-617
-489
-417
-370
-322
-316
-349
-386
-437
-538
-702
-826
-885
-869
-794
-659
-528
-403
-259
-82
73
169
271
331
341
331
319
318
352
379
458
575
667
733
855
953
1028
1114
1141
1151
1126
1086
970
866
764
629
519
394
262
170
92
40
16
62
99
85
52
-19
-131
-259
-361
-487
-566
-629
-678
-703
-704
-706
-684
-639
-550
-438
-339
-270
-258
-236
-275
-344
-400
-474
-528
-614
-669
-684
-718
-712
-694
-598
-528
-423
-306
-167
-96
-77
-12
73
140
147
203
259
333
352
399
431
508
580
662
754
864
919
905
929
935
928
884
818
708
611
498
375
284
181
101
59
1
-27
-56
-60
-126
-180
-203
-231
-286
-330
-326
-355
-392
-433
-391
-363
-357
-357
-317
-292
-294
-292
-261
-228
-239
-275
-285
-293
-343
-466
-568
-622
-668
-689
-638
-566
-496
-419
-356
-281
-224
-154
-137
-97
-77
-39
-2
69
144
226
339
419
486
537
627
732
787
786
789
783
778
736
702
684
624
523
454
414
363
301
277
232
215
195
169
155
139
98
59
48
-8
-50
-101
-100
-111
-94
-83
-67
-79
-154
-214
-239
-282
-299
-309
-314
-329
-373
-454
-527
-576
-648
-731
-801
-844
-898
-927
-911
-854
-792
-716
-613
-519
-424
-357
-273
-221
-165
-105
-50
2
85
168
250
318
373
422
483
577
653
740
815
876
906
889
854
781
683
607
526
500
492
478
451
451
466
530
547
552
551
497
431
375
313
260
192
106
36
17
-31
-60
-95
-125
-194
-264
-325
-394
-486
-570
-659
-753
-843
-930
-1016
-1099
-1152
-1158
-1127
-1098
-1054
-997
-875
-788
-705
-630
-542
-535
-547
-512
-416
-351
-301
-230
-118
-7
103
214
348
488
591
691
757
810
814
823
852
872
853
856
894
907
907
934
975
1011
1002
991
972
960
900
824
738
656
540
415
346
279
218
162
106
39
-37
-124
-185
-281
-372
-469
-554
-647
-729
-803
-865
-892
-945
-1023
-1085
-1098
-1162
-1194
-1181
-1169
-1146
-1094
-1027
-936
-847
-802
-733
-672
-633
-612
-537
-438
-331
-250
-133
-17
83
226
358
507
650
755
824
916
994
1044
1055
1111
1147
1129
1072
1052
1036
1007
990
1009
1036
1056
1067
1013
967
857
709
538
434
333
221
112
37
-23
-119
-188
-234
-244
-269
-306
-387
-466
-594
-748
-874
-947
-1001
-1025
-1075
-1126
-1185
-1240
-1262
-1274
-1237
-1201
-1160
-1113
-1048
-989
-930
-865
-808
-746
-684
-602
-495
-339
-200
-82
42
210
361
484
598
712
806
883
921
951
989
1029
1059
1091
1123
1123
1115
1108
1119
1138
1136
1088
1037
977
933
871
840
777
724
626
530
434
321
218
108
34
-14
-41
-85
-171
-250
-345
-444
-550
-639
-733
-826
-894
-944
-990
-1058
-1090
-1098
-1118
-1139
-1150
-1153
-1149
-1131
-1074
-994
-886
-825
-737
-619
-496
-376
-284
-171
-59
32
103
175
235
326
409
474
541
619
652
686
764
830
881
880
885
886
866
838
805
787
756
724
703
709
708
674
632
599
526
447
354
247
154
84
29
-63
-153
-260
-364
-452
-498
-532
-539
-554
-545
-537
-535
-556
-596
-631
-651
-699
-774
-805
-850
-869
-843
-810
-760
-717
-693
-613
-510
-375
-272
-173
-115
-39
23
72
149
182
199
192
210
219
235
257
331
423
495
542
596
638
658
633
625
617
589
522
503
527
462
425
405
391
381
346
318
308
270
232
229
234
196
158
106
45
20
-14
-52
-102
-175
-249
-294
-300
-282
-271
-268
-261
-270
-268
-253
-239
-262
-280
-303
-314
-339
-364
-387
-393
-347
-341
-330
-337
-320
-297
-281
-211
-144
-97
-43
1
37
59
62
55
29
15
-23
-37
-78
-131
-149
-150
-140
-101
-39
22
76
125
164
198
192
181
224
251
239
229
257
250
228
214
217
202
200
191
229
252
272
241
228
236
251
241
226
226
186
135
110
111
104
77
37
54
43
41
43
62
74
109
119
117
67
24
-24
-57
-101
-162
-236
-297
-320
-346
-395
-424
-439
-439
-404
-381
-333
-339
-349
-379
-385
-382
-387
-398
-375
-372
-406
-412
-403
-356
-300
-224
-131
-70
-63
-47
3
55
108
155
164
198
217
238
263
296
317
300
308
328
372
412
453
475
488
515
526
522
535
568
573
547
543
543
531
477
432
389
347
290
259
234
214
185
98
39
-20
-83
-186
-245
-287
-341
-424
-471
-480
-526
-597
-644
-643
-632
-621
-620
-622
-639
-651
-673
-661
-625
-591
-560
-520
-456
-383
-319
-312
-275
-229
-210
-201
-164
-95
-49
-30
33
128
228
290
325
386
447
480
527
622
698
725
738
750
766
751
745
745
750
746
708
665
627
613
568
535
509
471
379
271
149
37
-86
-206
-268
-293
-320
-356
-378
-385
-377
-397
-414
-429
-436
-505
-567
-602
-635
-673
-695
-700
-689
-685
-664
-635
-611
-591
-547
-497
-467
-430
-408
-366
-312
-272
-222
-164
-77
-37
6
59
121
185
269
374
449
502
520
552
569
572
559
576
605
596
600
624
608
562
530
508
461
412
359
323
284
234
180
150
98
54
18
-2
-12
-31
-51
-84
-128
-206
-279
-314
-310
-323
-317
-326
-338
-359
-395
-391
-349
-352
-344
-365
-384
-418
-445
-453
-416
-361
-331
-299
-253
-212
-191
-143
-53
-2
74
146
191
224
234
266
281
294
314
359
401
427
421
385
352
291
276
291
295
276
257
251
227
175
145
155
131
113
97
78
43
2
-20
-28
-44
-58
-77
-81
-91
-108
-114
-144
-150
-120
-106
-101
-108
-127
-189
-209
-215
-226
-274
-298
-291
-303
-313
-306
-271
-228
-167
-106
-36
-8
-1
6
18
23
38
53
56
48
61
88
120
134
151
198
214
199
163
133
72
37
-9
-38
-47
-93
-140
-166
-147
-145
-151
-130
-65
-34
-17
14
32
36
14
18
26
25
6
-27
-51
-72
-62
-55
-23
21
45
55
33
28
18
15
7
11
15
8
-7
-39
-12
-4
10
35
86
128
144
154
182
202
221
241
265
293
295
279
252
230
199
142
95
90
87
58
37
28
28
4
-19
-21
-56
-99
-129
-109
-97
-100
-118
-133
-168
-199
-193
-165
-153
-146
-135
-140
-139
-144
-165
-163
-149
-148
-166
-150
-163
-197
-231
-220
-188
-149
-105
-46
20
41
51
50
61
88
107
132
190
224
238
238
260
268
270
280
281
257
232
190
165
137
89
83
78
67
26
-9
-21
8
0
-43
-75
-121
-200
-282
-306
-294
-280
-259
-204
-156
-128
-155
-188
-192
-213
-254
-252
-243
-259
-236
-230
-188
-155
-150
-154
-139
-123
-128
-92
-62
-32
-5
47
84
135
177
241
287
318
336
362
382
394
393
398
407
387
366
350
354
313
292
270
272
233
177
138
93
21
-31
-20
-22
-85
-132
-153
-154
-182
-208
-197
-196
-229
-266
-284
-278
-282
-325
-329
-314
-296
-311
-327
-319
-288
-304
-303
-248
-210
-212
-226
-213
-166
-140
-119
-68
-21
17
46
107
178
225
250
294
331
372
397
418
436
457
445
445
429
411
389
403
416
426
408
365
334
278
230
201
179
157
154
107
61
7
-47
-104
-132
-176
-191
-222
-256
-293
-319
-325
-350
-357
-360
-378
-400
-434
-457
-464
-480
-473
-459
-458
-450
-438
-458
-450
-417
-361
-320
-263
-169
-136
-140
-124
-88
-24
15
39
86
150
166
210
281
341
366
376
422
478
495
475
489
512
508
466
438
432
419
376
375
407
412
365
316
290
263
197
126
66
37
-30
-114
-138
-151
-182
-199
-216
-231
-249
-299
-351
-392
-426
-472
-489
-501
-508
-515
-522
-523
-496
-478
-450
-434
-424
-406
-384
-344
-282
-232
-187
-124
-64
-6
17
74
89
110
140
200
258
303
362
417
469
503
520
524
552
564
552
536
540
519
498
493
486
456
446
440
438
432
405
355
307
245
182
127
79
32
-34
-104
-143
-178
-222
-267
-317
-337
-369
-398
-412
-424
-447
-479
-497
-510
-540
-556
-560
-529
-497
-472
-446
-437
-416
-397
-356
-324
-303
-270
-239
-208
-175
-144
-99
-54
-12
37
104
150
177
180
233
252
278
267
289
332
366
380
398
432
421
401
387
417
411
384
359
373
365
360
343
344
315
255
223
185
132
67
28
-3
-24
-31
-32
-38
-57
-91
-125
-173
-234
-289
-295
-276
-275
-281
-289
-316
-342
-370
-369
-332
-306
-282
-279
-275
-276
-276
-268
-249
-234
-217
-218
-207
-158
-118
-64
-24
11
43
55
67
92
137
186
237
248
249
253
244
249
232
238
211
198
220
218
220
223
227
227
209
185
179
153
101
73
56
40
24
45
60
69
41
13
-21
-46
-61
-52
-48
-73
-92
-109
-115
-132
-128
-137
-133
-153
-145
-154
-145
-144
-147
-103
-73
-83
-124
-159
-171
-161
-168
-141
-87
-36
-39
-56
-32
-15
-2
-13
16
58
39
1
-8
22
34
54
91
156
170
146
151
163
156
144
131
140
119
108
115
116
98
81
66
65
79
90
123
132
121
92
70
56
36
14
1
-9
-29
-54
-39
-40
-89
-133
-132
-106
-93
-105
-78
-58
-69
-96
-83
-83
-116
-154
-188
-218
-256
-272
-274
-220
-170
-132
-101
-59
-37
-35
-31
-16
14
0
-10
-3
2
-12
-1
20
65
109
139
160
168
168
142
120
131
135
115
101
83
63
37
13
-14
-5
-6
-7
6
27
40
33
41
55
54
55
54
51
37
29
19
20
36
47
50
49
32
4
-14
-17
12
8
-3
-9
-29
-29
-22
-6
12
9
11
7
1
-37
-41
-27
-22
-6
-13
11
8
-18
-35
0
23
15
24
38
43
1
-30
-49
-38
-60
-49
-49
-25
-50
-45
-36
-36
-41
-53
-50
-53
-37
-32
2
22
38
16
19
9
3
17
21
23
48
86
94
106
118
119
86
73
51
32
-11
-49
-53
-50
-30
-42
-41
-32
-13
-46
-67
-54
-48
-89
-117
-103
-99
-99
-81
-57
-50
-50
-65
-60
-56
-76
-116
-110
-111
-111
-105
-89
-79
-64
-61
-36
-10
12
-2
-21
-3
12
11
-7
19
29
33
38
63
91
72
50
55
74
66
68
65
96
114
84
76
117
143
130
122
123
149
131
127
104
71
36
-14
-23
7
29
15
10
31
22
4
-17
-18
-18
-17
6
23
38
18
3
-16
-3
-2
-24
-18
-6
0
2
-2
9
12
11
-10
-11
0
2
6
5
10
-10
-29
-49
-42
-37
-32
-18
3
22
20
22
45
57
37
29
23
14
2
0
-5
-10
-21
-28
-45
-41
-46
-22
-5
-36
-32
-39
-72
-94
-96
-97
-83
-75
-64
-35
-5
-1
-11
-4
-5
-30
-45
-48
-68
-75
-64
-36
-16
-12
-3
1
14
11
-6
-19
-40
-37
-27
-2
24
13
2
13
19
13
24
18
21
23
50
55
64
55
57
69
69
51
30
32
-1
-29
-40
-34
-49
-44
-40
-31
-34
-7
-15
-5
-4
-23
-49
-78
-87
-115
-120
-101
-74
-65
-58
-54
-50
-71
-68
-42
-6
9
19
2
-20
-27
-44
-37
-4
34
37
42
58
64
65
72
95
93
78
79
75
89
111
100
99
117
107
102
108
105
105
77
68
92
93
85
89
76
44
35
34
54
62
59
47
31
-7
-17
-44
-73
-89
-83
-68
-49
-51
-42
-35
-14
-5
-6
-14
-30
-26
-37
-26
-35
-25
-53
-71
-102
-85
-69
-28
-10
2
-1
-18
-19
-32
-34
-31
-11
-4
14
9
31
-1
-14
-24
-21
-4
22
64
102
95
62
65
47
32
19
23
34
45
29
12
9
-9
-13
-14
23
19
13
7
18
27
22
16
13
45
27
13
-3
-25
-62
-93
-98
-82
-86
-91
-60
-50
-41
-45
-33
-40
-69
-94
-119
-140
-153
-148
-129
-90
-77
-69
-43
-41
-47
-44
-10
-4
-28
-33
-23
-22
-41
-31
-4
36
47
43
46
45
3
-23
-26
6
18
21
10
33
39
18
20
45
73
88
71
82
94
59
17
4
30
30
38
39
71
54
59
40
68
73
73
48
37
22
-6
-30
-23
-18
-17
-16
-22
11
7
18
29
67
57
57
69
99
94
68
26
31
30
9
2
39
52
36
23
24
23
-13
-31
-57
-48
-63
-55
-26
20
27
16
-12
-18
-29
-28
-37
-49
-83
-102
-119
-84
-46
-21
-4
12
44
22
36
38
49
30
42
8
-1
-10
-19
-26
9
22
12
12
23
43
46
41
31
39
27
19
3
3
7
10
-2
-24
-39
-55
-71
-55
-14
-8
-20
-39
-55
-63
-52
-33
-28
-65
-109
-125
-158
-148
-127
-86
-67
-53
-46
-45
-42
-33
-37
-20
-3
-9
-24
-47
-61
-48
-23
-9
18
27
35
26
42
41
64
73
100
127
150
138
96
96
79
71
56
67
49
43
48
71
99
99
92
114
138
102
38
14
3
-25
-24
-12
1
-8
-26
-26
13
1
-38
-55
-55
-62
-70
-56
-31
-28
-55
-60
-53
-28
-42
-60
-57
-44
-60
-70
-55
-38
-35
-45
-29
-19
1
-18
-11
-9
6
-4
-4
16
33
17
10
53
81
81
74
94
86
69
65
70
82
94
87
104
90
62
30
19
8
2
4
21
25
22
12
13
-8
-31
-44
-40
-39
-42
-34
-34
-36
-64
-68
-59
-63
-108
-112
-94
-73
-78
-68
-52
-54
-73
-82
-80
-80
-89
-112
-102
-92
-96
-105
-76
-53
-37
-40
-21
-24
10
28
37
68
68
72
39
12
-4
-13
-28
-11
39
85
80
62
54
35
-5
-16
-7
9
33
41
70
77
75
41
34
50
51
30
25
34
46
35
39
42
35
21
10
45
56
55
55
76
56
36
15
16
9
8
25
62
64
63
62
53
48
31
43
46
54
30
28
50
45
34
24
31
7
-21
-44
-64
-82
-114
-107
-89
-60
-44
-22
5
16
-1
-11
-34
-55
-90
-108
-113
-99
-109
-83
-51
-51
-57
-67
-60
-49
-46
-60
-51
-62
-65
-67
-23
4
29
35
23
2
1
0
8
38
44
65
33
28
19
7
10
45
77
88
78
57
47
4
-13
-5
17
28
31
28
26
8
12
8
2
4
2
9
4
-3
-15
-17
-22
-10
-8
13
0
14
12
17
18
23
27
-7
-13
-10
-6
-10
-6
-10
-6
-27
-31
-15
-21
-30
-35
-45
-48
-58
-58
-44
-28
-7
-15
-26
-26
-13
-29
-42
-38
-22
-26
-42
-27
-11
-4
-19
-4
6
12
-1
-32
-23
3
19
28
36
40
35
28
42
58
69
79
76
77
79
70
58
53
35
31
66
83
64
50
68
55
29
18
22
18
23
27
55
45
2
-31
-32
-8
-9
7
44
76
46
23
6
-12
-41
-47
-18
8
-28
-60
-66
-47
-36
-49
-26
3
1
-21
-22
-24
-32
-53
-61
-35
-37
-39
-51
-54
-36
-47
-60
-49
-30
-32
-29
-47
-67
-87
-92
-95
-88
-77
-54
-41
-36
-23
-8
3
-7
4
13
14
-13
-23
-22
-9
1
37
56
75
62
56
71
83
93
95
95
84
78
56
38
49
51
75
97
101
93
86
66
41
29
22
34
41
53
51
31
-1
-20
-49
-75
-81
-61
-61
-47
-48
-55
-63
-79
-76
-98
-112
-122
-129
-137
-156
-143
-139
-125
-108
-93
-75
-60
-47
-33
-21
-29
-49
-50
-36
-6
3
7
26
23
27
39
60
77
78
63
77
77
83
87
103
121
121
108
96
99
98
107
107
102
90
80
75
94
86
100
103
74
63
68
76
58
30
2
-2
-5
1
1
12
21
31
16
-1
-41
-75
-95
-87
-64
-51
-41
-64
-58
-59
-49
-48
-23
-12
-20
-41
-61
-62
-68
-85
-74
-47
-31
-31
-39
-54
-63
-81
-85
-54
-20
-3
18
22
17
14
2
2
-8
22
27
67
77
82
83
81
42
15
0
-38
-51
-57
-40
-24
-31
-33
-16
-14
-22
-12
-8
-19
-30
-52
-52
-57
-42
-39
-35
-13
2
7
-3
-3
-8
-27
-56
-60
-59
-79
-66
-52
-25
-16
-14
-10
-3
11
5
6
-2
17
20
31
56
52
36
31
41
60
95
105
104
109
122
103
93
85
83
78
64
66
39
8
-29
-13
3
9
2
7
0
-1
-25
-34
-35
-43
-59
-66
-58
-63
-63
-83
-71
-69
-55
-50
-42
-14
-27
-51
-45
-27
-24
-9
-3
15
14
11
21
41
21
0
-9
-4
12
2
22
44
53
45
72
114
125
127
117
107
76
50
51
44
57
64
87
87
97
96
73
54
25
33
19
2
-22
-28
-55
-64
-49
-25
-15
-18
-50
-70
-81
-100
-107
-92
-50
-64
-70
-55
-33
-44
-55
-68
-53
-83
-97
-93
-85
-101
-113
-95
-73
-59
-54
-38
-32
-2
-31
-29
-10
-7
-19
-13
10
34
42
42
53
60
72
88
81
69
42
15
-3
-5
2
15
13
22
24
5
-27
-45
-56
-49
-41
-39
-31
-45
