SAMPLES:	13634
BITSPERSAMPLE:	16
CHANNELS:	1
SAMPLERATE:	16000
NORMALIZED:	FALSE
2
2
2
2
1
1
0
1
1
2
2
3
2
4
3
3
3
1
1
2
-1
1
2
1
2
2
1
2
2
1
1
2
2
1
2
0
-1
-1
0
1
0
0
-1
-1
-1
-1
-1
2
0
0
1
0
-1
1
0
-1
-1
-2
-3
-2
-3
-2
-1
-2
-2
-1
-1
-1
0
-1
-3
-2
-1
-3
-4
-4
-6
-5
-4
-5
-7
-5
-5
-5
-4
-4
-5
-4
-3
-4
-5
-4
-5
-5
-3
-5
-7
-5
-6
-6
-4
-3
-2
-2
-3
-2
-1
-2
0
-1
-1
0
-1
-1
-1
-1
0
2
1
2
3
3
2
4
3
3
4
4
4
6
5
4
5
4
5
5
5
5
4
5
6
6
6
6
5
5
4
3
3
3
5
5
5
5
4
4
4
6
7
5
7
6
4
5
5
4
4
3
3
2
3
2
0
0
0
1
2
3
2
2
1
0
-1
1
-1
-1
-1
-3
-3
-4
-3
-4
-2
-4
-3
-2
-3
-2
-2
-4
-4
-4
-4
-3
-4
-5
-5
-7
-7
-7
-6
-7
-6
-6
-4
-5
-5
-4
-4
-4
-6
-6
-6
-6
-6
-8
-7
-7
-6
-4
-4
-4
-4
-3
-5
-4
-2
-4
-5
-4
-3
-3
-3
-2
-2
-2
-2
-2
-1
2
2
3
4
4
4
5
5
4
5
4
4
6
7
5
7
7
4
4
7
4
3
4
2
1
1
0
-1
1
-2
-3
0
-1
-1
2
1
0
0
0
-1
0
-1
-1
-1
-3
-3
-3
-3
-3
-4
-3
-3
-3
-1
2
3
3
4
2
3
4
4
5
7
8
7
7
10
12
12
14
15
14
15
16
16
17
14
14
14
12
12
11
10
10
11
9
9
10
7
5
5
3
2
1
0
-3
-6
-5
-8
-11
-10
-12
-16
-17
-17
-17
-17
-19
-22
-21
-25
-27
-28
-27
-27
-23
-23
-25
-23
-24
-25
-22
-21
-20
-17
-17
-18
-15
-15
-15
-10
-8
-4
-2
3
7
10
12
16
18
21
25
27
27
29
32
33
37
37
40
39
37
39
41
42
42
43
42
40
39
35
31
26
21
18
13
9
5
0
-6
-12
-19
-24
-30
-35
-37
-41
-47
-50
-55
-61
-64
-67
-70
-70
-73
-72
-71
-72
-71
-70
-69
-67
-63
-62
-59
-54
-52
-46
-42
-36
-30
-23
-15
-6
6
23
38
49
57
60
61
64
69
78
91
107
123
139
148
155
158
154
156
154
148
146
140
130
117
102
82
66
56
42
30
17
5
-4
-16
-28
-42
-57
-73
-90
-101
-107
-113
-114
-116
-123
-130
-139
-147
-153
-154
-159
-160
-159
-160
-157
-150
-144
-139
-127
-118
-111
-102
-94
-89
-82
-79
-75
-65
-58
-48
-36
-22
-2
23
57
97
128
146
148
143
129
120
121
129
145
178
208
234
255
264
264
265
262
256
247
240
227
209
187
150
120
91
63
44
31
16
7
-2
-23
-48
-75
-108
-126
-143
-157
-161
-170
-184
-194
-205
-222
-232
-240
-250
-254
-262
-269
-272
-275
-276
-272
-270
-263
-250
-237
-222
-200
-181
-166
-157
-154
-150
-146
-137
-117
-95
-66
-27
11
65
123
172
204
215
220
221
227
244
273
320
365
408
453
478
485
487
480
473
475
469
453
435
406
353
296
243
192
155
121
85
67
44
8
-24
-66
-125
-174
-217
-251
-261
-273
-288
-301
-324
-352
-380
-409
-439
-456
-460
-463
-467
-466
-466
-469
-468
-463
-452
-420
-380
-346
-305
-274
-272
-280
-278
-276
-260
-228
-178
-116
-51
20
90
179
268
341
390
399
413
409
406
431
477
539
625
714
785
829
839
836
815
793
760
731
700
644
589
535
438
344
274
202
130
78
24
-24
-56
-116
-200
-281
-369
-432
-485
-509
-518
-529
-545
-571
-601
-667
-740
-793
-828
-844
-834
-828
-836
-827
-813
-811
-792
-759
-716
-654
-591
-540
-482
-454
-438
-422
-410
-388
-338
-257
-178
-76
24
113
257
409
532
650
685
705
725
714
757
835
920
1031
1156
1235
1291
1329
1307
1291
1277
1224
1190
1131
1047
958
853
705
557
442
322
232
159
77
-15
-112
-208
-312
-415
-525
-613
-686
-747
-769
-803
-829
-872
-924
-973
-1023
-1123
-1162
-1172
-1179
-1163
-1194
-1212
-1203
-1182
-1137
-1089
-1011
-899
-812
-730
-692
-677
-658
-654
-661
-634
-578
-515
-403
-242
-58
204
584
946
1250
1481
1588
1633
1607
1559
1563
1592
1656
1780
1952
2081
2099
2048
1946
1852
1778
1673
1540
1412
1218
1022
764
424
113
-147
-350
-495
-595
-675
-740
-812
-866
-970
-1063
-1106
-1109
-1065
-1019
-960
-871
-838
-858
-885
-944
-1016
-1134
-1233
-1248
-1326
-1433
-1519
-1579
-1618
-1637
-1684
-1779
-1748
-1606
-1422
-1224
-1041
-883
-707
-610
-559
-448
-293
-60
285
595
997
1575
2102
2492
2744
2873
2881
2745
2547
2391
2219
2040
1875
1663
1496
1316
1045
775
561
461
346
234
90
-24
-178
-420
-638
-802
-896
-877
-793
-667
-480
-357
-246
-167
-136
-159
-257
-382
-478
-568
-680
-752
-828
-966
-1118
-1347
-1578
-1808
-2020
-2109
-2189
-2181
-2097
-1988
-1813
-1639
-1466
-1315
-1090
-706
-289
17
293
562
733
846
885
941
1074
1175
1314
1673
2237
2760
3126
3243
3240
3098
2648
2110
1569
1186
976
770
588
505
421
278
180
107
109
128
76
42
59
21
-186
-401
-508
-553
-491
-441
-364
-306
-333
-386
-461
-622
-911
-1234
-1446
-1561
-1639
-1760
-1788
-1737
-1689
-1712
-1867
-2005
-2072
-2151
-2144
-2035
-1854
-1685
-1547
-1326
-1128
-890
-622
-321
28
324
525
630
716
714
702
711
775
886
1029
1443
2164
2869
3327
3498
3416
3188
2703
2022
1370
972
765
658
651
714
689
577
412
330
390
269
61
-81
-79
-111
-302
-463
-521
-476
-362
-287
-301
-404
-582
-812
-991
-1171
-1409
-1561
-1572
-1455
-1363
-1363
-1460
-1506
-1528
-1640
-1829
-1970
-2032
-1958
-1811
-1629
-1397
-1276
-1230
-1213
-1171
-1019
-743
-331
42
342
638
796
816
768
721
736
834
880
1161
1971
2980
3732
4112
4065
3832
3357
2485
1537
903
641
488
474
630
788
777
580
345
290
139
-183
-394
-394
-155
-45
-100
-103
22
-14
-169
-355
-588
-833
-1095
-1321
-1348
-1369
-1477
-1519
-1467
-1366
-1408
-1624
-1843
-1950
-2093
-2203
-2187
-2028
-1762
-1510
-1451
-1424
-1431
-1591
-1744
-1862
-1706
-1190
-548
82
582
908
1045
924
679
436
342
392
537
916
1784
3036
4023
4431
4358
3935
3245
2224
1189
434
333
480
774
1097
1232
1039
551
-22
-405
-601
-794
-768
-428
231
662
650
377
73
-273
-644
-948
-1155
-1206
-1103
-895
-700
-662
-912
-1326
-1634
-1807
-2014
-2120
-2102
-1951
-1618
-1402
-1451
-1530
-1619
-1737
-1800
-1825
-1843
-1817
-1688
-1529
-1207
-675
-139
313
578
653
682
597
479
411
445
680
944
1193
1783
2903
3963
4368
4200
3657
3156
2289
1326
611
549
955
1209
1358
1267
897
164
-651
-993
-857
-567
-288
141
749
1144
847
155
-450
-740
-947
-995
-780
-419
-244
-290
-411
-578
-1011
-1701
-2162
-2052
-1704
-1445
-1334
-1241
-1034
-1006
-1381
-1797
-2017
-2009
-1912
-1734
-1367
-1084
-985
-1116
-1231
-1075
-724
-408
-87
328
795
1004
931
760
605
601
609
664
916
1706
3031
4028
4372
4082
3486
2682
1676
732
105
223
616
982
1211
979
378
-488
-1194
-1352
-1061
-654
-275
262
809
950
484
-293
-997
-1231
-1106
-819
-529
-314
-266
-359
-614
-1087
-1597
-2049
-2085
-1714
-1262
-956
-960
-1124
-1403
-1678
-1996
-2242
-2220
-1907
-1386
-945
-716
-837
-1153
-1535
-1698
-1404
-679
130
726
1166
1403
1362
1008
495
147
245
491
783
1384
2641
3977
4494
4231
3439
2672
1749
835
304
407
1112
1595
1696
1218
397
-684
-1678
-1827
-1232
-304
398
868
1162
1186
534
-524
-1322
-1451
-968
-315
202
313
12
-491
-1017
-1504
-1815
-1832
-1610
-1029
-518
-397
-769
-1466
-1973
-2256
-2158
-1953
-1640
-1131
-672
-499
-725
-1160
-1650
-1918
-1896
-1334
-330
711
1308
1307
1138
868
451
28
-181
164
843
1362
1582
2075
3115
3798
3764
3114
2423
2124
1775
1343
1092
1324
1648
1392
750
-139
-895
-1533
-1816
-1278
-272
663
797
423
211
-14
-488
-1089
-1252
-753
61
499
268
-265
-747
-1274
-1675
-1702
-1442
-1070
-869
-779
-836
-1129
-1749
-2448
-2599
-2185
-1557
-1203
-1053
-836
-771
-1037
-1492
-1865
-1853
-1594
-1230
-441
647
1295
1071
570
332
348
433
313
432
1092
1588
1553
1411
2059
2996
3478
3343
2889
2779
2494
1806
1122
1037
1548
1589
1147
382
-384
-896
-1484
-1495
-777
182
647
333
48
-143
-334
-757
-1139
-749
12
559
367
-246
-783
-1124
-1237
-1370
-1212
-860
-705
-815
-1074
-1403
-1824
-2286
-2464
-2179
-1559
-1177
-1222
-1261
-1245
-1164
-1304
-1529
-1496
-1171
-874
-559
66
684
930
715
455
449
583
648
610
844
1272
1543
1281
1264
2137
3127
3637
3335
2849
2635
2303
1672
1034
1096
1682
1841
1309
236
-668
-1139
-1371
-1193
-533
411
750
376
-305
-682
-723
-888
-966
-551
232
707
294
-680
-1278
-1361
-1211
-1095
-863
-493
-285
-641
-1436
-2072
-2321
-2338
-2071
-1639
-1141
-867
-1105
-1530
-1805
-1750
-1500
-1231
-998
-768
-547
-223
131
386
488
519
528
600
721
790
825
845
973
1123
1082
1463
2387
3157
3551
3239
2568
1919
1615
1446
1248
1462
1704
1742
1171
-81
-1134
-1634
-1344
-662
-69
397
300
-164
-869
-1252
-1174
-1021
-635
-263
90
193
-300
-1049
-1532
-1362
-830
-369
-155
-263
-482
-936
-1517
-1944
-2118
-1864
-1461
-1175
-1127
-1379
-1645
-1759
-1713
-1491
-1191
-947
-784
-789
-871
-571
53
593
938
1024
883
778
729
690
701
889
1215
1493
1530
1799
2391
2877
3122
2974
2449
1869
1717
1679
1652
1597
1424
1295
875
124
-672
-1117
-900
-414
24
185
-48
-472
-875
-940
-849
-691
-593
-583
-515
-542
-701
-977
-1046
-863
-546
-166
9
-138
-626
-1187
-1514
-1594
-1524
-1460
-1337
-1299
-1422
-1510
-1607
-1662
-1556
-1373
-1192
-1027
-1051
-1153
-1049
-602
64
769
1132
1039
795
536
531
786
1095
1354
1514
1576
1405
1563
1962
2290
2735
2807
2559
1904
1293
1163
1143
1442
1583
1506
1136
254
-590
-1168
-1060
-604
-22
492
360
-88
-710
-1131
-1177
-1178
-961
-686
-478
-540
-867
-1159
-1375
-1220
-902
-489
-63
-93
-432
-959
-1327
-1433
-1326
-1048
-917
-889
-1123
-1451
-1558
-1578
-1489
-1279
-1105
-1015
-1051
-1181
-1179
-797
-223
334
719
763
674
574
534
683
999
1359
1530
1506
1346
1542
1998
2306
2616
2634
2369
1785
1345
1275
1479
1831
1847
1588
946
81
-638
-932
-596
-49
373
542
232
-321
-976
-1308
-1295
-1074
-607
-369
-393
-678
-1055
-1276
-1277
-1013
-657
-183
149
-15
-454
-902
-1158
-1127
-930
-681
-560
-651
-963
-1267
-1372
-1431
-1362
-1246
-1164
-1124
-1332
-1538
-1501
-1084
-494
58
414
440
363
214
171
480
1059
1601
1841
1737
1350
1396
1808
2146
2583
2805
2716
2174
1635
1378
1349
1607
1656
1587
1194
360
-380
-766
-557
-141
248
502
248
-266
-972
-1386
-1443
-1271
-851
-526
-481
-757
-1076
-1256
-1256
-1003
-671
-295
-48
-211
-597
-955
-1057
-938
-682
-480
-471
-820
-1313
-1574
-1564
-1464
-1342
-1166
-1080
-1193
-1533
-1845
-1718
-1124
-439
75
351
369
218
130
258
657
1275
1774
1929
1738
1403
1567
1977
2351
2817
2982
2716
2203
1825
1573
1557
1709
1622
1458
958
242
-343
-553
-300
13
205
109
-258
-820
-1325
-1517
-1574
-1363
-1028
-817
-818
-1104
-1302
-1405
-1315
-1009
-632
-207
-17
-166
-551
-797
-838
-795
-607
-459
-535
-862
-1207
-1387
-1374
-1279
-1262
-1260
-1229
-1352
-1637
-1718
-1432
-851
-185
231
402
421
325
285
463
908
1502
1884
1991
1748
1636
2026
2352
2674
2921
2890
2509
1963
1617
1474
1727
1834
1554
1259
657
41
-330
-465
-218
95
182
-154
-682
-1225
-1537
-1467
-1305
-1000
-802
-927
-1181
-1404
-1495
-1387
-1020
-606
-247
-36
-227
-531
-829
-919
-766
-570
-432
-569
-866
-1285
-1546
-1511
-1348
-1266
-1314
-1484
-1733
-1888
-1967
-1820
-1240
-558
-97
90
52
-47
101
408
751
1278
1694
1812
1671
1446
1676
2183
2665
3034
2982
2739
2253
1962
1814
1811
2118
2141
1913
1259
498
-38
-233
-30
158
417
291
-252
-866
-1346
-1385
-1194
-853
-667
-710
-1080
-1587
-1706
-1511
-1053
-623
-380
-241
-352
-616
-877
-922
-706
-437
-271
-401
-766
-1198
-1486
-1504
-1350
-1186
-1184
-1303
-1658
-1976
-2072
-1896
-1424
-800
-289
-175
-277
-308
-236
105
605
1102
1518
1754
1688
1342
1431
2031
2670
3173
3226
2937
2367
1880
1720
1820
2233
2367
2162
1585
708
46
-261
-80
199
342
200
-326
-926
-1492
-1593
-1320
-995
-743
-824
-1140
-1638
-1873
-1711
-1278
-718
-542
-550
-633
-813
-896
-862
-650
-398
-320
-483
-864
-1225
-1447
-1447
-1275
-1078
-1114
-1349
-1590
-1905
-2094
-1904
-1499
-1008
-573
-503
-525
-442
-287
100
555
849
1109
1300
1331
1397
1458
1901
2672
3087
3215
3015
2611
2162
1941
2099
2365
2709
2526
1995
1272
494
223
230
475
632
478
4
-714
-1227
-1413
-1210
-822
-598
-697
-1030
-1453
-1785
-1717
-1322
-829
-520
-564
-733
-866
-909
-743
-445
-225
-171
-339
-760
-1121
-1330
-1353
-1156
-914
-924
-1164
-1469
-1843
-1987
-1934
-1681
-1172
-754
-599
-637
-709
-536
-213
229
637
933
1043
1025
1120
1208
1739
2531
2971
3123
2927
2612
2201
2015
2161
2330
2643
2504
2042
1426
745
330
193
406
451
317
-92
-709
-1198
-1541
-1380
-1022
-756
-789
-1159
-1572
-1883
-1862
-1489
-1018
-731
-749
-894
-1003
-1054
-950
-675
-361
-310
-508
-759
-1004
-1150
-1132
-1008
-812
-766
-1038
-1440
-1704
-1814
-1793
-1603
-1292
-986
-759
-769
-784
-642
-334
125
497
758
866
965
1014
1180
1596
2327
2965
3132
2967
2683
2530
2276
2342
2489
2664
2635
2238
1795
1201
830
596
549
556
361
77
-425
-849
-1130
-1183
-969
-849
-894
-1196
-1514
-1713
-1730
-1438
-1128
-850
-785
-931
-990
-961
-863
-700
-442
-272
-345
-575
-798
-886
-920
-906
-816
-778
-945
-1310
-1600
-1684
-1653
-1592
-1466
-1238
-967
-791
-766
-687
-509
-222
144
444
692
836
936
1105
1352
1898
2543
2851
2897
2762
2658
2471
2399
2485
2577
2657
2419
2122
1576
1030
722
505
485
432
281
-53
-450
-884
-1214
-1186
-1101
-1068
-1173
-1483
-1651
-1723
-1626
-1346
-1093
-1010
-1142
-1222
-1229
-1060
-871
-673
-487
-504
-682
-827
-863
-887
-868
-839
-870
-890
-1066
-1314
-1414
-1409
-1378
-1324
-1238
-1129
-921
-758
-605
-439
-225
66
306
549
675
800
1027
1255
1525
2079
2682
2861
2842
2688
2614
2478
2366
2432
2468
2506
2242
1875
1430
992
765
551
507
385
163
-162
-590
-964
-1204
-1192
-1175
-1175
-1351
-1580
-1713
-1803
-1654
-1431
-1280
-1268
-1331
-1329
-1147
-927
-790
-606
-566
-700
-804
-876
-826
-693
-637
-667
-711
-827
-1069
-1175
-1212
-1199
-1149
-1134
-1140
-1003
-767
-559
-309
-176
-96
48
210
414
638
886
1134
1403
1645
2094
2539
2635
2665
2641
2586
2495
2502
2519
2572
2543
2202
1842
1479
1104
866
767
682
561
306
-76
-417
-746
-941
-991
-1064
-1198
-1407
-1646
-1765
-1760
-1679
-1482
-1340
-1363
-1402
-1354
-1205
-1015
-875
-830
-809
-818
-859
-837
-760
-702
-643
-669
-759
-908
-1077
-1150
-1122
-1084
-1098
-1120
-1149
-1056
-844
-644
-458
-290
-169
-50
114
324
538
829
1122
1340
1479
1855
2204
2354
2485
2513
2568
2500
2368
2298
2308
2349
2155
1849
1461
1080
919
730
655
526
274
-48
-440
-727
-977
-1060
-1062
-1136
-1335
-1567
-1704
-1769
-1642
-1534
-1482
-1419
-1378
-1317
-1209
-1066
-973
-862
-820
-831
-787
-763
-667
-648
-674
-691
-686
-743
-847
-870
-919
-912
-932
-978
-905
-786
-572
-351
-208
-118
-64
53
188
379
599
849
1083
1229
1337
1554
1955
2211
2386
2531
2490
2286
2068
1991
2113
2325
2236
1882
1483
1054
732
638
677
710
629
297
-173
-562
-837
-921
-870
-827
-1002
-1306
-1517
-1667
-1633
-1490
-1381
-1281
-1207
-1272
-1330
-1269
-1153
-997
-871
-806
-754
-704
-770
-795
-724
-618
-496
-461
-530
-626
-723
-763
-739
-709
-675
-619
-486
-311
-207
-201
-133
25
178
322
415
538
746
936
1073
1158
1377
1744
1993
2141
2080
1988
1875
1813
1853
1899
1979
1739
1459
1120
837
707
689
725
650
410
-1
-338
-626
-794
-898
-986
-1015
-1175
-1423
-1585
-1567
-1505
-1427
-1311
-1294
-1326
-1388
-1405
-1292
-1190
-1148
-1019
-909
-860
-884
-897
-757
-553
-457
-416
-420
-479
-515
-559
-590
-503
-444
-459
-404
-312
-200
-7
92
178
256
226
264
464
722
958
1110
1143
1167
1206
1395
1666
1869
1926
1845
1807
1725
1614
1575
1535
1527
1362
1118
949
808
750
700
653
467
232
-55
-321
-424
-549
-655
-761
-865
-981
-1158
-1275
-1282
-1200
-1151
-1168
-1194
-1212
-1224
-1276
-1176
-1001
-937
-872
-860
-835
-738
-616
-533
-440
-411
-450
-453
-476
-403
-308
-220
-146
-135
-125
-132
-105
20
157
178
190
281
301
389
490
562
704
806
844
880
903
912
1173
1386
1444
1448
1289
1184
1030
939
936
1002
1061
946
778
544
444
408
319
273
184
76
-134
-362
-527
-590
-595
-643
-687
-823
-990
-1103
-1127
-1056
-1027
-1021
-1105
-1168
-1141
-1128
-1035
-925
-833
-761
-750
-788
-757
-628
-526
-390
-323
-283
-252
-259
-219
-170
-93
-3
31
-14
-68
-72
-21
139
332
442
382
290
256
284
392
516
617
654
690
670
731
772
805
954
1034
979
844
769
793
842
830
776
788
753
595
436
340
363
368
321
248
150
65
-88
-122
-139
-183
-199
-270
-391
-583
-743
-848
-777
-686
-707
-752
-859
-854
-765
-712
-594
-478
-399
-398
-430
-436
-381
-252
-139
-39
-61
-123
-161
-137
-120
-116
-81
-62
-56
-49
36
83
81
88
159
180
170
143
126
262
330
340
357
313
248
299
383
414
437
520
550
598
530
408
462
505
534
410
348
276
189
177
162
189
179
160
137
113
102
12
-37
-60
-145
-234
-330
-383
-446
-506
-556
-550
-545
-525
-516
-526
-505
-522
-513
-449
-358
-371
-344
-291
-223
-162
-168
-182
-187
-217
-292
-310
-203
-147
-144
-168
-246
-300
-275
-232
-158
-111
-137
-156
-15
1
-47
-70
-87
66
114
121
39
55
130
200
296
244
236
189
235
366
419
434
307
286
335
368
422
507
544
459
436
385
389
428
371
378
327
254
224
204
307
303
243
213
152
93
37
41
30
60
109
102
128
113
64
39
20
79
63
9
-62
-208
-230
-165
-151
-188
-202
-319
-385
-355
-372
-363
-378
-428
-464
-523
-436
-381
-420
-423
-426
-341
-339
-373
-396
-349
-279
-251
-161
-90
-62
-104
-166
-102
55
153
198
200
239
247
243
267
304
287
277
259
192
210
215
179
167
168
215
274
337
277
235
295
295
256
243
277
357
338
289
281
339
359
304
278
228
188
86
2
1
28
3
-94
-205
-232
-279
-327
-417
-431
-386
-429
-518
-577
-578
-575
-538
-569
-579
-537
-590
-651
-585
-549
-481
-470
-479
-344
-272
-250
-308
-296
-202
-131
-56
7
92
133
110
162
128
106
178
199
189
190
194
291
356
375
367
414
546
568
530
416
428
426
522
560
511
476
474
539
559
586
609
559
568
469
404
357
292
296
313
297
204
111
22
-66
-50
-53
-122
-154
-228
-360
-393
-351
-351
-377
-386
-431
-437
-455
-479
-525
-510
-498
-503
-491
-433
-442
-420
-347
-293
-226
-205
-178
-174
-109
-90
-85
-98
-85
-78
20
-17
-39
-44
-34
33
18
2
114
195
261
211
140
198
273
341
342
338
415
401
373
310
305
431
454
457
370
255
211
226
278
293
255
193
33
-38
-79
2
16
-24
-161
-272
-220
-262
-402
-401
-363
-328
-327
-421
-481
-512
-458
-420
-354
-394
-468
-443
-475
-403
-398
-422
-354
-264
-260
-300
-256
-179
-111
-130
-127
-100
-30
8
-13
7
84
80
127
173
179
134
205
254
239
295
247
313
387
362
346
401
454
511
461
370
341
356
375
340
363
366
400
333
236
212
163
159
194
113
11
15
-51
-71
-55
-134
-212
-197
-215
-256
-290
-257
-257
-226
-201
-245
-192
-211
-243
-236
-275
-183
-149
-114
-96
-102
-58
-15
30
60
9
-2
42
20
48
49
83
97
151
168
154
219
190
192
239
231
270
288
200
137
192
258
256
252
218
194
201
184
129
107
76
58
65
88
80
73
-9
-80
-80
-102
-137
-148
-168
-193
-204
-267
-309
-340
-387
-423
-406
-390
-415
-403
-416
-425
-405
-388
-416
-377
-367
-361
-310
-292
-239
-178
-183
-168
-144
-147
-105
-46
-22
9
13
3
25
82
121
165
214
253
248
274
315
320
311
318
313
319
340
341
361
393
375
367
365
344
340
325
291
257
226
218
198
185
169
135
122
74
61
32
-14
-52
-73
-119
-191
-224
-281
-319
-317
-302
-335
-361
-364
-379
-355
-369
-406
-406
-380
-365
-369
-336
-295
-245
-237
-226
-168
-152
-148
-124
-88
-61
-10
44
61
52
90
118
118
160
211
257
329
331
338
377
395
438
455
425
412
397
387
451
449
446
452
443
413
368
327
298
300
327
303
249
209
170
111
71
41
12
-30
-105
-144
-186
-245
-293
-342
-350
-349
-381
-424
-472
-492
-515
-521
-534
-543
-518
-524
-536
-517
-482
-436
-401
-397
-363
-353
-333
-296
-245
-212
-193
-163
-132
-118
-99
-60
-20
-14
35
89
145
205
223
252
253
271
266
300
351
404
454
478
499
500
501
494
486
489
447
402
414
410
408
404
384
334
279
209
162
162
140
102
62
-18
-69
-131
-189
-205
-245
-275
-306
-324
-354
-362
-388
-426
-433
-452
-441
-447
-450
-463
-457
-434
-408
-373
-388
-367
-340
-318
-287
-264
-222
-173
-162
-188
-171
-152
-124
-82
-21
42
89
131
204
231
245
271
283
298
334
365
408
472
481
481
513
525
509
506
461
467
448
441
446
459
439
414
387
348
313
276
272
248
205
155
115
51
-5
-27
-65
-121
-146
-174
-241
-294
-315
-335
-340
-369
-375
-386
-389
-369
-376
-384
-388
-386
-392
-356
-333
-318
-317
-303
-302
-312
-338
-314
-289
-288
-265
-249
-212
-151
-98
-88
-65
-46
-28
0
-1
53
112
146
176
227
240
228
232
266
297
266
297
312
309
316
301
302
314
278
255
282
252
213
210
196
154
139
98
48
15
-46
-57
-58
-109
-126
-142
-183
-196
-226
-234
-242
-267
-277
-291
-334
-345
-333
-334
-322
-303
-264
-232
-254
-259
-230
-205
-190
-180
-181
-155
-137
-129
-97
-63
-15
37
45
75
103
111
155
190
218
264
267
293
323
317
321
330
326
348
372
351
343
350
325
343
348
310
302
294
276
290
301
277
269
245
185
135
92
39
-10
-34
-58
-88
-121
-161
-189
-205
-227
-248
-274
-272
-297
-329
-318
-325
-308
-270
-270
-252
-237
-251
-267
-237
-203
-187
-184
-201
-192
-152
-156
-132
-79
-56
-50
-16
-5
-19
4
32
63
83
125
136
157
179
200
213
230
258
257
271
253
238
227
230
212
204
204
178
164
133
125
118
120
105
81
47
3
-50
-66
-67
-72
-82
-111
-151
-179
-173
-186
-184
-184
-236
-265
-260
-280
-257
-239
-270
-245
-239
-263
-252
-269
-272
-229
-218
-213
-185
-178
-165
-135
-134
-130
-101
-88
-54
-29
-15
-12
18
31
60
113
126
144
160
182
209
216
222
232
224
260
296
272
250
251
250
254
271
298
289
256
225
235
242
259
292
263
216
163
146
137
136
137
120
90
24
-18
-36
-52
-86
-83
-99
-127
-122
-148
-154
-161
-190
-196
-190
-194
-234
-247
-232
-226
-220
-207
-201
-236
-240
-241
-239
-209
-171
-159
-122
-86
-78
-52
-35
-11
35
68
84
103
103
124
158
151
168
197
188
209
247
211
202
214
168
148
183
173
164
177
137
117
155
115
119
130
73
56
39
-13
-24
-28
-49
-73
-118
-138
-167
-201
-212
-220
-214
-207
-213
-243
-254
-251
-263
-241
-256
-272
-251
-246
-226
-194
-168
-160
-174
-190
-196
-187
-184
-172
-130
-105
-92
-65
-15
21
65
99
96
94
107
120
125
167
186
199
222
233
238
239
258
250
230
232
231
218
213
212
169
150
159
123
106
121
109
100
92
68
74
74
64
66
41
25
-6
-17
-15
-14
-45
-65
-99
-139
-142
-176
-194
-168
-140
-144
-150
-156
-152
-149
-144
-140
-119
-117
-132
-163
-166
-144
-131
-105
-86
-63
-42
-28
-35
17
69
87
123
147
155
165
182
192
206
253
260
258
242
226
223
218
226
211
210
173
166
145
97
93
88
100
87
74
48
4
-11
-23
-48
-44
-65
-85
-122
-164
-184
-151
-139
-140
-128
-160
-187
-188
-219
-236
-218
-219
-188
-185
-216
-221
-222
-251
-220
-182
-153
-112
-175
-191
-178
-170
-128
-101
-66
-59
-52
-52
17
45
67
128
156
163
187
195
180
210
208
239
226
199
236
228
241
269
268
237
244
253
197
176
148
122
82
41
21
26
55
57
20
11
-1
-78
-43
-42
-131
-111
-142
-189
-170
-165
-206
-194
-161
-208
-178
-170
-185
-153
-183
-230
-227
-219
-221
-221
-167
-165
-204
-235
-272
-267
-249
-180
-121
-95
-54
-44
-45
-18
-6
40
83
127
184
235
224
225
225
220
249
281
305
296
260
248
272
307
327
312
300
231
211
212
213
195
164
151
150
143
105
103
65
34
55
45
13
1
-17
-38
-75
-91
-130
-114
-87
-133
-151
-107
-146
-223
-248
-266
-256
-221
-229
-236
-225
-255
-254
-268
-310
-309
-274
-254
-212
-220
-174
-154
-210
-176
-148
-136
-99
-55
-22
35
78
103
128
122
151
217
222
242
299
268
244
247
266
259
300
327
287
260
243
265
278
242
211
200
166
162
158
133
92
55
38
65
55
-16
-4
11
0
-48
-41
-41
-81
-91
-92
-97
-101
-114
-133
-137
-184
-197
-181
-194
-239
-220
-246
-291
-279
-275
-299
-261
-245
-223
-181
-203
-234
-216
-197
-167
-141
-130
-114
-129
-102
-60
-28
32
68
58
84
108
113
92
108
144
181
191
140
147
167
158
191
207
209
210
185
170
157
132
102
119
138
131
128
124
88
75
84
37
28
82
78
55
62
49
30
24
10
20
40
1
10
-9
-77
-80
-76
-96
-95
-86
-121
-157
-154
-139
-104
-81
-89
-128
-150
-175
-201
-165
-100
-97
-115
-85
-76
-101
-86
-16
22
44
87
130
185
161
754
1504
694
-731
-1047
-541
-179
-21
217
424
583
-21
-1041
-824
-288
-93
327
1173
1076
255
-467
-1266
-1083
-564
59
840
925
736
116
-563
-953
-344
590
612
859
741
302
409
174
-743
-809
-11
652
361
-109
-179
-369
-216
-539
-661
-162
-301
-477
-312
-101
-155
-627
-491
-84
-33
74
22
42
151
48
-54
-63
-2
326
379
230
216
103
228
340
289
292
96
165
283
198
196
81
59
78
10
124
168
65
180
204
105
7
-123
55
250
218
54
-94
-30
49
16
73
11
-68
-29
-107
-121
-174
-237
-191
-144
-149
-303
-429
-352
-290
-220
-250
-364
-321
-223
-244
-207
-148
-171
-80
-91
-99
-105
-156
-46
53
3
-10
-55
42
188
152
98
26
95
230
274
252
170
218
269
295
415
332
304
390
403
385
329
283
274
380
330
264
262
185
104
51
59
30
-20
9
-12
-67
-162
-307
-331
-372
-368
-462
-548
-532
-535
-540
-544
-570
-621
-671
-646
-651
-673
-646
-642
-634
-649
-618
-601
-578
-554
-479
-429
-312
-266
-351
-311
-243
-139
10
127
273
371
716
952
879
1099
1120
1447
1661
1672
1673
1563
1742
1803
1949
1904
1675
1632
1607
1463
1341
1085
995
781
502
191
-150
-399
-491
-572
-995
-1286
-1668
-1689
-1535
-1605
-1777
-1878
-1803
-1659
-1570
-1522
-1618
-1531
-1386
-1311
-1180
-1306
-1432
-1511
-1331
-1038
-787
-941
-1032
-962
-773
-542
-549
-537
-399
569
785
739
674
679
1001
1599
1874
1697
1958
2176
2362
2636
2701
2472
2624
2794
2804
2666
2471
2031
1790
1743
1287
873
491
142
-79
-333
-877
-1232
-1281
-1641
-1882
-2045
-2291
-2166
-2014
-2047
-2169
-2101
-2032
-1923
-1671
-1782
-1850
-1734
-1523
-1314
-1163
-1318
-1586
-1615
-1182
-889
-907
-1078
-1150
-895
-664
-683
-671
179
337
590
617
530
925
1302
1674
1643
1953
2187
2330
2846
2845
2569
2645
2667
2817
2881
2734
2206
1844
1764
1362
1023
606
171
-39
-278
-715
-1157
-1341
-1577
-1597
-1681
-1961
-1943
-1886
-1815
-1793
-1796
-1822
-1735
-1462
-1306
-1334
-1394
-1452
-1293
-1006
-982
-1240
-1451
-1229
-807
-802
-950
-1244
-1119
-901
-589
-641
-296
425
203
488
531
799
1172
1505
1597
1641
2106
2209
2500
2985
2593
2492
2817
2771
2868
2839
2474
1921
1808
1568
1165
999
394
-161
-158
-377
-772
-1032
-1302
-1673
-1629
-1724
-1916
-1698
-1650
-1731
-1782
-1758
-1712
-1500
-1339
-1394
-1443
-1371
-1268
-1100
-1046
-1244
-1503
-1562
-1194
-815
-757
-1033
-1311
-1197
-849
-752
-848
-58
178
279
275
482
787
1108
1534
1376
1751
2165
2305
2733
2775
2415
2412
2696
2851
2802
2755
2126
1897
1887
1443
1191
869
280
26
-28
-436
-830
-1014
-1329
-1438
-1471
-1874
-1875
-1680
-1662
-1874
-1844
-1777
-1667
-1471
-1460
-1620
-1630
-1477
-1297
-1107
-1217
-1527
-1754
-1612
-1183
-994
-1150
-1500
-1532
-1286
-1002
-939
-658
3
-20
193
151
411
719
1085
1426
1368
1771
1953
2280
2750
2567
2388
2402
2613
2792
2769
2540
1933
1843
1741
1446
1147
657
105
-76
-146
-452
-780
-1010
-1258
-1398
-1486
-1757
-1642
-1460
-1427
-1551
-1522
-1466
-1343
-1163
-1132
-1218
-1191
-1074
-864
-716
-990
-1353
-1512
-1128
-640
-664
-911
-1249
-1218
-892
-655
-625
-145
95
71
299
481
666
963
1312
1255
1608
1965
2087
2404
2565
2290
2328
2530
2517
2687
2634
2035
1683
1655
1379
1184
803
245
-127
-167
-451
-666
-861
-1252
-1501
-1538
-1697
-1738
-1588
-1612
-1607
-1520
-1486
-1432
-1266
-1227
-1208
-1194
-1094
-901
-727
-771
-1025
-1328
-1305
-843
-632
-666
-888
-1042
-1013
-738
-778
-453
72
54
237
246
506
672
938
1086
1124
1580
1720
2003
2346
2155
2010
2051
2181
2277
2292
2171
1675
1556
1358
1044
788
308
-144
-341
-401
-664
-945
-1215
-1553
-1596
-1628
-1733
-1651
-1583
-1577
-1568
-1448
-1415
-1331
-1215
-1152
-1077
-1007
-882
-750
-682
-805
-985
-1109
-916
-561
-466
-556
-794
-859
-735
-560
-584
-16
190
234
302
443
672
785
1130
1032
1307
1680
1719
2042
2155
2000
1978
2093
2174
2133
2287
1911
1555
1410
1169
929
616
257
-18
-77
-288
-619
-808
-1043
-1211
-1255
-1388
-1463
-1410
-1246
-1304
-1212
-1137
-1120
-977
-881
-833
-793
-716
-672
-554
-515
-747
-873
-915
-728
-514
-469
-664
-796
-779
-620
-536
-444
43
149
193
135
387
526
780
1005
972
1229
1377
1561
1920
1922
1793
1769
1845
1921
1929
1892
1546
1336
1109
956
760
416
-8
-202
-271
-512
-746
-964
-1162
-1242
-1268
-1411
-1432
-1307
-1266
-1209
-1095
-1093
-1009
-918
-825
-811
-792
-725
-691
-526
-539
-704
-899
-877
-626
-452
-451
-638
-802
-827
-693
-613
-175
60
97
9
95
321
438
731
764
895
1121
1338
1608
1743
1692
1628
1732
1803
1763
1772
1589
1380
1208
998
770
484
179
-125
-206
-312
-644
-899
-1064
-1157
-1216
-1318
-1462
-1415
-1257
-1226
-1146
-1036
-1030
-971
-891
-863
-807
-714
-643
-511
-414
-556
-657
-768
-621
-419
-344
-387
-497
-588
-542
-446
-214
212
288
307
324
476
586
873
958
958
1209
1312
1513
1813
1896
1837
1875
1904
1897
1915
1870
1655
1502
1283
1029
827
533
200
-27
-166
-407
-681
-798
-906
-966
-1111
-1315
-1350
-1318
-1282
-1174
-1038
-981
-967
-898
-888
-894
-804
-749
-688
-567
-563
-728
-850
-836
-678
-574
-463
-526
-607
-663
-658
-667
-311
-22
41
31
61
181
343
563
611
861
1005
1117
1329
1549
1608
1585
1639
1658
1670
1676
1537
1476
1317
1103
862
597
329
82
-27
-194
-422
-690
-854
-962
-1080
-1127
-1209
-1227
-1204
-1176
-1057
-978
-892
-863
-787
-801
-824
-777
-718
-614
-532
-571
-674
-741
-709
-664
-590
-548
-596
-652
-708
-757
-652
-282
-94
-23
-29
-9
126
309
485
564
738
880
1034
1339
1500
1571
1554
1629
1645
1642
1656
1521
1457
1323
1149
980
731
432
212
124
-48
-194
-371
-547
-649
-833
-913
-913
-887
-887
-856
-784
-710
-606
-561
-493
-450
-488
-460
-441
-393
-331
-378
-507
-568
-517
-501
-415
-453
-505
-528
-579
-592
-422
-201
-122
-67
-35
-11
112
237
245
351
590
749
929
1154
1256
1311
1366
1387
1381
1447
1392
1263
1177
1047
926
774
498
290
88
-74
-289
-422
-542
-630
-643
-769
-858
-900
-900
-925
-869
-844
-779
-631
-559
-500
-434
-438
-492
-460
-347
-367
-426
-475
-568
-519
-487
-462
-449
-452
-541
-581
-599
-537
-374
-267
-168
-129
-32
67
159
203
247
386
535
715
866
985
1112
1151
1231
1271
1251
1181
1099
957
858
840
651
482
358
210
49
-105
-261
-410
-503
-636
-736
-787
-818
-808
-759
-721
-635
-534
-453
-367
-293
-282
-221
-201
-209
-216
-256
-259
-308
-320
-345
-347
-384
-448
-468
-493
-541
-488
-436
-427
-374
-319
-300
-186
-50
-23
0
12
31
159
329
381
544
697
832
938
1041
1077
1079
1053
990
971
911
786
683
583
452
304
179
131
76
-10
-70
-113
-142
-157
-186
-156
-153
-179
-129
-28
13
58
110
132
139
121
19
-40
-60
-157
-215
-209
-253
-331
-363
-400
-478
-502
-536
-553
-608
-712
-798
-811
-699
-612
-540
-517
-495
-459
-336
-217
-178
-81
26
158
338
497
564
598
632
689
768
764
751
719
683
667
549
476
435
368
321
278
253
248
248
301
295
258
218
192
178
216
198
143
148
137
96
28
-39
-152
-249
-385
-425
-434
-524
-590
-654
-761
-831
-891
-922
-989
-1056
-1141
-1139
-1090
-1099
-1083
-1083
-1037
-959
-856
-760
-672
-566
-440
-320
-196
-63
22
139
270
414
520
587
680
776
858
897
949
989
1005
1023
1030
1017
1049
1049
1048
1063
1047
974
968
993
958
915
847
755
696
687
622
546
445
356
261
147
35
-52
-227
-378
-492
-589
-704
-813
-904
-988
-1068
-1180
-1204
-1235
-1235
-1225
-1249
-1217
-1176
-1147
-1127
-1085
-1030
-960
-814
-727
-624
-457
-325
-215
-21
105
208
374
478
549
673
766
785
856
895
963
1049
1128
1195
1241
1271
1306
1299
1303
1300
1210
1146
1095
998
961
931
797
700
609
507
413
260
122
-34
-203
-365
-471
-613
-731
-790
-932
-1045
-1135
-1255
-1344
-1375
-1446
-1519
-1543
-1580
-1555
-1523
-1540
-1508
-1466
-1374
-1265
-1164
-1042
-941
-822
-684
-544
-441
-325
-155
-14
89
230
387
494
591
681
765
877
992
1107
1206
1259
1315
1398
1428
1481
1519
1448
1436
1436
1433
1394
1335
1240
1130
1042
933
853
700
535
399
215
56
-92
-221
-352
-487
-629
-756
-822
-931
-1056
-1123
-1202
-1264
-1296
-1310
-1340
-1354
-1387
-1403
-1347
-1311
-1254
-1159
-1091
-1015
-886
-764
-650
-492
-380
-291
-198
-88
60
170
308
411
511
645
747
855
944
1026
1149
1217
1264
1325
1341
1382
1400
1398
1396
1379
1313
1264
1232
1140
1070
1008
868
745
616
455
374
233
86
-1
-144
-321
-430
-535
-681
-806
-903
-988
-1053
-1111
-1164
-1227
-1288
-1310
-1335
-1335
-1300
-1249
-1219
-1169
-1115
-1057
-967
-901
-807
-738
-671
-599
-505
-413
-324
-165
-66
46
188
287
418
509
586
683
762
815
878
943
971
1020
1069
1107
1116
1114
1118
1092
1033
1006
945
837
768
650
554
487
361
278
249
171
22
-71
-201
-339
-420
-492
-549
-617
-684
-763
-810
-851
-907
-939
-947
-930
-939
-948
-920
-897
-864
-815
-770
-685
-633
-605
-563
-502
-464
-374
-276
-198
-73
16
125
233
310
376
462
506
546
600
631
681
707
738
828
871
890
919
890
872
897
831
758
757
697
619
591
505
431
408
286
168
133
70
-6
-46
-137
-238
-277
-361
-406
-406
-459
-490
-523
-588
-596
-597
-607
-606
-620
-650
-637
-639
-645
-599
-551
-516
-446
-383
-366
-341
-265
-223
-171
-94
-44
-13
32
114
214
301
347
387
408
439
472
482
501
502
478
476
480
449
455
434
389
413
383
331
335
302
204
152
106
50
31
-10
-77
-124
-171
-189
-167
-156
-165
-211
-237
-285
-309
-297
-327
-343
-352
-371
-384
-367
-379
-389
-382
-365
-323
-306
-264
-208
-168
-120
-82
-48
-30
3
21
57
72
136
181
181
218
255
271
259
272
264
247
239
209
198
199
173
160
123
90
57
46
51
39
9
-36
-48
-77
-100
-115
-145
-192
-198
-198
-193
-182
-165
-164
-150
-136
-167
-140
-126
-135
-130
-147
-146
-107
-93
-48
8
23
48
90
144
180
181
192
241
273
287
316
327
344
359
368
380
365
342
353
307
270
263
211
182
185
172
159
136
101
72
24
-14
-44
-58
-85
-84
-117
-183
-196
-250
-260
-289
-327
-355
-326
-301
-306
-287
-290
-309
-322
-315
-293
-235
-207
-180
-137
-138
-162
-107
-56
-55
-35
-6
6
19
69
104
129
170
221
243
249
268
265
274
281
272
261
242
225
225
186
143
126
93
93
59
41
29
-27
-75
-76
-132
-176
-142
-158
-180
-182
-248
-289
-291
-312
-335
-321
-356
-372
-339
-336
-328
-314
-295
-296
-284
-276
-247
-206
-173
-139
-117
-86
-51
-22
30
59
58
67
109
145
197
258
307
343
353
366
388
394
403
416
412
398
390
368
343
325
292
291
287
256
223
195
161
120
102
98
54
-3
-19
-36
-86
-110
-115
-150
-156
-158
-207
-232
-242
-272
-237
-233
-268
-272
-262
-237
-208
-198
-214
-200
-175
-130
-117
-110
-87
-77
-75
-22
34
53
87
117
154
206
203
224
261
277
310
319
346
348
320
315
292
246
228
231
197
183
177
170
188
148
102
77
11
-21
-32
-76
-95
-119
-166
-165
-186
-235
-254
-290
-311
-291
-280
-287
-301
-336
-348
-341
-346
-347
-309
-304
-304
-281
-241
-246
-219
-189
-192
-175
-156
-111
-82
-62
-69
-15
21
42
92
128
180
205
210
224
250
256
277
280
273
243
199
203
184
153
148
124
107
108
97
65
64
34
3
21
-23
-56
-51
-69
-82
-86
-107
-157
-165
-164
-170
-176
-169
-159
-195
-188
-186
-217
-189
-156
-165
-142
-125
-142
-125
-100
-126
-116
-88
-66
-10
48
83
108
121
130
163
207
225
261
291
284
286
314
296
283
319
312
309
324
301
260
263
221
203
212
204
196
199
187
147
150
125
78
71
44
10
-1
-17
-39
-56
-61
-97
-122
-128
-143
-165
-170
-209
-207
-215
-214
-181
-208
-223
-230
-236
-222
-182
-173
-162
-141
-113
-92
-57
-49
-35
-15
2
25
46
75
76
97
124
141
172
182
178
175
149
116
121
141
118
97
64
25
-8
-30
-46
-63
-55
-77
-88
-55
-76
-94
-85
-117
-163
-137
-168
-220
-215
-247
-278
-259
-278
-306
-275
-305
-309
-278
-287
-294
-294
-312
-262
-243
-213
-151
-150
-134
-105
-75
-7
28
7
53
86
101
141
209
220
256
281
281
342
364
333
361
346
310
332
330
298
304
288
242
239
222
194
174
156
121
108
93
61
41
35
26
10
13
-8
-13
-51
-87
-67
-99
-116
-121
-145
-152
-178
-204
-196
-193
-203
-204
-192
-161
-142
-149
-135
-125
-109
-87
-83
-53
-21
-9
29
47
64
98
141
153
157
187
212
221
223
213
220
221
209
210
246
218
177
179
136
121
114
89
88
62
24
38
50
20
10
-2
-13
-23
-32
-43
-47
-70
-101
-112
-139
-137
-164
-177
-178
-173
-161
-198
-200
-198
-216
-223
-190
-196
-200
-191
-186
-181
-161
-123
-126
-89
-65
-51
-18
4
24
49
62
55
73
102
112
119
94
92
75
66
81
86
62
55
30
9
2
-1
12
7
-4
-14
14
11
-24
-40
-46
-63
-55
-62
-73
-70
-95
-89
-66
-62
-71
-75
-84
-119
-108
-91
-127
-130
-112
-112
-99
-65
-44
-26
-17
-18
-2
13
65
77
76
121
138
144
168
169
152
170
163
160
215
218
205
225
193
167
197
161
141
132
85
61
51
29
16
28
-6
-12
7
5
2
-4
-36
-60
-68
-75
-30
-44
-94
-109
-159
-192
-150
-157
-154
-101
-111
-141
-143
-175
-183
-138
-127
-125
-96
-93
-93
-61
-47
-13
16
23
26
13
65
113
104
162
185
174
184
196
200
194
204
196
201
198
193
192
164
112
80
79
62
78
108
103
77
41
16
-13
-23
-28
-58
-48
-45
-79
-81
-92
-137
-154
-156
-176
-143
-126
-163
-184
-185
-197
-182
-185
-230
-206
-199
-231
-205
-188
-192
-129
-116
-146
-94
-67
-73
-2
48
50
124
132
108
135
111
103
158
197
219
260
244
227
195
139
132
127
130
154
173
148
88
64
18
-55
-42
10
18
17
8
-35
-72
-87
-120
-135
-125
-117
-77
-105
-188
-200
-240
-250
-194
-174
-200
-171
-152
-161
-154
-192
-200
-141
-89
-40
-10
-36
-57
-62
-16
38
92
133
157
158
178
249
224
197
214
229
285
259
231
237
234
252
227
234
260
213
156
101
75
119
137
80
43
33
-14
-59
-100
-137
-107
-114
-144
-142
-123
-121
-130
-165
-235
-213
-177
-165
-127
-119
-162
-188
-188
-214
-183
-118
-105
-62
7
-17
-42
-48
-59
8
79
112
161
150
120
146
178
190
255
283
277
262
237
230
222
203
193
201
202
165
136
122
101
88
32
-50
-74
-91
-110
-125
-136
-161
-188
-186
-207
-217
-204
-199
-222
-223
-239
-287
-314
-301
-276
-258
-264
-285
-293
-257
-215
-188
-191
-202
-193
-187
-141
-80
-39
-27
-39
-12
53
94
138
162
154
175
212
235
275
309
286
270
264
241
262
266
256
256
266
239
184
147
109
95
100
97
112
120
109
53
27
-9
-63
-89
-105
-68
-33
-39
-104
-173
-207
-221
-242
-211
-180
-145
-148
-193
-190
-185
-185
-184
-176
-130
-78
-97
-117
-97
-99
-55
-8
-21
24
95
102
107
116
117
133
167
198
230
242
228
234
226
216
223
192
152
179
216
213
197
158
138
116
96
102
101
91
1
-72
-96
-120
-111
-94
-118
-122
-152
-190
-206
-191
-186
-220
-202
-177
-197
-210
-239
-267
-233
-238
-229
-182
-169
-162
-127
-113
-108
-76
-73
-35
11
34
76
57
3
23
87
127
164
184
202
231
229
211
202
239
253
281
287
233
198
165
109
112
154
147
134
127
90
50
21
-53
-47
-7
-16
-6
-44
-98
-124
-148
-153
-145
-134
-158
-195
-231
-264
-269
-298
-287
-242
-230
-218
-204
-226
-220
-198
-222
-201
-173
-123
-67
-68
-83
-51
-49
8
65
76
85
107
127
153
215
223
225
258
305
293
262
259
266
287
265
238
263
251
218
195
179
181
174
142
123
126
98
81
62
26
13
-2
-32
-37
-63
-110
-121
-142
-164
-155
-152
-156
-165
-188
-217
-235
-246
-219
-217
-220
-202
-235
-299
-296
-245
-174
-104
-97
-53
-9
-26
-56
-58
-15
50
97
116
131
121
114
116
132
170
194
209
224
248
207
138
113
112
151
160
136
121
85
67
61
45
47
54
62
58
55
11
-39
-24
-11
-37
-46
-24
-49
-67
-73
-114
-122
-98
-128
-143
-142
-158
-150
-132
-128
-138
-147
-193
-189
-135
-100
-70
-82
-107
-103
-85
-81
-81
-63
-32
8
21
5
-2
-6
-34
-50
-46
-35
-29
-53
-59
-37
-34
-47
-45
-13
-12
-38
-69
-83
-61
-63
-64
-27
-16
-19
-19
-29
-15
-6
-24
9
58
33
46
96
115
144
162
143
192
260
284
320
329
324
342
371
421
478
506
525
528
492
469
443
439
456
462
448
384
317
223
126
76
12
-63
-119
-174
-221
-321
-442
-510
-535
-525
-547
-545
-552
-578
-618
-679
-693
-672
-642
-602
-560
-563
-586
-567
-527
-465
-404
-364
-386
-383
-346
-369
-299
-215
-182
-73
-21
-4
35
43
96
207
281
457
692
809
828
840
929
1026
1077
1082
1188
1308
1340
1263
1142
1056
994
888
839
829
731
550
383
204
-18
-213
-410
-537
-616
-750
-901
-1031
-1155
-1244
-1269
-1249
-1199
-1153
-1081
-963
-939
-937
-931
-883
-743
-650
-601
-505
-417
-409
-402
-409
-420
-371
-366
-337
-292
-331
-382
-378
-323
-236
-209
-223
-174
-78
-31
14
112
269
449
702
965
1105
1151
1228
1344
1457
1534
1558
1632
1757
1805
1702
1587
1440
1319
1245
1164
1080
938
732
500
266
-11
-315
-549
-642
-735
-867
-1052
-1212
-1307
-1352
-1364
-1309
-1249
-1169
-1045
-940
-862
-827
-809
-732
-578
-541
-502
-419
-359
-310
-303
-364
-416
-425
-445
-417
-408
-440
-478
-517
-577
-610
-626
-597
-430
-282
-234
-188
-114
-51
16
114
315
680
1054
1289
1368
1330
1383
1481
1567
1689
1763
1806
1858
1820
1614
1310
1081
1034
1049
1016
893
631
322
48
-250
-521
-703
-837
-915
-955
-1055
-1251
-1445
-1540
-1507
-1379
-1270
-1155
-999
-922
-854
-788
-769
-673
-498
-368
-310
-286
-324
-302
-283
-312
-335
-391
-402
-371
-394
-440
-474
-537
-559
-529
-555
-615
-573
-399
-224
-136
-89
-20
52
130
195
341
606
1013
1410
1617
1617
1567
1649
1703
1724
1749
1795
1831
1828
1705
1424
1122
921
828
781
709
540
264
-34
-268
-573
-859
-1024
-1057
-1075
-1117
-1224
-1379
-1471
-1490
-1379
-1265
-1129
-968
-824
-702
-625
-603
-560
-441
-286
-211
-168
-125
-129
-166
-191
-229
-302
-337
-380
-437
-482
-558
-599
-576
-575
-591
-603
-613
-524
-312
-166
-130
-71
65
199
292
344
469
678
1016
1486
1760
1766
1630
1639
1715
1751
1687
1664
1735
1765
1654
1371
1009
674
527
522
552
426
154
-159
-394
-622
-900
-1153
-1173
-1103
-1078
-1087
-1202
-1347
-1443
-1402
-1209
-961
-813
-711
-593
-462
-426
-436
-363
-281
-205
-176
-186
-211
-301
-399
-443
-467
-533
-600
-648
-702
-786
-836
-843
-792
-739
-707
-652
-633
-511
-275
-49
99
197
342
546
629
668
775
942
1289
1752
2008
2034
1847
1759
1752
1707
1651
1533
1513
1561
1570
1356
934
516
285
233
289
199
-31
-301
-494
-621
-885
-1170
-1321
-1311
-1181
-1064
-1064
-1158
-1303
-1255
-1139
-989
-843
-747
-606
-454
-396
-446
-453
-430
-379
-311
-220
-221
-307
-422
-482
-486
-586
-642
-612
-578
-522
-534
-591
-592
-586
-531
-389
-250
-158
-6
198
395
528
567
640
838
923
903
975
1102
1269
1546
1747
1732
1554
1450
1456
1382
1250
1111
1119
1134
1113
879
489
131
-82
-124
-90
-68
-139
-316
-515
-624
-782
-1002
-1091
-1054
-983
-844
-775
-849
-978
-1032
-952
-789
-640
-511
-416
-353
-306
-322
-300
-260
-247
-274
-238
-164
-198
-336
-468
-526
-559
-562
-549
-562
-574
-543
-502
-401
-340
-303
-232
-181
-146
-27
135
325
464
479
569
709
730
657
677
796
936
1114
1354
1423
1312
1100
1060
1123
955
797
732
802
876
798
582
307
60
-57
-26
49
-18
-155
-254
-327
-391
-618
-867
-913
-808
-678
-538
-519
-634
-798
-839
-760
-697
-640
-529
-373
-204
-151
-241
-360
-403
-365
-310
-248
-222
-267
-324
-342
-436
-564
-584
-544
-443
-381
-429
-429
-389
-358
-292
-270
-240
-156
-51
164
382
447
393
355
466
614
597
485
536
691
836
1020
1175
1142
944
826
981
1060
882
681
664
812
916
819
542
308
202
249
328
346
222
88
115
198
54
-292
-568
-653
-546
-377
-356
-506
-641
-785
-891
-825
-692
-583
-460
-263
-164
-337
-550
-631
-592
-444
-319
-236
-329
-496
-637
-832
-917
-901
-850
-684
-638
-697
-807
-883
-738
-567
-391
-190
-61
-101
-162
-57
151
345
533
675
771
794
582
345
477
855
1116
1514
1884
1902
1612
1281
1209
1059
980
986
1036
1103
815
301
-199
-520
-500
-370
-67
141
-13
-195
-414
-593
-637
-571
-322
-39
89
-1
-302
-545
-688
-585
-309
-174
-120
-229
-442
-609
-831
-956
-845
-612
-469
-525
-710
-1042
-1272
-1294
-1146
-816
-563
-449
-420
-477
-598
-609
-358
34
390
589
563
413
167
-16
-33
163
601
954
888
526
131
-58
-71
32
303
671
995
1021
1156
1457
1585
1561
1503
1605
1632
1395
996
698
632
564
414
114
-252
-444
-596
-593
-491
-493
-449
-417
-409
-438
-535
-512
-449
-335
-191
-170
-186
-309
-398
-396
-416
-430
-495
-495
-485
-576
-676
-817
-887
-912
-931
-824
-752
-722
-786
-838
-715
-694
-609
-487
-367
-157
-67
0
67
128
266
422
567
601
437
230
115
252
493
626
523
355
289
143
32
93
307
685
920
1214
1632
1673
1605
1445
1308
1244
1110
876
651
555
307
24
-206
-546
-722
-699
-628
-400
-358
-438
-434
-478
-426
-413
-382
-243
-110
-42
-53
-202
-484
-685
-677
-590
-537
-586
-711
-749
-807
-933
-946
-900
-774
-617
-530
-553
-706
-787
-695
-418
-183
-44
-25
-20
40
62
135
330
485
615
705
610
418
172
-22
-27
206
518
716
608
355
128
12
-58
50
364
687
869
853
1087
1353
1459
1448
1370
1323
1083
721
418
374
279
45
-121
-302
-594
-752
-793
-642
-330
-207
-165
-133
-217
-355
-399
-319
-237
-146
-95
-133
-286
-569
-798
-837
-707
-679
-637
-633
-748
-850
-950
-971
-951
-762
-515
-272
-166
-345
-432
-384
-260
-46
88
194
303
275
210
158
120
155
295
453
518
448
210
-10
-92
29
332
529
517
305
119
28
41
158
384
598
802
759
1022
1247
1391
1483
1212
1142
939
686
403
245
145
65
-30
-281
-610
-704
-811
-640
-370
-257
-156
-175
-253
-273
-255
-296
-252
-232
-291
-337
-371
-563
-714
-759
-715
-663
-566
-552
-584
-606
-669
-597
-479
-404
-379
-289
-327
-236
-41
42
20
-124
-59
-43
58
186
205
310
332
286
195
95
76
130
321
364
233
75
-27
82
169
155
84
101
101
116
162
311
453
607
610
866
1231
1306
1277
1064
922
727
445
269
295
156
47
-108
-261
-529
-620
-675
-546
-318
-250
-179
-178
-223
-221
-241
-269
-259
-261
-201
-169
-267
-431
-518
-545
-493
-483
-457
-421
-422
-446
-536
-612
-611
-504
-304
-128
-67
-162
-251
-282
-262
-126
-70
-17
108
134
81
17
-53
-51
87
254
344
346
220
4
-115
-149
-4
257
428
353
145
-3
-157
-126
-30
228
494
601
598
423
718
950
1086
1154
1051
982
761
489
236
192
232
246
237
31
-351
-529
-554
-362
-78
48
-5
-155
-370
-516
-481
-328
-118
26
34
-96
-349
-542
-502
-325
-179
-95
-116
-285
-469
-629
-633
-440
-193
-156
-152
-292
-488
-562
-433
-14
208
233
-92
-251
-319
-356
-153
85
362
432
251
49
-147
-212
-72
245
425
298
135
-16
-61
-100
-83
84
274
250
56
-140
-217
-87
205
470
679
1043
1064
953
754
695
786
747
831
670
586
276
27
-144
-325
-251
-194
-59
-73
-239
-453
-573
-510
-396
-204
-31
-5
-51
-245
-324
-347
-303
-229
-133
-78
-218
-414
-578
-592
-538
-510
-423
-380
-437
-462
-614
-606
-525
-417
-327
-306
-373
-480
-467
-366
-237
-127
-57
9
24
62
109
121
200
230
216
178
51
-43
31
173
302
313
186
82
-26
-73
-70
117
336
502
579
487
671
983
1238
1298
1253
1245
1159
836
574
488
583
506
349
118
-198
-418
-524
-279
-66
8
-47
-112
-229
-355
-367
-227
31
241
263
176
-9
-302
-452
-402
-299
-245
-162
-171
-297
-470
-659
-733
-608
-453
-411
-396
-431
-599
-658
-412
-258
-178
-312
-367
-286
-296
-261
-163
57
194
151
88
-57
-123
-64
29
132
72
-150
-255
-155
-36
-58
-138
-88
-46
-54
-81
-60
199
323
399
420
620
982
1161
1323
1292
1321
1022
682
487
455
475
386
296
149
-118
-384
-541
-463
-249
-123
-29
-73
-140
-260
-284
-193
17
189
262
190
7
-213
-373
-363
-268
-197
-213
-290
-386
-573
-684
-725
-675
-477
-500
-585
-745
-839
-778
-681
-625
-593
-530
-489
-417
-413
-409
-320
-227
-104
45
69
101
96
34
37
10
-93
-48
149
256
284
108
-91
-62
13
37
108
215
411
568
592
501
608
961
1318
1503
1338
1326
1198
1027
929
787
806
766
674
526
288
27
-148
39
180
238
189
39
18
-25
-23
12
117
217
234
202
-68
-297
-374
-297
-194
-209
-312
-472
-629
-817
-958
-952
-861
-768
-765
-819
-916
-1022
-1006
-893
-570
-446
-445
-601
-683
-609
-620
-368
-111
126
213
91
3
-71
-14
142
295
344
207
86
48
54
10
-103
-40
-18
-4
-35
-39
104
322
445
534
578
874
1056
1125
1171
1026
1227
1207
1183
1026
830
613
474
446
293
110
12
-12
35
-74
-244
-309
-277
-175
-158
-185
-260
-296
-394
-431
-495
-541
-555
-558
-510
-509
-535
-550
-554
-617
-666
-724
-754
-711
-714
-728
-749
-827
-865
-738
-610
-513
-569
-677
-578
-528
-395
-249
-117
140
249
274
258
240
327
409
515
480
405
281
266
327
287
229
180
243
261
233
146
202
370
564
691
711
697
816
1096
1252
1303
1245
1276
1285
1180
1017
815
809
810
666
457
234
43
-46
-58
-117
-156
-221
-269
-335
-447
-582
-613
-554
-522
-509
-503
-520
-487
-425
-433
-459
-415
-399
-399
-459
-550
-607
-624
-603
-636
-655
-728
-769
-741
-593
-547
-666
-792
-819
-649
-477
-356
-260
-111
38
63
40
47
75
311
461
491
426
255
169
232
369
359
373
331
244
112
33
-14
10
177
342
391
449
356
525
863
963
921
857
971
1007
1045
867
786
735
548
428
230
9
-87
-117
-147
-259
-449
-665
-683
-678
-690
-645
-601
-555
-565
-520
-478
-483
-445
-427
-342
-234
-249
-295
-341
-398
-498
-494
-483
-449
-427
-523
-578
-582
-616
-628
-594
-483
-448
-435
-479
-460
-297
-226
-65
68
210
372
394
491
552
555
586
582
572
572
535
544
610
569
381
204
141
140
111
66
84
149
162
154
198
344
611
771
951
998
940
875
785
781
860
845
817
688
483
271
69
24
3
18
-35
-131
-218
-325
-385
-419
-397
-367
-353
-350
-441
-510
-515
-470
-404
-417
-413
-335
-294
-290
-311
-335
-316
-289
-282
-271
-223
-332
-437
-398
-490
-524
-659
-707
-674
-699
-637
-563
-460
-347
-200
-61
-32
3
48
177
323
301
263
257
333
352
339
250
84
-36
-109
-121
-133
-215
-144
-57
23
35
64
124
353
635
669
662
636
702
747
797
813
791
801
740
601
593
533
468
467
417
380
291
143
30
-44
-150
-302
-401
-443
-499
-560
-589
-656
-675
-639
-560
-458
-353
-334
-310
-225
-217
-184
-202
-197
-218
-248
-349
-484
-556
-619
-633
-729
-821
-905
-850
-786
-746
-699
-639
-447
-327
-229
-95
27
158
207
283
350
352
398
419
470
423
282
237
273
322
320
295
276
310
333
382
494
490
550
736
906
852
731
743
923
1094
1056
913
921
986
1037
975
816
828
794
695
503
322
151
11
-95
-240
-383
-575
-716
-756
-796
-817
-868
-857
-774
-697
-614
-557
-467
-367
-278
-237
-310
-366
-365
-362
-394
-516
-630
-671
-688
-664
-708
-804
-933
-964
-831
-777
-694
-622
-499
-346
-286
-246
-168
-39
89
164
242
275
267
326
385
365
333
312
387
445
434
414
417
472
438
394
450
504
523
553
565
494
460
514
570
658
684
706
750
768
757
750
777
774
676
591
463
336
233
86
-55
-198
-310
-422
-541
-655
-730
-712
-755
-740
-757
-723
-641
-608
-601
-604
-524
-492
-436
-425
-435
-425
-455
-438
-414
-502
-594
-683
-677
-678
-632
-610
-613
-573
-558
-500
-415
-352
-238
-112
16
87
111
157
189
285
371
479
582
556
518
584
648
692
666
629
690
782
776
717
640
569
615
650
665
602
564
577
641
698
682
695
736
807
860
812
686
631
592
531
467
341
208
115
-27
-135
-259
-416
-530
-619
-628
-689
-732
-801
-851
-847
-852
-840
-819
-756
-726
-699
-652
-670
-681
-662
-676
-681
-676
-673
-694
-714
-745
-717
-656
-512
-399
-431
-421
-401
-291
-183
-99
-44
-1
83
110
109
117
131
207
339
450
503
542
514
446
441
445
453
488
519
506
471
423
383
417
431
440
536
575
557
546
575
618
635
640
606
645
628
617
572
479
423
266
219
171
80
13
-156
-242
-303
-354
-403
-499
-558
-667
-726
-702
-712
-714
-719
-679
-630
-575
-532
-523
-488
-488
-442
-444
-411
-455
-475
-418
-415
-370
-355
-260
-247
-229
-277
-232
-99
-121
-97
-115
-73
-3
-13
16
-15
4
67
134
258
292
370
408
415
448
488
571
611
589
567
583
595
602
665
631
582
576
554
619
680
643
586
541
549
638
619
512
453
386
349
386
351
297
267
180
127
70
5
-35
-76
-154
-215
-287
-383
-425
-489
-626
-714
-694
-671
-641
-654
-718
-747
-725
-681
-665
-674
-714
-701
-689
-590
-569
-604
-611
-616
-526
-502
-491
-472
-448
-393
-405
-345
-297
-287
-239
-231
-172
-103
-61
-27
11
29
77
234
332
384
424
432
488
539
542
521
503
536
562
640
635
589
579
529
530
563
578
583
533
484
464
534
490
453
472
447
421
373
301
261
271
227
192
135
64
28
9
-88
-169
-249
-280
-276
-303
-366
-438
-534
-605
-626
-657
-652
-662
-695
-647
-626
-638
-619
-571
-526
-501
-500
-480
-424
-396
-386
-311
-212
-178
-142
-132
-77
-41
-37
-23
-3
27
78
113
128
118
116
147
223
310
387
457
470
487
472
458
461
468
484
498
527
526
517
504
499
448
403
420
463
496
476
435
444
471
361
365
403
419
400
306
297
244
186
139
97
84
58
-14
-113
-163
-238
-322
-384
-480
-555
-581
-597
-671
-714
-744
-762
-706
-710
-744
-700
-680
-644
-631
-642
-582
-514
-446
-380
-345
-333
-314
-285
-259
-204
-220
-210
-177
-182
-203
-178
-185
-169
-110
-107
-72
19
86
92
126
135
175
250
327
385
455
445
484
558
585
607
615
612
640
664
614
580
572
576
570
544
515
490
428
382
379
427
401
352
308
245
189
140
112
70
11
-42
-53
-80
-137
-201
-253
-313
-373
-418
-426
-466
-541
-604
-630
-592
-582
-583
-589
-621
-605
-548
-539
-497
-460
-478
-426
-365
-321
-257
-252
-248
-211
-203
-208
-203
-215
-202
-152
-100
-67
-19
-9
30
106
178
274
325
327
376
427
448
483
501
518
574
569
567
602
572
591
631
602
548
528
490
479
448
415
429
400
353
317
305
310
292
252
195
176
163
92
48
1
-67
-86
-103
-161
-214
-260
-330
-345
-337
-405
-449
-487
-535
-552
-565
-562
-567
-595
-616
-598
-569
-546
-515
-487
-428
-391
-377
-365
-353
-357
-316
-303
-292
-264
-258
-229
-232
-210
-203
-175
-109
-39
-1
38
91
93
131
156
178
238
298
307
304
348
388
437
452
409
408
421
436
456
435
397
372
404
425
411
373
336
351
391
404
361
335
317
306
300
260
183
116
86
68
50
32
-6
-17
-54
-99
-137
-182
-220
-260
-312
-344
-358
-385
-397
-389
-405
-427
-407
-401
-397
-411
-398
-370
-332
-350
-373
-350
-343
-337
-299
-261
-253
-228
-210
-225
-212
-195
-176
-117
-91
-90
-27
42
61
93
129
147
190
236
253
277
296
312
329
363
343
346
373
390
421
425
419
394
399
395
429
464
418
362
325
355
423
384
303
274
256
274
256
167
95
75
73
56
33
-64
-122
-108
-142
-179
-189
-224
-256
-254
-292
-352
-413
-462
-429
-408
-426
-447
-495
-503
-472
-452
-442
-423
-403
-368
-364
-369
-354
-310
-261
-268
-243
-201
-195
-168
-157
-161
-142
-103
-85
-60
-10
-1
15
63
103
150
159
156
168
186
220
221
237
264
295
307
348
371
341
364
391
399
430
395
361
373
340
321
341
284
236
238
247
222
208
183
144
136
112
112
99
66
30
12
-33
-52
-83
-82
-82
-111
-129
-168
-194
-193
-202
-228
-225
-277
-279
-271
-299
-280
-297
-265
-226
-219
-222
-225
-232
-230
-194
-173
-178
-138
-135
-135
-118
-126
-123
-114
-104
-77
-56
-53
-35
-23
-4
31
74
62
78
92
110
141
165
175
156
176
189
196
224
218
193
200
217
215
226
232
196
218
255
225
219
211
169
167
161
77
101
136
79
52
39
18
35
38
-14
-33
-30
-34
15
-6
-58
-65
-92
-126
-145
-182
-253
-259
-235
-237
-259
-269
-273
-279
-234
-210
-204
-208
-209
-204
-203
-203
-203
-188
-160
-151
-132
-119
-142
-173
-162
-148
-129
-98
-95
-93
-79
-47
-3
37
57
59
52
56
72
80
85
101
127
166
185
178
192
224
213
228
253
240
242
254
216
197
204
182
182
183
156
165
200
180
175
160
131
164
174
180
170
129
115
125
97
100
107
59
30
14
-35
-41
-37
-108
-124
-103
-126
-140
-160
-212
-193
-161
-155
-131
-147
-168
-156
-156
-163
-136
-139
-141
-127
-146
-172
-182
-199
-174
-150
-159
-162
-181
-198
-166
-140
-138
-100
-71
-55
-46
-28
-45
-56
-5
3
33
64
71
87
106
93
107
145
158
173
201
172
155
179
171
181
161
141
147
144
107
104
105
115
121
132
158
149
126
136
104
62
112
89
63
58
12
-15
-6
-34
-63
-38
-54
-78
-74
-94
-100
-87
-94
-97
-118
-134
-123
-148
-181
-161
-158
-159
-127
-125
-131
-134
-135
-144
-137
-145
-147
-130
-142
-144
-122
-135
-150
-130
-137
-132
-114
-121
-117
-85
-62
-14
24
34
70
83
98
134
139
151
174
180
212
215
209
204
210
220
232
250
258
239
180
165
154
148
158
143
124
126
100
101
105
87
93
87
71
73
58
27
50
14
-14
3
-16
-47
-37
-73
-91
-88
-99
-124
-144
-151
-181
-177
-190
-193
-167
-157
-177
-155
-142
-148
-128
-113
-109
-125
-140
-139
-123
-107
-108
-113
-97
-99
-92
-67
-85
-78
-92
-86
-55
-51
-32
-14
-3
44
66
86
118
125
131
138
149
146
137
143
145
149
162
162
145
147
146
110
117
123
110
113
78
54
63
70
58
58
46
29
41
41
30
27
19
13
-2
-7
3
-24
-42
-37
-39
-38
-51
-82
-78
-113
-135
-109
-122
-129
-100
-96
-120
-108
-88
-74
-43
-47
-55
-66
-79
-82
-68
-46
-43
-48
-50
-44
-48
-54
-43
-42
-36
-12
-22
-15
-11
-19
-4
18
22
21
40
52
64
60
55
72
74
93
112
109
105
106
98
112
97
82
93
48
35
52
42
36
19
13
42
63
70
77
46
47
56
64
59
62
22
8
26
18
16
-1
7
34
29
-2
-25
-53
-82
-68
-63
-48
-54
-81
-61
-70
-77
-62
-79
-86
-70
-79
-69
-44
-54
-64
-29
-49
-57
-32
-44
-65
-86
-94
-95
-99
-76
-78
-87
-89
-81
-59
-51
-39
-23
-31
-14
-15
-21
-11
22
27
29
45
29
23
38
58
61
96
79
82
88
75
62
42
14
9
30
28
41
40
22
20
45
13
37
32
19
4
1
17
11
14
4
10
12
16
4
-18
-18
-30
-53
-42
-44
-63
-37
-23
-28
-17
0
-25
-10
-6
-16
10
-2
-14
8
10
0
36
-2
-7
14
15
22
30
16
10
16
10
20
21
14
16
7
21
48
53
69
100
111
123
120
116
125
134
128
102
86
82
80
81
91
81
60
61
23
14
9
-7
-19
-33
-32
-52
-64
-56
-61
-89
-64
-37
-63
-71
-42
-62
-73
-50
-59
-47
-31
-71
-80
-69
-97
-81
-73
-80
-86
-86
-98
-127
-106
-86
-102
-89
-77
-102
-65
-46
-34
3
10
8
34
19
-1
9
12
17
22
17
-7
-7
4
14
23
27
11
6
13
14
34
35
25
55
65
80
101
87
85
101
68
67
78
52
48
31
11
28
37
25
31
19
-5
-6
-12
-22
-46
-62
-66
-54
-46
-40
-37
-59
-69
-65
-72
-79
-46
-23
-26
-28
-35
-58
-61
-56
-59
-64
-72
-83
-92
-83
-78
-87
-86
-48
-43
-45
-12
-14
-27
-13
4
23
34
30
41
56
51
62
69
61
78
72
73
82
64
68
96
90
102
116
98
107
115
114
148
156
135
131
117
98
96
109
106
97
101
86
75
71
73
35
30
25
10
20
33
10
-2
-9
-33
-30
-40
-55
-75
-58
-74
-93
-74
-84
-114
-105
-96
-125
-109
-113
-126
-85
-79
-70
-75
-103
-91
-92
-103
-99
-96
-88
-85
-87
-80
-63
-48
-40
-22
-1
2
-3
2
3
11
21
56
64
60
73
49
57
94
84
90
93
67
60
72
58
63
75
64
66
68
61
59
52
57
64
62
67
39
27
22
10
19
15
3
22
0
-23
-15
-34
-34
-23
-64
-92
-93
-142
-163
-141
-168
-174
-166
-177
-177
-165
-185
-179
-171
-194
-166
-159
-175
-156
-142
-138
-100
-105
-97
-83
-90
-65
-46
-36
-27
-13
-17
7
40
28
40
63
80
95
118
136
149
147
145
164
174
184
186
196
212
213
217
249
237
232
264
250
231
224
200
178
184
160
153
159
135
127
142
122
113
125
91
66
76
40
15
30
10
-19
-21
-19
-19
-40
-61
-100
-129
-129
-157
-161
-164
-176
-191
-205
-214
-218
-191
-185
-180
-168
-176
-181
-183
-194
-189
-193
-202
-180
-165
-143
-144
-141
-120
-110
-97
-95
-96
-85
-89
-73
-38
-3
16
14
6
24
48
87
112
125
142
138
148
165
181
191
186
195
191
194
187
179
195
198
191
179
171
172
176
167
156
155
138
121
113
97
83
59
38
15
-17
-54
-81
-96
-111
-128
-136
-159
-170
-165
-185
-208
-207
-230
-238
-222
-243
-264
-271
-283
-281
-269
-281
-259
-226
-215
-193
-182
-181
-153
-128
-127
-113
-99
-106
-96
-43
-13
11
20
18
26
45
67
97
132
162
195
220
239
254
277
284
281
283
287
274
279
299
309
296
289
293
272
272
275
253
240
227
205
207
205
177
159
147
107
99
82
46
41
9
-30
-33
-41
-55
-33
-70
-95
-106
-155
-172
-162
-199
-228
-221
-243
-239
-233
-239
-247
-249
-236
-234
-227
-209
-220
-228
-219
-228
-232
-229
-228
-207
-175
-164
-148
-127
-118
-90
-78
-75
-33
-24
-24
-13
3
14
25
62
97
92
96
121
111
136
158
149
163
166
155
175
172
161
181
174
179
185
164
147
169
143
143
139
106
114
102
77
88
82
54
50
38
29
23
6
-13
-24
-42
-40
-53
-76
-76
-86
-111
-113
-113
-132
-105
-104
-163
-167
-160
-189
-183
-175
-181
-171
-169
-163
-153
-143
-149
-161
-151
-130
-120
-88
-77
-104
-73
-62
-83
-49
-35
-32
3
9
2
42
53
65
90
83
94
119
115
126
159
137
149
153
144
163
188
202
204
204
197
214
192
179
198
172
153
156
152
143
165
159
148
160
131
116
110
77
54
58
49
33
38
16
0
-9
-23
-35
-56
-71
-83
-99
-96
-91
-110
-103
-92
-107
-103
-113
-152
-158
-147
-167
-186
-170
-210
-212
-182
-200
-179
-144
-157
-148
-115
-133
-132
-122
-125
-113
-112
-118
-92
-88
-85
-38
-19
-16
1
12
12
30
42
38
39
53
69
101
112
113
125
122
113
118
144
168
169
174
162
146
138
139
119
126
118
95
90
89
84
90
95
82
74
50
36
18
12
4
-8
-18
-23
-29
-47
-48
-72
-85
-99
-106
-111
-101
-126
-149
-139
-162
-173
-167
-170
-200
-207
-207
-208
-193
-176
-175
-139
-114
-108
-83
-71
-79
-71
-43
-46
-42
-37
-46
-34
-7
2
34
60
73
72
74
72
69
85
108
118
145
166
144
136
135
137
150
159
160
171
176
177
182
202
187
181
194
165
154
158
127
132
145
127
141
151
115
101
105
89
84
87
80
67
69
52
23
29
31
9
2
-12
-26
-44
-62
-55
-62
-77
-78
-100
-126
-128
-159
-173
-163
-165
-168
-156
-166
-182
-178
-199
-212
-204
-216
-216
-175
-182
-188
-159
-146
-159
-143
-127
-123
-97
-100
-110
-86
-92
-101
-74
-59
-50
-27
-9
0
19
28
36
48
57
65
64
64
73
77
60
79
105
112
115
118
103
82
98
96
81
85
73
57
70
75
83
93
77
60
64
47
43
48
32
21
37
36
38
37
20
20
15
-5
-15
-17
-28
-43
-38
-58
-73
-81
-83
-73
-78
-81
-85
-79
-82
-76
-87
-77
-63
-73
-47
-34
-57
-47
-39
-69
-30
-13
-38
-10
3
-14
-4
12
4
6
15
22
16
41
54
69
92
97
98
106
128
119
130
149
141
156
173
152
171
184
169
173
177
165
151
141
120
116
108
105
106
91
79
71
62
39
45
33
35
21
17
20
-14
-31
-33
-43
-55
-48
-57
-66
-78
-88
-101
-107
-123
-135
-139
-168
-174
-178
-192
-184
-170
-153
-156
-154
-147
-143
-156
-153
-147
-154
-129
-130
-129
-130
-140
-152
-142
-118
-108
-74
-60
-58
-56
-49
-38
-17
-13
13
16
2
18
28
47
52
63
76
80
73
75
91
105
104
110
117
116
126
115
106
114
104
119
128
111
103
107
96
96
95
86
83
68
55
60
43
22
22
19
-1
-16
-25
-39
-34
-57
-57
-56
-86
-91
-96
-120
-125
-119
-126
-121
-125
-103
-99
-117
-113
-109
-125
-109
-100
-98
-85
-78
-58
-41
-34
-26
-17
-19
-9
-1
-6
9
40
42
60
82
80
105
126
124
142
142
135
139
149
143
151
160
165
169
185
177
162
177
160
142
154
132
116
115
90
81
89
78
73
90
72
60
65
42
31
35
5
-12
-18
-34
-41
-38
-56
-61
-63
-71
-68
-73
-76
-89
-88
-92
-105
-109
-122
-131
-117
-111
-118
-109
-104
-110
-107
-115
-128
-118
-109
-121
-114
-103
-100
-88
-94
-109
-93
-85
-98
-92
-86
-95
-94
-87
-89
-75
-69
-71
-67
-62
-69
-75
-57
-51
-52
-46
-38
-19
0
13
30
41
45
54
58
50
59
62
76
70
89
97
83
85
89
83
84
100
98
114
120
92
84
98
103
95
108
106
92
80
64
58
46
39
15
30
17
-1
3
3
-19
-3
-10
-38
-31
-36
-49
-40
-45
-63
-60
-75
-69
-53
-58
-68
-59
-49
-53
-42
-31
-32
-32
-24
-22
-18
-21
-29
-21
-12
10
22
25
46
45
42
54
63
70
73
72
75
70
70
67
87
105
91
82
90
82
92
109
100
108
105
85
87
87
62
67
54
31
32
31
37
45
30
25
39
27
29
17
6
-1
-14
-36
-53
-62
-60
-61
-64
-72
-75
-80
-81
-93
-105
-110
-131
-124
-109
-120
-130
-121
-129
-130
-124
-137
-147
-145
-150
-152
-153
-144
-136
-118
-116
-103
-97
-103
-90
-84
-80
-68
-68
-52
-39
-38
-25
-16
-7
10
26
12
37
30
49
79
74
85
96
91
88
105
84
95
120
101
103
125
108
105
121
108
115
120
109
112
111
99
87
90
72
74
80
73
71
69
68
41
32
30
7
7
-4
-15
-17
-36
-43
-52
-67
-67
-58
-61
-60
-55
-63
-65
-61
-61
-59
-47
-44
-50
-41
-37
-40
-21
-13
-28
-20
-2
-13
7
20
11
11
14
5
17
33
26
43
48
53
63
70
61
51
56
56
53
59
68
59
51
46
48
48
40
45
35
38
34
31
23
29
35
26
17
12
16
14
11
6
2
-8
-19
-35
-32
-37
-48
-56
-58
-60
-52
-47
-65
-65
-69
-84
-73
-71
-85
-81
-90
-105
-105
-103
-114
-95
-92
-112
-98
-92
-102
-87
-79
-87
-77
-81
-83
-64
-70
-79
-58
-60
-52
-29
-33
-34
-24
-23
-18
1
13
10
22
30
38
50
60
59
62
61
71
87
85
88
101
89
89
96
82
81
93
92
96
96
73
80
77
66
87
93
93
101
93
70
75
58
44
53
44
30
32
28
13
24
13
3
20
-1
-8
-4
-23
-28
-18
-18
-23
-11
-17
-36
-40
-34
-35
-35
-22
-24
-24
-19
-35
-38
-29
-44
-38
-29
-39
-46
-37
-36
-48
-36
-21
-31
-28
-20
-33
-27
-21
-29
-16
-5
-8
-4
1
-7
2
3
6
14
19
25
32
24
24
31
25
33
33
35
21
24
30
23
25
32
29
34
40
30
35
28
14
12
2
0
-1
-6
-17
-14
-19
-24
-29
-24
-15
-35
-42
-30
-36
-43
-45
-48
-48
-53
-60
-59
-61
-77
-75
-65
-64
-63
-67
-71
-64
-56
-64
-56
-42
-47
-37
-35
-24
-20
-19
-19
-18
-13
-18
-9
10
13
19
28
27
23
22
27
43
52
58
63
58
50
48
50
42
56
61
54
64
68
64
66
69
60
62
66
58
61
53
41
43
33
33
37
46
41
36
36
31
37
33
30
21
11
7
0
1
-4
-3
-1
2
-11
-16
-18
-40
-28
-16
-30
-24
-15
-38
-44
-35
-39
-36
-25
-25
-12
-10
-28
-19
-21
-37
-34
-24
-32
-30
-22
-29
-29
-26
-26
-23
-17
-21
-28
-28
-23
-24
-11
-8
-14
-17
-11
-19
-12
-9
-14
-5
-6
3
6
8
12
13
11
13
16
11
19
20
26
27
17
15
11
2
6
10
7
12
12
8
10
14
12
11
15
8
-2
-5
-7
-5
-10
-12
3
-6
-12
-11
-20
-23
-13
-15
-18
-13
-30
-26
-28
-40
-26
-25
-33
-27
-27
-29
-19
-10
-10
-2
-4
-9
-7
-10
-9
-13
-7
-7
-5
3
3
-2
2
4
9
16
20
25
32
26
27
27
25
23
23
26
23
20
21
20
19
23
23
26
33
35
29
36
37
30
30
33
26
30
30
15
16
19
12
19
24
9
8
2
1
-5
-3
1
-9
-9
1
-5
-9
-3
-7
-5
-8
-15
-23
-20
-24
-23
-20
-27
-26
-24
-27
-27
