SAMPLES:	8526
BITSPERSAMPLE:	16
CHANNELS:	1
SAMPLERATE:	16000
NORMALIZED:	FALSE
-6
-7
-6
-4
-5
-10
-11
-14
-17
-15
-15
-17
-20
-21
-25
-27
-28
-29
-32
-32
-31
-30
-31
-31
-27
-26
-23
-23
-23
-23
-23
-23
-21
-20
-19
-17
-15
-13
-14
-12
-13
-13
-11
-12
-11
-11
-11
-11
-11
-9
-8
-6
-3
-3
1
5
8
13
14
15
16
14
15
15
14
13
15
16
16
16
18
17
16
19
17
20
22
22
23
21
21
20
19
18
19
19
21
21
22
20
20
22
23
21
17
15
12
9
6
5
4
6
9
8
5
5
4
3
3
3
2
3
5
5
3
2
0
-4
-5
-6
-7
-8
-8
-4
-5
-5
-4
-5
-5
-6
-6
-7
-9
-9
-6
-5
-2
-2
-2
-3
-1
-3
-4
-5
-7
-6
-5
-5
-5
-3
-5
-6
-4
-7
-11
-10
-9
-9
-8
-9
-6
-5
-6
-5
-4
-7
-5
-1
0
1
1
1
-1
-1
-1
0
-2
-1
-1
-2
-6
-8
-10
-9
-7
-5
-5
-4
-6
-7
-10
-13
-16
-18
-16
-17
-17
-17
-20
-23
-26
-28
-26
-23
-22
-21
-18
-15
-13
-11
-11
-13
-13
-11
-10
-9
-7
-6
-3
0
1
3
6
8
9
13
19
24
29
36
38
37
35
35
36
39
41
46
47
47
44
41
37
35
36
36
33
30
28
23
20
17
15
13
13
9
5
3
1
-2
-6
-9
-10
-13
-13
-14
-16
-18
-22
-24
-28
-32
-30
-28
-27
-27
-31
-34
-36
-36
-35
-34
-34
-33
-33
-32
-33
-34
-32
-26
-20
-18
-16
-15
-15
-15
-12
-10
-7
-3
2
6
9
12
17
24
30
38
43
49
56
61
66
68
73
79
83
84
83
83
78
77
72
72
73
71
71
68
63
56
50
40
29
21
11
-1
-14
-28
-37
-46
-55
-63
-70
-81
-91
-98
-105
-113
-124
-130
-139
-148
-153
-156
-159
-159
-159
-155
-152
-147
-143
-138
-136
-137
-134
-134
-127
-116
-105
-92
-78
-66
-56
-41
-25
-13
4
24
45
64
93
120
144
166
185
203
218
238
257
277
289
307
316
319
322
321
320
309
301
288
267
244
221
197
171
146
124
96
66
33
-2
-36
-69
-96
-116
-138
-161
-183
-203
-225
-242
-254
-263
-273
-285
-294
-310
-323
-337
-348
-357
-361
-362
-363
-358
-355
-350
-337
-322
-303
-276
-244
-214
-185
-157
-128
-98
-70
-37
-5
28
63
97
131
170
221
278
323
361
395
417
438
469
506
524
553
583
597
600
588
577
569
556
546
527
490
448
395
346
290
222
175
127
82
36
-27
-87
-144
-199
-252
-312
-353
-383
-398
-414
-439
-463
-492
-525
-552
-573
-591
-596
-604
-612
-630
-646
-657
-659
-647
-632
-613
-596
-569
-539
-523
-501
-459
-412
-344
-274
-209
-141
-93
-44
5
44
85
140
194
262
325
403
488
572
646
697
754
812
858
886
921
943
966
971
978
959
926
920
909
888
854
791
713
631
547
464
365
292
216
126
29
-74
-185
-283
-367
-435
-493
-529
-556
-587
-624
-675
-732
-777
-814
-858
-903
-948
-966
-978
-996
-1020
-1045
-1066
-1076
-1063
-1036
-1000
-952
-902
-861
-838
-798
-738
-660
-563
-447
-332
-228
-121
-25
63
149
247
357
451
533
621
734
872
987
1101
1180
1249
1326
1402
1459
1493
1516
1543
1549
1527
1488
1423
1416
1396
1375
1349
1268
1186
1077
936
768
571
395
233
119
7
-108
-220
-349
-501
-628
-752
-851
-898
-944
-965
-1021
-1073
-1127
-1184
-1242
-1306
-1353
-1380
-1406
-1406
-1415
-1437
-1461
-1474
-1466
-1454
-1428
-1367
-1300
-1261
-1215
-1164
-1088
-1003
-892
-756
-617
-466
-318
-173
-60
38
147
246
341
432
523
650
831
986
1130
1222
1262
1310
1375
1466
1523
1581
1651
1695
1690
1646
1543
1463
1425
1435
1425
1351
1234
1111
945
771
600
434
323
230
149
37
-93
-255
-393
-530
-653
-741
-776
-781
-782
-799
-862
-935
-978
-1018
-1061
-1085
-1116
-1146
-1174
-1205
-1235
-1264
-1288
-1263
-1238
-1193
-1141
-1055
-991
-944
-920
-877
-799
-698
-588
-468
-309
-168
-53
52
117
160
209
279
376
440
513
677
879
1034
1177
1229
1262
1277
1318
1365
1394
1485
1551
1588
1569
1483
1408
1370
1364
1379
1336
1255
1152
1033
874
660
440
262
142
50
-57
-173
-314
-455
-585
-710
-803
-855
-873
-876
-895
-938
-1007
-1067
-1105
-1152
-1180
-1195
-1207
-1200
-1188
-1209
-1254
-1283
-1303
-1323
-1307
-1264
-1200
-1142
-1119
-1086
-1068
-1027
-943
-854
-766
-643
-503
-349
-201
-69
30
110
199
274
371
481
675
889
1076
1197
1242
1294
1336
1426
1510
1576
1671
1758
1799
1768
1674
1563
1498
1475
1463
1423
1356
1263
1121
954
746
537
366
263
208
90
-45
-186
-365
-522
-654
-763
-805
-797
-767
-772
-821
-898
-990
-1062
-1156
-1221
-1239
-1228
-1212
-1200
-1230
-1288
-1343
-1368
-1359
-1336
-1293
-1208
-1128
-1081
-1048
-998
-938
-853
-749
-609
-472
-330
-155
0
125
211
314
418
521
606
698
881
1088
1260
1369
1413
1427
1402
1494
1576
1647
1765
1862
1922
1901
1795
1663
1530
1436
1372
1275
1154
1027
890
714
515
270
61
-85
-179
-298
-403
-552
-732
-905
-1066
-1195
-1242
-1205
-1166
-1148
-1160
-1209
-1296
-1371
-1436
-1482
-1524
-1488
-1442
-1415
-1415
-1444
-1461
-1457
-1428
-1360
-1289
-1216
-1130
-1065
-978
-910
-819
-679
-527
-376
-219
-50
122
286
420
506
606
692
767
845
945
1181
1391
1586
1690
1703
1670
1624
1664
1682
1742
1844
1913
1935
1847
1656
1497
1377
1361
1345
1292
1204
1057
893
629
330
56
-125
-227
-286
-387
-451
-598
-777
-917
-1070
-1179
-1224
-1214
-1173
-1143
-1165
-1213
-1301
-1354
-1432
-1480
-1448
-1352
-1258
-1218
-1209
-1266
-1310
-1321
-1276
-1250
-1191
-1101
-995
-894
-797
-737
-671
-585
-479
-331
-137
79
290
420
498
514
515
536
562
648
871
1207
1469
1672
1697
1660
1576
1504
1546
1595
1717
1876
2006
2001
1857
1625
1414
1303
1245
1198
1141
1088
987
819
556
229
-87
-273
-359
-461
-589
-727
-875
-1003
-1148
-1294
-1379
-1354
-1277
-1201
-1169
-1194
-1267
-1320
-1330
-1392
-1433
-1419
-1363
-1335
-1352
-1343
-1363
-1402
-1399
-1348
-1286
-1251
-1141
-1011
-917
-839
-769
-683
-565
-454
-342
-145
82
309
466
566
599
616
620
621
756
1085
1454
1756
1932
1960
1877
1719
1689
1681
1707
1835
1965
2043
1963
1750
1525
1332
1208
1111
1015
977
901
831
654
378
84
-225
-412
-531
-680
-766
-831
-912
-984
-1111
-1216
-1267
-1276
-1214
-1128
-1057
-1034
-1079
-1137
-1211
-1355
-1443
-1370
-1320
-1294
-1227
-1239
-1296
-1333
-1290
-1214
-1169
-1055
-867
-791
-741
-666
-586
-507
-398
-255
-57
168
392
587
697
777
820
826
842
869
1087
1486
1876
2131
2183
2101
1903
1653
1620
1442
1223
1525
1852
1856
1754
1517
1209
981
639
615
788
764
740
595
85
-445
-849
-1010
-1091
-1174
-1084
-933
-1014
-1114
-1239
-1391
-1478
-1528
-1350
-1177
-1071
-880
-850
-989
-1136
-1406
-1533
-1548
-1573
-1397
-1297
-1315
-1281
-1397
-1460
-1365
-1266
-1030
-750
-603
-386
-211
-176
-83
-54
36
170
364
642
842
913
1029
1114
1105
984
945
1758
2579
3032
3323
3370
3086
2294
1436
1382
1316
1251
1534
1627
1202
563
-6
-283
-460
-625
-30
598
611
404
87
-429
-1027
-1373
-1202
-1021
-1034
-943
-950
-1347
-1903
-2212
-2040
-1887
-1720
-1270
-938
-950
-1109
-1271
-1333
-1457
-1501
-1173
-943
-972
-900
-735
-672
-679
-601
-329
-53
16
150
249
143
105
206
286
339
425
515
549
566
699
938
1167
1196
1197
1162
849
704
1550
2550
3161
3298
3172
2870
1873
648
482
650
649
736
661
224
-426
-1004
-1134
-975
-819
-112
653
610
205
-165
-625
-949
-1255
-1267
-1031
-1102
-1357
-1530
-1848
-2151
-2052
-1597
-1136
-870
-715
-514
-479
-758
-924
-855
-910
-1048
-1046
-949
-961
-993
-815
-565
-403
-303
-72
111
13
-122
-61
-30
43
203
339
314
231
148
152
334
665
1040
1429
1546
1425
1254
733
671
1757
2846
3345
3328
3256
2934
1589
311
295
530
575
684
820
434
-245
-769
-788
-683
-482
356
1128
887
236
-195
-537
-1026
-1394
-1424
-1291
-1376
-1629
-1846
-2032
-2193
-1887
-1286
-961
-836
-829
-736
-722
-1007
-1169
-949
-896
-1247
-1454
-1498
-1586
-1411
-1035
-538
-139
36
153
13
-289
-415
-316
-51
233
362
346
202
-2
-107
96
575
1058
1505
1670
1521
1160
703
314
1072
2629
3561
3726
3530
3292
2357
732
57
454
551
567
402
235
-136
-558
-631
-368
-235
184
865
1004
525
96
-13
-179
-659
-1205
-1486
-1694
-2042
-2311
-2137
-1748
-1506
-1231
-915
-896
-1045
-1015
-602
-329
-566
-694
-758
-1307
-1956
-2140
-1835
-1226
-685
-211
195
220
-53
-275
-405
-444
-272
-12
197
194
-86
-235
-337
-350
-46
517
1102
1557
1744
1707
1483
1010
655
426
1443
2864
3610
3754
3503
3045
1837
312
-8
315
393
387
238
59
-293
-643
-649
-415
-157
242
755
877
741
559
372
44
-699
-1562
-2127
-2443
-2626
-2504
-2004
-1425
-1255
-1123
-1061
-1154
-1200
-842
-171
52
-237
-635
-1206
-1915
-2463
-2344
-1678
-884
-229
183
369
174
-167
-307
-200
16
148
152
45
-221
-470
-549
-402
-89
302
782
1184
1305
1401
1452
1448
1164
725
772
2127
3262
3623
3446
3381
2971
1367
-195
-473
-41
150
192
311
538
306
-193
-527
-461
-282
377
1025
1224
998
521
104
-495
-1555
-2379
-2622
-2457
-2223
-1930
-1490
-1203
-1264
-1294
-1279
-1230
-951
-325
199
26
-602
-1187
-1636
-2196
-2414
-1882
-928
-188
74
173
114
-223
-508
-414
-84
159
237
212
115
-170
-439
-398
-150
211
594
1119
1550
1718
1664
1602
1326
971
575
826
2332
3540
3824
3677
3412
2621
1025
-365
-414
-20
172
249
388
234
-42
-331
-541
-450
-102
643
1256
1201
910
357
-264
-1026
-2012
-2727
-2837
-2605
-2290
-1941
-1527
-1248
-1221
-1248
-1169
-979
-763
-362
-139
-407
-1000
-1497
-1864
-2357
-2463
-1819
-940
-227
1
288
412
-36
-430
-394
-192
-114
-149
-122
-65
-167
-195
-81
42
214
567
1008
1443
1638
1584
1480
1291
969
408
198
1762
3497
4052
3878
3861
3427
1637
-317
-716
-231
-68
-172
118
291
-127
-531
-635
-396
-2
696
1457
1625
1162
480
-196
-969
-1963
-2795
-3012
-2636
-2162
-1824
-1427
-1098
-998
-949
-909
-685
-408
-95
71
-299
-1015
-1698
-2046
-2278
-2331
-1837
-844
-41
217
341
461
228
-207
-371
-246
-259
-418
-383
-185
-63
-103
37
300
394
492
856
1397
1738
1820
1666
1416
945
371
174
1574
3350
4200
4194
3883
3134
1453
-396
-869
-465
-111
138
360
296
-175
-649
-913
-832
-401
373
1175
1585
1316
647
-148
-1161
-2284
-3118
-3340
-2828
-2167
-1732
-1410
-1118
-1079
-1103
-963
-621
-380
-18
114
-499
-1176
-1870
-2453
-2381
-1991
-1530
-502
219
183
285
268
-15
-62
-131
-182
-90
-319
-510
-297
-132
-113
107
306
294
380
609
1105
1713
1962
1847
1597
1017
427
-143
73
1887
3602
4343
4207
3777
2826
918
-599
-817
-453
-77
104
234
100
-369
-578
-645
-400
155
983
1693
1832
1311
424
-663
-1862
-2837
-3186
-2928
-2192
-1578
-1277
-1155
-1154
-1095
-941
-726
-221
144
182
-256
-932
-1546
-2122
-2334
-2129
-1567
-934
-373
133
420
357
125
-93
-258
-323
-318
-392
-491
-487
-401
-311
-194
-36
273
490
725
1140
1566
1729
1614
1371
1005
396
-204
-560
842
2922
4203
4565
4324
3623
1953
-104
-1253
-1178
-685
-114
386
440
-8
-190
-568
-863
-414
626
1779
2276
1883
978
-175
-1579
-2744
-3184
-3173
-2624
-1698
-1268
-1264
-1214
-1115
-912
-716
-555
-54
245
-17
-566
-1167
-1996
-2567
-2628
-2194
-1363
-510
263
813
820
361
-111
-434
-758
-785
-629
-533
-479
-470
-352
-172
-110
12
406
700
978
1294
1492
1433
1216
967
672
186
-293
-475
650
2446
3968
4483
4443
3835
2461
379
-1033
-1185
-741
-292
14
162
87
-105
-503
-604
-235
642
1575
2101
1760
1026
-198
-1424
-2345
-2906
-3139
-2738
-1951
-1265
-953
-867
-681
-382
-271
-138
183
273
-29
-582
-1168
-1783
-2215
-2262
-1777
-1087
-433
258
814
918
588
66
-369
-668
-792
-805
-730
-676
-471
-261
-138
-122
2
343
569
870
1188
1525
1645
1449
1029
435
-275
-625
-727
608
2789
4307
4828
4626
3838
2102
-166
-1441
-1314
-838
-407
7
225
10
-257
-636
-605
-152
748
1788
2197
1777
823
-340
-1735
-2874
-3413
-3315
-2611
-1679
-982
-666
-642
-708
-611
-485
-276
207
556
244
-488
-1262
-2076
-2647
-2770
-2261
-1272
-252
475
952
1073
640
-11
-470
-732
-827
-835
-801
-746
-720
-605
-358
-168
84
491
890
1143
1311
1440
1419
1189
712
256
-164
-529
-820
284
2464
4213
4789
4723
4087
2578
283
-1334
-1434
-936
-458
-79
129
-203
-377
-711
-823
-508
519
1644
2235
1816
1075
-29
-1407
-2595
-3132
-3144
-2751
-1959
-1118
-598
-502
-488
-290
-119
-127
28
217
-29
-602
-1152
-1676
-2232
-2521
-2275
-1471
-584
188
1046
1544
1256
523
-89
-575
-912
-1081
-977
-700
-408
-108
183
210
161
334
714
1158
1477
1762
1890
1520
819
144
-326
-635
-793
455
2813
4451
4859
4589
3777
2065
-309
-1689
-1504
-866
-382
-51
-122
-473
-860
-1218
-1197
-503
688
1961
2446
1891
817
-554
-1988
-2989
-3298
-3046
-2339
-1484
-841
-756
-920
-970
-687
-294
75
554
799
408
-439
-1237
-1950
-2464
-2497
-1900
-937
-11
768
1364
1462
845
121
-380
-731
-850
-803
-695
-597
-532
-407
-226
-103
102
512
901
1174
1415
1585
1534
987
425
-86
-539
-1089
-576
1691
3657
4457
4386
4116
2964
777
-1143
-1381
-901
-488
-186
-36
-439
-924
-1251
-1335
-871
105
1343
2232
2090
1113
-167
-1515
-2611
-3060
-3001
-2469
-1621
-890
-685
-968
-1207
-966
-476
-103
394
855
810
117
-776
-1567
-2144
-2333
-2019
-1125
-159
625
1207
1409
1093
452
-77
-393
-545
-564
-490
-410
-484
-491
-298
-96
44
331
840
1220
1421
1514
1605
1265
706
190
-304
-822
-593
1244
3169
4295
4238
3785
2738
948
-888
-1338
-833
-214
52
25
-552
-1197
-1723
-1907
-1408
-273
1217
2357
2587
1866
596
-968
-2276
-2912
-2951
-2569
-1717
-848
-490
-724
-1090
-1026
-584
-144
487
1200
1422
894
-70
-1080
-1889
-2396
-2331
-1597
-608
282
973
1222
958
385
-160
-538
-640
-545
-450
-488
-632
-761
-747
-692
-512
-30
527
982
1437
1665
1641
1131
575
286
-99
-847
-727
1255
3215
3899
3897
3581
2691
799
-945
-1146
-418
127
389
346
-371
-1181
-1784
-1947
-1376
-69
1353
2509
2564
1618
285
-1121
-2273
-2806
-2851
-2393
-1521
-835
-717
-1079
-1440
-1337
-853
-386
274
1063
1301
781
-220
-1239
-2043
-2433
-2293
-1568
-641
149
767
883
546
120
-273
-630
-664
-380
-168
-226
-492
-618
-659
-701
-572
-89
602
1144
1711
1993
1791
1227
696
203
-148
-645
407
2579
4070
4080
3482
2626
1387
-330
-1247
-588
542
1129
972
258
-770
-1558
-2203
-1977
-795
870
2157
2713
2176
905
-593
-1861
-2455
-2371
-2136
-1495
-785
-638
-1120
-1659
-1850
-1437
-714
143
1008
1370
1088
327
-762
-1883
-2383
-2152
-1574
-740
30
492
552
159
-217
-347
-448
-399
7
316
242
-257
-830
-1204
-1240
-1035
-461
319
1108
1640
1891
1643
1073
624
221
11
80
1436
3033
3760
3411
2795
1752
356
-886
-705
271
1083
1274
1112
391
-817
-1725
-2105
-1647
-529
845
1903
2217
1470
92
-1305
-2123
-2358
-2081
-1524
-827
-575
-1045
-1720
-2039
-2192
-1820
-914
248
1028
1109
641
-136
-1042
-1903
-2113
-1610
-947
-293
247
330
-2
-472
-743
-655
-306
70
410
560
413
-100
-726
-1117
-1032
-703
-339
190
913
1437
1477
1297
1264
1011
615
145
840
2703
3928
4067
3492
2647
1417
-119
-1165
-615
640
1415
1352
772
-136
-832
-1421
-1546
-731
577
1709
2306
1912
679
-755
-1755
-2188
-2045
-1617
-960
-479
-833
-1634
-2116
-2283
-1964
-1143
-190
662
1040
682
-31
-911
-1725
-2066
-1874
-1387
-717
-166
123
109
-299
-737
-930
-828
-479
-121
99
116
-98
-509
-901
-1024
-865
-569
-183
411
855
965
773
676
568
307
210
1228
3156
4300
4060
3070
2117
976
-349
-1064
-304
930
1369
1030
439
-182
-784
-1144
-811
344
1472
2102
2253
1627
173
-1146
-1708
-1621
-1306
-1005
-702
-713
-1310
-2093
-2512
-2358
-1625
-613
350
824
817
328
-356
-1016
-1502
-1705
-1643
-1257
-746
-455
-407
-490
-588
-626
-576
-419
-116
93
62
-250
-614
-844
-816
-657
-505
-286
80
388
609
728
671
625
512
249
703
2535
4099
4523
3824
3009
2055
677
-579
-379
656
1092
867
369
-172
-427
-617
-442
363
1291
1997
2230
1712
610
-487
-1081
-1199
-1069
-929
-838
-936
-1560
-2329
-2746
-2599
-1864
-882
-94
318
261
-193
-679
-1112
-1396
-1534
-1502
-1394
-1337
-1353
-1325
-1163
-1039
-871
-656
-323
25
200
53
-340
-726
-937
-831
-628
-381
-10
312
443
437
549
544
553
529
353
1036
2638
4035
4425
3605
2707
2115
1185
579
868
1447
1488
730
-166
-717
-912
-846
-319
635
1482
2040
1989
1276
352
-443
-717
-500
-201
-245
-551
-1063
-1849
-2623
-3079
-2910
-2148
-1306
-582
-197
-241
-486
-757
-957
-1059
-1198
-1317
-1260
-1145
-1125
-1127
-1179
-1257
-1230
-1132
-856
-410
-61
15
-147
-404
-713
-842
-773
-448
-16
357
734
798
579
298
101
-72
457
2024
3737
4397
3765
2929
2291
1470
725
953
1874
2385
1766
670
-194
-603
-711
-451
291
1211
1860
2109
1671
756
-91
-306
16
380
378
156
-311
-1134
-2003
-2504
-2471
-2031
-1471
-1086
-868
-889
-1033
-1156
-1078
-922
-943
-1164
-1544
-1741
-1751
-1683
-1516
-1290
-1051
-1009
-1085
-1076
-944
-852
-897
-994
-1010
-946
-863
-781
-454
-67
244
416
402
369
455
281
1009
2622
3686
3607
2900
2398
2122
1447
974
1588
2308
2093
1202
501
111
155
405
893
1426
1636
1567
1308
791
198
-3
285
688
811
390
-87
-467
-1054
-1497
-1504
-1290
-1076
-1088
-1209
-1462
-1735
-1707
-1323
-948
-896
-1002
-1298
-1654
-1958
-1975
-1736
-1491
-1355
-1250
-1258
-1381
-1439
-1206
-869
-723
-821
-1040
-1122
-1070
-814
-602
-152
309
638
679
491
307
876
2403
3357
3531
2989
2718
2343
1763
1436
1810
2353
2140
1424
766
271
300
698
1144
1619
1847
1788
1535
1190
554
125
209
471
603
266
-253
-719
-1028
-1165
-1194
-1079
-871
-807
-1002
-1331
-1551
-1449
-1169
-972
-1143
-1484
-1737
-1969
-1991
-1839
-1626
-1441
-1439
-1461
-1464
-1503
-1517
-1399
-1169
-1121
-1287
-1473
-1387
-1056
-862
-583
-114
219
258
-51
-324
-169
803
2382
3410
3298
2561
2056
1875
1658
1760
2340
2885
2556
1460
525
150
172
409
875
1395
1640
1662
1413
997
588
500
735
968
907
482
-138
-666
-894
-827
-582
-414
-434
-625
-963
-1347
-1513
-1267
-702
-374
-649
-1213
-1609
-1901
-1986
-1777
-1478
-1352
-1520
-1691
-1738
-1656
-1478
-1135
-816
-844
-1132
-1530
-1673
-1512
-1249
-866
-484
-152
25
68
58
890
2272
2856
2768
2476
2376
2004
1429
1329
2081
2491
1889
1193
1001
911
843
944
1340
1700
1779
1600
1350
865
349
315
638
864
752
530
222
-309
-845
-919
-460
-146
-187
-340
-622
-1012
-1375
-1359
-990
-692
-796
-1142
-1504
-1785
-1798
-1629
-1412
-1230
-1222
-1293
-1438
-1560
-1575
-1543
-1552
-1672
-1692
-1629
-1366
-1033
-932
-942
-828
-651
-532
-703
-524
839
2239
2831
2496
2180
2311
2312
1993
1766
1954
1837
1369
846
711
922
1029
1000
1049
1226
1552
1850
1801
1333
786
509
590
691
398
-80
-378
-609
-712
-693
-625
-546
-517
-551
-633
-762
-823
-698
-555
-640
-933
-1327
-1600
-1576
-1440
-1247
-1236
-1359
-1456
-1402
-1234
-1027
-883
-803
-875
-1051
-1303
-1341
-1192
-1120
-1047
-970
-864
-838
-646
-340
914
2043
2179
1989
1894
2139
2093
1740
1914
2294
2131
1492
962
805
825
846
883
936
1059
1314
1462
1359
1071
766
754
903
843
408
-190
-601
-680
-630
-543
-414
-489
-576
-708
-829
-878
-826
-615
-465
-559
-837
-1129
-1249
-1250
-1180
-1073
-1028
-1120
-1330
-1427
-1393
-1267
-1123
-962
-809
-769
-807
-753
-612
-655
-615
-543
-550
-665
-840
-445
765
1596
1590
1187
1266
1697
2004
1873
2011
2104
1708
901
511
560
712
708
681
766
865
1038
1104
1017
549
209
281
684
834
620
198
-190
-575
-768
-694
-569
-716
-907
-886
-786
-794
-784
-649
-550
-721
-1036
-1084
-1054
-1060
-1046
-1070
-1109
-1185
-1215
-1104
-901
-802
-807
-838
-813
-905
-928
-736
-552
-261
-142
60
159
163
139
981
1876
1879
1426
1189
1524
1911
1781
1585
1753
1560
1050
707
723
877
1078
1087
867
749
867
952
818
401
41
11
220
335
200
-145
-522
-777
-784
-702
-709
-981
-1054
-1006
-1001
-1098
-1093
-933
-856
-1025
-1276
-1390
-1374
-1245
-1118
-1164
-1284
-1214
-1028
-846
-768
-766
-794
-791
-794
-747
-568
-357
-209
-122
-32
22
-84
-133
206
1361
2379
2575
2391
2336
2506
2623
2344
2219
2047
1654
1070
787
833
917
923
809
567
430
622
895
787
456
126
59
108
31
-224
-577
-861
-976
-974
-898
-978
-1223
-1393
-1505
-1549
-1527
-1364
-1150
-1080
-1260
-1401
-1520
-1522
-1366
-1100
-938
-1046
-1188
-1207
-1135
-1065
-1014
-935
-777
-677
-611
-451
-277
-67
-61
-26
-61
-10
74
795
1773
2302
2255
2037
2319
2656
2662
2557
2687
2573
2144
1586
1553
1513
1271
903
826
670
579
682
711
372
-31
-209
88
210
-18
-431
-795
-1060
-1121
-1045
-1056
-1162
-1360
-1436
-1501
-1604
-1656
-1661
-1624
-1648
-1711
-1701
-1651
-1629
-1594
-1469
-1468
-1508
-1458
-1187
-881
-737
-710
-695
-715
-748
-729
-665
-414
-109
117
142
138
172
506
1475
2121
2151
1903
2209
2762
3013
2790
2677
2793
2498
2079
2085
2276
2070
1669
1306
1166
1207
1315
1265
1016
528
144
176
354
221
-377
-923
-1134
-1041
-920
-993
-1273
-1563
-1671
-1642
-1612
-1726
-1930
-2038
-2040
-2042
-1968
-1897
-1993
-2103
-2022
-1885
-1836
-1801
-1710
-1488
-1283
-1153
-991
-883
-848
-715
-522
-253
5
47
-14
116
291
1035
1846
2006
1718
1699
2194
2636
2735
2609
2701
2655
2331
2176
2308
2298
2207
1958
1689
1458
1558
1666
1621
1199
718
562
687
640
259
-294
-694
-844
-826
-842
-903
-1093
-1353
-1568
-1785
-1932
-1985
-1951
-1936
-2038
-2146
-2159
-2257
-2385
-2428
-2440
-2484
-2345
-2174
-1970
-1773
-1585
-1395
-1183
-1131
-1013
-787
-536
-256
-26
41
69
138
592
1552
2049
1993
1803
2079
2695
3006
2906
2861
2677
2427
2254
2281
2253
2156
1944
1701
1552
1586
1813
1934
1645
1200
962
1040
1012
754
200
-342
-484
-501
-562
-811
-1196
-1499
-1644
-1632
-1580
-1676
-1887
-1972
-1961
-2074
-2132
-2184
-2383
-2542
-2600
-2619
-2588
-2612
-2568
-2372
-2117
-1888
-1702
-1582
-1438
-1288
-1020
-584
-127
101
126
205
528
1337
1978
2046
2037
2239
2708
3020
2906
2733
2735
2656
2461
2451
2558
2544
2442
2253
2063
1914
1829
1717
1554
1274
978
923
928
732
364
55
-100
-153
-206
-317
-584
-911
-1179
-1276
-1385
-1612
-1896
-2027
-2038
-2091
-2171
-2269
-2339
-2435
-2508
-2545
-2547
-2483
-2475
-2341
-2159
-2055
-1976
-1909
-1828
-1703
-1562
-1257
-887
-659
-506
-375
177
1034
1578
1606
1749
2142
2552
2812
2806
2705
2595
2486
2378
2476
2380
2202
2090
2078
1979
1973
2004
1913
1646
1319
1048
1052
1094
981
621
179
-71
-101
-72
-157
-456
-819
-993
-1026
-1128
-1271
-1455
-1614
-1653
-1741
-1883
-2141
-2426
-2588
-2598
-2573
-2518
-2447
-2378
-2341
-2298
-2176
-1991
-1862
-1780
-1684
-1426
-1104
-827
-628
-413
-131
627
1414
1707
1626
1692
1951
2321
2496
2634
2765
2657
2397
2384
2542
2454
2335
2241
2063
1886
1966
1986
1781
1319
980
1001
1188
1035
662
307
7
-154
-177
-221
-379
-681
-874
-899
-935
-1059
-1224
-1398
-1527
-1655
-1764
-1877
-2034
-2226
-2300
-2321
-2357
-2346
-2460
-2566
-2617
-2572
-2349
-2002
-1778
-1767
-1659
-1389
-1016
-703
-473
-178
448
1048
1324
1484
1702
1968
2224
2375
2442
2592
2666
2648
2531
2543
2416
2306
2205
2109
1884
1860
1814
1659
1494
1299
1132
1113
987
756
460
178
35
-31
-112
-329
-617
-843
-939
-906
-919
-1149
-1365
-1440
-1440
-1497
-1610
-1788
-1955
-2048
-2038
-2048
-2068
-2074
-2146
-2241
-2260
-2282
-2061
-1780
-1783
-1846
-1735
-1395
-1083
-788
-524
65
699
1049
1230
1492
1943
2349
2428
2357
2377
2438
2409
2338
2293
2111
2057
1946
1793
1671
1636
1650
1503
1214
954
873
869
709
434
99
-106
-239
-284
-363
-526
-698
-849
-961
-1009
-1092
-1237
-1396
-1458
-1634
-1827
-1886
-1901
-1930
-1988
-2082
-2072
-1957
-1779
-1607
-1546
-1560
-1582
-1493
-1414
-1321
-1229
-1079
-913
-705
-492
-145
584
1115
1164
1230
1727
2300
2502
2445
2495
2730
2716
2517
2598
2808
2669
2419
2256
2144
1983
1891
1611
1240
893
761
838
848
580
182
-121
-261
-366
-496
-674
-803
-932
-1020
-1180
-1394
-1572
-1689
-1722
-1686
-1726
-1913
-2026
-2160
-2275
-2329
-2283
-2280
-2283
-2270
-2189
-2082
-1993
-1878
-1708
-1561
-1358
-1189
-956
-663
-373
-200
99
732
1154
1288
1433
1758
2173
2425
2569
2800
2904
2815
2659
2720
2802
2833
2726
2533
2310
2215
2190
1970
1606
1281
1087
986
823
555
208
-66
-338
-560
-666
-804
-975
-1033
-1096
-1239
-1354
-1557
-1733
-1782
-1851
-1946
-2020
-2168
-2300
-2356
-2341
-2381
-2420
-2396
-2364
-2374
-2363
-2319
-2165
-1950
-1715
-1513
-1327
-1113
-886
-552
-296
200
749
1009
1258
1652
2135
2358
2489
2770
2974
3035
2968
2960
3059
2975
2897
2801
2668
2519
2441
2398
2040
1606
1373
1380
1288
991
659
311
17
-202
-343
-487
-750
-939
-1136
-1348
-1524
-1641
-1766
-1930
-2012
-2083
-2187
-2292
-2410
-2538
-2693
-2704
-2691
-2646
-2597
-2557
-2464
-2397
-2301
-2121
-1932
-1708
-1606
-1532
-1329
-955
-529
-199
382
842
1082
1387
1783
2232
2456
2659
2919
2995
2971
2919
3065
3213
3209
3219
3152
2992
2786
2694
2530
2143
1861
1634
1443
1243
1034
738
376
36
-251
-386
-467
-578
-770
-1036
-1339
-1489
-1590
-1718
-1886
-2034
-2182
-2294
-2377
-2466
-2584
-2697
-2764
-2813
-2754
-2684
-2707
-2730
-2735
-2664
-2488
-2250
-1895
-1637
-1475
-1299
-1005
-644
-185
412
800
1044
1308
1637
1968
2183
2413
2643
2753
2767
2816
3044
3192
3195
3109
2953
2792
2659
2588
2495
2267
1987
1708
1492
1343
1126
850
586
318
68
-126
-313
-509
-747
-1009
-1317
-1512
-1571
-1596
-1597
-1672
-1829
-2026
-2230
-2369
-2401
-2375
-2418
-2538
-2649
-2769
-2783
-2699
-2576
-2470
-2382
-2235
-2070
-1864
-1669
-1398
-1119
-881
-492
53
502
791
1069
1377
1647
1879
2161
2416
2614
2737
2814
2934
3028
3047
3050
2966
2824
2773
2779
2635
2426
2259
2026
1757
1510
1299
1064
876
655
419
161
-123
-362
-559
-791
-984
-1090
-1262
-1485
-1680
-1821
-1892
-2009
-2184
-2306
-2390
-2445
-2487
-2459
-2453
-2460
-2504
-2530
-2472
-2372
-2227
-2071
-1957
-1909
-1771
-1549
-1280
-1086
-813
-433
-92
282
608
875
1111
1364
1698
1986
2216
2380
2428
2494
2606
2751
2869
2930
2930
2914
2863
2731
2549
2372
2221
2064
1878
1602
1331
1065
784
554
369
203
12
-218
-503
-729
-862
-1017
-1208
-1390
-1544
-1621
-1771
-2014
-2205
-2326
-2381
-2321
-2227
-2197
-2249
-2336
-2408
-2433
-2371
-2272
-2183
-2106
-2000
-1840
-1643
-1465
-1289
-1135
-876
-545
-225
99
287
496
714
969
1233
1454
1751
1981
2197
2399
2511
2575
2673
2774
2818
2877
2930
2848
2695
2505
2283
2111
1934
1690
1513
1389
1199
943
687
401
138
-77
-326
-549
-767
-940
-1048
-1251
-1487
-1674
-1846
-1988
-2067
-2189
-2314
-2408
-2466
-2468
-2516
-2557
-2554
-2490
-2435
-2392
-2305
-2230
-2084
-1903
-1711
-1540
-1390
-1155
-831
-499
-176
120
424
717
974
1282
1507
1766
2067
2308
2554
2731
2840
2941
3031
3069
3071
3065
3032
2983
2903
2711
2501
2306
2100
1894
1708
1488
1211
904
589
291
77
-145
-431
-652
-899
-1127
-1290
-1496
-1692
-1887
-2108
-2331
-2502
-2610
-2705
-2786
-2869
-2934
-2934
-2907
-2895
-2849
-2796
-2722
-2658
-2543
-2318
-2083
-1940
-1761
-1527
-1246
-884
-501
-120
241
594
906
1220
1522
1738
1994
2277
2480
2681
2812
2971
3097
3210
3264
3215
3200
3086
2998
2935
2757
2540
2302
2047
1830
1634
1390
1106
783
486
225
-51
-356
-632
-872
-1133
-1273
-1383
-1583
-1755
-1942
-2132
-2264
-2332
-2424
-2575
-2675
-2728
-2762
-2802
-2844
-2833
-2791
-2780
-2656
-2445
-2239
-2056
-1913
-1681
-1464
-1222
-957
-653
-307
38
382
726
1038
1298
1550
1777
2043
2307
2558
2797
2950
3063
3132
3219
3243
3208
3132
3024
2921
2789
2583
2370
2168
1949
1749
1525
1296
991
656
386
146
-140
-473
-764
-990
-1204
-1412
-1605
-1775
-1927
-2067
-2213
-2328
-2449
-2573
-2646
-2686
-2694
-2674
-2695
-2676
-2653
-2655
-2635
-2573
-2439
-2293
-2110
-1916
-1686
-1449
-1253
-1021
-687
-304
55
414
752
1035
1297
1608
1878
2096
2319
2476
2592
2719
2818
2885
2947
2977
3021
3089
3117
3052
2926
2722
2501
2265
2031
1820
1553
1267
946
630
361
112
-167
-452
-702
-902
-1122
-1341
-1543
-1787
-2011
-2187
-2304
-2443
-2556
-2621
-2675
-2743
-2781
-2770
-2720
-2696
-2685
-2611
-2543
-2440
-2297
-2175
-2012
-1797
-1561
-1308
-1072
-841
-550
-222
113
496
813
1063
1334
1642
1913
2197
2470
2637
2776
2869
2899
2954
3013
3053
3084
3104
3073
2988
2910
2739
2512
2269
2006
1748
1486
1215
882
579
294
29
-227
-523
-809
-1076
-1319
-1543
-1751
-1963
-2134
-2262
-2371
-2436
-2501
-2575
-2653
-2692
-2674
-2652
-2651
-2672
-2669
-2633
-2575
-2466
-2319
-2160
-1935
-1662
-1433
-1207
-970
-725
-449
-135
208
535
859
1127
1370
1604
1842
2123
2342
2574
2755
2841
2938
2999
3041
3086
3069
3038
3005
2955
2851
2682
2462
2201
1925
1675
1473
1251
974
658
317
1
-272
-549
-822
-1050
-1311
-1540
-1723
-1924
-2117
-2292
-2391
-2457
-2475
-2482
-2512
-2533
-2559
-2563
-2548
-2548
-2555
-2516
-2446
-2359
-2273
-2162
-2001
-1825
-1637
-1446
-1223
-971
-698
-417
-98
227
519
823
1118
1376
1645
1942
2193
2368
2541
2677
2805
2910
2982
3049
3005
2979
3007
2964
2864
2741
2572
2341
2122
1931
1673
1377
1126
830
509
190
-102
-356
-607
-873
-1140
-1374
-1584
-1755
-1839
-1965
-2114
-2231
-2283
-2330
-2407
-2449
-2512
-2563
-2588
-2536
-2494
-2465
-2418
-2306
-2177
-2081
-1928
-1785
-1615
-1363
-1155
-948
-733
-474
-231
28
354
656
976
1263
1546
1825
2041
2260
2474
2675
2846
2941
3038
3052
3032
3015
2988
2963
2901
2769
2580
2409
2173
1896
1662
1452
1194
894
603
326
58
-236
-526
-796
-1066
-1270
-1456
-1649
-1855
-2045
-2169
-2240
-2286
-2350
-2432
-2511
-2576
-2595
-2590
-2625
-2626
-2585
-2512
-2410
-2302
-2179
-2072
-1927
-1761
-1561
-1321
-1078
-890
-700
-454
-163
123
432
786
1084
1362
1628
1868
2071
2271
2449
2609
2772
2887
2973
2974
2923
2861
2790
2711
2653
2571
2419
2244
2045
1809
1571
1328
1104
883
649
419
119
-200
-481
-733
-983
-1213
-1408
-1581
-1737
-1882
-2037
-2152
-2257
-2317
-2350
-2377
-2400
-2418
-2414
-2414
-2430
-2456
-2429
-2378
-2267
-2111
-1971
-1824
-1665
-1488
-1285
-1060
-825
-569
-276
-6
260
487
699
980
1265
1554
1807
2022
2180
2300
2432
2522
2583
2650
2678
2697
2715
2701
2649
2539
2437
2338
2190
2042
1849
1610
1411
1218
1001
759
549
327
84
-128
-379
-636
-868
-1090
-1256
-1402
-1570
-1720
-1879
-2032
-2130
-2167
-2196
-2226
-2232
-2227
-2234
-2227
-2228
-2210
-2160
-2101
-2013
-1939
-1813
-1674
-1524
-1350
-1156
-902
-676
-482
-244
-5
164
339
549
735
894
1119
1331
1490
1648
1779
1920
2068
2210
2318
2346
2328
2317
2293
2235
2137
2036
1927
1821
1703
1578
1424
1250
1089
898
716
539
340
125
-90
-344
-567
-773
-957
-1118
-1270
-1439
-1590
-1691
-1765
-1806
-1870
-1902
-1918
-1929
-1917
-1907
-1902
-1900
-1831
-1759
-1685
-1604
-1513
-1376
-1240
-1079
-887
-690
-518
-343
-191
-46
76
251
423
599
772
937
1104
1215
1361
1494
1613
1733
1826
1878
1898
1895
1900
1912
1900
1863
1810
1748
1663
1595
1493
1368
1231
1106
966
816
654
489
363
185
-6
-201
-382
-549
-728
-885
-1034
-1195
-1350
-1472
-1549
-1610
-1647
-1704
-1709
-1732
-1735
-1720
-1702
-1703
-1721
-1699
-1650
-1561
-1445
-1285
-1126
-1011
-906
-770
-660
-541
-362
-177
1
168
325
468
592
701
806
904
976
1033
1099
1152
1214
1255
1298
1335
1374
1421
1438
1438
1414
1327
1242
1169
1126
1070
989
941
845
746
645
550
472
364
249
116
-13
-140
-311
-458
-573
-695
-811
-949
-1061
-1171
-1243
-1265
-1289
-1288
-1276
-1291
-1302
-1291
-1246
-1181
-1097
-977
-898
-838
-772
-664
-537
-414
-276
-173
-95
14
117
209
317
425
529
598
620
663
696
718
750
769
784
784
753
742
712
691
673
667
682
701
694
643
568
483
446
419
418
428
422
392
337
312
272
197
147
127
51
-48
-125
-211
-328
-418
-463
-500
-530
-567
-580
-599
-625
-610
-595
-590
-571
-546
-516
-483
-429
-387
-345
-321
-292
-237
-187
-116
-69
-27
-1
-1
28
39
57
77
77
52
32
30
5
-44
-97
-124
-151
-177
-161
-119
-68
-45
-13
0
5
33
71
100
121
151
178
215
267
315
311
277
267
278
260
259
275
283
307
328
340
321
253
197
195
195
170
135
92
55
49
79
126
122
97
79
70
27
-13
12
35
95
135
114
61
26
7
-21
-60
-103
-161
-230
-276
-339
-423
-495
-544
-552
-544
-546
-582
-633
-668
-641
-590
-536
-525
-508
-468
-448
-393
-341
-323
-281
-193
-103
-41
-43
-24
17
106
245
326
359
382
401
454
518
573
602
600
572
575
622
706
820
881
868
797
733
711
743
767
716
638
572
527
509
503
467
391
313
250
173
76
-65
-214
-323
-410
-471
-556
-653
-761
-818
-840
-862
-924
-978
-1000
-1023
-1037
-1060
-1041
-1062
-1053
-1014
-981
-928
-860
-829
-801
-756
-693
-613
-520
-387
-291
-192
-73
33
113
195
317
434
520
591
656
759
850
933
1019
1065
1095
1109
1150
1208
1274
1297
1282
1260
1219
1212
1213
1186
1150
1089
1021
909
748
582
422
310
213
159
124
11
-133
-297
-454
-555
-636
-743
-854
-907
-972
-1056
-1144
-1249
-1298
-1296
-1299
-1316
-1319
-1301
-1278
-1257
-1238
-1231
-1232
-1229
-1155
-1040
-943
-843
-768
-675
-538
-412
-317
-231
-140
-19
143
290
413
528
649
805
967
1133
1267
1316
1341
1387
1412
1444
1461
1455
1458
1456
1446
1427
1373
1309
1286
1210
1111
1004
862
723
622
524
398
264
126
-43
-193
-279
-357
-459
-583
-701
-824
-944
-1002
-1058
-1137
-1224
-1315
-1364
-1403
-1408
-1396
-1402
-1411
-1420
-1419
-1425
-1436
-1389
-1298
-1197
-1113
-1060
-991
-906
-774
-636
-512
-395
-272
-91
95
246
407
538
633
758
918
1048
1161
1247
1311
1385
1459
1500
1542
1583
1589
1597
1579
1552
1500
1429
1325
1247
1161
1035
927
808
681
585
478
363
250
139
25
-99
-213
-328
-458
-589
-726
-853
-906
-928
-958
-1038
-1123
-1196
-1258
-1282
-1310
-1338
-1353
-1331
-1332
-1335
-1305
-1286
-1242
-1142
-1007
-870
-763
-665
-566
-483
-387
-264
-123
27
168
306
422
520
591
656
748
865
983
1059
1119
1166
1194
1199
1202
1191
1128
1079
1042
984
915
858
786
721
667
586
510
401
280
208
136
95
49
-21
-66
-120
-206
-309
-425
-531
-586
-624
-654
-640
-640
-669
-698
-739
-756
-791
-787
-757
-723
-689
-687
-665
-646
-607
-554
-473
-384
-301
-260
-227
-163
-131
-70
47
145
229
334
397
415
449
476
522
581
622
643
629
601
598
586
580
563
512
471
414
370
328
262
187
142
80
22
-42
-97
-145
-183
-206
-234
-257
-285
-305
-353
-364
-384
-388
-360
-358
-379
-391
-370
-375
-375
-378
-388
-386
-368
-329
-262
-200
-163
-93
-60
2
69
108
147
172
196
222
261
304
358
399
438
474
498
506
535
555
515
474
435
427
441
412
348
283
201
138
65
3
-33
-114
-139
-155
-197
-258
-327
-393
-461
-520
-547
-564
-593
-590
-586
-586
-593
-609
-597
-570
-512
-435
-375
-341
-300
-253
-251
-225
-179
-145
-104
-61
-14
59
114
158
236
312
407
495
538
555
596
634
664
676
699
739
771
787
795
797
794
776
749
739
694
643
588
507
417
338
275
199
148
59
-39
-132
-228
-298
-372
-439
-510
-593
-666
-749
-836
-886
-903
-923
-953
-939
-918
-896
-864
-852
-863
-856
-817
-766
-690
-603
-524
-489
-457
-420
-355
-275
-179
-71
7
74
121
175
222
270
343
421
505
578
645
722
785
833
865
884
924
960
1003
1024
1041
1022
956
882
814
740
667
600
553
523
459
366
270
187
90
15
-48
-150
-253
-363
-485
-575
-663
-733
-779
-810
-838
-868
-883
-905
-919
-915
-906
-897
-851
-838
-828
-784
-747
-718
-693
-618
-521
-435
-349
-278
-223
-148
-78
-3
82
172
249
322
404
491
572
647
744
793
818
826
843
846
850
863
890
896
895
895
848
812
764
720
660
625
572
465
374
282
174
65
-28
-97
-149
-214
-318
-416
-525
-617
-703
-762
-780
-832
-898
-940
-960
-989
-976
-922
-885
-858
-827
-797
-770
-740
-692
-630
-593
-527
-434
-347
-226
-146
-90
-48
10
94
196
330
428
523
600
681
721
753
788
799
829
872
895
892
892
887
850
802
771
731
725
722
669
636
566
468
377
292
256
197
119
51
-65
-165
-258
-356
-430
-501
-547
-573
-614
-657
-692
-748
-809
-841
-854
-874
-852
-801
-780
-765
-722
-705
-694
-639
-572
-493
-422
-363
-292
-238
-206
-145
-62
42
218
401
519
522
501
527
605
599
647
747
761
672
581
566
536
534
587
629
650
652
605
562
518
486
461
448
441
372
264
221
149
62
-21
-70
-137
-257
-416
-491
-562
-625
-637
-611
-635
-667
-656
-686
-683
-626
-584
-545
-553
-540
-534
-544
-527
-516
-495
-432
-371
-311
-257
-192
-148
-120
-79
-32
50
134
217
267
283
299
307
301
321
361
439
510
542
613
669
700
713
724
674
598
545
496
464
441
421
393
330
246
192
141
102
41
-24
-68
-82
-94
-171
-222
-227
-281
-355
-368
-388
-428
-436
-459
-510
-548
-564
-544
-535
-520
-472
-429
-432
-485
-499
-481
-443
-384
-292
-230
-200
-139
-113
-94
-56
-15
25
85
126
145
227
326
381
387
398
404
402
416
457
501
527
549
545
487
393
360
384
388
380
406
469
461
343
242
177
132
106
87
71
44
-38
-153
-251
-306
-325
-304
-250
-219
-251
-304
-351
-379
-378
-339
-257
-207
-218
-224
-226
-252
-233
-213
-195
-162
-110
-76
-110
-138
-96
-29
21
81
135
131
128
122
101
120
169
213
216
211
216
190
172
164
168
189
164
138
146
122
63
-3
-63
-101
-115
-145
-161
-163
-179
-209
-277
-319
-323
-315
-280
-256
-248
-254
-274
-315
-358
-368
-344
-322
-292
-249
-213
-152
-106
-117
-109
-39
67
178
257
255
225
213
193
174
202
300
378
393
339
273
267
336
402
414
413
436
434
383
355
386
434
382
343
343
337
291
231
184
146
124
56
-27
-61
-77
-134
-209
-240
-275
-356
-427
-418
-357
-359
-423
-459
-473
-500
-505
-466
-400
-395
-422
-424
-411
-387
-350
-269
-218
-193
-141
-87
-26
-9
10
90
169
195
220
280
312
316
274
279
317
323
327
376
427
454
463
455
477
492
469
460
440
429
425
409
361
270
202
173
148
102
51
11
-44
-106
-159
-192
-221
-286
-359
-438
-508
-546
-568
-593
-642
-688
-693
-659
-661
-673
-631
-545
-465
-476
-490
-486
-496
-510
-495
-441
-351
-263
-191
-121
-75
-20
43
80
130
230
319
368
402
453
501
523
531
576
623
658
718
768
775
774
770
739
702
689
678
638
586
514
418
329
279
218
192
188
149
79
-7
-81
-156
-236
-335
-433
-484
-531
-558
-587
-598
-575
-556
-555
-561
-569
-623
-685
-705
-697
-686
-619
-512
-473
-515
-562
-537
-463
-365
-232
-62
41
55
35
30
29
92
197
277
360
420
472
517
534
555
636
700
724
743
780
785
755
709
684
679
634
593
562
531
514
494
396
288
240
197
133
58
6
-43
-112
-164
-226
-294
-364
-431
-471
-523
-538
-573
-643
-687
-720
-730
-731
-720
-679
-670
-681
-683
-683
-652
-611
-556
-494
-433
-398
-361
-322
-314
-253
-170
-128
-91
-35
19
64
113
207
325
427
505
539
558
565
574
571
599
655
677
685
663
638
643
636
639
638
618
594
553
494
421
371
307
220
141
72
7
-59
-116
-165
-231
-293
-363
-416
-470
-498
-491
-507
-532
-585
-615
-645
-683
-676
-662
-613
-564
-534
-513
-490
-484
-480
-459
-431
-376
-308
-258
-216
-177
-114
-79
-54
-33
44
120
179
249
327
386
404
423
443
472
524
598
629
641
652
656
657
613
620
659
642
582
541
510
449
370
328
316
255
198
135
87
17
-64
-108
-145
-207
-260
-277
-294
-306
-310
-331
-391
-427
-446
-466
-460
-455
-431
-403
-423
-458
-473
-461
-425
-401
-357
-297
-253
-257
-251
-215
-167
-92
-31
-11
6
27
80
143
177
208
234
265
307
343
374
411
433
406
378
368
360
344
355
364
357
333
314
274
207
167
134
90
60
48
13
-16
-34
-69
-102
-123
-123
-136
-167
-221
-266
-310
-334
-305
-271
-254
-265
-302
-341
-346
-343
-347
-330
-293
-286
-268
-271
-274
-281
-282
-263
-261
-216
-147
-84
-75
-54
-9
24
35
38
81
114
123
141
158
184
216
231
240
248
256
283
326
322
303
313
306
274
250
211
162
122
87
51
59
108
141
168
151
82
48
66
68
50
46
59
53
13
-69
-139
-147
-143
-125
-88
-18
22
-12
-79
-137
-167
-177
-175
-114
-39
-21
-36
-79
-109
-129
-123
-66
-18
18
28
7
-9
-22
-14
4
23
50
82
108
110
102
90
104
125
149
179
178
151
120
99
99
120
150
132
82
61
12
-41
-49
-43
-33
-3
21
4
-40
-76
-93
-99
-94
-88
-62
-53
-65
-90
-127
-159
-198
-225
-201
-127
-88
-97
-120
-139
-141
-142
-126
-84
-62
-60
-71
-93
-83
-87
-131
-138
-109
-80
-55
-44
-21
-7
4
17
20
16
36
77
112
139
183
224
235
214
166
110
57
30
20
40
54
77
53
27
21
27
34
40
42
35
32
34
27
19
15
14
-15
-59
-61
-70
-78
-66
-57
-59
-62
-66
-67
-52
-71
-91
-64
-32
10
17
-8
-55
-80
-82
-81
-61
-35
-10
-15
-56
-72
-71
-58
-37
-20
0
19
43
44
76
121
158
200
197
143
120
110
97
69
47
66
95
84
58
49
54
78
78
58
57
54
35
24
36
51
65
66
47
19
26
19
6
-4
-13
-5
-11
-35
-35
-28
-18
1
-3
-16
-35
-55
-72
-74
-59
-45
-29
-21
-31
-60
-65
-64
-58
-44
-20
-9
-15
-4
-9
-31
-59
-62
-43
-9
16
29
59
71
48
30
25
12
9
14
1
-22
-49
-77
-64
-48
-45
-28
-36
-35
-52
-69
-45
-18
-26
-40
-26
-6
-8
-26
-13
-7
-11
21
49
60
61
25
27
31
21
29
42
18
-5
-20
-34
-35
-35
-11
6
18
8
-13
-49
-98
-116
-110
-99
-85
-74
-66
-70
-110
-143
-120
-116
-98
-76
-52
-54
-77
-80
-85
-91
-69
-54
-48
-13
8
21
21
43
64
78
98
112
113
110
93
91
77
88
133
178
202
228
246
242
233
207
184
155
128
114
96
73
71
70
64
63
37
29
18
-8
9
5
14
17
-16
-44
-44
-41
-62
-100
-108
-104
-117
-108
-112
-78
-48
-78
-90
-94
-94
-92
-91
-91
-81
-54
-60
-56
-43
-23
-13
0
34
48
64
87
100
68
27
22
37
52
49
56
49
21
-12
-21
-7
5
40
72
61
41
18
-20
-53
-55
-20
15
26
29
14
8
-5
4
49
75
102
80
51
20
-18
-46
-45
-35
-39
-33
-34
-33
-57
-61
-30
-8
-6
-26
-42
-53
-85
-120
-120
-103
-97
-96
-101
-113
-116
-92
-84
-92
-80
-73
-79
-87
-103
-132
-135
-135
-139
-133
-131
-121
-89
-71
-44
-27
-6
19
20
23
42
47
56
83
85
90
97
97
76
85
105
123
134
129
148
168
165
151
151
119
98
93
85
65
60
62
52
32
30
33
32
31
23
9
-13
-13
-32
-26
2
20
27
36
44
52
49
36
16
-7
-10
-2
-6
-3
-16
-19
-15
-21
-14
-4
14
1
-16
-6
13
5
7
26
30
42
29
30
37
39
27
24
7
-22
-40
-41
-41
-40
-29
-36
-62
-70
-63
-51
-43
-54
-40
-22
-19
-43
-41
-33
-42
-39
-34
-35
-36
-32
-34
-26
-19
-2
23
44
53
53
47
54
45
34
51
37
12
13
19
25
36
23
28
32
43
58
72
70
48
22
-5
-17
-24
-19
5
17
10
-15
-21
-34
-58
-66
-40
-33
-68
-83
-97
-120
-119
-95
-105
-101
-96
-116
-118
-101
-105
-112
-96
-95
-81
-74
-74
-66
-71
-80
-70
-74
-62
-40
-42
-27
-22
-10
-15
-17
12
45
58
47
46
50
73
82
97
124
132
130
122
128
134
126
135
144
140
141
109
64
66
59
57
80
80
59
36
24
25
24
38
56
60
47
23
1
-28
-52
-30
-6
-1
4
-2
-16
-11
6
9
0
-1
-15
-30
-23
-27
-31
-21
-10
-18
-13
-13
-18
-26
-27
-36
-36
-55
-53
-28
-3
12
2
14
17
1
-16
-16
-16
-7
7
34
50
53
42
22
5
-16
-25
-26
-6
18
29
25
11
6
-9
-19
-20
-27
-24
-32
-38
-51
-60
-67
-81
-71
-72
-52
-18
-1
-5
-38
-61
-67
-66
-57
-41
-30
-23
-14
-8
-12
-19
-36
-48
-45
-42
-34
-32
-21
-15
-11
-10
-41
-64
-60
-38
-12
3
46
77
82
80
71
45
5
-3
-3
32
44
49
46
32
25
33
44
39
43
57
76
85
81
74
67
77
90
92
100
103
94
88
93
70
45
45
29
17
20
7
8
9
-5
-7
-27
-48
-63
-68
-64
-54
-60
-69
-72
-86
-94
-87
-98
-101
-72
-74
-88
-92
-75
-74
-78
-59
-45
-44
-53
-65
-56
-38
-22
6
29
47
70
88
97
115
114
100
102
111
115
95
89
76
60
50
55
65
83
66
47
45
20
-1
-16
-30
-44
-34
-17
-26
-29
-51
-61
-73
-110
-110
-103
-102
-106
-100
-91
-82
-73
-72
-64
-63
-64
-58
-67
-71
-63
-65
-64
-62
-67
-71
-84
-83
-71
-44
-18
4
17
40
49
41
57
92
125
142
153
150
134
97
82
82
105
134
150
158
152
138
119
108
92
82
68
50
55
31
26
9
-7
-17
-30
-43
-58
-60
-67
-71
-67
-61
-78
-84
-77
-83
-72
-63
-48
-47
-72
-89
-85
-110
-121
-92
-75
-58
-46
-43
-61
-81
-95
-96
-88
-85
-69
-43
-14
24
39
38
36
35
48
64
65
60
61
56
52
55
65
78
76
82
97
96
83
74
54
41
34
40
30
21
39
34
25
27
22
26
19
-5
-20
-34
-56
-73
-76
-70
-54
-28
-10
4
14
12
-3
-13
-24
-27
-20
-15
-13
0
16
14
15
11
12
15
4
-10
-26
-30
-28
