SAMPLES:	14458
BITSPERSAMPLE:	16
CHANNELS:	1
SAMPLERATE:	16000
NORMALIZED:	FALSE
-6
-5
-5
-4
-3
-4
-3
-3
-2
-2
-2
-4
-4
-4
-5
-6
-4
-4
-5
-4
-2
-4
-3
-2
-2
-3
-3
-4
-4
-4
-4
-5
-3
-3
-3
-2
-4
-4
-3
-4
-5
-5
-4
-4
-4
-3
-3
-2
-3
-2
-2
-3
-1
-2
-2
-1
-2
-1
-1
0
0
-1
0
1
1
1
2
2
2
3
2
2
4
2
4
4
2
4
3
3
3
5
4
4
6
5
4
5
6
5
6
6
6
5
3
3
4
3
4
5
4
3
4
3
2
3
2
3
4
3
3
3
4
5
3
4
4
3
4
4
3
4
3
2
3
2
1
1
2
1
1
1
2
2
3
2
2
1
-1
-1
-1
-1
-1
-1
0
-2
0
-1
-2
-1
-1
-1
-1
-2
-2
-3
-4
-4
-3
-3
-3
-1
-1
-3
-2
-2
-3
-2
-2
-3
-4
-4
-4
-4
-5
-4
-5
-6
-4
-4
-6
-4
-5
-4
-4
-5
-4
-4
-5
-3
-2
-4
-3
-4
-5
-4
-4
-6
-6
-4
-4
-3
-3
-2
-1
-2
-2
-2
-2
-3
-3
0
0
1
1
1
-1
0
1
0
2
2
3
1
3
2
1
2
2
2
4
3
2
2
1
1
2
2
3
4
3
4
5
4
2
2
2
2
3
1
2
3
2
2
3
3
2
2
2
1
1
3
2
2
3
3
3
3
2
2
2
1
2
2
1
1
0
-1
1
2
2
3
3
3
1
1
1
2
2
1
2
3
2
2
2
1
0
1
1
1
0
-1
0
0
-1
0
-1
-1
0
-1
-2
-1
-2
-2
0
-1
-2
-1
-2
-2
-1
-3
-5
-3
-2
-2
-1
0
-2
-1
-2
-2
-2
-2
-5
-3
-2
-2
-2
-2
-2
-1
-1
-1
-1
1
1
1
2
2
1
2
1
-1
0
-1
-1
0
-1
0
0
-1
-1
-1
-1
-1
2
-1
-1
-1
-3
-2
-3
-2
-3
-2
-1
0
-1
-1
-1
-1
-2
-2
-1
-2
-2
-1
-2
-2
0
-1
-2
-1
-1
-1
0
-1
0
2
1
0
1
1
-1
1
1
1
1
1
1
2
2
2
2
3
3
2
4
3
3
3
3
1
4
3
2
4
1
1
2
1
1
2
1
1
2
1
1
1
1
2
1
1
2
2
2
3
2
1
0
-1
-1
0
0
0
0
1
0
1
0
0
1
2
2
2
2
2
1
0
-1
-2
-1
-1
-1
-1
1
0
0
1
1
2
2
2
2
0
1
1
-1
0
0
-1
-1
-1
-3
-2
-2
-3
-1
0
1
2
0
-1
-1
-3
-3
-3
-2
-4
-2
-4
-5
-5
-5
-5
-5
-5
-6
-7
-6
-5
-5
-4
-3
-5
-5
-4
-4
-4
-5
-5
-5
-4
-4
-4
-3
-4
-3
-3
-2
-1
-1
-2
0
-1
0
2
0
1
2
3
3
4
6
6
6
6
6
6
5
6
7
7
6
7
6
7
7
6
7
7
6
6
6
5
5
5
4
5
4
6
5
5
6
4
3
4
1
1
2
0
-1
2
2
1
2
1
-1
0
0
1
1
0
0
-1
-2
-2
-1
-2
-2
-3
-3
-1
-3
-2
0
-3
-3
-2
-4
-4
-3
-4
-3
-3
-4
-3
-2
-4
-2
-3
-5
-4
-5
-7
-4
-5
-5
-1
-2
0
2
0
2
1
2
3
2
3
4
4
5
5
6
6
6
5
4
5
5
4
5
4
4
3
2
1
0
-2
-2
-4
-5
-7
-8
-9
-10
-10
-12
-12
-14
-13
-14
-14
-14
-14
-14
-14
-15
-16
-16
-18
-17
-18
-17
-17
-16
-16
-15
-14
-11
-10
-8
-6
-7
-4
-5
-4
1
0
4
6
5
8
12
13
15
17
18
20
23
23
26
28
28
30
33
31
33
35
36
37
37
36
35
35
33
33
31
29
26
23
21
18
15
12
10
6
3
0
-4
-8
-11
-13
-15
-20
-23
-27
-31
-33
-36
-38
-40
-42
-44
-44
-46
-46
-46
-47
-48
-48
-47
-45
-44
-41
-38
-37
-34
-32
-32
-28
-23
-17
-11
-2
6
13
17
23
28
29
32
34
38
42
50
56
63
69
71
75
80
81
82
82
80
77
74
67
60
53
47
38
30
24
16
7
0
-9
-18
-25
-30
-37
-42
-45
-51
-57
-60
-63
-67
-71
-73
-79
-85
-85
-88
-87
-87
-87
-85
-83
-80
-77
-74
-69
-65
-61
-58
-54
-51
-47
-41
-37
-31
-24
-19
-13
-9
-5
1
10
23
37
50
60
68
75
77
76
77
74
80
87
96
106
117
122
129
137
139
142
142
140
138
134
123
112
101
87
74
63
52
41
29
23
10
-1
-12
-24
-32
-42
-51
-57
-62
-68
-72
-77
-87
-91
-97
-105
-109
-118
-123
-126
-132
-136
-138
-139
-138
-132
-128
-123
-118
-115
-109
-103
-100
-96
-92
-89
-82
-76
-70
-60
-54
-47
-35
-22
-4
20
43
62
77
88
94
99
101
105
113
125
141
156
168
179
183
194
202
201
207
207
201
195
181
161
143
121
97
83
68
54
44
31
15
0
-21
-40
-50
-66
-77
-85
-95
-100
-110
-120
-128
-141
-152
-160
-173
-184
-191
-197
-202
-206
-205
-201
-197
-191
-184
-179
-168
-159
-154
-146
-141
-135
-132
-122
-113
-102
-86
-74
-62
-48
-36
-16
17
46
72
103
122
140
153
158
165
171
188
208
235
254
271
286
297
304
310
317
319
318
317
305
280
254
224
192
169
142
119
103
82
67
51
27
11
-6
-30
-46
-55
-74
-94
-105
-117
-132
-141
-156
-175
-188
-202
-219
-232
-245
-256
-261
-264
-265
-257
-253
-254
-247
-241
-235
-227
-219
-216
-206
-196
-196
-184
-168
-155
-135
-115
-104
-82
-50
-16
29
70
93
118
137
137
144
144
151
168
204
243
281
315
331
345
354
357
358
354
356
348
325
291
256
218
186
163
133
115
95
64
44
19
-16
-39
-56
-76
-80
-86
-101
-110
-130
-159
-180
-205
-231
-243
-256
-275
-286
-302
-322
-327
-339
-335
-324
-328
-315
-302
-294
-283
-276
-276
-267
-268
-265
-246
-238
-222
-197
-173
-148
-120
-101
-63
-14
33
82
135
166
193
209
210
215
233
260
303
357
402
441
470
494
517
525
533
534
534
525
504
472
425
380
340
299
267
241
213
186
155
125
90
60
35
11
-18
-44
-76
-104
-133
-163
-189
-217
-238
-266
-297
-323
-357
-387
-410
-431
-455
-461
-468
-479
-462
-447
-431
-413
-408
-408
-395
-392
-394
-385
-382
-374
-342
-311
-277
-254
-220
-159
-89
6
81
139
199
235
248
265
267
285
338
409
474
548
597
626
660
681
685
691
682
676
662
614
548
483
414
355
308
267
221
179
130
81
38
-13
-50
-88
-116
-140
-175
-208
-239
-273
-310
-336
-378
-418
-448
-486
-519
-553
-584
-599
-611
-618
-625
-632
-624
-594
-561
-519
-483
-467
-448
-444
-442
-432
-429
-415
-373
-328
-273
-221
-180
-108
-13
88
192
267
312
363
399
411
411
423
451
515
609
695
766
817
846
880
903
903
885
867
829
770
722
635
540
490
419
356
319
254
190
145
84
11
-39
-106
-169
-195
-225
-280
-299
-347
-382
-406
-455
-503
-540
-580
-618
-631
-672
-693
-682
-706
-724
-714
-741
-739
-683
-644
-595
-562
-550
-534
-514
-498
-494
-480
-451
-387
-317
-241
-166
-98
4
145
291
402
465
511
526
523
526
525
572
661
794
914
998
1057
1091
1106
1118
1135
1112
1051
1001
947
864
743
595
485
392
335
293
227
160
77
-4
-99
-200
-288
-369
-430
-466
-472
-507
-554
-576
-611
-652
-701
-788
-830
-864
-907
-940
-961
-976
-986
-965
-935
-899
-867
-826
-767
-698
-651
-638
-626
-619
-638
-610
-589
-553
-473
-377
-291
-194
-98
-8
160
348
518
625
675
705
693
673
657
681
752
874
1028
1156
1243
1299
1326
1331
1336
1327
1288
1243
1188
1089
947
792
630
517
431
352
281
201
112
34
-36
-136
-247
-300
-360
-420
-431
-472
-527
-578
-622
-674
-721
-806
-899
-946
-994
-1047
-1062
-1087
-1091
-1078
-1055
-1008
-969
-947
-883
-790
-734
-696
-679
-598
-595
-669
-698
-668
-622
-517
-394
-300
-136
-58
-6
169
414
627
868
1042
1094
1088
988
842
822
889
1019
1180
1335
1435
1473
1510
1513
1497
1465
1373
1317
1251
1134
957
755
558
357
173
5
-129
-276
-373
-427
-498
-545
-562
-595
-577
-571
-576
-573
-575
-552
-536
-563
-631
-775
-893
-947
-1026
-1054
-1067
-1113
-1147
-1186
-1214
-1258
-1244
-1179
-1104
-988
-915
-902
-889
-865
-848
-803
-706
-573
-477
-335
-223
-111
21
224
532
924
1270
1497
1705
1825
1909
1890
1762
1681
1659
1637
1591
1513
1444
1350
1253
1135
1043
946
832
703
545
405
217
-36
-278
-484
-594
-652
-766
-844
-806
-756
-669
-547
-449
-345
-185
-79
6
82
67
12
-80
-225
-416
-614
-874
-1129
-1293
-1462
-1649
-1786
-1831
-1889
-1873
-1846
-1796
-1614
-1372
-1125
-930
-722
-520
-382
-264
-181
-36
192
385
529
748
846
1038
1470
1915
2381
2681
2867
2891
2785
2492
1958
1418
972
614
346
51
-61
-192
-223
-155
-94
109
221
344
503
559
518
312
95
-164
-261
-315
-402
-359
-329
-243
-152
-223
-299
-413
-520
-579
-667
-730
-899
-974
-1068
-1181
-1307
-1549
-1725
-1863
-1911
-1916
-1935
-1873
-1752
-1566
-1381
-1235
-960
-623
-291
52
244
363
426
389
326
301
304
355
375
412
498
761
1180
1792
2387
2770
3058
3060
2817
2321
1699
1129
702
367
125
25
34
61
120
111
250
425
511
522
457
479
360
106
-122
-308
-355
-367
-354
-365
-376
-460
-562
-626
-781
-870
-909
-947
-860
-744
-714
-719
-817
-915
-1014
-1293
-1590
-1823
-1858
-1814
-1777
-1691
-1543
-1351
-1246
-1096
-830
-483
-224
-139
-31
72
161
131
-4
1
200
402
589
670
874
1505
2245
2924
3332
3460
3455
3158
2512
1761
1059
489
156
-35
-99
43
88
121
200
389
553
609
532
381
450
369
141
-57
-219
-162
-155
-164
-268
-449
-611
-827
-949
-1110
-1193
-1153
-1067
-813
-697
-717
-865
-1085
-1309
-1587
-1876
-2140
-2281
-2258
-2148
-2000
-1843
-1689
-1537
-1461
-1301
-1050
-734
-381
-201
-33
125
181
142
-3
24
192
461
676
806
942
1450
2319
3136
3611
3735
3594
3182
2547
1605
768
203
46
51
238
458
571
572
443
449
464
370
255
237
536
829
833
587
359
290
25
-207
-602
-942
-1081
-1214
-1167
-1035
-881
-808
-790
-699
-750
-936
-1225
-1449
-1496
-1539
-1630
-1832
-1938
-1906
-1832
-1798
-1763
-1758
-1700
-1624
-1513
-1136
-599
-103
184
359
437
371
99
-207
-241
25
427
755
998
1193
1763
2609
3442
3775
3771
3470
2877
2119
1272
488
116
167
286
538
592
466
146
-89
-117
49
238
402
759
1197
1393
1256
703
122
-290
-650
-757
-797
-753
-737
-697
-604
-623
-779
-1055
-1312
-1349
-1162
-986
-931
-939
-972
-1129
-1371
-1801
-2155
-2342
-2425
-2260
-1929
-1620
-1427
-1315
-1161
-875
-461
-189
-172
-254
-338
-226
-193
-240
-166
123
543
810
834
731
1018
1809
2729
3420
3686
3475
2987
2177
1182
345
-143
-245
-63
295
561
554
298
-104
-183
1
281
563
914
1432
1783
1608
982
163
-425
-738
-801
-660
-499
-238
-160
-221
-366
-673
-961
-1223
-1262
-1019
-778
-566
-611
-762
-940
-1293
-1796
-2252
-2320
-2093
-1737
-1375
-1164
-992
-980
-1151
-1195
-983
-473
-28
145
170
213
124
-231
-452
-379
104
593
757
806
1000
1634
2513
3304
3746
3648
3157
2344
1363
625
153
118
202
406
598
395
2
-549
-741
-411
107
706
1188
1626
1830
1605
994
135
-517
-864
-817
-422
-49
140
20
-370
-766
-1187
-1496
-1687
-1645
-1199
-595
-191
-227
-552
-1036
-1513
-1857
-2188
-2279
-2012
-1670
-1301
-1028
-969
-1167
-1433
-1624
-1424
-768
-77
268
284
158
-27
-324
-675
-736
-261
588
1091
1149
937
875
1533
2542
3252
3491
3354
2833
2044
1117
282
29
201
314
326
213
-46
-439
-862
-804
-97
773
1291
1412
1296
1130
774
-57
-815
-907
-504
147
610
475
13
-559
-1218
-1732
-1807
-1498
-1006
-522
-118
85
-161
-746
-1401
-1852
-1891
-1674
-1517
-1325
-1081
-995
-1057
-1273
-1571
-1680
-1525
-1154
-400
449
782
514
-64
-496
-642
-609
-403
68
864
1511
1543
974
307
477
1624
3087
4014
4119
3602
2691
1470
194
-426
-239
415
1037
1223
915
263
-678
-1396
-1230
-313
748
1481
1665
1349
828
2
-898
-1277
-991
-103
856
1174
593
-420
-1372
-1980
-2156
-1857
-1082
-177
300
121
-450
-1072
-1669
-2192
-2296
-1777
-1128
-825
-917
-1159
-1320
-1479
-1744
-1886
-1642
-1121
-479
86
453
405
-41
-517
-776
-698
-305
258
842
1251
1316
938
287
-107
583
2254
3871
4465
3883
2717
1555
560
-192
-246
505
1459
1815
1268
150
-858
-1538
-1642
-978
126
1143
1630
1324
388
-502
-1023
-1100
-717
-116
655
1223
1004
-90
-1433
-2198
-2066
-1349
-628
-54
245
62
-551
-1380
-2095
-2259
-1937
-1428
-951
-741
-928
-1289
-1689
-2029
-1955
-1530
-1048
-657
-497
-391
-87
170
14
-349
-500
-344
37
416
710
936
1028
954
726
461
366
1161
2607
3754
4068
3358
2193
1120
476
441
932
1725
2137
1866
975
-171
-1106
-1517
-1093
-6
973
1609
1480
693
-285
-1093
-1308
-769
150
810
1044
912
233
-803
-1639
-1855
-1281
-296
400
532
114
-729
-1575
-2037
-2069
-1722
-1254
-979
-954
-1297
-1864
-2159
-2145
-1831
-1362
-975
-753
-805
-1012
-1072
-838
-451
-113
5
-87
-166
-185
-94
272
732
984
965
759
437
456
1197
2226
3195
3461
2836
1908
1005
543
715
1452
2250
2439
1940
819
-222
-825
-905
-269
591
1155
1237
620
-235
-1004
-1411
-1267
-614
288
743
692
239
-483
-1153
-1488
-1167
-385
361
733
431
-249
-1020
-1639
-1773
-1382
-922
-771
-918
-1394
-1909
-2258
-2368
-2081
-1503
-1010
-877
-1038
-1376
-1665
-1553
-1062
-445
14
121
-25
-194
-284
-127
363
982
1444
1506
1149
689
491
965
1839
2607
2995
2856
2277
1393
704
553
1101
1856
2150
1917
1213
365
-292
-496
-173
485
1021
1140
852
171
-618
-1087
-1056
-563
117
522
638
449
-120
-761
-1143
-967
-392
206
426
255
-176
-768
-1175
-1266
-1102
-941
-934
-1070
-1396
-1765
-2041
-2008
-1680
-1310
-1118
-1255
-1470
-1726
-1835
-1648
-1204
-649
-292
-179
-222
-334
-383
-207
268
921
1369
1356
983
604
389
909
1879
2654
3105
2855
2194
1499
856
705
1241
1985
2255
1933
1264
455
-42
-260
17
729
1199
1118
586
-76
-621
-918
-800
-268
342
545
270
-148
-709
-1284
-1412
-993
-210
390
452
51
-573
-1152
-1473
-1329
-894
-505
-511
-899
-1414
-1909
-2216
-2103
-1670
-1287
-1157
-1424
-1883
-2319
-2475
-2078
-1336
-630
-242
-282
-430
-577
-696
-532
103
916
1416
1427
1130
784
651
1087
1840
2702
3205
2928
2325
1647
1112
897
1190
1772
2062
1981
1387
686
112
-244
-39
472
794
850
548
81
-408
-756
-719
-288
263
407
182
-149
-619
-1013
-1037
-585
23
434
458
103
-391
-880
-1132
-936
-513
-247
-430
-866
-1313
-1728
-1996
-1916
-1543
-1265
-1288
-1686
-2163
-2473
-2530
-2050
-1163
-366
-44
-142
-436
-644
-677
-417
312
1201
1660
1505
1001
484
352
892
1859
2885
3410
3116
2414
1562
869
704
1188
1992
2433
2186
1333
458
-143
-401
-86
580
1153
1253
861
110
-588
-885
-726
-153
428
533
232
-226
-782
-1173
-1167
-756
-29
473
427
-58
-720
-1150
-1151
-791
-378
-208
-409
-887
-1494
-2033
-2223
-1955
-1490
-1271
-1477
-2004
-2460
-2726
-2649
-2031
-1170
-459
-209
-437
-724
-885
-819
-340
390
1095
1376
1106
569
213
267
1049
2224
3154
3309
2902
2190
1424
925
942
1686
2419
2577
1998
964
151
-393
-410
109
826
1243
1050
469
-223
-693
-827
-492
67
486
382
-80
-593
-1034
-1192
-948
-327
274
479
239
-239
-707
-970
-909
-586
-232
-125
-410
-958
-1520
-1915
-2010
-1794
-1426
-1239
-1481
-2000
-2442
-2685
-2499
-1786
-932
-327
-207
-498
-792
-837
-614
-105
631
1235
1392
1111
635
361
465
1210
2348
3209
3368
2788
2058
1462
1091
1194
1854
2602
2645
1962
909
-7
-426
-406
212
996
1389
1097
403
-299
-812
-795
-261
450
776
446
-288
-877
-1187
-1257
-818
-43
536
592
77
-609
-1068
-1111
-787
-233
173
36
-560
-1296
-1872
-2089
-1883
-1415
-1026
-1033
-1578
-2286
-2757
-2782
-2353
-1612
-832
-354
-415
-806
-1159
-1185
-776
-108
579
1105
1182
845
420
200
346
954
2023
2856
3028
2652
2040
1498
1231
1310
1733
2396
2503
1876
1000
171
-261
-177
274
835
1229
979
318
-270
-689
-710
-320
139
391
174
-443
-923
-1015
-949
-577
-8
323
329
-36
-581
-818
-715
-493
-101
150
-131
-656
-1184
-1512
-1547
-1462
-1261
-1136
-1334
-1870
-2310
-2493
-2329
-1920
-1513
-1072
-774
-781
-978
-1039
-833
-408
112
529
829
925
824
700
643
793
1034
1622
2416
2785
2643
2217
1833
1584
1517
1581
1983
2292
2005
1303
556
65
-34
269
684
1040
964
467
-44
-458
-639
-473
-71
224
109
-261
-682
-868
-836
-662
-249
151
293
75
-239
-585
-706
-580
-276
48
39
-322
-867
-1344
-1627
-1619
-1377
-1137
-1039
-1303
-1877
-2318
-2410
-2232
-1841
-1293
-813
-587
-623
-893
-998
-770
-332
175
581
782
784
687
503
517
698
1055
1869
2492
2628
2400
1968
1533
1321
1328
1561
2018
2053
1632
1086
458
109
133
422
756
963
713
186
-231
-660
-753
-495
-180
-33
-187
-540
-804
-840
-788
-534
-156
18
-5
-257
-531
-711
-699
-456
-121
0
-219
-629
-1087
-1314
-1363
-1306
-1106
-951
-1121
-1520
-1906
-2102
-2003
-1712
-1368
-981
-722
-684
-801
-935
-848
-506
-65
291
541
691
720
678
689
812
1055
1471
2124
2509
2539
2310
1945
1646
1562
1657
1878
2176
2077
1545
958
376
117
363
612
800
863
537
-8
-445
-703
-683
-373
-141
-122
-223
-558
-816
-840
-694
-439
-180
-94
-179
-428
-689
-747
-620
-360
-145
-146
-390
-779
-1152
-1351
-1356
-1222
-1100
-1104
-1338
-1660
-1946
-2051
-1896
-1653
-1384
-1086
-846
-759
-810
-800
-682
-399
-24
267
502
704
728
700
753
884
1091
1596
2207
2412
2328
2026
1738
1593
1581
1607
1869
2128
1875
1374
818
432
392
510
605
698
606
222
-147
-409
-515
-424
-347
-163
-133
-375
-659
-776
-640
-502
-378
-306
-306
-439
-684
-803
-734
-519
-307
-217
-348
-656
-971
-1187
-1191
-1057
-918
-876
-988
-1324
-1770
-1977
-1870
-1577
-1261
-1066
-919
-823
-894
-971
-858
-570
-215
116
320
480
587
597
666
799
990
1203
1668
2131
2267
2201
2011
1922
1959
1937
1864
1905
1956
1758
1374
1021
738
616
646
654
571
409
149
-53
-191
-349
-365
-231
-180
-270
-447
-665
-729
-683
-716
-735
-711
-723
-733
-758
-792
-778
-680
-531
-443
-537
-760
-976
-1078
-1080
-1026
-1019
-1028
-1109
-1338
-1622
-1751
-1642
-1407
-1185
-1078
-977
-903
-843
-819
-726
-493
-193
64
252
407
530
634
742
831
989
1216
1482
1869
2131
2183
2166
2092
1992
1920
1805
1758
1918
1837
1539
1240
878
614
545
523
531
594
419
125
-56
-280
-358
-289
-243
-247
-382
-624
-805
-867
-954
-877
-805
-755
-750
-849
-918
-921
-838
-750
-628
-639
-806
-1042
-1213
-1182
-1157
-1158
-1093
-1114
-1260
-1405
-1540
-1526
-1333
-1176
-1086
-965
-901
-770
-627
-594
-442
-241
-54
170
357
461
482
530
730
895
1088
1433
1901
2250
2321
2235
2151
2077
1914
1840
1809
1840
1840
1647
1364
1037
802
659
666
712
731
614
244
39
-54
-142
-106
-59
-112
-270
-547
-886
-944
-897
-926
-847
-776
-791
-940
-990
-991
-916
-757
-749
-743
-796
-997
-1191
-1193
-1125
-1071
-1039
-1119
-1171
-1246
-1348
-1342
-1220
-1091
-1041
-984
-870
-737
-635
-555
-398
-228
-101
35
135
236
365
617
863
1044
1143
1220
1350
1629
1992
2150
2113
1980
1907
1765
1539
1446
1620
1797
1668
1329
915
609
518
565
703
787
713
493
177
-80
-183
-168
-128
-139
-327
-634
-924
-1091
-1052
-964
-888
-821
-936
-1107
-1236
-1273
-1186
-983
-881
-911
-958
-1149
-1301
-1266
-1192
-1074
-965
-969
-973
-1013
-1122
-1130
-1030
-886
-769
-731
-677
-590
-440
-269
-209
-208
-126
-8
92
237
444
701
989
1163
1150
1100
1127
1214
1394
1757
1959
1939
1811
1609
1343
1193
1184
1285
1435
1351
1094
865
640
555
670
835
887
832
609
322
75
-98
-136
-174
-177
-235
-466
-721
-890
-982
-1027
-967
-879
-877
-944
-1130
-1213
-1208
-1225
-1144
-1007
-957
-1003
-1122
-1222
-1142
-1002
-916
-821
-837
-884
-882
-883
-834
-693
-528
-404
-356
-388
-387
-292
-141
94
260
319
449
510
525
661
898
1128
1210
1158
1080
1107
1124
1106
1245
1465
1504
1362
1179
1075
1031
922
858
957
1039
916
759
721
687
594
471
430
462
389
173
10
-40
-102
-209
-343
-481
-599
-734
-818
-864
-898
-986
-1084
-1087
-1128
-1204
-1209
-1159
-1086
-1037
-1032
-1029
-1031
-1079
-1095
-1011
-890
-747
-632
-665
-678
-717
-792
-722
-507
-316
-189
-104
-60
-48
-45
20
179
420
578
618
580
560
587
637
714
855
943
946
951
876
789
823
906
898
853
850
869
827
700
631
702
772
649
509
475
445
367
267
259
285
275
221
152
78
-14
-180
-283
-179
-171
-335
-459
-501
-541
-656
-760
-645
-503
-585
-768
-825
-799
-771
-722
-670
-545
-458
-526
-626
-594
-555
-592
-509
-408
-419
-370
-328
-354
-280
-135
-15
67
55
72
189
208
170
196
399
576
539
420
466
590
575
425
410
662
720
506
449
591
714
607
431
447
578
535
367
285
425
534
442
332
189
78
141
133
32
-47
-75
42
18
-255
-412
-294
-178
-233
-398
-435
-364
-403
-524
-614
-451
-291
-371
-471
-484
-401
-271
-370
-468
-358
-359
-442
-441
-456
-396
-336
-362
-326
-243
-187
-146
-119
-71
-19
-48
-113
3
143
144
190
192
187
257
272
236
353
392
288
264
258
245
179
185
331
396
239
83
137
245
178
36
75
235
205
-5
-120
-37
61
29
-114
-145
-99
-157
-169
-102
-145
-180
-180
-203
-125
-145
-193
-145
-147
-174
-109
-88
-45
43
89
121
63
-12
22
85
96
81
96
181
182
99
88
100
155
139
123
185
245
221
156
161
263
351
304
216
170
219
267
253
170
175
330
307
153
-13
-6
190
217
63
59
163
67
-168
-232
-97
41
-50
-251
-231
-142
-282
-446
-475
-324
-194
-186
-382
-452
-356
-339
-384
-340
-283
-278
-299
-412
-346
-364
-390
-249
-29
-68
-149
-158
-225
-137
-77
-87
-24
38
77
131
134
35
32
110
196
219
153
154
201
211
215
284
282
283
286
271
341
471
401
291
302
376
391
423
339
347
1032
845
290
-283
-631
-325
31
284
281
242
-84
-616
-777
-496
-48
17
-215
-399
-502
-464
-477
-342
-246
-341
-494
-576
-466
-271
-178
-232
-214
-323
-444
-428
-294
-25
53
-11
-139
-242
-166
15
129
116
30
-13
41
101
87
104
212
248
171
132
159
270
327
227
150
212
247
267
312
387
492
456
295
218
323
386
417
396
328
341
312
268
319
418
464
373
251
278
263
157
39
17
81
136
64
-115
-208
-258
-331
-382
-385
-355
-317
-394
-494
-519
-521
-539
-524
-434
-364
-375
-411
-434
-394
-350
-288
-227
-243
-206
-180
-176
-192
-172
-120
-58
9
43
58
35
-19
-22
40
40
61
65
64
81
61
16
57
187
275
344
361
324
303
292
328
413
480
510
498
451
422
394
359
343
410
480
456
374
303
279
172
127
107
-17
-45
-78
-170
-238
-262
-312
-357
-327
-357
-312
-328
-448
-517
-509
-525
-491
-468
-450
-396
-354
-316
-391
-444
-389
-314
-303
-304
-288
-241
-216
-225
-148
-62
-49
-93
-96
-114
-71
29
41
82
87
10
-58
-69
28
141
199
180
159
160
202
279
374
442
434
384
334
358
407
403
417
443
406
396
390
411
423
387
338
289
250
217
199
205
148
44
-59
-111
-152
-202
-229
-221
-278
-329
-347
-373
-329
-259
-238
-230
-216
-246
-258
-206
-198
-182
-143
-139
-142
-103
-115
-120
-85
-72
-10
36
5
-5
1
-32
-9
17
0
48
52
17
17
-22
-7
47
19
38
55
-3
1
56
102
143
180
206
194
195
209
214
204
242
245
242
288
281
202
195
175
145
159
148
134
103
58
26
31
13
-6
-40
-97
-151
-207
-285
-324
-291
-304
-314
-310
-298
-314
-319
-278
-241
-199
-161
-143
-173
-185
-174
-187
-169
-123
-138
-123
-71
-89
-98
-58
-37
-18
29
54
59
33
-18
-25
-22
-45
-43
-57
-55
-58
-39
4
40
45
85
140
151
145
177
190
180
201
204
210
216
218
214
220
190
156
138
156
177
143
99
85
93
97
120
92
45
29
-51
-111
-104
-127
-136
-121
-132
-139
-126
-154
-125
-61
-66
-2
12
-9
-1
26
49
63
35
38
78
71
78
79
49
40
29
30
62
106
108
104
67
60
35
-51
-58
-57
-59
-80
-79
-78
-70
-62
-99
-91
-28
-10
24
28
4
65
132
80
73
85
47
42
52
34
50
30
-19
-12
-29
-67
-59
-77
-100
-55
-99
-158
-207
-227
-234
-244
-270
-260
-246
-268
-234
-236
-241
-189
-146
-100
-55
-55
-72
-68
-67
-28
19
59
81
89
46
41
104
119
162
216
223
191
179
177
118
88
78
52
82
120
112
99
100
67
53
27
39
55
83
83
84
103
72
80
106
114
140
130
112
89
34
29
15
11
21
32
-35
-87
-85
-66
-69
-96
-116
-147
-158
-181
-177
-154
-162
-168
-145
-166
-155
-154
-169
-163
-111
-57
-57
-25
15
39
65
77
79
84
99
124
157
172
164
162
197
212
239
233
189
187
149
98
109
100
96
92
45
42
52
53
67
78
35
20
41
62
78
79
73
65
28
23
46
53
64
46
-3
-33
-53
-69
-39
-5
-39
-101
-165
-212
-164
-144
-180
-218
-258
-302
-306
-279
-278
-262
-277
-274
-262
-268
-269
-239
-203
-159
-129
-131
-126
-110
-94
-74
-35
12
40
46
78
101
82
82
136
122
109
148
141
168
148
136
155
146
124
131
132
93
119
95
66
87
111
101
91
93
93
139
139
106
111
109
101
134
145
130
109
92
76
63
51
38
31
3
-29
-10
-5
-48
-55
-66
-93
-113
-129
-187
-181
-173
-223
-205
-167
-145
-122
-140
-149
-142
-122
-110
-84
-21
0
-14
26
74
87
94
76
63
119
121
94
109
98
95
133
129
126
146
132
115
99
85
62
74
104
81
81
80
35
22
27
6
21
38
9
23
41
31
32
67
76
68
25
-21
-29
-21
-28
-71
-65
-57
-112
-104
-75
-120
-151
-158
-235
-241
-212
-248
-273
-262
-278
-255
-202
-201
-206
-202
-177
-176
-163
-122
-67
-61
-45
-29
1
67
79
81
117
97
75
111
86
89
131
99
132
200
185
211
222
184
182
159
113
128
118
89
93
71
33
72
96
66
76
84
79
96
72
79
87
43
48
55
17
-23
-34
-92
-73
-71
-87
-57
-101
-123
-117
-146
-169
-132
-152
-182
-195
-252
-227
-213
-215
-155
-132
-151
-144
-124
-124
-88
-70
-18
18
9
40
73
54
64
116
126
122
148
160
154
196
229
235
272
265
233
260
236
231
247
214
189
207
188
195
222
213
178
161
155
127
117
101
83
59
28
9
18
4
-5
-16
-38
-41
-59
-116
-142
-122
-156
-176
-177
-189
-197
-224
-229
-235
-258
-259
-271
-289
-277
-275
-284
-278
-274
-298
-314
-322
-313
-258
-210
-182
-135
-84
-56
-46
-46
-47
-31
31
39
64
110
104
135
156
176
183
187
200
178
164
189
185
177
179
153
159
174
151
155
162
145
133
121
107
125
125
103
99
77
71
98
93
92
105
95
65
38
15
-19
-38
-59
-68
-85
-103
-95
-96
-120
-145
-157
-178
-179
-197
-204
-208
-238
-264
-283
-265
-227
-220
-225
-202
-196
-178
-162
-148
-90
-89
-77
-58
-53
-10
-1
16
44
84
96
138
175
170
197
219
193
185
172
151
198
192
167
185
189
194
217
217
219
224
187
162
183
198
180
184
156
138
144
170
180
151
173
130
121
108
77
60
35
-7
-40
-33
-54
-59
-75
-95
-136
-142
-141
-150
-139
-187
-238
-250
-256
-279
-246
-229
-223
-186
-170
-173
-155
-123
-135
-132
-114
-131
-109
-64
-49
-27
-2
-27
-21
20
21
54
81
35
16
22
-22
2
39
17
41
79
63
38
74
59
30
72
59
39
54
60
35
39
29
14
39
79
87
79
92
68
67
77
36
29
28
-23
-55
-4
-4
-29
-6
-42
-35
-25
-62
-38
-44
-71
-98
-140
-146
-128
-147
-123
-104
-139
-162
-147
-131
-126
-98
-71
-85
-72
-47
-52
-34
-21
-35
-27
-24
-1
34
52
61
80
85
82
118
85
55
40
13
8
40
31
56
57
54
70
87
87
99
98
99
137
114
105
122
121
121
189
180
138
132
114
113
121
115
132
147
98
96
81
60
53
35
13
-4
-24
-46
-32
-47
-72
-54
-95
-75
-61
-72
-76
-65
-89
-90
-48
-47
-46
-41
-41
-48
-43
-45
-6
3
-3
7
11
-14
26
35
-22
-21
-33
-63
-53
-27
-47
-39
-36
-54
-53
-54
-40
-65
-88
-94
-107
-112
-118
-130
-153
-117
-83
-85
-80
-54
-38
-48
-40
-38
-16
-15
-41
-23
20
-16
1
10
-11
0
15
20
41
63
63
59
47
44
6
-8
-11
-26
-58
-30
-58
-42
28
29
78
130
96
78
107
78
58
74
47
73
79
75
106
122
131
132
117
104
80
20
35
54
31
43
73
36
3
4
-43
-57
-41
-47
-50
-68
-72
-87
-79
-111
-124
-70
-85
-72
-31
-29
-43
-32
-65
-46
-45
-82
-88
-95
-114
-69
-66
-53
-3
19
3
74
-6
220
1079
98
-789
-144
-18
-442
-223
292
32
219
103
-554
-346
186
325
193
275
482
152
-158
-162
128
958
509
-76
203
374
-71
21
320
-80
19
190
-193
-822
-98
540
-49
-135
191
-154
-491
-281
-194
40
-165
-470
-208
-353
-649
-359
-312
-366
42
-18
-456
-461
-78
19
-40
-133
-145
-126
-96
-50
80
65
-136
38
161
-91
-68
258
264
156
212
150
87
187
384
425
284
170
174
200
375
450
314
300
321
375
372
266
340
444
394
317
274
206
272
378
281
155
94
77
38
85
110
18
-71
-83
-83
-153
-171
-205
-234
-271
-359
-395
-362
-300
-331
-333
-394
-394
-273
-306
-387
-462
-490
-406
-367
-440
-400
-358
-366
-342
-325
-415
-370
-254
-196
-198
-192
-204
-150
-69
-31
-52
-18
143
134
243
198
221
223
357
349
403
483
510
619
506
620
606
657
595
571
536
504
531
433
382
331
228
182
130
-45
-62
-171
-207
-216
-282
-447
-506
-519
-609
-718
-790
-762
-785
-855
-866
-840
-872
-744
-700
-786
-784
-767
-704
-559
-505
-451
-421
-380
-347
-240
-142
-168
302
813
793
767
721
861
1293
1538
1399
1241
1585
1602
1741
1854
1497
1589
1783
1621
1526
1434
1222
1146
1093
653
317
197
-5
-167
-495
-865
-1099
-1194
-1320
-1546
-1728
-1864
-1782
-1665
-1682
-1687
-1617
-1545
-1441
-1374
-1445
-1355
-1167
-1210
-1181
-995
-879
-875
-897
-993
-835
-677
-516
-457
-368
-383
-38
952
794
875
615
922
1329
1791
1774
1549
2018
1968
2287
2427
2202
2300
2589
2478
2489
2407
2178
1975
2040
1428
999
740
351
94
-332
-829
-1314
-1331
-1622
-1925
-2131
-2308
-2334
-2254
-2184
-2119
-2181
-2065
-1913
-1811
-1760
-1662
-1459
-1386
-1329
-1358
-1220
-1053
-856
-715
-773
-879
-747
-539
-424
-417
-423
-341
239
1089
708
703
551
929
1482
1667
1645
1443
2103
1995
2277
2505
2349
2447
2702
2678
2512
2490
2412
2144
2058
1511
992
777
418
105
-353
-731
-1204
-1324
-1555
-1932
-2121
-2254
-2261
-2222
-2130
-2128
-2101
-1981
-1918
-1774
-1716
-1609
-1391
-1375
-1351
-1278
-1159
-1079
-1022
-847
-763
-701
-702
-629
-537
-499
-444
-359
-407
112
805
714
504
457
921
1307
1768
1594
1516
1886
2035
2271
2428
2324
2276
2599
2686
2507
2482
2293
2000
1965
1566
995
724
511
9
-312
-566
-1046
-1163
-1354
-1632
-1864
-1979
-2019
-1965
-1862
-1875
-1920
-1877
-1722
-1610
-1572
-1432
-1315
-1207
-1066
-1119
-1040
-988
-1035
-825
-644
-733
-969
-860
-620
-539
-583
-648
-374
442
779
585
401
500
1098
1588
1550
1493
1715
2230
2139
2470
2528
2354
2552
2673
2738
2474
2549
2328
2139
1946
1434
1091
750
450
125
-373
-793
-1080
-1195
-1529
-1849
-2010
-2116
-2077
-2036
-1980
-2100
-2068
-1933
-1832
-1717
-1678
-1511
-1383
-1426
-1314
-1233
-1303
-1378
-1212
-1079
-1077
-1117
-1211
-1186
-971
-819
-895
-1021
-301
403
395
206
35
426
1009
1481
1356
1233
1604
1910
2278
2549
2410
2404
2622
2839
2731
2732
2466
2216
2270
1914
1393
997
758
387
96
-281
-770
-1087
-1282
-1345
-1606
-1936
-2072
-1988
-1785
-1781
-1779
-1788
-1766
-1571
-1358
-1233
-1241
-1177
-1073
-1028
-989
-1019
-1085
-1038
-786
-671
-826
-893
-817
-677
-634
-752
-679
9
439
428
155
213
422
1225
1402
1236
1328
1561
1801
2100
2355
2106
2225
2369
2439
2570
2427
2098
2042
1924
1524
1037
735
263
77
-149
-543
-907
-1182
-1215
-1312
-1506
-1742
-1768
-1763
-1637
-1479
-1534
-1570
-1457
-1269
-1043
-963
-935
-933
-794
-707
-625
-705
-813
-700
-468
-490
-648
-774
-627
-502
-512
-604
-428
281
397
414
169
254
688
1119
1251
1049
1365
1386
1569
1984
1968
1876
1867
2059
2098
2131
1998
1568
1520
1347
1051
685
263
-11
-252
-394
-874
-1238
-1438
-1536
-1530
-1721
-1824
-2032
-1893
-1602
-1440
-1361
-1425
-1318
-1196
-914
-664
-666
-727
-670
-568
-523
-529
-628
-581
-313
-357
-497
-572
-580
-434
-384
-419
-81
337
443
430
281
436
721
1011
1106
1256
1368
1242
1496
1732
1964
1974
1874
1938
1939
1984
1844
1646
1572
1224
968
560
240
-94
-333
-537
-929
-1161
-1407
-1503
-1603
-1626
-1708
-1774
-1694
-1614
-1401
-1202
-1124
-1103
-1110
-922
-725
-665
-705
-661
-518
-539
-559
-626
-455
-320
-420
-458
-515
-483
-456
-419
-282
194
548
542
322
321
515
837
1068
1121
1186
1282
1367
1552
1887
1942
1864
1910
1961
1946
1927
1802
1693
1562
1334
1017
594
224
52
-141
-427
-770
-1148
-1308
-1340
-1363
-1406
-1561
-1704
-1584
-1369
-1230
-1122
-1093
-1139
-1078
-847
-713
-763
-768
-669
-631
-592
-672
-732
-627
-488
-458
-517
-627
-693
-669
-605
-331
72
278
245
152
279
501
784
910
1046
1249
1273
1337
1501
1739
1884
1933
1902
1806
1773
1705
1619
1607
1434
1143
734
410
149
-68
-302
-562
-809
-1126
-1316
-1388
-1457
-1552
-1691
-1706
-1612
-1469
-1313
-1210
-1116
-1064
-958
-866
-766
-731
-687
-620
-568
-576
-677
-679
-533
-452
-431
-465
-532
-554
-466
-382
-119
275
427
467
457
492
576
745
867
1079
1258
1272
1337
1480
1645
1807
1873
1884
1840
1738
1642
1606
1541
1342
1108
747
379
72
-231
-457
-602
-767
-983
-1173
-1262
-1328
-1399
-1508
-1514
-1439
-1361
-1239
-1152
-1081
-995
-875
-742
-665
-650
-605
-578
-471
-394
-474
-478
-415
-363
-326
-346
-393
-419
-387
-282
-86
148
296
388
388
466
550
654
690
744
978
1092
1116
1209
1373
1476
1598
1636
1577
1606
1504
1388
1387
1242
995
836
569
289
77
-252
-498
-594
-730
-846
-958
-1065
-1104
-1230
-1273
-1177
-1108
-1062
-960
-902
-850
-722
-650
-564
-530
-583
-584
-495
-511
-565
-555
-570
-467
-382
-388
-441
-492
-530
-492
-437
-301
-164
-84
47
162
186
188
262
275
410
578
646
782
946
1078
1230
1269
1294
1359
1371
1291
1234
1177
1026
960
834
677
447
201
66
-86
-194
-363
-457
-505
-553
-567
-603
-580
-529
-420
-428
-400
-396
-441
-359
-320
-314
-311
-318
-321
-329
-353
-459
-538
-556
-562
-526
-527
-578
-606
-620
-655
-676
-706
-736
-674
-482
-407
-316
-211
-157
-90
-39
23
130
226
320
520
653
735
838
939
1026
1088
1048
993
958
972
930
793
662
603
514
371
292
227
150
20
5
29
-3
4
46
58
47
62
80
129
187
151
75
-18
-67
-54
-95
-199
-295
-350
-404
-492
-545
-593
-640
-637
-669
-791
-878
-908
-907
-862
-912
-874
-819
-760
-651
-558
-513
-466
-366
-232
-80
-8
18
116
269
397
549
592
665
824
928
890
857
877
873
861
814
791
694
608
570
570
611
574
484
499
504
434
364
318
298
329
361
307
234
175
128
60
-29
-174
-283
-382
-490
-539
-584
-677
-770
-823
-906
-990
-1063
-1125
-1192
-1181
-1175
-1205
-1179
-1170
-1157
-1126
-1063
-981
-832
-681
-564
-445
-307
-179
-17
116
166
290
402
497
591
675
752
856
932
1013
1133
1158
1158
1241
1286
1246
1227
1236
1223
1203
1183
1119
1019
985
968
869
763
671
575
535
443
288
191
86
-87
-211
-319
-486
-594
-668
-764
-854
-956
-1078
-1145
-1221
-1310
-1406
-1469
-1488
-1425
-1401
-1414
-1386
-1350
-1249
-1156
-1074
-983
-893
-764
-599
-474
-344
-178
-57
95
191
287
417
508
634
775
884
943
1060
1134
1227
1331
1372
1433
1472
1502
1498
1512
1475
1464
1453
1374
1278
1157
1091
963
813
702
540
384
239
74
-76
-208
-365
-571
-719
-844
-957
-1048
-1158
-1263
-1384
-1447
-1495
-1549
-1537
-1537
-1555
-1558
-1532
-1466
-1333
-1284
-1237
-1109
-1013
-872
-740
-661
-540
-423
-308
-181
-21
80
198
321
418
570
642
745
894
1006
1079
1181
1276
1341
1397
1404
1381
1401
1393
1400
1373
1282
1226
1148
1063
1009
923
784
670
553
412
303
189
20
-143
-296
-473
-609
-677
-815
-917
-975
-1128
-1216
-1216
-1257
-1319
-1331
-1359
-1354
-1255
-1211
-1191
-1125
-1045
-938
-819
-734
-640
-536
-471
-368
-264
-167
-62
2
99
244
343
429
566
672
744
830
860
939
1014
1014
1031
1078
1108
1131
1155
1117
1076
1039
968
916
893
795
725
630
495
405
364
293
195
69
-104
-235
-281
-370
-464
-528
-634
-720
-756
-786
-822
-828
-873
-907
-904
-908
-897
-869
-863
-864
-783
-725
-654
-553
-466
-430
-401
-354
-296
-240
-136
-31
66
147
210
278
371
458
503
594
648
687
734
726
697
728
733
732
758
741
737
708
663
612
567
498
415
333
251
195
132
32
-83
-144
-182
-232
-292
-335
-415
-515
-562
-618
-657
-652
-666
-716
-713
-694
-663
-651
-643
-641
-628
-593
-600
-540
-497
-473
-408
-352
-307
-223
-173
-160
-95
-13
19
90
164
228
287
312
378
439
445
491
537
525
572
629
621
587
642
629
581
556
517
530
525
464
374
337
293
255
206
153
78
6
-28
-70
-133
-159
-162
-236
-225
-223
-296
-325
-319
-335
-325
-319
-349
-353
-319
-301
-277
-271
-269
-208
-185
-190
-179
-136
-138
-167
-119
-57
-34
10
43
70
93
98
134
199
250
281
294
278
335
346
330
382
384
351
335
305
279
274
247
218
210
130
102
113
83
69
-20
-111
-129
-173
-213
-209
-243
-299
-272
-283
-291
-277
-314
-326
-328
-345
-330
-287
-305
-302
-294
-337
-319
-305
-287
-227
-234
-251
-180
-174
-162
-95
-104
-97
-24
-4
53
99
84
153
217
254
293
280
264
307
299
308
324
300
308
325
281
264
245
177
157
140
76
57
63
52
61
19
-46
-71
-98
-115
-148
-194
-212
-227
-218
-215
-238
-219
-221
-225
-181
-169
-186
-189
-177
-136
-106
-108
-83
-46
-52
-46
-18
-1
-15
15
58
67
96
115
160
186
170
204
261
284
307
339
317
306
298
299
290
265
249
219
196
170
140
149
159
148
118
69
37
22
10
-10
-56
-100
-113
-121
-137
-123
-184
-228
-197
-215
-245
-195
-225
-240
-184
-190
-208
-189
-195
-201
-171
-181
-139
-143
-160
-127
-124
-132
-109
-83
-41
-1
13
47
69
92
119
158
160
176
186
188
180
156
159
154
176
175
133
143
138
100
111
93
34
19
-11
-37
-30
-15
-14
-21
-62
-109
-141
-125
-110
-116
-105
-140
-128
-123
-126
-133
-151
-138
-155
-154
-139
-127
-136
-147
-125
-102
-112
-115
-94
-50
-45
-32
15
15
21
67
75
31
81
108
108
164
161
161
201
214
202
208
176
117
128
128
112
119
90
59
72
66
47
39
23
3
-31
-41
-38
-23
-18
-16
-57
-84
-78
-105
-92
-93
-119
-93
-53
-74
-95
-69
-131
-124
-108
-114
-78
-90
-99
-66
-51
-36
-1
-7
-3
43
48
30
72
66
58
105
114
114
157
174
189
209
195
194
208
195
184
162
129
115
101
62
62
35
1
32
46
9
-14
-34
-72
-73
-100
-113
-98
-97
-98
-103
-120
-94
-91
-109
-137
-128
-105
-155
-151
-119
-116
-114
-84
-90
-114
-91
-117
-101
-49
-78
-69
-40
-53
-43
-10
9
-2
5
41
61
83
107
135
126
154
152
139
158
146
163
149
121
111
120
104
90
91
54
23
28
11
-23
-49
-74
-91
-84
-101
-117
-104
-132
-121
-94
-99
-126
-87
-99
-114
-115
-150
-151
-148
-138
-132
-142
-182
-158
-120
-127
-127
-88
-89
-82
-41
-19
-32
-9
0
-28
17
52
44
87
111
104
135
172
174
202
235
199
206
211
200
203
202
188
193
188
160
162
137
89
78
84
49
13
0
-8
-25
-19
-1
0
-9
10
6
-21
-19
-19
-31
-21
-31
-35
-31
-19
-20
-17
-30
-39
-10
-58
-76
-59
-83
-74
-58
-71
-70
-71
-63
-43
-13
-17
-11
18
15
35
79
90
86
98
101
112
90
116
105
80
69
25
7
29
32
26
24
-17
-52
-46
-55
-78
-96
-144
-158
-146
-178
-162
-135
-156
-113
-94
-95
-66
-78
-100
-109
-112
-113
-128
-143
-116
-112
-133
-103
-99
-144
-119
-112
-127
-93
-87
-79
-42
-33
-22
11
13
8
45
40
48
82
89
119
135
121
145
165
145
158
160
123
130
121
110
116
81
63
60
47
47
52
43
61
31
1
8
-3
-17
-17
-1
-14
-12
-21
-6
-16
-15
-13
-8
-22
7
3
-36
8
11
44
87
95
54
3
-72
-103
-49
-17
39
62
27
14
4
-5
-24
-11
27
23
28
59
52
64
91
102
135
143
118
135
141
106
124
112
56
55
53
30
51
41
-17
4
12
-29
-43
-48
-66
-50
-50
-81
-75
-90
-115
-94
-92
-94
-113
-135
-110
-43
-35
-76
-78
-84
-74
-91
-94
-101
-110
-81
-78
-72
-59
-73
-71
-33
-20
-1
16
24
36
28
25
54
102
132
150
155
158
139
124
117
98
70
50
37
38
25
-7
-20
-30
-61
-101
-89
-86
-87
-98
-119
-123
-135
-150
-142
-141
-154
-163
-156
-166
-151
-165
-169
-133
-107
-84
-60
-67
-87
-81
-45
-35
-49
-45
-36
-44
-27
-12
-13
21
82
105
106
95
95
132
175
193
206
178
183
199
177
152
181
193
183
208
189
161
130
133
141
141
95
36
35
29
-1
-13
-14
4
7
-34
-64
-81
-101
-102
-131
-163
-117
-78
-86
-103
-107
-109
-74
-82
-94
-71
-74
-86
-70
-77
-47
-18
-35
-3
34
-6
-3
54
74
113
133
137
163
182
162
185
182
141
148
145
154
168
187
223
220
187
168
143
94
59
48
24
65
92
33
-7
-81
-149
-191
-185
-135
-71
-64
-123
-183
-238
-266
-261
-242
-193
-141
-154
-213
-236
-284
-264
-204
-208
-220
-190
-157
-141
-131
-118
-129
-152
-141
-107
-42
-15
-29
-2
49
76
117
126
128
170
160
109
111
137
186
228
194
190
200
157
181
181
154
224
268
260
223
76
-70
-146
-154
-153
-93
-25
12
44
-90
-237
-258
-265
-207
-131
-105
-62
-65
-137
-192
-235
-261
-226
-183
-118
-59
-6
13
-5
-75
-135
-113
-55
54
145
170
111
46
-26
-33
56
160
256
285
259
208
169
186
209
212
195
277
402
400
321
264
208
155
148
100
123
212
249
216
118
-11
-78
-82
-100
-83
-18
17
36
-65
-223
-309
-320
-272
-206
-169
-162
-160
-219
-279
-304
-307
-253
-189
-166
-156
-163
-184
-177
-194
-205
-187
-109
-34
-16
-52
-98
-82
-41
-4
39
124
210
249
224
149
113
177
250
293
299
323
339
298
164
98
186
301
327
246
139
83
60
3
-43
-9
82
47
-88
-202
-228
-193
-190
-247
-261
-170
-113
-136
-193
-244
-291
-339
-421
-420
-308
-222
-195
-193
-266
-278
-236
-241
-241
-168
-130
-105
-56
-107
-112
-57
10
86
161
202
244
285
256
257
325
374
384
418
406
361
377
368
337
379
392
360
339
298
277
273
229
175
137
126
113
68
-2
-37
-64
-72
-107
-159
-149
-166
-224
-269
-308
-294
-261
-260
-257
-260
-255
-284
-330
-322
-290
-283
-258
-246
-246
-224
-255
-252
-193
-152
-116
-63
-46
-1
55
72
118
157
176
232
251
263
289
255
217
254
296
285
290
284
250
253
271
263
276
267
210
185
146
97
57
31
8
-28
-82
-151
-159
-154
-163
-197
-232
-223
-234
-245
-261
-273
-261
-269
-315
-323
-311
-291
-260
-282
-288
-253
-224
-205
-203
-181
-134
-106
-100
-80
-21
38
79
62
67
128
150
116
96
141
188
172
139
181
272
295
239
188
223
283
287
229
177
220
199
89
50
61
106
90
-5
-44
37
14
-51
10
81
100
32
-59
-48
-1
-31
-103
-85
-9
28
-41
-74
-17
30
-11
-26
39
81
75
9
-2
40
29
11
46
95
95
48
32
21
12
11
-12
-15
13
-7
-67
-51
-63
-92
-106
-134
-133
-90
-98
-162
-180
-201
-192
-190
-211
-194
-186
-226
-214
-209
-176
-139
-158
-172
-174
-206
-220
-171
-145
-60
-32
-18
27
65
92
158
253
332
396
436
502
572
630
658
672
706
746
724
715
722
711
664
604
565
513
456
389
274
185
75
-106
-255
-369
-510
-655
-751
-855
-914
-1009
-1083
-1118
-1130
-1156
-1181
-1165
-1152
-1100
-1084
-1102
-1054
-918
-791
-693
-630
-627
-597
-533
-491
-408
-266
-137
-9
93
103
89
189
509
856
1127
1246
1271
1274
1218
1177
1237
1465
1707
1876
1857
1713
1510
1394
1354
1436
1552
1556
1452
1189
885
516
102
-161
-272
-346
-471
-757
-1076
-1356
-1593
-1724
-1701
-1647
-1548
-1443
-1440
-1490
-1525
-1499
-1387
-1125
-840
-722
-747
-746
-783
-822
-772
-688
-526
-350
-263
-236
-247
-298
-352
-313
-174
-40
22
58
137
288
598
821
955
1066
1232
1337
1307
1344
1499
1773
1944
2063
2102
1988
1829
1772
1710
1705
1643
1482
1318
1090
725
280
-63
-287
-430
-591
-818
-1063
-1286
-1568
-1752
-1846
-1855
-1811
-1710
-1613
-1551
-1477
-1436
-1363
-1152
-982
-881
-752
-719
-708
-682
-656
-671
-652
-611
-580
-588
-591
-543
-504
-534
-572
-568
-587
-524
-498
-436
-286
-18
419
724
833
909
1076
1211
1336
1455
1685
1993
2245
2356
2307
2136
2000
1945
1931
1993
1984
1861
1638
1285
821
370
-26
-232
-320
-482
-734
-1063
-1408
-1677
-1832
-1893
-1869
-1753
-1648
-1498
-1448
-1534
-1548
-1392
-1128
-909
-737
-615
-545
-595
-635
-640
-635
-593
-522
-473
-512
-674
-758
-664
-577
-536
-522
-512
-524
-585
-603
-526
-377
-89
468
985
1212
1230
1289
1430
1496
1587
1833
2201
2529
2640
2603
2345
2024
1822
1782
1911
1984
1919
1712
1365
844
273
-241
-492
-565
-596
-696
-994
-1412
-1802
-2017
-2082
-2003
-1845
-1644
-1417
-1254
-1282
-1388
-1400
-1217
-948
-677
-451
-403
-412
-517
-656
-701
-685
-634
-515
-483
-592
-741
-812
-751
-658
-610
-627
-547
-501
-518
-548
-514
-362
80
686
1034
1141
1168
1399
1621
1694
1730
1989
2407
2621
2650
2494
2156
1849
1747
1754
1782
1641
1436
1220
904
383
-193
-602
-780
-779
-848
-1097
-1371
-1656
-1882
-1960
-2017
-1982
-1799
-1524
-1321
-1232
-1292
-1348
-1217
-972
-737
-526
-434
-454
-461
-525
-609
-645
-624
-579
-535
-616
-840
-1040
-1094
-933
-779
-756
-794
-706
-617
-608
-580
-473
-257
195
835
1232
1412
1425
1543
1709
1842
1921
2139
2419
2672
2818
2713
2382
1960
1797
1791
1847
1766
1573
1260
950
507
-78
-563
-813
-786
-711
-838
-1114
-1425
-1703
-1829
-1864
-1821
-1671
-1373
-1079
-907
-910
-1059
-1122
-970
-716
-524
-381
-355
-358
-348
-468
-695
-835
-833
-756
-656
-727
-926
-1074
-1111
-1030
-905
-826
-791
-638
-514
-384
-317
-302
-126
245
872
1345
1525
1594
1747
2006
2157
2206
2255
2408
2642
2767
2732
2317
1784
1501
1457
1435
1313
1069
833
667
335
-143
-743
-1165
-1229
-1152
-1187
-1360
-1643
-1845
-1886
-1865
-1899
-1961
-1784
-1385
-1047
-943
-1001
-1127
-1095
-892
-713
-627
-504
-469
-417
-424
-638
-845
-926
-860
-760
-711
-848
-1006
-1053
-928
-765
-685
-658
-480
-158
31
46
-28
41
355
875
1481
1793
1866
1964
2230
2418
2286
2163
2236
2560
2799
2793
2508
2065
1657
1443
1354
1204
981
750
614
387
-46
-601
-1119
-1367
-1380
-1398
-1453
-1572
-1712
-1801
-1885
-1945
-1948
-1837
-1584
-1228
-990
-999
-1039
-991
-863
-709
-555
-423
-361
-278
-229
-285
-450
-643
-713
-642
-577
-620
-692
-770
-832
-777
-619
-471
-381
-282
-84
98
155
152
223
444
713
1204
1638
1828
1936
2105
2339
2322
2175
2188
2351
2448
2471
2369
2094
1676
1319
1041
797
640
489
346
173
-158
-594
-1029
-1428
-1590
-1628
-1649
-1633
-1603
-1639
-1778
-1900
-1984
-1971
-1778
-1438
-1116
-855
-723
-647
-636
-628
-528
-376
-186
-87
-67
-86
-156
-353
-537
-659
-695
-657
-559
-544
-614
-669
-687
-600
-452
-396
-309
-73
156
336
377
401
497
682
1019
1577
1996
2125
2074
2173
2367
2230
1957
1861
2033
2166
2126
1910
1509
1021
688
507
301
174
11
-76
113
80
-628
-1498
-1960
-2121
-2127
-1779
-1440
-1427
-1531
-1957
-2416
-2295
-1686
-1105
-525
50
228
-95
-464
-574
-349
51
423
628
469
-9
-502
-779
-905
-751
-583
-555
-552
-744
-1061
-1213
-1229
-1055
-513
92
432
395
170
207
345
668
1093
1326
1425
1531
2039
2582
2902
2920
2766
2761
2543
2014
1571
1315
1235
1174
917
264
-714
-1392
-1541
-1311
-959
-762
-728
-766
-966
-1176
-1309
-1232
-859
-349
-90
-186
-430
-810
-1064
-966
-751
-573
-391
-324
-349
-562
-841
-1002
-926
-666
-473
-429
-615
-887
-999
-1018
-933
-736
-504
-298
-210
-270
-379
-388
-205
-26
144
356
554
636
446
131
-8
130
269
467
605
481
175
321
1320
2215
2740
2812
2590
2273
1781
1145
970
1428
1788
1651
945
-246
-1300
-1753
-1594
-982
-340
-34
-76
-482
-1139
-1604
-1592
-1025
-279
191
107
-312
-893
-1263
-1174
-939
-642
-270
-136
-266
-565
-896
-950
-633
-230
-129
-203
-380
-423
-507
-691
-857
-852
-555
-300
-323
-524
-708
-541
-243
-103
-1
-61
-26
181
411
482
424
374
420
675
718
529
389
354
476
1153
2026
2706
3097
2923
2568
1850
1084
795
1050
1484
1359
654
-200
-1291
-1980
-2152
-1657
-950
-358
-147
-378
-726
-1149
-1274
-775
-138
322
438
140
-154
-555
-813
-809
-447
-140
-84
-179
-471
-705
-743
-688
-442
-279
-379
-590
-771
-872
-1033
-959
-707
-487
-339
-389
-580
-688
-562
-217
181
454
470
323
88
94
352
493
549
633
596
420
247
170
246
234
206
352
1296
2321
2866
2695
2165
1585
1056
453
223
692
1011
830
93
-1165
-2251
-2410
-1991
-1022
-189
44
-68
-352
-749
-851
-525
-25
560
894
597
-9
-582
-924
-706
-306
-24
-50
-318
-631
-948
-1084
-970
-591
-262
-219
-458
-817
-1202
-1154
-733
-357
-57
-104
-264
-434
-614
-616
-161
447
892
872
426
-90
-307
-123
438
951
1015
724
290
-121
-305
-289
-3
353
610
429
662
1469
2049
2478
2414
2209
1549
844
296
569
870
770
403
-346
-1263
-1920
-2094
-1547
-556
41
367
318
-125
-646
-668
-339
358
831
845
609
109
-513
-812
-793
-560
-375
-289
-410
-759
-1044
-1134
-877
-538
-231
-219
-333
-569
-862
-950
-813
-448
-8
173
83
-161
-435
-504
-240
245
634
803
647
190
-279
-387
-144
214
383
316
131
-257
-595
-633
-333
17
217
139
223
1110
1795
2220
2227
1978
1545
961
389
221
718
887
660
-30
-1136
-1843
-1809
-1225
-299
373
551
403
54
-354
-428
-129
302
787
813
437
-100
-466
-646
-593
-448
-380
-315
-393
-578
-872
-988
-818
-507
-215
-232
-388
-560
-754
-802
-658
-427
-223
45
-45
-270
-522
-607
-372
-5
279
414
366
31
-358
-648
-637
-237
186
330
167
-193
-430
-483
-334
-114
218
410
476
294
892
1705
2360
2669
2414
2081
1467
919
503
903
1002
925
406
-387
-1170
-1479
-1362
-655
97
316
372
119
-240
-524
-434
-78
460
685
630
312
-117
-554
-743
-574
-341
-184
-236
-394
-651
-909
-959
-790
-536
-516
-617
-746
-914
-1026
-1069
-950
-714
-377
72
11
-231
-619
-612
-284
125
417
470
451
118
-227
-599
-655
-356
218
677
612
186
-267
-481
-357
-148
235
618
758
611
410
720
1492
2138
2344
2212
1855
1199
642
438
745
1069
888
395
-218
-879
-1352
-1327
-723
-6
295
228
-11
-302
-547
-416
-62
390
642
546
288
-137
-502
-584
-453
-357
-311
-421
-562
-835
-1110
-1206
-1114
-876
-798
-867
-986
-1084
-1102
-910
-632
-462
-481
-422
-532
-473
-379
-245
22
213
256
160
69
2
73
225
321
332
274
210
249
195
130
97
274
311
256
183
220
293
387
348
863
1670
2137
2340
1876
1486
1086
831
718
1022
1144
912
509
-191
-796
-1083
-993
-523
-50
53
-54
-157
-215
-391
-365
-232
74
96
-63
-381
-621
-755
-802
-793
-818
-918
-973
-933
-967
-979
-941
-806
-677
-636
-771
-864
-852
-716
-508
-448
-465
-428
-363
76
182
223
156
324
621
702
650
593
789
791
708
490
305
183
183
298
355
267
175
42
142
119
123
60
415
528
498
261
304
1158
1655
1857
1325
1263
1008
869
606
573
587
565
219
-323
-822
-1072
-1060
-645
-253
-280
-405
-708
-692
-846
-711
-713
-541
-427
-372
-473
-510
-443
-374
-241
-158
-259
-306
-250
-214
-148
-178
-229
-236
-241
-349
-447
-514
-518
-438
-209
-172
-144
-240
-231
-42
-34
-88
-60
309
557
588
438
216
206
222
202
127
10
51
198
261
-34
-260
-297
-56
61
25
-151
-176
-142
-265
-382
-36
858
1328
1412
992
897
725
745
842
1156
1114
820
378
-24
-315
-718
-647
-216
81
-205
-522
-869
-717
-573
-496
-405
-279
-288
-299
-285
-307
-133
73
266
270
52
-124
-98
67
150
149
74
-41
-189
-332
-453
-521
-534
-553
-623
-624
-453
-550
-535
-592
-389
-122
94
222
239
382
312
392
343
311
366
444
383
148
27
59
11
22
-164
-191
-169
-259
-359
-419
-263
-162
27
-176
159
721
993
1088
866
903
1047
1057
1008
999
1033
793
713
451
271
55
-217
-81
-147
-354
-596
-601
-587
-540
-612
-577
-428
-347
-414
-300
-74
190
168
19
-63
-101
-48
-14
136
101
18
-156
-261
-299
-395
-450
-519
-551
-744
-713
-695
-697
-681
-717
-550
-538
-489
-432
-223
-91
-60
-55
-89
-49
-18
65
265
329
306
228
203
229
127
93
105
114
-4
-58
-122
-100
-211
-270
-278
-66
483
825
1087
864
935
995
1124
1126
1201
1416
1342
1236
706
383
86
33
48
128
74
-104
-295
-423
-426
-389
-294
-282
-265
-290
-318
-382
-376
-464
-443
-365
-310
-233
-110
-55
2
36
-43
-134
-180
-318
-457
-496
-673
-724
-816
-842
-818
-823
-796
-894
-735
-719
-654
-546
-377
-122
57
243
269
355
354
358
457
499
573
668
666
438
164
76
64
123
53
61
8
-29
-179
-251
-228
93
671
921
972
633
661
773
874
856
896
1143
1207
1017
621
489
382
379
377
295
205
116
-41
-170
-209
-403
-538
-597
-575
-630
-774
-857
-828
-734
-643
-569
-475
-355
-301
-238
-172
-109
-78
-74
-96
-140
-192
-322
-363
-488
-579
-629
-527
-445
-529
-564
-820
-633
-509
-429
-278
-218
-138
-142
-85
-38
105
195
278
469
494
566
605
491
491
412
406
354
202
51
-30
-4
-89
-118
-368
-227
127
258
431
435
697
654
759
661
756
813
756
888
749
763
512
427
357
365
302
216
161
142
144
-17
-171
-285
-294
-334
-409
-473
-477
-550
-509
-484
-468
-468
-355
-226
-122
-152
-259
-241
-172
-81
-15
-72
-71
-158
-39
-79
-247
-414
-519
-470
-662
-745
-927
-858
-740
-607
-473
-494
-422
-301
-204
-63
25
105
160
262
133
23
-3
-9
129
152
123
50
88
114
59
63
125
301
530
614
685
530
600
626
689
667
719
774
644
644
647
825
824
819
814
802
794
685
606
619
562
376
95
-47
-187
-281
-472
-559
-546
-627
-601
-709
-687
-679
-654
-554
-541
-400
-369
-349
-405
-461
-496
-481
-461
-537
-640
-717
-631
-650
-674
-772
-741
-660
-680
-691
-632
-513
-443
-421
-439
-430
-336
-316
-284
-167
-74
94
219
309
325
379
413
467
508
479
563
664
687
606
514
428
619
783
897
949
987
1141
1052
968
848
1044
1176
1215
1144
979
1021
888
832
620
494
536
456
338
80
-118
-238
-316
-405
-545
-586
-722
-776
-801
-902
-964
-1001
-938
-945
-1011
-1037
-1054
-994
-1011
-953
-896
-874
-774
-715
-677
-681
-514
-517
-536
-573
-565
-506
-517
-508
-556
-430
-337
-295
-243
-235
-73
34
171
242
283
449
577
716
730
707
682
662
643
661
687
692
721
767
734
780
776
837
1002
1071
1034
929
874
818
791
683
610
524
448
412
303
192
90
22
14
-23
-68
-81
-109
-129
-217
-333
-434
-494
-545
-594
-717
-946
-1026
-1084
-1071
-1055
-1081
-1075
-1019
-909
-832
-748
-708
-628
-500
-417
-307
-283
-205
-141
-97
-62
-86
-125
-185
-94
-128
-79
-85
-69
61
69
85
42
81
149
220
300
313
386
413
480
553
537
539
567
592
562
487
490
510
559
511
441
468
442
377
376
463
360
397
374
289
317
153
192
199
290
362
359
403
322
335
289
341
315
225
238
93
4
-63
-174
-276
-419
-431
-518
-631
-638
-676
-726
-695
-632
-658
-577
-531
-498
-413
-387
-312
-231
-195
-216
-190
-160
-195
-178
-193
-205
-196
-243
-182
-201
-240
-241
-235
-188
-146
-78
-52
1
29
82
75
9
31
81
63
-16
-82
-89
-51
2
6
-14
-43
-12
85
86
123
129
100
127
136
251
322
295
265
287
381
453
458
396
377
462
506
559
536
443
529
510
500
469
413
388
285
242
130
82
-16
-98
-165
-182
-167
-251
-302
-350
-393
-410
-375
-338
-355
-360
-375
-405
-419
-411
-350
-306
-318
-370
-414
-400
-435
-432
-424
-398
-379
-345
-289
-328
-310
-304
-297
-246
-220
-245
-260
-228
-219
-223
-215
-211
-166
-108
19
80
116
213
294
356
458
534
546
599
610
670
735
708
664
669
716
702
727
656
639
609
610
699
716
759
678
613
646
668
569
474
375
252
260
225
67
-58
-132
-174
-215
-330
-371
-421
-462
-484
-494
-520
-554
-564
-567
-573
-593
-648
-666
-671
-717
-765
-755
-718
-751
-715
-680
-719
-705
-616
-593
-605
-539
-509
-428
-366
-388
-353
-329
-295
-253
-226
-190
-102
-46
-20
19
92
135
218
265
272
334
388
393
449
480
429
432
488
544
537
529
543
650
736
790
741
759
776
762
795
763
707
602
631
614
524
460
434
403
324
241
180
167
120
47
-14
-120
-142
-139
-214
-299
-400
-403
-412
-434
-548
-594
-607
-608
-591
-685
-810
-832
-815
-790
-798
-800
-785
-744
-671
-640
-604
-589
-553
-462
-338
-277
-262
-213
-186
-151
-64
-31
22
77
91
112
120
165
227
256
297
348
371
426
461
481
521
569
626
662
654
730
803
745
678
664
720
764
780
659
617
615
622
559
450
384
353
344
277
252
178
110
76
64
62
72
-8
-87
-127
-183
-251
-281
-345
-377
-384
-416
-489
-531
-592
-665
-659
-692
-769
-813
-861
-905
-882
-917
-937
-864
-867
-843
-732
-654
-562
-492
-454
-350
-283
-279
-224
-161
-129
-28
17
25
27
39
78
131
158
199
277
306
411
455
483
540
578
642
677
678
678
692
664
678
674
613
640
636
584
577
562
513
532
481
405
444
407
356
340
304
272
210
168
119
94
22
-72
-127
-186
-210
-242
-228
-251
-283
-342
-421
-428
-453
-475
-462
-497
-556
-595
-623
-657
-667
-655
-631
-612
-625
-578
-518
-454
-383
-295
-237
-210
-171
-206
-181
-126
-95
-83
-46
-21
-43
8
5
27
108
147
141
178
231
247
299
337
335
339
346
372
429
471
486
475
468
523
572
551
492
465
461
461
438
395
363
329
328
280
262
233
198
184
126
72
32
39
23
-1
24
-31
-57
-84
-132
-137
-142
-179
-226
-265
-306
-312
-329
-368
-372
-398
-416
-384
-368
-377
-356
-357
-362
-356
-375
-369
-349
-329
-329
-331
-309
-308
-307
-273
-225
-206
-211
-224
-234
-210
-172
-135
-98
-46
-60
-72
-28
-31
-22
23
44
49
87
133
137
158
230
274
311
316
309
292
293
290
255
224
202
194
189
199
186
158
185
208
218
242
242
242
250
234
199
216
236
231
198
141
107
94
116
120
126
143
133
119
95
72
58
68
73
56
3
-38
-69
-115
-131
-121
-167
-175
-182
-231
-246
-222
-224
-200
-153
-144
-103
-116
-169
-185
-164
-150
-123
-161
-208
-214
-228
-239
-236
-214
-174
-173
-189
-132
-92
-88
-65
-4
34
54
50
48
66
53
47
81
64
36
40
78
101
133
131
127
167
194
216
242
237
218
237
223
225
254
258
270
239
210
226
248
252
233
201
159
168
149
81
42
20
-8
-47
-97
-179
-219
-232
-265
-277
-306
-314
-294
-310
-293
-252
-264
-254
-225
-258
-248
-215
-245
-283
-294
-306
-300
-280
-271
-288
-308
-291
-269
-216
-179
-186
-176
-170
-153
-117
-83
-66
-9
11
0
37
97
119
140
210
244
260
241
226
273
300
322
349
322
304
351
362
328
355
353
327
359
326
307
336
301
298
296
257
254
274
214
186
173
114
99
67
6
-4
-11
-77
-98
-139
-165
-197
-217
-176
-175
-154
-133
-141
-151
-171
-202
-195
-183
-140
-143
-187
-200
-190
-239
-223
-189
-167
-123
-154
-187
-190
-139
-113
-121
-122
-93
-83
-95
-79
-49
1
65
106
116
120
157
148
135
138
126
131
153
126
57
58
60
31
30
29
33
51
43
11
-42
-43
15
18
2
-40
-95
-81
-51
-34
-24
-16
-20
-12
11
-10
-38
-36
-20
-25
-27
-15
-2
-13
-15
8
24
48
43
28
10
13
44
59
7
1
28
37
24
-9
-28
-22
3
-14
-29
-12
-18
-24
-39
-12
16
-22
-41
-39
-21
0
-33
-82
-48
-15
-59
-70
-89
-79
-58
-55
-49
-50
-61
-75
-80
-76
-98
-79
-8
-25
-39
1
-2
-32
-48
-45
5
39
30
23
33
18
19
55
32
18
64
76
75
68
103
137
140
157
121
124
160
143
117
117
138
147
123
92
124
179
161
146
144
123
113
98
82
83
49
38
58
28
10
21
23
48
35
19
24
45
19
-11
-12
-31
-66
-114
-133
-144
-124
-96
-91
-125
-158
-161
-151
-142
-138
-121
-111
-118
-152
-148
-119
-89
-89
-104
-72
-90
-96
-101
-116
-81
-37
-61
-89
-71
-46
-38
-63
-76
-72
-74
-80
-104
-107
-90
-49
-28
-21
-16
-5
82
88
17
-1
35
45
60
34
59
80
33
38
82
69
64
98
116
84
27
26
61
96
100
78
69
90
83
60
83
121
102
93
90
67
62
66
47
20
16
10
33
63
47
12
0
-10
33
47
6
-36
-34
-51
-70
-57
-52
-4
2
-6
14
-42
-73
9
28
-21
-38
-17
0
31
5
-36
-42
-55
-52
-64
-63
-86
-94
-89
91
53
35
70
42
-159
-218
-65
-131
-34
41
170
97
144
96
-42
-36
-53
3
4
131
145
171
144
158
170
95
85
135
193
156
175
152
169
132
6
-56
-30
-63
-116
-100
-124
-93
-85
-74
-133
-181
-177
-143
-170
-231
-157
-130
-129
-145
-160
-111
-43
-63
-111
-98
-95
-71
-50
-92
-104
-66
-59
-77
-109
-100
-60
-47
-71
-83
-72
-92
-83
-75
-76
-61
-58
-72
-53
-11
2
18
23
67
97
68
79
99
101
111
76
73
105
92
65
73
91
98
88
117
117
98
105
92
91
123
127
122
172
144
111
141
137
162
144
112
135
157
159
168
161
145
143
126
106
91
75
58
42
32
21
20
-13
-26
-32
-39
-26
-14
-34
-61
-54
-74
-52
-71
-85
-78
-61
-47
-71
-106
-134
-147
-154
-144
-156
-156
-148
-140
-131
-113
-96
-123
-145
-154
-169
-143
-130
-137
-141
-123
-113
-93
-82
-90
-47
-21
-44
-20
-13
-23
5
15
4
16
43
65
92
109
101
90
82
90
90
87
104
103
106
125
128
112
138
144
137
136
129
105
100
52
-7
12
-10
-28
-26
-59
-47
-52
-82
-49
-51
-74
-58
-73
-98
-88
-107
-79
-82
-131
-132
-116
-106
-78
-57
-47
-27
-35
-44
-40
-70
-86
-76
-54
-74
-93
-76
-74
-70
-66
-58
-92
-64
-49
-52
-26
10
36
15
25
56
62
52
61
75
62
69
94
109
121
121
119
123
123
152
153
152
183
169
167
166
133
120
118
130
126
108
98
93
94
109
104
105
105
94
93
72
45
40
19
46
41
22
26
-9
-45
-45
-29
-21
7
-7
-21
-9
-2
-17
-9
-19
-41
-47
-73
-99
-116
-94
-82
-94
-71
-77
-116
-103
-92
-96
-83
-102
-105
-80
-131
-150
-117
-139
-141
-99
-132
-140
-107
-132
-109
-82
-83
-87
-53
-71
-70
-80
-72
-47
-66
-34
-29
-38
-46
-46
-48
-31
2
-3
9
22
28
54
42
36
52
38
28
20
10
23
0
11
38
28
48
63
37
23
40
47
75
80
72
81
69
66
72
76
63
69
80
52
62
52
35
53
66
57
70
50
29
46
31
10
8
0
6
14
-16
-35
-33
-43
-48
-65
-68
-76
-74
-77
-63
-68
-79
-56
-55
-30
-20
-38
-50
-25
4
-6
-5
-8
14
10
-9
3
1
6
63
91
93
95
97
94
84
112
112
109
124
140
129
128
104
98
138
162
161
168
172
152
141
111
91
88
79
61
85
73
43
61
73
75
50
22
-11
-21
-46
-83
-86
-93
-100
-67
-71
-81
-67
-92
-116
-103
-132
-139
-142
-185
-190
-200
-210
-214
-211
-217
-223
-233
-231
-189
-189
-187
-181
-196
-181
-171
-154
-138
-124
-103
-107
-119
-106
-85
-87
-50
-22
-44
-36
-6
-2
19
31
35
62
78
94
114
120
105
110
112
124
157
172
164
175
178
179
185
183
162
154
160
152
157
154
169
163
126
125
112
100
111
104
89
95
63
45
44
26
16
12
-15
-19
-25
-28
-16
-22
-54
-70
-81
-125
-120
-120
-140
-119
-136
-162
-164
-175
-183
-186
-172
-152
-132
-129
-132
-118
-123
-118
-128
-142
-109
-87
-89
-75
-60
-67
-51
-26
-9
3
18
49
81
86
114
134
134
162
157
140
144
160
176
182
182
164
165
177
174
172
150
120
124
138
157
180
199
194
178
170
133
109
111
80
78
50
32
43
40
1
-1
-15
-44
-30
-25
-27
-49
-69
-92
-120
-141
-151
-154
-157
-167
-154
-183
-194
-165
-175
-179
-170
-176
-181
-155
-160
-169
-151
-179
-182
-159
-157
-155
-169
-156
-133
-148
-125
-80
-60
-39
-16
-33
-16
-6
-30
9
28
31
66
65
54
59
61
62
78
80
92
125
123
130
135
131
139
158
147
145
144
143
151
153
164
158
147
127
99
105
97
74
72
93
110
97
75
60
38
36
27
17
11
7
-11
-24
-44
-36
-50
-76
-72
-83
-88
-81
-81
-105
-97
-113
-124
-141
-163
-167
-168
-183
-192
-145
-148
-134
-101
-114
-96
-79
-107
-133
-123
-120
-114
-100
-76
-69
-58
-46
-41
-17
-13
25
35
52
62
32
50
64
65
71
102
100
103
138
123
135
172
168
165
178
177
154
185
203
189
192
185
159
163
146
115
132
108
94
107
107
93
69
59
61
47
21
11
18
0
-13
-27
-49
-61
-49
-54
-76
-71
-92
-115
-113
-132
-165
-154
-153
-184
-166
-152
-165
-154
-143
-145
-131
-102
-117
-105
-102
-134
-111
-91
-94
-74
-44
-68
-73
-54
-54
-37
-29
-26
-15
5
21
34
49
37
51
73
59
66
78
53
38
55
67
76
102
108
101
105
107
122
109
110
119
113
96
66
23
44
48
41
69
63
66
68
52
36
31
17
16
8
-2
-4
-9
-25
-30
-11
-24
-38
-43
-56
-68
-79
-61
-49
-83
-88
-63
-63
-76
-75
-77
-93
-100
-99
-110
-126
-120
-101
-104
-102
-83
-87
-87
-82
-92
-86
-55
-66
-39
-32
-68
-25
-25
-45
-29
-24
-26
-6
0
10
31
36
66
91
87
107
113
96
112
118
81
102
112
89
110
120
123
146
140
133
127
123
131
141
152
135
137
139
113
86
83
74
71
67
49
43
27
4
0
-1
-7
-34
-55
-64
-91
-98
-75
-77
-65
-62
-81
-100
-105
-130
-138
-133
-142
-145
-137
-134
-135
-117
-119
-117
-89
-80
-82
-58
-55
-95
-74
-81
-99
-64
-66
-59
-51
-51
-27
-14
-17
0
10
11
24
35
44
42
36
65
86
52
89
110
83
135
136
87
132
140
98
120
118
105
112
89
94
109
88
107
107
78
87
82
62
73
70
51
45
38
32
28
19
7
4
-32
-36
-35
-71
-67
-58
-76
-79
-63
-83
-99
-101
-104
-117
-108
-110
-132
-148
-147
-135
-154
-152
-122
-119
-128
-123
-127
-137
-117
-107
-94
-67
-63
-56
-26
-31
-27
-8
-35
-26
6
-8
19
43
39
71
78
79
110
130
118
143
154
134
146
160
151
152
173
157
160
179
170
167
171
163
129
133
128
105
115
103
66
65
64
49
23
-12
-11
-23
-40
-49
-46
-63
-62
-72
-85
-71
-85
-102
-114
-129
-147
-151
-166
-180
-173
-178
-183
-167
-163
-176
-161
-140
-151
-116
-112
-120
-88
-80
-89
-80
-73
-79
-53
-32
-10
5
9
-1
13
29
28
44
50
43
61
71
77
97
92
89
98
87
77
93
93
101
117
117
128
134
124
123
104
89
98
79
58
72
73
55
75
59
43
56
35
31
29
6
-8
-16
-8
5
-2
-5
-22
-27
-43
-44
-22
-29
-25
-28
-34
-29
-44
-54
-20
-31
-48
-34
-51
-61
-50
-71
-84
-51
-72
-74
-41
-68
-51
-31
-49
-34
-7
-2
-2
9
6
9
5
9
2
-18
-15
-28
-23
-6
-4
13
44
35
47
78
51
41
59
36
36
33
21
42
45
26
24
24
29
27
40
50
17
15
25
1
-1
6
-7
-29
-32
-44
-53
-52
-62
-53
-38
-35
-26
-10
-12
-9
-16
-37
-57
-70
-62
-48
-32
-23
-30
-35
-37
-33
-17
-18
-18
-4
-8
3
15
6
12
12
-5
10
35
18
25
38
26
29
39
46
34
21
6
-1
11
13
-4
15
-5
-38
-31
-38
-48
-38
-26
-32
-24
-21
-24
-23
-32
-40
-55
-64
-66
-78
-61
-38
-27
-34
-14
-15
-20
-1
3
-4
4
-2
-6
9
27
45
57
74
69
79
89
83
80
93
106
104
108
118
106
100
91
89
102
97
88
83
85
76
60
52
59
56
24
26
2
-29
-17
-31
-38
-41
-45
-51
-40
-71
-65
-33
-68
-57
-57
-85
-88
-70
-84
-88
-84
-96
-89
-86
-56
-58
-54
-48
-47
-48
-22
-16
-29
-4
-26
-36
-31
-48
-40
-22
-20
-5
23
14
48
57
38
56
46
27
65
69
44
63
49
44
58
66
59
76
73
66
67
60
47
47
33
32
39
36
40
55
63
48
36
26
15
6
7
-18
-25
-26
-36
-38
-39
-25
-30
-38
-33
-39
-51
-57
-58
-78
-79
-74
-78
-86
-69
-63
-70
-54
-69
-57
-61
-63
-60
-76
-83
-78
-89
-92
-75
-78
-64
-53
-45
-63
-43
-43
-46
-31
-35
-28
-8
5
-2
1
-1
-14
-4
-8
-6
11
16
29
46
57
64
55
61
70
70
71
66
60
60
63
65
69
79
80
75
90
90
92
91
94
91
80
74
67
65
51
51
52
47
49
57
31
28
57
38
30
37
25
14
14
-1
2
1
-9
-8
1
-9
-12
-11
-27
-15
-4
-22
-27
-12
-21
-25
-15
-32
-32
-30
-36
-40
-43
-50
-16
-2
-7
10
5
-9
5
3
0
7
-7
2
-11
-4
9
-4
6
20
12
9
27
29
26
26
12
4
-4
-22
-19
-15
-23
-26
-18
-9
-12
-9
-18
-28
-37
-39
-54
-45
-47
-52
-50
-58
-56
-64
-68
-69
-65
-77
-84
-75
-87
-83
-69
-71
-68
-58
-55
-44
-40
-57
-60
-71
-77
-70
-71
-71
-70
-66
-60
-41
-37
-29
-19
-13
-18
1
-10
-15
2
1
3
12
17
22
22
21
35
46
62
63
61
72
84
87
86
90
74
80
94
83
86
91
84
80
88
75
72
76
60
70
75
65
77
94
84
92
91
71
80
94
67
64
52
27
35
41
40
38
30
28
17
2
11
2
-2
8
4
8
13
-6
-18
-15
-27
-31
-18
-26
-29
-26
-42
-42
-39
-35
-36
-24
-18
-21
-12
-12
-9
-17
-14
-24
-31
-43
-50
-33
-39
-42
-41
-57
-56
-41
-42
-23
-13
-21
-22
-17
-30
-19
-28
-52
-47
-42
-48
-42
-42
-48
-38
-28
-24
-17
-15
-29
-23
-19
-30
-24
-12
-36
-25
-1
-17
-23
-17
-23
-14
-5
-10
1
7
1
8
6
7
10
2
-4
3
5
-4
-1
-6
-14
-13
-12
-11
-4
-5
-5
-14
-20
-10
-17
-19
-7
-5
-6
10
10
12
8
-1
-13
-12
-15
-19
-10
1
2
2
8
15
11
10
17
3
16
23
20
30
22
2
14
23
19
39
44
31
37
40
32
45
35
29
45
33
35
59
62
62
75
71
60
54
40
46
46
32
39
39
28
38
39
25
25
29
28
31
19
4
1
9
0
1
4
-7
7
11
18
17
-1
-8
-4
-12
-10
-2
-22
-26
-17
-23
-25
-17
-23
-20
-17
-21
-16
-25
-31
-31
-30
-27
-27
-31
-23
-26
-23
-18
-17
-20
-25
-26
-27
-24
-25
-18
-24
-27
-20
-21
-25
-20
-20
-31
-20
-14
-26
-12
-13
-24
-6
-10
-29
-26
-17
-22
-14
-11
-26
-25
-28
-34
-23
-20
-31
-30
-30
-26
-9
-10
-15
-14
-25
-22
-12
-30
-28
-10
-20
-27
-15
-16
-24
-14
-14
-23
-7
-18
-26
-8
0
-5
1
6
-1
9
3
-4
5
-2
-5
9
8
15
30
15
17
25
19
23
26
25
34
28
22
26
20
17
33
25
13
17
20
25
40
36
33
44
30
40
45
36
34
35
18
18
14
9
10
3
10
27
26
24
34
30
21
20
19
12
12
10
-1
0
7
9
20
23
24
34
38
33
37
34
25
15
14
7
0
8
-4
3
9
3
7
18
6
8
22
2
12
19
3
11
15
6
8
11
-4
-3
10
1
10
15
4
7
1
-1
-9
-9
-9
-15
-20
-28
-28
-32
-32
-35
-36
-42
-44
-52
-52
-59
-68
-64
-62
-60
-52
-53
-63
-56
-51
-55
-55
-52
-49
-57
-70
-65
-64
-73
-56
-47
-54
-45
-40
-36
-28
-24
-19
-17
-20
-7
-4
-10
-12
-7
-13
-6
7
7
11
22
26
25
31
28
33
30
22
23
25
22
34
41
37
34
27
24
27
23
21
27
20
29
40
33
26
33
27
25
35
39
38
41
35
31
33
25
30
28
27
35
29
30
39
35
39
49
45
48
51
28
23
28
22
28
33
31
40
35
27
31
28
22
29
26
25
29
21
31
37
28
22
23
3
5
11
3
3
5
2
5
1
-16
-23
-19
-23
-20
-20
-34
-40
-39
-46
-44
-44
-53
-55
-63
-56
-51
-51
-49
-44
-39
-33
-31
-35
-33
-35
-39
-38
-38
-42
-42
-37
-41
-37
-34
-32
-26
-24
-26
-26
-23
-24
-27
-33
-28
-35
-34
-22
-24
-27
-23
-29
-30
-25
-30
-24
-25
-31
-27
-32
-27
-16
-19
-8
-3
-10
-3
0
-6
-4
0
-4
-4
-10
-5
5
5
12
18
18
26
30
32
41
40
36
31
31
36
39
31
32
34
31
35
39
45
47
39
50
57
55
58
60
62
56
42
38
38
32
38
39
25
19
14
8
10
12
10
10
8
10
22
21
15
11
7
6
1
8
12
1
-3
4
5
-2
3
3
1
0
4
0
0
-2
-5
-3
-3
-5
-10
-10
-14
-10
-8
-12
-13
-16
-16
-11
-7
-3
-1
-5
-13
-11
-17
-20
-21
-21
-19
-19
-20
-13
-17
-20
-17
-23
-17
-13
-14
-20
-17
-21
-22
-13
-15
-8
-15
-20
-13
-16
-15
-9
-7
-12
-6
-9
-15
-9
-18
-19
-19
-29
-25
-21
-21
-9
-4
-10
-6
-8
-11
-1
4
-6
-7
-9
-13
-17
-20
-21
-14
-10
-14
-7
0
-2
0
4
-2
-7
2
3
3
6
-5
-4
-2
-6
-3
0
-4
3
4
3
21
15
13
24
14
11
18
13
13
15
11
9
19
29
25
27
27
21
22
21
24
28
26
21
23
25
26
25
23
21
21
20
22
20
16
18
21
11
9
10
2
8
10
6
11
15
8
10
10
7
2
0
-8
-8
-5
-3
-4
-4
-3
-2
-5
-10
-14
-20
-25
-20
-25
-26
-12
-16
-16
-10
-13
-12
-12
-18
-19
-17
-21
-25
-22
-22
-16
-13
-17
-12
-5
-6
-1
5
2
10
6
7
9
6
5
9
6
11
15
12
15
18
16
7
9
8
9
8
13
12
9
11
7
4
6
-1
-2
0
-2
-4
-6
-6
-5
-10
-8
-4
-13
-7
-6
-15
-17
-10
-17
-18
-11
-18
-20
-18
-21
-24
-20
-21
-24
-21
-17
-19
-21
-22
-29
-23
-12
-17
-18
-13
-12
-10
-4
