SAMPLES:	10588
BITSPERSAMPLE:	16
CHANNELS:	1
SAMPLERATE:	16000
NORMALIZED:	FALSE
20
-23
1
4
-7
41
-5
21
-32
19
-37
-8
8
-9
-2
-8
0
-20
-35
46
-35
24
-5
0
29
-86
68
-61
-5
10
-11
18
-15
27
-22
-1
37
6
44
6
-9
51
-72
77
-40
29
2
-6
75
-77
86
-12
5
28
-4
39
-28
34
-4
-5
5
-2
-15
-1
14
-12
14
-27
23
-66
10
-15
-45
26
-34
19
4
-42
6
-16
-41
2
-39
40
-31
-14
4
-55
11
-20
-18
33
-13
-24
-14
0
-8
9
-3
19
-52
29
-31
-10
42
-33
2
-29
25
-33
29
-20
28
-73
33
-28
1
44
-74
90
-74
29
9
-1
3
-31
35
-32
36
13
-35
5
9
-13
9
23
40
-51
65
-5
-36
84
-80
66
-66
45
-27
19
43
-3
7
-15
19
-67
105
-119
127
-67
35
27
-31
63
-59
103
-36
-6
-2
-7
-30
44
-3
64
-58
60
-20
4
54
-40
113
-112
108
-95
20
-23
-19
26
-41
56
-42
30
-11
24
-9
50
-18
12
5
-27
26
-63
71
-77
58
-17
-26
74
-136
118
-128
58
7
-34
52
-42
42
-77
64
-70
46
-18
-3
-20
-31
-28
2
23
6
30
-46
25
-33
30
-62
42
-34
17
-2
15
11
-72
72
-91
101
-29
49
-12
12
-75
19
-31
-23
30
-30
56
-58
66
-9
2
-44
-2
-26
-29
45
-11
-44
46
-110
78
-79
37
60
-112
136
-114
-5
22
-40
7
56
-20
63
-60
38
-32
-4
2
27
-22
54
-14
-10
78
-105
95
19
-7
-2
8
1
23
-90
178
-62
-21
104
-86
150
-95
61
-51
-15
64
-70
86
-27
-26
-40
3
-23
1
25
1
-19
49
13
-52
51
-58
15
22
31
-41
87
-148
51
-23
-2
38
-117
172
-169
84
-53
11
-43
43
47
-10
34
-28
29
-48
38
-10
9
17
1
-7
40
-50
41
-7
58
-78
48
-29
-32
110
-77
83
-72
39
-10
31
29
21
-23
28
-42
-21
52
-64
89
-65
34
-32
-6
-3
-6
-29
38
-42
-27
41
-57
19
-38
19
-24
23
-73
22
-52
57
-150
80
-56
-82
115
-90
43
0
-23
-23
-38
45
-39
-110
115
-152
90
-21
-13
46
19
40
-110
141
-103
70
-70
108
-23
-54
165
-226
215
-243
176
-50
-24
124
-169
200
-248
215
-131
62
10
-30
56
-39
11
-36
-2
-48
88
-108
140
-70
-29
39
-110
27
35
-37
101
-39
-81
90
-108
120
-119
105
5
-153
221
-161
121
35
-16
-54
-27
110
-116
137
-13
74
-78
42
40
-22
56
34
-9
-34
163
-131
135
-49
128
-13
12
90
-73
33
-102
91
-97
101
9
59
47
-44
141
-135
39
56
-44
-6
27
-51
10
-77
55
69
-61
75
-65
-24
-35
-51
54
-54
-20
-18
-10
-58
8
-32
-38
26
-56
-64
50
-156
8
-66
-53
91
-99
128
-67
-108
90
-104
59
-62
8
-2
-71
27
-67
45
-190
206
-129
125
2
-46
-59
-83
96
-26
203
-73
122
-199
165
-23
118
115
-31
-22
-32
-10
-6
168
-81
83
38
9
142
-38
127
-45
-92
142
-157
106
-11
-36
16
-23
-60
-18
0
-5
-17
-70
66
-249
155
-152
104
70
-41
15
-50
-16
-116
110
-141
86
-169
124
-201
85
-40
-13
115
-63
217
-142
111
-139
19
6
-9
52
67
-27
93
-49
-112
205
-278
266
-136
143
-39
-51
60
-182
124
-34
148
-150
192
-119
-32
153
-170
185
-133
-63
111
-160
43
83
-93
43
-116
17
-19
-37
206
-130
87
-167
34
-48
5
167
-59
108
-88
-47
95
-236
149
-8
48
59
-5
84
-93
60
69
61
6
186
-236
101
-51
-76
152
95
57
25
-42
58
-156
102
87
-115
231
-226
204
-199
106
40
-63
193
-174
209
-321
138
-160
139
-30
38
90
-241
209
-255
74
-15
-147
80
-158
116
-94
-175
136
-298
143
-9
59
76
-167
-40
46
-152
74
-80
6
-87
-145
60
-82
6
19
110
-32
-19
77
-110
-34
111
-116
29
-37
80
-159
92
15
-109
200
-70
37
-53
25
-178
36
24
28
150
-30
75
-164
-67
107
-193
235
-88
-23
61
-125
212
-149
153
-95
71
94
-5
138
-23
-27
49
-69
177
-78
194
-99
-84
139
-183
221
73
145
5
-8
12
-150
125
69
92
97
19
84
-91
44
39
-42
147
-46
9
128
-325
207
-178
162
-76
73
46
-138
130
-206
154
-140
200
-229
122
152
-369
276
-281
52
-95
102
91
-76
61
-251
6
10
58
26
-8
-220
-86
-13
109
-8
60
-217
-74
-100
36
45
-158
102
-335
192
-137
64
-31
-57
135
-294
208
-240
194
-66
-184
186
-205
245
-222
192
-144
-18
84
-12
84
16
-150
-56
-42
-4
158
-224
363
-264
207
-60
177
-95
90
-76
63
-44
61
101
-221
275
-257
365
-140
264
-18
-89
66
54
-66
114
-137
23
-43
-5
280
-139
375
-341
268
-240
75
-13
-92
322
-243
233
-299
129
-133
54
188
-15
-35
46
-110
-81
14
-34
60
-96
149
12
-153
12
-69
146
-197
102
142
-219
190
-228
300
-180
163
112
-94
110
-212
123
-119
105
-41
-35
60
-59
109
-10
36
43
38
35
-143
52
-44
-100
19
-43
38
40
183
-167
-17
189
-235
352
-100
107
-130
-237
146
-393
513
-254
158
52
-133
-166
103
17
-77
313
-213
77
-272
201
-194
162
211
-207
-13
-113
-210
-155
179
-31
-98
85
-123
-143
182
33
68
53
-64
-119
-155
159
-112
106
-65
207
-267
111
48
-171
300
-117
126
8
-51
-70
-78
196
-63
127
15
227
-308
-84
64
-422
405
-68
350
-61
-211
128
-397
257
62
-139
459
-548
325
-160
-148
327
-269
373
-323
224
-199
-78
192
-165
128
-79
112
-160
181
-251
46
103
-54
130
54
-64
113
-185
101
-43
-61
139
-133
202
-33
-25
56
-73
-19
91
23
1
99
-32
-145
30
-161
44
-57
86
-200
168
-186
-31
234
-198
126
96
-171
120
-338
246
-372
67
-67
-89
286
-134
202
-168
162
-287
299
-6
11
180
-359
-123
79
-68
350
56
152
-122
-104
-107
49
-6
330
76
-22
184
-397
317
-259
44
132
-72
100
-96
127
-325
1
-46
143
72
257
42
-107
-93
50
179
-174
143
-56
-96
-166
-12
42
54
-35
236
-248
-14
-26
51
180
-9
-114
-35
-41
-74
68
83
69
-287
181
-127
-121
52
-153
217
-63
234
-218
48
-9
-203
99
156
-142
44
19
-34
-145
199
199
10
67
0
-57
-212
215
-196
298
-138
-90
246
-265
228
-182
327
-180
152
5
-217
183
-176
299
-222
80
92
-186
172
-55
-73
-198
206
31
-62
-76
-106
-190
-77
102
26
60
-63
81
-116
20
-174
72
-180
100
64
-223
-70
-113
81
-43
135
22
-54
-202
173
-215
64
-7
-132
-17
-32
123
-65
199
-53
66
27
-24
165
-332
344
-249
123
166
-74
229
-249
201
-92
401
-277
421
-192
183
72
48
366
-328
444
-354
244
33
222
-6
49
-88
-137
82
25
111
22
195
-51
-23
-102
43
-132
186
152
-178
-105
-183
-268
18
-91
388
-327
200
-255
-80
-20
-123
194
-310
163
-240
-91
-155
-74
-8
-35
186
-16
-140
-234
-72
-21
44
77
146
-119
155
-53
176
0
94
61
60
201
-272
197
-307
-33
87
-18
171
0
94
161
-86
67
-59
-155
305
-252
257
-470
65
-271
-98
33
64
89
-242
223
-541
265
-441
14
51
-381
172
-483
82
-33
32
168
0
-24
12
-21
44
76
-202
249
-30
-35
193
-197
261
-205
236
239
-20
130
182
-35
247
162
56
540
-227
664
-194
-84
174
-122
361
-58
314
-88
-38
-4
263
79
9
259
-238
97
-204
110
89
-129
239
-339
156
-342
-126
216
-524
283
-399
44
-199
-58
29
-475
195
-118
86
104
-218
-8
-283
62
-172
-56
122
-421
75
-217
122
21
108
117
-331
228
-384
144
69
-243
161
-287
333
-423
583
-191
132
-31
-58
34
58
86
-81
151
-259
183
-271
294
-21
195
234
-71
-82
69
-99
95
213
-163
467
-387
239
-136
-18
129
-199
480
-359
290
-143
115
-353
404
-30
-98
235
-442
334
-553
457
-122
-273
27
-12
-203
186
110
30
-67
-89
98
-226
191
-161
-137
-132
40
-281
123
-82
-88
118
-202
130
-219
236
-189
87
-79
-102
17
115
9
-4
71
-156
61
86
87
-136
142
-385
245
-1
240
165
71
340
-425
313
-226
285
-15
256
137
-250
169
-146
198
110
299
114
120
-244
310
-363
252
-62
121
81
-131
280
-207
158
-175
-59
121
47
350
51
169
-220
-36
-283
202
-113
227
-118
-55
78
-469
292
-440
474
-363
408
-386
107
-332
-39
-57
-225
299
-348
314
-389
95
-447
97
-326
329
-57
18
115
-477
163
-488
326
-281
292
-18
-32
-45
-279
74
-12
186
-133
109
-67
-38
119
-116
46
-174
89
0
41
252
-22
-145
104
-110
37
70
76
437
-364
366
-518
222
-16
229
442
-39
390
-320
53
-271
-49
-60
200
22
284
-186
-37
110
-354
328
-54
93
214
-218
87
-270
-482
401
-362
303
316
-519
527
-581
128
-176
-45
488
-226
26
-24
-378
-233
168
11
397
55
-60
122
-542
202
-219
55
130
-40
-25
-22
-77
34
-61
99
299
-155
290
-334
175
-58
-233
413
-29
-85
276
-199
313
-394
168
209
-332
482
-353
-100
55
-212
334
-233
538
74
-304
190
-279
-156
202
-175
149
58
-238
404
-385
52
398
-436
527
-434
313
-124
-403
682
-683
439
-208
-35
40
25
311
-134
-110
-110
-20
-169
150
-101
185
-261
195
16
-312
307
-277
-30
-45
171
-170
-42
34
79
-216
219
22
-166
292
-54
28
-215
151
-198
-177
162
22
204
-162
75
5
-524
432
-49
135
-29
-132
-115
-263
219
58
-142
165
-153
-15
-348
374
-182
-148
339
-287
128
-227
181
17
-62
245
-127
-73
96
24
139
97
17
-9
-236
41
-95
290
10
309
124
-62
16
44
55
-118
332
-221
353
-220
333
-107
-21
260
20
266
-16
95
-34
66
-86
76
149
-75
212
-139
231
-335
154
-72
-29
42
-160
-186
60
38
24
-64
11
104
-382
112
6
-142
-354
86
-124
-54
-247
308
-183
-434
280
-182
-229
-81
56
127
-215
46
56
-259
99
-23
-189
-72
328
-186
-25
104
-171
-79
120
52
140
119
46
411
-363
244
-162
-129
136
44
202
166
-91
127
-207
200
279
-181
296
69
-132
-56
97
-58
184
-5
128
-183
10
-73
11
143
37
63
-170
217
-134
-11
161
-50
-23
-67
-108
40
-236
167
-220
8
-162
10
-32
112
1
-351
259
-328
322
-148
13
-136
-316
-70
16
-9
219
-131
-187
-327
-144
91
-64
316
-136
-233
-44
19
13
20
105
-88
-239
184
72
-127
193
-87
-13
107
43
243
-291
82
-18
209
-176
310
-294
366
-355
193
351
-126
682
-425
501
-275
32
-1
-161
66
144
-175
209
67
-187
178
-170
498
-204
395
105
-106
136
-117
-35
10
-149
73
157
-231
299
-157
-39
125
-209
212
-242
156
130
-235
220
-82
3
-24
169
103
97
-16
-28
-171
-76
200
171
54
280
-52
-266
-318
106
-15
-259
153
-234
-264
-273
265
64
-24
438
-269
-218
133
-173
-48
-134
65
-150
-37
92
153
-181
73
-255
-162
148
-388
497
-256
-22
106
-104
85
-59
64
-131
-74
155
-373
-161
-132
-26
-22
153
355
-282
-287
151
-50
-45
382
-129
-84
-257
32
56
-44
349
-107
-29
218
-206
-158
143
82
3
-184
70
-16
-149
45
117
71
106
138
84
-98
27
-61
-128
146
198
27
31
59
-116
71
-299
209
44
-160
141
66
225
-250
264
29
-161
164
94
29
330
-19
40
-51
-57
185
-308
377
99
216
-83
40
18
-91
99
185
31
-34
195
-320
-19
70
-159
192
-94
157
120
-66
248
-166
-93
-77
-17
130
-146
149
48
-288
-11
-185
132
-111
-21
-20
-309
149
-207
0
35
-74
171
-283
-33
-119
-125
-356
147
6
-64
-10
-143
-46
-280
-80
-18
-41
52
-57
150
-187
-184
-5
-171
172
-8
99
-113
135
5
111
-327
231
-143
-59
174
83
83
-140
270
-110
121
49
262
-34
94
-44
-238
26
159
74
120
125
12
-12
-16
192
291
-29
22
194
-254
175
-24
67
174
-88
102
-101
28
161
138
-42
112
-4
-198
73
-135
144
-152
174
33
-272
102
-196
-17
-65
22
230
-181
-547
50
-122
-131
167
234
-21
16
35
-138
-361
16
202
-298
249
-1
48
-210
-6
352
-192
106
103
-53
-233
16
-77
-268
50
96
104
-159
205
154
-237
8
219
43
-20
81
136
-139
-269
331
51
-7
352
159
-130
-44
67
126
-103
1
64
-102
-84
158
16
-1
33
102
30
-171
99
-150
-344
290
114
-181
231
-59
-55
-328
344
18
-233
340
33
1
7
146
-193
36
118
46
-141
103
-120
-261
-272
-199
-58
-28
184
-64
28
-115
10
-97
-17
106
271
160
-152
-292
-9
-185
-142
247
12
-60
-98
-172
-161
-62
28
-67
33
96
-48
-177
77
-12
-238
-87
39
-67
34
68
53
72
-172
-18
15
3
-16
-135
121
-101
-82
122
119
-29
23
208
66
83
-32
59
57
43
104
267
-19
49
138
59
21
100
139
-56
120
297
154
-47
376
192
-151
124
1
-212
-127
41
10
-14
-8
242
-18
-162
-372
-290
96
142
245
377
118
-488
47
-162
-240
161
-219
-211
-333
-163
177
107
522
241
86
-366
-435
96
-484
-149
-140
-443
-50
77
189
411
341
76
36
-132
-162
-23
-162
147
93
69
322
76
174
234
135
175
31
-129
-200
-448
-239
24
257
229
383
21
-177
-184
-199
46
59
215
113
-205
-62
-59
-164
11
51
77
41
-108
-164
-226
-357
-136
15
153
55
7
-126
-241
-134
45
77
-74
158
-27
-296
-199
-169
-230
-213
139
-93
-94
-34
-17
35
213
282
295
131
169
76
-178
-12
-3
184
248
315
288
116
7
-34
-142
28
156
105
213
188
-76
-16
-49
-48
-83
28
101
167
113
136
-2
-99
58
-93
36
31
-146
-314
-170
-278
-364
-96
-138
-268
-112
35
-75
-173
13
38
-155
-85
-57
-208
-254
-168
-159
-98
179
107
138
48
227
90
164
364
209
114
64
279
185
343
241
304
151
311
418
305
436
333
355
277
377
413
301
293
153
116
-95
21
-27
136
85
74
43
-191
-261
-337
-198
-264
-153
-289
-399
-563
-733
-690
-540
-511
-367
-422
-558
-594
-705
-590
-587
-497
-420
-424
-633
-695
-747
-598
-545
-461
-357
-407
-112
-40
18
91
233
176
307
487
850
1130
1325
1769
2074
1943
1930
1957
1920
1679
1744
1457
914
550
347
95
-39
135
383
58
-258
-663
-1287
-1392
-1440
-1060
-1133
-1318
-1505
-1819
-1932
-1942
-1765
-1407
-1195
-938
-964
-1408
-1740
-1885
-1614
-1245
-882
-480
-674
-873
-816
-994
-951
-603
-322
-480
-480
170
954
1725
2511
2884
2923
2868
3236
3656
3622
3532
3009
2586
2136
1570
1119
1060
1036
1337
1382
1034
169
-747
-1111
-1275
-1059
-878
-820
-1108
-1287
-1525
-1924
-2092
-1833
-1416
-1167
-930
-1072
-1481
-1803
-1787
-1381
-991
-590
-373
-547
-768
-1145
-1606
-1362
-1075
-795
-635
-959
-1458
-1934
-1772
-1418
-779
875
1736
2149
2435
2436
2161
2339
3791
4169
4025
4016
3258
2278
1436
1387
1139
1016
1748
1319
493
-345
-1654
-2262
-2240
-1992
-1686
-1564
-1790
-2457
-2950
-2949
-2630
-1990
-990
-651
-813
-1144
-1295
-1311
-956
-416
-152
-31
-11
-336
-806
-1034
-933
-836
-483
-138
-768
-1234
-1569
-1859
-1934
-1318
-858
19
1319
1950
2242
2412
2685
2868
3710
4614
4626
4291
3826
2937
2244
1704
1365
1245
1335
1198
481
-186
-1417
-2319
-2435
-2471
-2380
-2137
-1998
-2247
-2531
-2630
-2696
-2024
-857
-421
-286
-422
-858
-1149
-667
-51
6
262
368
21
-401
-731
-997
-939
-753
-434
-730
-1210
-1648
-2261
-2085
-1957
-1712
-1114
340
1427
1913
2394
2545
2442
2913
4419
4923
4773
4486
3766
2394
1598
1404
935
962
1256
866
-69
-1182
-2321
-3073
-2912
-2439
-2290
-2021
-2034
-2669
-2905
-2682
-2169
-1290
111
728
238
-239
-633
-793
-238
769
1218
997
671
-185
-1040
-1248
-1130
-845
-534
-424
-966
-1817
-2382
-2629
-2409
-1859
-1220
-646
513
1535
1881
2208
2709
3056
3524
4872
5274
4752
4071
3157
2345
1576
1197
775
373
214
-326
-1147
-1913
-2869
-3090
-2885
-2663
-2589
-2562
-2444
-2589
-2418
-2073
-1402
-634
71
509
343
-29
-156
67
610
852
875
508
-148
-699
-1128
-1216
-1196
-916
-834
-1179
-1520
-2099
-2368
-2075
-1844
-1579
-1403
-694
753
1779
2599
2931
3218
3365
4000
5237
5244
4824
4112
3153
2115
1200
569
-95
-382
-341
-691
-1298
-2323
-3168
-3445
-3243
-2778
-2554
-2041
-1898
-1940
-1729
-1467
-883
-84
827
1088
701
335
-39
40
446
761
694
459
30
-741
-1324
-1450
-1490
-1201
-966
-1156
-1518
-2062
-2364
-2248
-1880
-1277
-1006
-216
1183
1955
2628
3170
3476
3706
4188
5161
4951
4567
4019
2717
1727
738
28
-617
-726
-813
-1320
-1726
-2534
-3325
-3406
-3012
-2547
-2217
-1660
-1434
-1436
-1190
-956
-339
436
1175
1284
964
542
78
305
700
825
678
233
-490
-1219
-1547
-1643
-1630
-1409
-1416
-1735
-1982
-2350
-2329
-2048
-1596
-1192
-939
-183
1042
1932
2779
3178
3470
3688
4161
5057
4860
4414
3744
2496
1419
459
-270
-904
-1169
-1128
-1588
-1933
-2620
-3286
-3312
-2802
-2316
-2013
-1431
-1419
-1357
-1033
-542
39
806
1390
1242
902
503
170
264
596
601
237
-288
-976
-1715
-1785
-1676
-1499
-1328
-1420
-1717
-2015
-2156
-1960
-1588
-1117
-765
-578
-81
1148
2273
3190
3832
4006
3925
4089
4855
4655
4541
4051
2549
1460
468
-535
-1284
-1279
-1195
-1499
-1667
-2424
-3296
-3318
-2977
-2383
-1844
-1148
-996
-914
-573
-552
-89
882
1553
1559
1171
394
-377
-339
219
354
168
-384
-1382
-2116
-2295
-2226
-1856
-1393
-1187
-1608
-1977
-2211
-2190
-1639
-812
-208
-213
36
990
2109
3060
3755
4183
4253
4147
4681
4776
4272
3727
2569
1454
459
-482
-1401
-1697
-1510
-1656
-1722
-2158
-2891
-3168
-2867
-2265
-1836
-1278
-699
-596
-368
-174
70
626
1134
1409
1049
510
-137
-408
-92
-96
-210
-706
-1386
-1921
-2194
-2236
-2083
-1865
-1713
-1965
-2224
-2295
-2058
-1574
-1031
-472
-300
-239
481
2126
3112
3754
4226
4287
4004
4155
4779
4371
4011
3256
1837
685
-474
-1496
-1995
-1729
-1448
-1666
-1913
-2581
-3319
-3142
-2446
-1535
-819
-129
-99
-195
59
276
830
1340
1618
1118
617
38
-455
-444
-284
-236
-539
-1161
-1859
-2392
-2480
-2208
-1833
-1527
-1631
-1860
-2007
-1730
-1200
-690
-197
92
197
319
1406
2831
3666
4192
4400
4381
3893
4010
4331
3888
3312
2145
968
-348
-1386
-2024
-2364
-1904
-1686
-1871
-2170
-2584
-2834
-2637
-1648
-838
-336
197
130
105
227
666
1020
1414
1800
1136
391
-283
-715
-686
-386
-209
-887
-1726
-2392
-2825
-2654
-2149
-1753
-1489
-1405
-1704
-1947
-1601
-1065
-559
96
535
462
495
1615
2979
3842
4363
4260
3780
3381
3681
3666
3427
2953
1572
147
-948
-2063
-2750
-2571
-1924
-1594
-1726
-2089
-2714
-2840
-2294
-1304
-330
490
789
618
602
593
850
1307
1549
1211
549
-94
-733
-780
-747
-802
-1010
-1599
-2097
-2486
-2597
-2379
-1951
-1402
-1199
-1407
-1668
-1780
-1371
-737
-29
307
346
282
500
1742
3014
3764
3995
3898
3302
2862
3191
3338
3116
2342
946
-443
-1538
-2210
-2328
-1888
-1336
-1311
-1421
-1880
-2377
-2397
-1736
-468
638
1281
1289
964
655
690
1100
1629
1965
1694
865
-125
-784
-1008
-799
-458
-614
-1278
-2148
-2730
-2722
-2286
-1574
-927
-750
-974
-1478
-1713
-1371
-732
-71
405
467
125
48
1131
2448
3410
3779
3523
3106
2725
2959
3105
2958
2230
977
-241
-1170
-1934
-2240
-1920
-1328
-963
-1027
-1423
-1979
-2077
-1629
-556
497
1163
1438
1080
606
471
672
1043
1560
1566
696
-411
-1198
-1369
-1292
-870
-818
-1486
-2149
-2635
-2669
-2231
-1583
-1008
-791
-918
-1551
-2058
-1800
-1152
-475
118
435
120
-234
508
1791
2754
3259
3379
3245
2818
2921
2887
2669
2246
1431
524
-360
-1053
-1969
-2134
-1500
-972
-930
-1107
-1420
-1766
-1437
-491
377
1106
1502
1305
1004
794
697
875
1269
1332
759
13
-657
-1137
-1098
-953
-1093
-1470
-1883
-2084
-2184
-2045
-1698
-1287
-939
-1022
-1363
-1743
-1832
-1339
-671
30
260
22
-290
-21
1383
2471
3195
3316
3114
2828
2672
3102
3037
2711
2024
973
69
-754
-1321
-1618
-1257
-752
-760
-897
-1275
-1661
-1582
-926
82
836
1334
1267
825
459
269
525
981
1376
1154
407
-411
-1128
-1430
-1333
-998
-914
-1256
-1761
-2216
-2323
-2153
-1555
-1089
-1013
-1177
-1701
-2058
-1876
-1113
-367
100
110
-235
-429
188
1608
2876
3640
3635
3073
2533
2600
2819
2929
2787
1913
687
-137
-830
-1646
-1776
-1333
-880
-740
-781
-1513
-1967
-1694
-980
182
1152
1361
789
447
237
267
694
1184
1236
897
248
-691
-1375
-1540
-1453
-1094
-909
-1305
-1918
-2321
-2225
-1865
-1284
-842
-776
-1033
-1627
-1874
-1526
-788
-140
370
516
207
-54
364
1729
2946
3486
3552
3447
2952
2545
2817
2900
2445
1823
1074
212
-642
-1353
-1782
-1605
-1053
-1102
-1320
-1450
-1718
-1590
-753
247
667
845
695
405
400
462
581
655
729
285
-295
-627
-1157
-1629
-1623
-1321
-1358
-1562
-1691
-1958
-2048
-1880
-1554
-1140
-1016
-1075
-1304
-1369
-1133
-705
-57
376
599
473
469
701
1468
2497
3161
3459
3396
3007
2495
2372
2509
2474
2117
1503
459
-405
-1164
-1520
-1378
-1034
-906
-1043
-1031
-1132
-1004
-620
-183
235
510
682
645
574
485
387
363
288
58
-356
-849
-1221
-1477
-1533
-1388
-1304
-1345
-1499
-1590
-1620
-1555
-1270
-922
-700
-685
-770
-941
-1030
-753
-294
252
663
774
680
564
578
1058
2005
2715
2931
2812
2560
2110
2038
2221
2122
1719
1073
277
-421
-818
-1170
-1330
-1079
-755
-661
-573
-543
-621
-577
-162
233
409
540
361
7
-209
-386
-533
-532
-628
-947
-1197
-1308
-1393
-1444
-1301
-1168
-1138
-994
-922
-923
-939
-895
-766
-541
-330
-284
-447
-634
-661
-452
-58
292
406
267
269
360
569
1127
1685
2051
2133
2134
2061
1781
1726
1764
1637
1372
942
423
-56
-406
-666
-680
-349
-14
172
197
66
-178
-316
-140
112
270
189
-182
-555
-714
-792
-766
-694
-596
-584
-677
-773
-931
-937
-824
-546
-285
-140
-166
-311
-426
-380
-197
-88
-79
-90
-336
-689
-840
-779
-480
-65
257
309
238
119
34
146
586
1002
1246
1348
1332
1001
666
775
929
988
974
757
325
-59
-211
-291
-176
160
306
421
438
151
-312
-592
-629
-600
-371
-301
-467
-703
-796
-778
-631
-383
-159
-51
76
134
76
7
-59
-25
51
232
207
15
-117
-249
-269
-236
-255
-369
-550
-700
-733
-644
-510
-185
116
250
163
-41
-210
-203
-80
79
261
340
263
135
170
204
391
703
943
986
783
478
220
71
80
83
129
158
36
-16
-21
-106
-231
-300
-380
-325
-252
-278
-215
-57
204
430
609
642
442
288
210
131
82
133
133
71
61
-39
-204
-378
-507
-516
-403
-267
-247
-218
-224
-324
-398
-428
-411
-319
-273
-339
-433
-510
-607
-658
-586
-558
-437
-267
-148
18
213
382
404
575
730
740
657
448
236
154
172
172
247
372
410
400
492
576
642
700
776
858
946
905
728
647
585
517
408
295
144
-60
-172
-268
-293
-303
-351
-331
-281
-264
-260
-266
-327
-363
-358
-400
-466
-501
-594
-684
-753
-838
-948
-947
-939
-944
-877
-832
-879
-940
-889
-854
-770
-666
-610
-471
-360
-327
-221
-37
175
407
673
802
781
676
566
608
761
959
1075
1224
1372
1298
1244
1230
1121
977
909
784
622
448
219
61
36
-7
-120
-184
-194
-247
-263
-165
-89
5
42
-22
-130
-207
-323
-453
-470
-517
-632
-685
-717
-818
-914
-959
-911
-854
-846
-845
-889
-953
-973
-896
-799
-757
-751
-717
-682
-584
-429
-289
-19
262
458
683
915
1069
1194
1402
1556
1566
1491
1350
1219
1187
1189
1089
952
814
666
570
538
508
435
367
308
282
269
200
100
70
163
219
195
112
-56
-204
-251
-206
-132
-126
-280
-465
-608
-740
-847
-878
-919
-934
-1000
-1134
-1214
-1261
-1281
-1258
-1141
-1026
-1018
-962
-899
-844
-702
-506
-338
-197
-57
18
87
217
340
392
400
388
354
412
499
566
675
740
776
781
719
584
458
431
457
535
661
751
844
927
963
965
930
870
765
727
668
600
518
403
262
132
-24
-234
-370
-456
-505
-498
-561
-714
-835
-864
-924
-969
-966
-951
-952
-882
-770
-745
-740
-715
-659
-535
-413
-371
-327
-291
-204
-150
-121
-158
-203
-189
-153
-148
-173
-201
-219
-236
-222
-165
-153
-38
169
383
560
727
866
958
1104
1235
1293
1298
1262
1212
1187
1169
1149
1046
914
791
697
678
615
483
323
168
-28
-215
-359
-533
-651
-712
-746
-757
-797
-816
-838
-799
-656
-540
-497
-453
-431
-358
-249
-205
-191
-267
-325
-413
-479
-509
-550
-570
-571
-557
-537
-534
-510
-463
-342
-242
-190
-165
-154
-111
-82
-39
26
144
281
395
459
476
471
567
746
912
1012
1037
1016
971
924
901
860
683
446
245
83
-36
-109
-128
-105
-35
19
20
-44
-70
-44
-11
72
79
-20
-106
-183
-188
-176
-172
-248
-332
-396
-486
-534
-497
-401
-405
-396
-362
-412
-435
-412
-349
-280
-214
-196
-225
-231
-249
-243
-215
-169
-150
-153
-172
-162
-184
-173
-79
15
65
89
45
-25
-49
-43
-51
-86
-146
-267
-286
-204
-57
149
304
394
474
521
571
542
503
498
466
468
514
524
488
461
405
396
413
381
284
203
167
101
93
109
66
0
-95
-139
-117
-54
6
60
134
125
82
92
55
-16
-59
-96
-99
-65
-45
-97
-157
-179
-217
-274
-364
-487
-561
-576
-566
-516
-478
-485
-509
-482
-501
-567
-542
-468
-413
-344
-243
-190
-161
-128
-116
-84
-45
-53
-29
85
200
288
322
377
453
513
554
563
515
462
430
416
482
550
608
664
728
840
895
891
858
775
658
551
454
370
266
136
61
40
1
-30
-81
-169
-273
-333
-377
-416
-459
-482
-472
-528
-580
-609
-583
-518
-453
-462
-496
-572
-678
-702
-678
-662
-657
-619
-586
-530
-524
-552
-606
-614
-582
-501
-400
-389
-433
-449
-395
-316
-155
-48
26
117
221
354
548
727
795
882
966
990
1014
1014
929
789
653
550
479
450
429
415
439
461
469
484
438
293
190
118
84
114
95
0
-70
-65
-26
-7
38
25
-105
-229
-312
-367
-380
-411
-431
-463
-532
-607
-614
-530
-499
-495
-516
-581
-674
-716
-658
-548
-427
-369
-343
-276
-163
-70
50
162
223
207
212
271
241
209
170
141
161
204
192
170
130
54
67
178
347
465
512
521
537
569
653
755
816
777
657
565
529
501
504
545
579
571
508
432
338
230
114
21
-57
-185
-297
-364
-407
-416
-443
-520
-625
-723
-786
-774
-698
-623
-553
-480
-414
-348
-299
-267
-238
-201
-176
-172
-245
-320
-369
-453
-450
-422
-429
-440
-475
-490
-491
-456
-408
-419
-427
-396
-322
-267
-210
-124
-52
-22
23
127
214
259
294
313
404
555
639
719
759
769
758
746
739
663
599
541
522
561
556
502
432
394
372
419
471
459
441
367
313
269
235
199
143
101
53
15
-44
-153
-291
-391
-445
-479
-492
-516
-571
-581
-565
-530
-461
-428
-444
-436
-398
-344
-322
-332
-376
-418
-448
-449
-364
-278
-223
-236
-279
-282
-283
-239
-186
-176
-162
-162
-183
-202
-204
-204
-216
-164
-47
44
97
163
284
440
618
821
971
1064
1081
1096
1100
1055
966
862
817
808
797
723
627
515
405
327
263
161
36
-51
-156
-254
-279
-336
-427
-479
-484
-456
-410
-422
-474
-518
-536
-534
-495
-450
-457
-492
-545
-603
-641
-644
-633
-630
-577
-529
-532
-607
-719
-751
-768
-712
-635
-588
-536
-496
-413
-276
-166
-73
17
126
242
372
487
509
466
408
422
465
528
592
581
539
571
667
752
812
842
878
854
859
868
846
756
623
571
586
574
520
481
430
380
356
346
277
117
-40
-179
-278
-323
-376
-428
-496
-579
-659
-739
-797
-820
-778
-714
-656
-592
-585
-619
-616
-561
-492
-368
-292
-267
-261
-214
-188
-181
-148
-204
-245
-276
-295
-240
-166
-132
-156
-149
-128
-149
-130
-116
-143
-151
-93
-1
39
41
39
112
241
373
465
498
515
632
819
987
1082
1093
990
865
861
830
767
604
399
243
183
144
64
63
82
79
138
176
83
-43
-105
-99
-60
21
19
-43
-90
-138
-146
-141
-173
-271
-329
-325
-316
-326
-330
-424
-519
-602
-647
-630
-605
-561
-516
-367
-302
-338
-407
-470
-520
-484
-330
-247
-203
-214
-281
-274
-227
-209
-227
-241
-256
-319
-277
-221
-264
-353
-405
-414
-348
-213
-148
-97
71
287
529
765
921
991
974
1100
1277
1339
1251
1055
879
741
683
652
635
637
605
568
536
447
231
9
-73
-144
-155
-116
-131
-196
-282
-307
-358
-383
-346
-331
-306
-251
-165
-110
-115
-164
-259
-344
-306
-271
-343
-430
-573
-719
-816
-809
-772
-838
-904
-976
-1011
-927
-853
-810
-753
-664
-575
-505
-430
-350
-256
-77
128
246
269
201
117
120
307
515
744
1016
1229
1379
1488
1603
1607
1585
1646
1645
1533
1316
1065
845
679
589
514
531
534
466
432
359
201
2
-98
-147
-234
-309
-411
-502
-569
-673
-762
-868
-1025
-1160
-1162
-1104
-1067
-1019
-1020
-1027
-999
-997
-1003
-990
-886
-777
-653
-569
-608
-677
-715
-631
-491
-396
-337
-340
-262
-195
-168
-66
35
110
177
243
213
234
299
363
452
534
610
625
713
804
1055
1420
1717
1898
1954
1947
1794
1720
1774
1701
1557
1277
822
381
-18
-290
-457
-425
-405
-467
-494
-631
-862
-1058
-1095
-1071
-1002
-877
-871
-911
-869
-867
-857
-850
-854
-914
-918
-839
-804
-781
-752
-724
-659
-548
-473
-433
-371
-192
-63
43
13
-111
-198
-237
-81
63
158
196
160
183
259
378
430
431
468
494
552
597
596
523
408
344
292
309
366
348
540
822
1064
1225
1316
1245
1011
1102
1274
1232
1046
670
220
-223
-484
-606
-593
-408
-350
-281
-171
-286
-603
-806
-767
-712
-614
-461
-422
-434
-436
-420
-391
-347
-339
-362
-305
-279
-313
-344
-369
-307
-208
-116
-54
9
38
111
292
296
176
-17
-178
-252
-227
-99
-120
-223
-372
-552
-585
-527
-446
-389
-300
-238
-283
-176
-112
-189
-251
-213
-162
-51
91
306
674
1042
1275
1362
1365
1202
1153
1362
1525
1454
1080
561
66
-286
-452
-525
-332
-127
-21
131
112
-154
-373
-317
-188
-30
123
58
-120
-215
-261
-300
-250
-191
-237
-236
-232
-366
-562
-691
-749
-700
-627
-620
-620
-471
-368
-369
-429
-598
-742
-807
-682
-578
-596
-629
-717
-671
-567
-497
-438
-416
-348
-251
-167
-101
24
155
230
260
236
170
245
430
789
1416
1877
2067
2057
2017
1875
1725
1977
2144
2049
1709
1161
569
17
-199
-275
-111
186
263
315
220
-139
-478
-547
-416
-303
-159
-187
-429
-622
-741
-740
-697
-657
-684
-742
-742
-856
-1024
-1145
-1217
-1214
-1141
-995
-856
-784
-672
-475
-388
-458
-649
-704
-748
-651
-349
-215
-221
-285
-382
-426
-323
-108
11
111
192
125
151
238
272
193
233
329
479
718
1012
1513
1906
2133
2144
2131
1894
1580
1680
1736
1595
1222
680
59
-503
-708
-732
-491
-134
-76
-32
-89
-313
-535
-488
-337
-359
-256
-212
-431
-631
-761
-892
-931
-785
-730
-803
-796
-927
-1109
-1109
-1011
-945
-876
-749
-669
-507
-251
-149
-159
-244
-340
-389
-304
-119
-21
15
-17
-105
-151
-218
-228
-193
-141
-74
-54
-53
24
188
260
206
226
222
274
410
781
1396
1841
2118
2145
1996
1629
1386
1591
1772
1694
1326
659
19
-513
-740
-684
-410
-59
88
191
58
-331
-621
-546
-287
-84
147
63
-347
-602
-766
-831
-732
-563
-533
-572
-652
-871
-1099
-1166
-1103
-937
-675
-441
-374
-384
-387
-291
-147
-90
-176
-373
-482
-532
-419
-248
-197
-274
-449
-498
-437
-347
-240
-126
7
2
80
273
301
203
225
328
494
634
938
1503
1816
1944
1954
1904
1687
1511
1806
1969
1760
1351
696
33
-546
-768
-722
-434
-25
54
128
67
-286
-490
-323
-62
5
55
-37
-457
-770
-912
-971
-949
-892
-920
-1008
-1107
-1284
-1487
-1511
-1435
-1355
-1200
-1044
-958
-817
-492
-336
-282
-326
-401
-492
-478
-331
-271
-276
-252
-254
-236
-143
-32
43
96
217
265
289
379
576
672
639
633
566
588
709
1136
1945
2466
2554
2504
2367
1898
1637
1937
2123
1902
1461
761
-23
-638
-878
-761
-334
133
241
236
58
-496
-902
-776
-512
-395
-235
-305
-809
-1247
-1442
-1448
-1252
-995
-917
-955
-1087
-1388
-1642
-1625
-1443
-1233
-987
-839
-804
-834
-701
-358
-94
26
-9
-137
-311
-320
-130
-14
6
32
-3
0
46
110
126
196
334
340
498
647
570
388
394
556
726
981
1287
1824
2227
2284
2109
1826
1403
1169
1465
1736
1538
961
183
-508
-983
-1133
-900
-458
-16
87
38
-152
-551
-692
-424
-104
62
102
-86
-522
-837
-1025
-1136
-1051
-948
-951
-1028
-1160
-1363
-1495
-1357
-1079
-846
-669
-631
-561
-349
-187
-76
-12
-8
-20
2
16
-77
-126
-114
-104
-26
6
-3
-64
-138
-176
-196
-143
-84
140
359
348
209
102
127
282
518
1082
1781
2117
2122
1917
1624
1163
1112
1479
1603
1369
832
71
-593
-965
-915
-666
-156
283
356
285
29
-317
-406
-54
252
314
306
-38
-614
-874
-844
-787
-674
-458
-468
-696
-866
-1014
-1119
-986
-743
-526
-369
-336
-396
-460
-272
-71
31
4
-165
-437
-614
-529
-357
-258
-209
-270
-401
-426
-388
-295
-220
-105
-88
-154
-7
133
131
133
202
280
396
625
884
1401
1812
1852
1749
1637
1349
1164
1432
1661
1428
966
344
-371
-793
-857
-482
67
546
671
527
345
-15
-128
176
437
526
496
215
-318
-717
-846
-943
-889
-737
-745
-864
-1112
-1451
-1601
-1500
-1291
-1076
-874
-870
-823
-669
-549
-428
-333
-309
-403
-473
-587
-756
-816
-742
-671
-586
-477
-422
-408
-323
-290
-255
-109
-93
7
230
286
155
162
323
532
770
1153
1728
2040
2092
2030
1945
1670
1544
1884
2063
1786
1289
634
-4
-400
-400
-197
166
549
593
525
394
136
115
417
616
548
423
54
-565
-863
-894
-940
-909
-797
-911
-1153
-1280
-1414
-1480
-1322
-1120
-1033
-951
-962
-975
-893
-557
-285
-178
-186
-421
-661
-757
-650
-463
-389
-412
-482
-575
-566
-413
-161
4
180
274
187
251
396
456
454
589
704
782
913
1164
1648
1985
2010
1868
1781
1587
1381
1528
1768
1609
1115
601
101
-432
-659
-341
130
447
579
486
142
-192
-224
11
232
319
195
-168
-700
-1100
-1255
-1233
-1104
-1006
-1037
-1220
-1540
-1774
-1731
-1541
-1336
-1119
-963
-957
-1000
-900
-591
-438
-296
-214
-343
-566
-674
-577
-509
-525
-480
-499
-512
-460
-351
-176
-29
180
310
356
442
480
529
588
646
701
799
915
1012
1514
1973
2065
2028
1856
1566
1348
1577
1882
1676
1278
741
112
-302
-362
-48
325
665
814
631
360
38
-144
67
311
414
320
-25
-564
-1006
-1148
-1137
-1076
-929
-918
-1150
-1464
-1674
-1714
-1597
-1268
-967
-848
-915
-940
-779
-672
-584
-469
-448
-530
-635
-598
-655
-769
-733
-694
-526
-423
-404
-301
-234
-190
-130
23
157
256
451
557
519
551
632
773
897
1247
1773
1966
2021
1929
1636
1393
1419
1704
1741
1556
1221
596
77
-134
-41
238
624
980
1012
732
362
64
37
219
361
444
291
-203
-802
-1121
-1249
-1298
-1107
-880
-948
-1222
-1472
-1619
-1650
-1504
-1192
-1014
-940
-977
-1029
-1039
-892
-575
-414
-412
-554
-778
-976
-966
-739
-563
-572
-564
-571
-541
-425
-270
-108
55
256
365
463
499
382
370
560
767
1027
1256
1582
1887
1923
1845
1753
1591
1475
1573
1792
1681
1352
978
558
247
115
252
490
675
821
744
533
340
170
199
258
254
178
-38
-435
-861
-1076
-1166
-1242
-1189
-1149
-1225
-1417
-1563
-1626
-1647
-1481
-1205
-995
-920
-897
-882
-868
-786
-609
-473
-451
-543
-702
-834
-904
-881
-720
-536
-356
-251
-210
-163
-159
-90
90
324
516
639
651
547
481
558
731
960
1239
1591
1750
1649
1524
1464
1355
1283
1398
1507
1344
1078
820
507
239
191
366
575
694
741
669
425
208
123
143
164
124
36
-169
-557
-979
-1185
-1215
-1176
-1072
-950
-1021
-1228
-1348
-1420
-1380
-1187
-958
-784
-667
-704
-818
-862
-750
-589
-482
-358
-375
-531
-638
-676
-703
-659
-519
-324
-237
-180
-121
-117
-67
124
397
612
712
684
534
461
490
635
870
1123
1367
1458
1352
1183
1072
1013
1102
1325
1446
1306
1047
784
556
357
379
579
771
864
851
738
483
224
120
98
31
-7
-106
-314
-645
-975
-1125
-1192
-1157
-1054
-983
-997
-1110
-1216
-1282
-1267
-1161
-987
-809
-698
-681
-731
-772
-795
-755
-682
-609
-581
-622
-633
-620
-586
-488
-360
-187
-97
-56
-38
-18
34
110
254
418
478
465
441
452
489
578
716
860
999
993
937
858
767
713
742
872
993
1026
1024
942
833
729
719
822
920
996
1028
996
806
587
460
388
270
207
115
-41
-283
-474
-602
-771
-869
-870
-831
-819
-866
-920
-1027
-1111
-1079
-975
-874
-783
-708
-652
-657
-662
-646
-660
-633
-645
-675
-717
-733
-773
-766
-704
-625
-563
-519
-474
-402
-330
-234
-134
-21
67
95
151
222
310
422
545
670
767
852
936
959
969
982
1040
1138
1213
1241
1268
1277
1228
1148
1122
1114
1096
1127
1192
1171
1027
873
770
591
412
275
137
-44
-298
-501
-696
-919
-1025
-1003
-989
-1010
-1068
-1107
-1192
-1249
-1259
-1232
-1171
-1088
-1005
-962
-959
-956
-973
-1000
-997
-987
-958
-943
-917
-898
-865
-808
-771
-739
-680
-560
-416
-259
-121
-5
60
91
124
193
337
513
681
856
1045
1140
1186
1197
1201
1184
1193
1294
1379
1430
1485
1514
1503
1499
1512
1562
1592
1546
1508
1417
1251
1025
845
711
591
502
411
289
67
-168
-407
-637
-855
-979
-1061
-1139
-1183
-1206
-1280
-1355
-1343
-1332
-1344
-1261
-1165
-1121
-1089
-1080
-1085
-1103
-1110
-1097
-1085
-1071
-1048
-1051
-1020
-1001
-986
-903
-846
-750
-582
-418
-268
-155
-85
0
101
231
401
545
696
828
966
1078
1161
1180
1168
1206
1255
1344
1423
1453
1456
1443
1457
1496
1518
1463
1390
1361
1274
1199
1132
1016
845
665
522
404
279
104
-88
-274
-448
-633
-803
-933
-1009
-1060
-1064
-1105
-1218
-1282
-1377
-1440
-1427
-1386
-1308
-1269
-1216
-1206
-1203
-1163
-1173
-1143
-1084
-976
-902
-839
-812
-837
-854
-849
-794
-727
-623
-458
-274
-144
-42
38
144
298
477
682
837
975
1061
1114
1207
1227
1253
1297
1343
1432
1488
1523
1486
1377
1327
1297
1316
1346
1370
1374
1348
1300
1189
1083
970
810
703
609
496
321
112
-76
-322
-533
-653
-731
-826
-912
-972
-1041
-1151
-1284
-1391
-1450
-1443
-1408
-1324
-1257
-1229
-1228
-1288
-1327
-1310
-1240
-1150
-1098
-1068
-1061
-1063
-1051
-1011
-961
-894
-764
-573
-400
-271
-195
-120
-29
117
306
507
666
782
918
1018
1099
1169
1279
1355
1398
1449
1484
1473
1467
1453
1444
1433
1420
1431
1416
1379
1328
1233
1146
1057
994
937
836
716
564
400
210
8
-145
-324
-487
-605
-718
-808
-906
-996
-1114
-1259
-1404
-1522
-1581
-1538
-1460
-1384
-1374
-1387
-1398
-1395
-1397
-1381
-1308
-1259
-1204
-1138
-1079
-1048
-1018
-966
-903
-810
-660
-511
-389
-303
-197
-44
109
277
476
637
787
962
1114
1259
1387
1483
1563
1616
1656
1622
1563
1486
1414
1415
1446
1481
1486
1454
1422
1435
1426
1403
1301
1182
1055
893
743
578
405
280
171
53
-86
-230
-391
-571
-722
-829
-969
-1168
-1329
-1453
-1570
-1647
-1648
-1630
-1639
-1658
-1661
-1647
-1622
-1585
-1563
-1544
-1504
-1457
-1431
-1375
-1301
-1221
-1116
-969
-766
-597
-519
-443
-348
-236
-69
88
273
471
590
744
907
1095
1253
1368
1498
1592
1673
1729
1729
1679
1619
1602
1579
1573
1577
1538
1498
1479
1456
1413
1328
1231
1138
1023
987
934
796
596
398
221
88
14
-58
-167
-307
-452
-645
-861
-1035
-1173
-1305
-1409
-1466
-1522
-1626
-1681
-1716
-1731
-1730
-1685
-1620
-1583
-1557
-1552
-1558
-1567
-1527
-1458
-1364
-1221
-1041
-900
-806
-755
-699
-594
-433
-244
-61
69
224
387
581
770
908
1057
1218
1364
1482
1597
1639
1620
1596
1591
1625
1609
1602
1642
1631
1588
1586
1558
1464
1351
1260
1164
1060
968
870
762
634
523
376
214
83
-41
-138
-193
-305
-480
-648
-829
-987
-1082
-1159
-1270
-1375
-1472
-1577
-1670
-1721
-1722
-1718
-1676
-1627
-1631
-1632
-1592
-1539
-1466
-1358
-1238
-1106
-1010
-904
-810
-736
-620
-498
-323
-186
-41
106
255
449
653
866
1001
1124
1250
1373
1461
1531
1610
1607
1589
1606
1592
1543
1485
1433
1346
1304
1320
1284
1224
1148
1089
1066
1009
945
862
730
596
481
389
251
88
-31
-175
-291
-395
-553
-690
-837
-947
-1026
-1127
-1196
-1296
-1416
-1515
-1565
-1583
-1636
-1670
-1686
-1713
-1698
-1679
-1634
-1514
-1400
-1270
-1116
-980
-878
-793
-682
-549
-397
-257
-130
-13
89
183
310
443
589
747
903
1032
1149
1261
1332
1390
1448
1503
1538
1562
1570
1579
1554
1512
1453
1381
1289
1194
1117
1051
968
898
840
778
698
629
585
486
383
284
103
-92
-247
-392
-539
-651
-718
-809
-908
-1032
-1141
-1263
-1385
-1482
-1556
-1587
-1579
-1617
-1651
-1676
-1693
-1604
-1501
-1417
-1335
-1267
-1242
-1181
-1074
-926
-779
-668
-546
-411
-257
-73
126
289
447
583
707
812
893
986
1079
1187
1281
1360
1404
1436
1447
1481
1527
1554
1584
1587
1544
1483
1393
1287
1196
1140
1084
989
881
737
564
451
364
277
202
118
35
-87
-211
-356
-486
-611
-716
-803
-862
-945
-1058
-1190
-1296
-1404
-1512
-1558
-1624
-1659
-1665
-1673
-1626
-1569
-1529
-1491
-1421
-1320
-1183
-1020
-879
-771
-658
-519
-343
-166
17
184
304
411
470
539
650
770
867
954
1022
1097
1179
1261
1368
1475
1563
1633
1651
1609
1544
1453
1345
1262
1208
1134
1081
1012
898
781
657
541
428
329
227
137
74
-16
-104
-217
-370
-495
-619
-725
-829
-940
-1061
-1194
-1291
-1336
-1380
-1414
-1407
-1390
-1376
-1361
-1364
-1378
-1361
-1312
-1264
-1197
-1144
-1097
-1039
-937
-786
-616
-426
-238
-68
100
252
376
459
527
632
742
855
949
997
992
968
977
1016
1063
1140
1184
1200
1211
1184
1148
1097
1061
1047
1042
1054
1010
930
824
686
545
402
282
166
52
-42
-154
-250
-347
-415
-420
-433
-444
-491
-608
-740
-851
-946
-992
-997
-976
-975
-986
-1030
-1077
-1115
-1125
-1051
-975
-895
-818
-781
-754
-714
-590
-417
-258
-82
47
113
141
159
190
252
355
483
613
714
758
763
733
725
782
849
891
919
904
857
812
785
778
766
740
714
691
647
562
464
367
280
230
203
185
163
107
-6
-139
-224
-301
-364
-392
-417
-488
-578
-667
-759
-818
-819
-767
-717
-710
-726
-756
-759
-762
-714
-658
-648
-599
-561
-532
-486
-451
-383
-278
-127
20
100
149
178
202
233
311
397
464
493
499
496
490
481
496
522
534
542
515
501
459
461
481
477
449
405
324
210
120
67
5
-33
-46
-71
-97
-139
-170
-166
-178
-186
-192
-240
-311
-381
-456
-525
-547
-544
-521
-512
-541
-532
-538
-531
-456
-364
-281
-214
-174
-128
-82
-22
53
108
188
261
318
389
421
422
463
526
610
690
708
643
592
571
549
546
582
602
584
560
527
465
368
288
225
179
132
111
57
-38
-146
-259
-335
-391
-427
-453
-446
-455
-509
-546
-576
-592
-599
-590
-579
-583
-597
-632
-645
-639
-635
-608
-546
-491
-440
-392
-352
-331
-317
-250
-163
-72
40
103
145
195
264
342
454
575
663
709
736
778
823
883
912
902
857
800
751
685
661
629
545
474
397
334
289
234
177
107
25
-28
-106
-214
-330
-434
-487
-557
-604
-638
-697
-765
-813
-844
-870
-902
-927
-951
-975
-970
-941
-903
-846
-764
-695
-622
-554
-495
-454
-405
-307
-191
-90
-1
80
160
231
304
411
515
618
729
854
957
1037
1125
1190
1224
1258
1269
1255
1207
1155
1142
1130
1072
1036
973
883
790
706
643
527
388
277
153
9
-79
-179
-298
-412
-532
-659
-784
-901
-989
-1078
-1153
-1222
-1272
-1267
-1273
-1292
-1295
-1282
-1245
-1183
-1104
-1069
-1060
-1041
-1008
-942
-854
-756
-651
-564
-481
-349
-204
-50
112
269
420
539
633
741
828
915
1023
1100
1159
1220
1244
1246
1275
1298
1316
1318
1295
1253
1221
1176
1126
1064
984
923
833
735
630
480
332
178
39
-64
-146
-251
-385
-516
-640
-747
-846
-948
-1051
-1142
-1238
-1303
-1345
-1365
-1365
-1367
-1362
-1337
-1338
-1321
-1283
-1219
-1127
-1027
-929
-819
-732
-633
-509
-382
-251
-119
4
105
230
362
500
621
734
833
900
966
1052
1118
1184
1246
1283
1316
1312
1282
1239
1212
1181
1134
1086
1003
929
856
774
666
561
481
375
281
200
103
0
-86
-202
-306
-399
-486
-572
-697
-784
-851
-938
-1014
-1056
-1120
-1165
-1189
-1192
-1174
-1137
-1122
-1124
-1088
-1044
-971
-866
-746
-632
-528
-424
-330
-217
-118
-25
90
229
343
447
548
620
669
715
750
804
862
892
916
916
895
873
850
856
862
843
833
821
771
698
617
514
448
386
327
268
193
124
76
2
-67
-121
-189
-261
-323
-370
-455
-525
-557
-598
-630
-646
-690
-753
-806
-831
-849
-838
-832
-808
-762
-721
-665
-601
-533
-451
-355
-270
-193
-150
-122
-63
23
94
163
248
303
346
418
467
493
536
575
589
601
590
561
530
514
512
509
532
522
484
460
413
368
310
218
142
122
99
77
81
69
25
-49
-119
-192
-261
-326
-376
-430
-486
-516
-531
-532
-529
-517
-513
-506
-480
-444
-390
-331
-297
-269
-269
-282
-268
-222
-170
-110
-28
21
54
72
78
111
152
180
222
271
289
325
333
330
318
317
324
323
341
370
371
340
311
282
271
276
291
262
219
166
120
73
22
-22
-66
-88
-143
-162
-166
-196
-229
-257
-272
-288
-288
-267
-216
-208
-212
-204
-199
-184
-181
-191
-171
-165
-151
-87
-22
26
67
102
143
177
235
292
320
346
350
321
282
266
266
276
287
278
270
223
180
167
149
156
156
147
144
118
53
11
-9
-40
-63
-76
-98
-157
-218
-290
-359
-409
-466
-482
-472
-473
-466
-477
-507
-533
-529
-502
-463
-417
-391
-373
-357
-323
-300
-246
-175
-112
-47
14
85
125
181
255
327
373
403
442
475
512
539
554
522
468
424
416
417
421
427
440
449
429
378
340
308
261
239
220
195
138
69
-4
-79
-151
-247
-307
-339
-392
-446
-485
-515
-545
-555
-555
-546
-530
-507
-498
-509
-511
-527
-547
-527
-510
-478
-429
-381
-332
-270
-186
-91
-13
49
119
170
203
256
331
402
464
537
584
594
598
606
624
641
667
673
673
646
623
608
571
548
545
558
545
508
468
394
297
208
132
61
20
-10
-57
-109
-192
-263
-333
-376
-422
-468
-495
-550
-606
-674
-714
-739
-752
-761
-752
-738
-745
-746
-716
-673
-616
-545
-447
-360
-287
-201
-168
-165
-117
-78
-19
60
111
155
198
251
335
394
427
464
490
531
601
654
656
650
648
636
636
634
622
586
539
480
427
375
339
306
279
278
244
194
145
87
4
-62
-99
-145
-191
-250
-314
-354
-421
-482
-508
-532
-537
-524
-505
-492
-470
-483
-517
-540
-547
-544
-540
-528
-516
-498
-488
-462
-406
-343
-266
-207
-135
-78
-40
7
30
78
140
200
234
252
274
307
315
325
356
393
409
429
450
455
444
449
467
480
475
455
433
401
368
317
276
232
222
220
194
165
105
37
-17
-45
-84
-96
-99
-101
-109
-136
-165
-191
-167
-145
-139
-158
-199
-237
-285
-305
-302
-305
-290
-276
-248
-233
-226
-232
-233
-222
-221
-210
-195
-194
-177
-147
-107
-46
8
36
49
63
67
93
138
179
199
223
241
249
272
276
273
262
257
242
242
239
245
223
217
219
206
180
176
186
180
157
143
139
96
58
21
22
-12
-35
-28
-20
-28
-58
-80
-137
-193
-217
-235
-248
-241
-206
-179
-188
-231
-287
-340
-364
-361
-353
-358
-360
-350
-344
-309
-277
-255
-239
-210
-192
-175
-135
-107
-93
-74
-24
23
48
48
41
36
47
75
109
152
169
171
195
223
241
263
283
293
297
283
278
279
286
285
298
327
300
259
234
220
200
196
204
185
144
104
60
-7
-39
-62
-89
-108
-126
-128
-128
-127
-136
-145
-170
-190
-209
-221
-240
-246
-234
-219
-197
-177
-148
-134
-136
-152
-173
-187
-191
-189
-161
-117
-82
-49
-18
18
33
56
92
101
105
146
185
205
244
286
300
296
327
324
305
294
273
257
270
270
285
298
274
258
231
191
135
98
54
21
7
-27
-72
-109
-146
-192
-211
-216
-224
-236
-260
-284
-294
-294
-284
-273
-252
-261
-273
-265
-277
-257
-241
-219
-200
-175
-170
-188
-207
-219
-208
-168
-136
-111
-87
-70
-67
-38
11
57
106
118
129
148
150
164
180
201
231
237
217
189
159
127
147
188
200
222
216
191
148
105
73
47
23
-13
-31
-46
-68
-66
-84
-88
-92
-113
-138
-133
-122
-116
-97
-110
-125
-128
-107
-102
-80
-66
-64
-36
-47
-52
-37
-40
-34
-6
33
50
36
38
45
49
68
116
140
164
196
201
200
175
157
146
136
133
131
127
120
111
101
91
85
71
64
85
83
53
40
32
5
-30
-43
-48
-69
-81
-91
-123
-139
-132
-114
-77
-48
-23
-27
-40
-60
-78
-93
-101
-76
-59
-57
-78
-95
-107
-125
-112
-96
-76
-47
-39
-45
-36
-9
25
72
110
134
116
82
50
35
22
32
55
75
82
75
79
57
44
36
40
36
5
-12
-27
-57
-89
-86
-95
-102
-95
-104
-119
-119
-120
-140
-146
-131
-124
-118
-95
-54
-36
-40
-28
-32
-36
-34
-40
-37
-26
-36
-47
-35
-14
19
44
57
82
104
119
121
125
130
145
171
184
209
221
176
137
95
66
55
65
81
94
114
120
111
86
55
43
45
50
52
35
3
-49
-77
-86
-92
-102
-106
-120
-165
-178
-162
-138
-136
-141
-132
-143
-143
-145
-156
-190
-202
-201
-169
-126
-97
-59
-59
-59
-51
-31
6
28
43
39
50
80
102
137
164
178
173
177
194
212
227
219
222
229
242
241
243
235
224
214
207
193
158
134
110
69
61
61
15
-6
-26
-67
-88
-112
-139
-141
-151
-171
-176
-174
-183
-215
-229
-238
-247
-232
-236
-229
-218
-228
-217
-212
-207
-200
-191
-172
-156
-125
-87
-68
-37
-5
13
33
62
88
109
117
110
123
130
152
150
149
154
156
183
215
237
267
264
235
215
207
186
160
123
98
96
73
65
67
35
-12
-47
-78
-99
-132
-147
-157
-182
-185
-173
-179
-190
-181
-193
-199
-206
-236
-281
-333
-342
-331
-305
-281
-243
-214
-193
-171
-147
-123
-99
-63
-29
3
31
44
54
71
81
99
117
142
162
183
193
216
250
281
329
358
372
374
367
362
337
305
275
258
240
230
228
211
182
152
127
124
124
111
108
103
93
69
25
-15
-39
-78
-110
-132
-169
-198
-245
-279
-294
-293
-286
-266
-243
-232
-231
-226
-207
-208
-165
-132
-137
-134
-170
-190
-211
-210
-160
-100
-61
-18
-6
-1
13
17
41
59
80
101
122
125
143
146
136
147
155
150
158
160
144
135
136
144
152
169
186
184
189
207
194
178
146
104
60
-2
-45
-74
-116
-122
-137
-162
-177
-188
-199
-209
-196
-192
-193
-195
-197
-225
-248
-262
-264
-256
-263
-274
-275
-293
-299
-277
-256
-197
-159
-107
-59
-13
26
55
80
110
124
123
127
111
109
114
122
157
205
233
251
268
274
285
315
334
352
355
362
349
334
315
281
254
215
167
132
102
60
32
7
-1
14
17
7
-5
-37
-82
-124
-148
-159
-170
-174
-178
-184
-202
-227
-252
-274
-287
-290
-269
-241
-220
-200
-155
-123
-132
-109
-72
-42
-12
-9
-22
-29
-26
-14
15
42
50
70
89
113
139
133
148
178
200
226
251
232
218
230
219
191
166
152
128
119
119
112
108
105
91
96
93
59
50
14
-27
-59
-85
-95
-118
-127
-145
-179
-208
-226
-243
-260
-259
-247
-236
-229
-220
-202
-202
-214
-213
-217
-218
-206
-196
-184
-169
-173
-166
-155
-158
-144
-137
-120
-80
-33
-7
38
76
93
119
136
155
167
162
174
201
202
214
241
251
240
241
249
231
221
203
186
176
187
189
173
157
150
127
107
79
51
8
-37
-67
-95
-102
-110
-116
-119
-119
-106
-87
-87
-87
-102
-127
-160
-200
-205
-199
-196
-168
-141
-129
-107
-96
-79
-65
-39
1
42
72
97
136
140
148
161
146
142
162
159
176
194
199
211
209
223
225
242
267
282
284
278
249
204
161
132
112
57
23
3
-25
-31
-56
-85
-107
-139
-172
-197
-210
-230
-237
-249
-251
-277
-297
-303
-306
-293
-289
-283
-301
-307
-315
-341
-326
-304
-287
-250
-215
-171
-143
-115
-80
-55
-18
23
46
61
71
92
102
119
153
170
179
185
190
218
234
233
242
257
267
282
279
256
248
212
192
179
169
169
150
119
98
69
34
14
-7
-4
-14
-33
-45
-49
-74
-113
-123
-142
-174
-194
-217
-250
-267
-283
-300
-290
-267
-235
-203
-165
-133
-106
-80
-65
-45
-27
-18
-16
-2
-8
-7
-1
22
45
78
122
153
178
203
229
245
264
280
287
284
285
262
243
224
190
166
157
154
145
138
129
101
84
79
84
90
87
63
17
-24
-78
-119
-139
-173
-178
-165
-171
-175
-195
-221
-245
-238
-228
-219
-194
-183
-174
-174
-186
-191
-189
-177
-162
-140
-115
-95
-74
-49
-22
6
31
53
58
88
122
142
167
179
189
178
168
158
138
125
119
113
104
113
132
165
174
164
141
111
101
89
86
55
31
19
-17
-50
-63
-78
-82
-106
-120
-122
-150
-165
-161
-170
-171
-171
-175
-176
-157
-144
-142
-132
-135
-127
-125
-128
-125
-116
-111
-83
-52
-34
-22
-17
-7
17
28
43
69
85
111
136
159
159
142
132
109
95
101
117
109
116
136
165
188
182
167
138
102
68
43
24
17
21
32
31
19
5
-20
-44
-50
-67
-88
-97
-120
-141
-136
-109
-86
-72
-62
-72
-83
-101
-117
-118
-120
-118
-98
-73
-53
-33
-32
-39
-34
-28
-12
14
38
34
26
9
-11
-1
36
66
104
143
147
163
169
151
146
146
144
147
152
147
137
108
86
98
103
109
127
112
90
86
60
33
23
22
22
30
44
29
-4
-34
-33
-46
-57
-61
-74
-92
-106
-125
-130
-126
-127
-132
-123
-122
-143
-163
-180
-181
-178
-169
-161
-167
-183
-192
-184
-174
-142
-115
-101
-96
-82
-68
-49
-19
-10
-9
4
5
-2
-10
4
14
36
48
83
123
113
115
112
111
101
88
79
76
51
35
42
51
58
71
76
80
84
56
47
61
59
34
20
9
-2
-16
-8
11
0
-14
-35
-64
-84
-104
-95
-52
-30
-8
-7
-23
-42
-51
-54
-34
-4
15
46
57
50
37
19
7
8
1
10
20
13
11
10
20
33
48
42
50
46
49
43
38
53
57
62
69
67
65
59
53
54
55
65
92
109
116
107
90
70
38
27
20
17
13
32
27
16
24
12
3
5
-3
-1
12
22
26
18
26
19
15
14
9
-9
-26
-55
-71
-73
-65
-30
-4
19
20
12
-1
-51
-68
-73
-79
-70
-53
-34
-43
-57
-68
-54
-54
-61
-65
-54
-55
-59
-69
-73
-66
-77
-80
-80
-88
-101
-101
-95
-82
-75
-67
-61
-53
-76
-101
-109
-115
-103
-92
-78
-68
-64
-63
-64
-57
-56
-53
-33
-16
2
23
31
31
29
23
11
6
11
25
31
16
-1
-26
-37
-24
8
51
83
102
91
78
71
48
18
16
33
52
79
92
90
79
77
71
79
89
96
99
88
79
62
68
73
69
69
71
81
92
78
72
77
79
89
102
108
100
82
64
41
26
31
34
26
17
31
28
27
38
42
33
30
14
1
-33
-66
-77
-84
-71
-46
-16
0
3
-9
-26
-25
-25
-7
14
14
16
22
7
-20
-33
-43
-47
-40
-24
-17
-10
-18
-11
-2
-4
14
12
10
7
13
1
-8
-15
-39
-65
-76
-66
-56
-62
-77
-82
-113
-124
-124
-123
-112
-99
-90
-69
-64
-61
-54
-58
-58
-60
-68
-100
-117
-133
-156
-157
-143
-139
-110
-73
-47
-36
-8
10
17
31
36
37
29
12
-5
-9
4
13
29
53
71
87
107
125
137
130
133
152
166
158
140
119
91
70
63
64
41
24
8
2
5
3
-2
11
25
40
57
44
27
0
-24
-31
-36
-46
-50
-58
-75
-104
-117
-113
-98
-67
-34
-18
-2
3
5
18
21
28
39
37
21
8
-4
-4
-11
-12
-2
10
31
54
87
114
117
115
127
124
121
122
116
109
98
84
67
53
28
25
39
48
43
15
-8
-22
-25
-20
-32
-29
-22
-6
1
