SAMPLES:	9414
BITSPERSAMPLE:	16
CHANNELS:	1
SAMPLERATE:	16000
NORMALIZED:	FALSE
-8
-6
-8
-7
-5
-6
-7
-10
-11
-9
-10
-12
-10
-10
-7
-4
-3
-2
-1
-3
-4
-4
-3
0
5
4
3
4
3
4
3
3
3
2
5
10
11
9
7
5
2
-2
-1
0
2
3
4
1
1
0
0
2
4
2
1
0
-1
-2
0
1
0
-1
-2
-4
-3
-2
-3
0
1
2
4
2
1
-3
-3
-2
2
3
5
5
4
6
6
7
6
3
2
1
4
6
4
3
3
3
5
7
7
5
0
-3
-3
-3
-1
-2
-1
-1
-3
-4
-3
-3
-4
-5
-5
-6
-5
-5
-5
-5
-5
-5
-5
-4
-4
-5
-5
-5
-7
-9
-11
-9
-3
1
5
6
2
-2
-4
-6
-6
-3
0
4
7
7
7
4
0
0
4
9
11
11
9
7
3
2
4
4
3
3
2
-2
-5
-7
-7
-4
-3
2
3
2
1
-1
-1
-3
-5
-5
-3
-3
-4
-3
-5
-5
-4
-2
1
0
0
-2
-6
-5
-3
0
4
7
6
6
4
1
1
2
4
6
7
8
6
5
3
2
5
9
10
12
11
8
4
1
3
5
9
11
11
8
6
2
-4
-6
-7
-7
-3
0
1
0
-1
-1
-3
-3
-4
-1
2
-1
-4
-7
-9
-10
-11
-9
-6
-6
-7
-5
-3
-1
-1
-1
-4
-4
-2
-5
-3
-3
-7
-10
-9
-7
-5
-1
-4
-6
-8
-8
-6
-3
-2
-2
-1
1
3
4
5
4
5
5
2
1
2
0
2
3
4
4
2
5
8
7
5
3
-1
-3
-1
1
8
14
14
15
14
12
12
8
9
10
14
12
59
75
30
-39
-64
4
44
21
-20
-24
-32
-50
-62
-35
-2
-21
-54
-55
-50
-40
-36
-16
4
-23
-30
-13
19
29
10
3
21
39
51
63
63
53
37
34
53
57
37
17
-1
-2
-12
-24
-26
-30
-42
-48
-35
-26
-25
-21
-15
-13
-16
-10
8
22
16
2
-2
8
17
20
17
12
0
-4
0
-6
-20
-31
-31
-27
-26
-32
-39
-42
-39
-33
-30
-26
-22
-17
-7
0
-2
-1
5
15
25
34
43
45
45
44
43
49
37
34
43
51
48
38
43
32
13
-7
-3
10
4
-9
-14
-14
-26
-33
-23
-3
-1
-17
-20
-7
-5
-2
-2
-1
-4
-4
1
2
-4
-11
-6
3
7
-8
-15
-8
-4
-8
-10
-13
-16
-21
-16
-7
-2
3
1
-8
-5
-6
-5
1
9
14
13
23
27
31
29
33
35
35
29
26
23
21
22
21
18
6
0
-2
-7
-21
-30
-35
-28
-19
-23
-36
-43
-38
-34
-34
-34
-35
-35
-25
-16
-14
-21
-24
-17
-17
-18
-23
-31
-29
-33
-37
-41
-38
-28
-20
-10
-5
-7
-12
-12
-2
-3
-6
-6
0
13
22
30
29
20
20
24
35
44
49
51
49
40
36
41
49
42
31
29
35
32
28
20
16
17
18
23
17
17
11
-5
-20
-20
-6
-4
-9
-9
-6
-10
-22
-22
-9
7
14
11
6
-7
-12
-21
-34
-42
-44
-38
-27
-30
-47
-58
-54
-41
-26
-19
-21
-14
-8
-5
-15
-13
-11
14
100
168
151
67
35
97
164
157
136
136
124
83
48
51
76
55
0
-28
-55
-71
-83
-80
-92
-142
-188
-177
-131
-117
-140
-164
-160
-133
-97
-49
-13
-9
-7
14
61
105
99
78
74
66
77
74
68
54
0
-52
-80
-75
-71
-82
-122
-152
-166
-161
-135
-118
-106
-95
-83
-50
-17
3
19
23
36
51
72
83
68
48
25
2
-15
-20
-1
29
33
0
-48
-47
117
258
241
124
94
201
293
277
252
301
284
189
127
163
215
190
119
79
18
-23
-26
5
-19
-125
-204
-221
-197
-215
-261
-284
-264
-242
-208
-147
-95
-93
-89
-56
32
111
132
102
66
35
28
50
26
-31
-117
-161
-170
-197
-245
-279
-300
-322
-339
-310
-262
-220
-216
-214
-173
-129
-65
-1
34
65
75
127
170
177
159
192
209
232
166
238
598
684
450
135
209
493
616
476
465
523
356
172
132
255
324
199
87
57
-37
-82
-108
-93
-239
-406
-455
-367
-315
-421
-515
-522
-439
-370
-300
-204
-169
-187
-151
-58
70
55
32
40
70
53
18
33
42
-28
-162
-192
-167
-186
-229
-278
-334
-385
-394
-300
-216
-185
-214
-205
-111
-26
26
52
75
31
11
75
150
162
146
143
145
163
157
169
113
167
534
747
578
180
119
452
745
672
542
542
400
247
214
327
388
246
113
113
51
-35
-132
-132
-180
-322
-421
-385
-317
-396
-518
-564
-486
-414
-323
-200
-172
-224
-271
-169
74
164
97
-6
1
30
-9
-37
-83
-182
-314
-336
-303
-347
-443
-491
-463
-454
-502
-505
-444
-379
-380
-334
-227
-99
3
53
41
45
115
222
220
255
893
1369
1252
704
563
958
1330
1222
1036
1215
1041
656
444
605
777
532
133
120
59
-69
-216
-258
-436
-754
-877
-744
-565
-737
-1006
-1121
-981
-829
-715
-559
-411
-387
-342
-222
91
294
268
169
143
110
18
16
27
-54
-366
-560
-534
-511
-613
-701
-755
-806
-846
-788
-649
-537
-584
-671
-552
-272
-60
-6
17
12
42
147
240
423
1231
1858
1756
1061
832
1441
1988
1832
1441
1568
1528
1162
777
872
1175
968
497
346
236
82
-149
-274
-505
-924
-1208
-1061
-738
-919
-1335
-1566
-1354
-1063
-920
-819
-772
-801
-632
-248
161
263
184
84
179
252
171
129
125
132
-192
-488
-606
-615
-703
-805
-960
-1172
-1252
-1146
-970
-1030
-1307
-1316
-946
-521
-330
-347
-356
-294
-149
92
1148
2349
2501
1756
1194
1677
2584
2862
2432
2300
2295
2014
1718
1581
1605
1371
891
722
547
249
-118
-341
-539
-922
-1221
-1316
-1187
-1238
-1514
-1720
-1774
-1650
-1465
-1242
-1018
-1016
-1004
-807
-385
22
119
-87
-210
-14
209
304
113
-162
-377
-472
-424
-515
-823
-917
-895
-926
-980
-1104
-1063
-927
-948
-1061
-1045
-755
-333
-42
31
-19
-13
-58
755
2067
2585
2014
1340
1633
2394
2736
2441
2457
2541
2144
1559
1344
1410
1444
1168
954
649
259
-40
-99
-130
-591
-1078
-1327
-1131
-1036
-1315
-1679
-1835
-1780
-1654
-1509
-1360
-1364
-1348
-1170
-799
-406
-293
-340
-355
-242
-246
-295
-246
-191
-301
-501
-622
-652
-835
-1003
-1055
-1088
-1154
-1181
-1124
-1083
-1155
-1154
-1070
-758
-440
-215
-127
-56
-9
468
1615
2244
2165
1616
1776
2494
3062
2785
2433
2540
2515
2301
1992
1778
1552
1217
1156
1292
1025
628
204
25
-231
-501
-805
-902
-933
-1185
-1518
-1745
-1712
-1613
-1433
-1251
-1248
-1350
-1235
-856
-319
-103
-192
-353
-221
-1
129
33
-176
-416
-622
-617
-581
-686
-905
-1067
-1195
-1280
-1203
-1163
-1293
-1468
-1529
-1375
-1174
-835
-704
-560
-465
-333
-158
771
1787
1986
1527
1277
1820
2518
2799
2459
2402
2394
2231
1920
1837
1725
1647
1406
1252
933
487
302
251
97
-330
-651
-930
-958
-1110
-1374
-1622
-1725
-1822
-1682
-1489
-1229
-1146
-1012
-818
-579
-282
-58
75
-12
-6
-75
-65
-41
-76
-270
-415
-490
-630
-805
-874
-1039
-1317
-1559
-1621
-1484
-1391
-1361
-1396
-1245
-926
-801
-666
-424
-99
-75
278
1352
2074
1925
1372
1606
2438
2923
2722
2591
2793
2623
2155
1950
1989
1827
1374
1130
1045
797
445
155
-74
-393
-710
-807
-732
-823
-1302
-1690
-1710
-1482
-1402
-1413
-1403
-1352
-1128
-827
-553
-339
-234
-235
-124
125
284
152
-95
-163
-154
-309
-430
-560
-725
-829
-1035
-1226
-1334
-1333
-1394
-1490
-1540
-1451
-1319
-1069
-922
-930
-897
-616
-427
53
1232
1829
1620
1228
1664
2602
2885
2433
2305
2807
2994
2499
2037
1986
1957
1622
1337
1273
1007
513
133
8
-345
-814
-1004
-935
-908
-1344
-1834
-1868
-1756
-1681
-1592
-1350
-1190
-1154
-1062
-784
-389
-197
-177
-182
87
300
254
140
76
-88
-365
-544
-523
-540
-610
-805
-1105
-1334
-1437
-1413
-1462
-1486
-1462
-1395
-1259
-1197
-1107
-1081
-795
-672
-109
955
1481
1350
869
1297
2133
2650
2525
2419
2521
2390
2254
2254
2274
2127
1687
1569
1524
1196
873
709
681
158
-342
-638
-627
-717
-1150
-1496
-1610
-1564
-1579
-1603
-1435
-1325
-1254
-1065
-735
-506
-459
-374
-242
40
101
27
-27
29
31
-71
-162
-259
-442
-547
-528
-621
-907
-1170
-1237
-1295
-1280
-1188
-1088
-1065
-1098
-1006
-760
-600
-607
104
1100
1419
942
697
1473
2297
2419
2090
2241
2415
2219
2104
2271
2183
1673
1346
1472
1483
1042
520
433
291
-223
-633
-680
-580
-936
-1524
-1843
-1687
-1568
-1530
-1463
-1417
-1428
-1287
-904
-507
-408
-545
-656
-421
-28
39
-38
-154
-127
-120
-38
-50
-228
-519
-705
-770
-873
-973
-1028
-1032
-1124
-1151
-1117
-916
-804
-796
-776
-706
-707
-372
711
1342
1096
695
951
1929
2514
2338
2085
2249
2303
2012
1844
1902
1986
1630
1313
1255
1028
743
476
377
69
-409
-728
-842
-885
-1222
-1685
-1859
-1754
-1660
-1580
-1531
-1560
-1575
-1294
-865
-503
-397
-492
-468
-203
161
262
162
95
101
85
129
158
-33
-360
-612
-753
-741
-776
-932
-1027
-1012
-1004
-891
-837
-787
-739
-682
-648
-588
314
1311
1575
1033
779
1402
2122
2445
2450
2490
2367
2020
1935
2108
2254
1905
1458
1432
1369
1059
634
463
247
-229
-641
-839
-781
-919
-1382
-1790
-2020
-2017
-1828
-1546
-1443
-1578
-1694
-1465
-871
-421
-291
-536
-626
-338
6
251
174
-117
-370
-297
24
75
-191
-515
-788
-855
-852
-873
-985
-1078
-1037
-817
-640
-887
-1027
-928
-614
-588
-83
932
1395
1154
782
1144
1875
2243
2225
2401
2658
2427
2098
2043
2233
2254
1877
1671
1449
1241
951
713
506
103
-304
-604
-706
-900
-1248
-1619
-1917
-2074
-2186
-2098
-1922
-1868
-1745
-1688
-1410
-970
-593
-496
-615
-583
-351
-94
22
-14
-162
-274
-273
-203
-166
-203
-449
-703
-917
-923
-853
-811
-714
-751
-727
-756
-732
-651
-513
-605
-202
873
1380
1214
730
1052
1826
2242
2255
2318
2458
2340
2193
2049
2069
2065
1821
1820
1656
1397
1120
894
688
260
-30
-262
-414
-834
-1282
-1581
-1753
-1823
-1977
-1924
-1811
-1817
-1795
-1678
-1419
-1175
-985
-829
-833
-780
-700
-424
-229
-207
-325
-372
-192
-117
-178
-257
-343
-372
-468
-558
-617
-721
-726
-638
-419
-468
-658
-803
-694
-460
262
1030
1112
827
822
1443
2005
2017
1868
2342
2588
2207
1843
1941
2176
2221
1948
1777
1732
1488
1248
1127
827
280
-20
-142
-179
-601
-1295
-1626
-1577
-1593
-1692
-1807
-1794
-1712
-1664
-1567
-1419
-1320
-1290
-1232
-1045
-885
-901
-872
-744
-642
-757
-833
-755
-605
-663
-784
-934
-925
-848
-869
-833
-827
-772
-528
-151
-69
-451
-656
-479
240
1248
1420
1018
706
1115
1848
2207
2073
2102
2372
2251
2098
1996
1994
2001
1762
1634
1633
1505
1384
1217
862
299
13
69
166
5
-560
-1136
-1391
-1314
-1232
-1343
-1533
-1662
-1634
-1521
-1333
-1118
-1033
-1127
-1237
-1163
-1006
-949
-966
-1015
-1073
-1212
-1258
-1164
-1016
-989
-1150
-1286
-1178
-902
-810
-872
-918
-774
-422
-241
-229
-237
-332
35
1162
1840
1788
1271
1150
1776
2291
2277
2220
2559
2549
2384
2206
2171
2296
2032
1777
1624
1450
1334
1144
930
457
93
-24
28
-12
-422
-815
-1081
-1013
-967
-1060
-1274
-1472
-1403
-1303
-1188
-1076
-1032
-988
-1011
-973
-991
-1094
-1157
-1194
-1181
-1353
-1507
-1566
-1505
-1396
-1481
-1523
-1582
-1499
-1374
-1232
-1149
-1103
-791
-648
-678
-600
-442
36
1102
1723
1513
1217
1320
1909
2306
2290
2257
2580
2599
2201
1935
1923
2086
2031
1772
1549
1426
1327
1152
851
378
-66
-97
-34
-48
-354
-974
-1248
-1150
-1100
-1094
-1084
-1156
-1208
-1077
-878
-660
-508
-554
-663
-562
-432
-559
-665
-684
-787
-986
-1112
-1124
-1159
-1214
-1288
-1470
-1548
-1449
-1416
-1470
-1410
-1252
-1049
-693
-546
-606
-789
-135
1115
1728
1434
1012
1276
1949
2382
2226
2432
2729
2566
2265
2253
2235
2185
1906
1594
1393
1192
1111
1045
773
231
-182
-399
-245
-259
-588
-971
-1269
-1360
-1236
-1152
-1230
-1291
-1146
-1018
-787
-455
-327
-472
-628
-546
-514
-535
-498
-490
-685
-995
-1259
-1298
-1248
-1227
-1388
-1591
-1723
-1773
-1631
-1434
-1376
-1467
-1322
-1121
-839
-716
-634
299
1223
1440
952
844
1514
2316
2359
2078
2419
2651
2533
2267
2257
2202
2077
1888
1775
1582
1299
1042
896
566
-41
-261
-268
-233
-526
-998
-1291
-1282
-1157
-1025
-906
-1090
-1337
-1212
-851
-442
-326
-457
-548
-488
-370
-399
-439
-511
-525
-630
-784
-925
-1030
-1084
-1204
-1377
-1573
-1656
-1561
-1407
-1348
-1318
-1268
-1022
-739
-714
-792
-164
970
1499
1273
925
1256
1970
2192
1960
2268
2727
2573
2122
2028
2158
2201
2021
1692
1457
1131
975
929
743
86
-469
-535
-417
-352
-756
-1263
-1534
-1464
-1159
-938
-1016
-1247
-1237
-959
-644
-391
-379
-549
-583
-350
-202
-276
-386
-426
-486
-619
-817
-1020
-1079
-1107
-1234
-1437
-1644
-1730
-1599
-1321
-1191
-1214
-1207
-1038
-811
-748
-297
660
1216
1074
935
1345
2103
2257
2015
2265
2881
2935
2304
2083
2115
2260
2101
1976
1768
1295
990
929
984
441
-243
-583
-500
-436
-765
-1184
-1471
-1596
-1570
-1381
-1165
-1286
-1446
-1322
-979
-639
-520
-575
-648
-562
-397
-270
-245
-286
-388
-525
-647
-797
-929
-962
-1129
-1399
-1596
-1582
-1484
-1439
-1408
-1403
-1285
-1092
-966
-1013
-422
569
1036
901
898
1280
1840
2162
2161
2424
2742
2711
2473
2546
2483
2193
1984
1904
1726
1371
1039
905
670
195
-228
-486
-605
-705
-1023
-1404
-1563
-1650
-1694
-1581
-1481
-1502
-1452
-1362
-1165
-837
-539
-545
-571
-370
-249
-206
-104
-86
-240
-359
-454
-582
-721
-817
-961
-1089
-1179
-1258
-1414
-1377
-1143
-1077
-1130
-1048
-856
-676
257
998
1135
980
1072
1569
2116
2251
2156
2562
2881
2730
2453
2439
2508
2448
2196
2056
1771
1477
1191
937
520
84
-223
-482
-595
-808
-1250
-1630
-1774
-1873
-1844
-1696
-1644
-1691
-1576
-1541
-1287
-943
-765
-820
-752
-476
-411
-470
-496
-447
-444
-476
-548
-713
-876
-998
-1151
-1311
-1302
-1226
-1287
-1225
-1169
-1070
-1038
-1071
-1027
-187
862
1090
803
829
1476
2056
2186
2048
2374
2770
2722
2527
2441
2433
2410
2252
2122
1799
1479
1266
1143
725
93
-241
-525
-682
-867
-1218
-1626
-1928
-1999
-1835
-1620
-1617
-1791
-1760
-1589
-1269
-1017
-882
-912
-922
-691
-476
-352
-334
-353
-492
-601
-579
-604
-669
-868
-1040
-1145
-1198
-1012
-962
-951
-963
-922
-913
-862
-722
99
1137
1240
846
848
1620
2367
2652
2339
2411
2743
2887
2909
2847
2669
2396
2412
2446
2230
1702
1334
1158
863
275
-168
-390
-596
-838
-1283
-1736
-1967
-2041
-1988
-1845
-1938
-2210
-2161
-1800
-1481
-1259
-1195
-1184
-1073
-860
-668
-561
-565
-591
-640
-688
-697
-737
-820
-904
-1092
-1330
-1418
-1367
-1287
-1187
-1068
-1041
-1021
-872
-872
-220
757
1127
777
658
1384
2213
2668
2372
2449
2746
2991
2984
2852
2822
2756
2683
2579
2401
2037
1724
1531
1124
534
163
-47
-198
-573
-1047
-1613
-1878
-1865
-1808
-1792
-1862
-1994
-1972
-1758
-1556
-1345
-1140
-1104
-1086
-908
-697
-583
-683
-687
-702
-798
-940
-1006
-1032
-1137
-1221
-1438
-1580
-1689
-1612
-1406
-1269
-1156
-1285
-1365
-1181
2
1045
1042
379
410
1559
2434
2429
2016
2356
2779
2882
2976
3012
2963
2724
2560
2544
2401
2038
1715
1667
1268
632
204
54
-15
-371
-952
-1436
-1680
-1811
-1775
-1736
-1837
-1955
-1830
-1601
-1345
-1188
-1211
-1234
-941
-662
-680
-750
-786
-716
-735
-802
-900
-1055
-1121
-1150
-1220
-1355
-1492
-1574
-1624
-1564
-1428
-1281
-1264
-1453
-947
226
928
553
204
874
1949
2415
2123
2270
2776
2991
2894
2876
2950
2949
2837
2815
2652
2252
1908
1920
1787
1116
479
206
167
-76
-566
-1077
-1416
-1655
-1676
-1582
-1618
-1866
-1923
-1715
-1382
-1212
-1227
-1317
-1297
-990
-690
-575
-762
-945
-929
-775
-685
-778
-999
-1229
-1309
-1345
-1374
-1402
-1504
-1534
-1369
-1189
-1106
-1287
-1029
125
804
606
69
516
1466
2159
2059
2014
2497
2685
2661
2620
2699
2711
2750
2781
2701
2226
1783
1709
1758
1298
704
230
47
-40
-380
-873
-1376
-1649
-1694
-1535
-1464
-1651
-1928
-1964
-1774
-1409
-1200
-1209
-1376
-1243
-958
-764
-740
-857
-951
-1059
-1018
-910
-960
-1174
-1404
-1604
-1699
-1635
-1447
-1437
-1414
-1461
-1325
-1224
-835
150
747
699
173
582
1510
2166
2037
2009
2498
2682
2747
2826
3061
2956
2652
2539
2644
2463
2001
1804
1730
1335
839
426
313
69
-369
-797
-1037
-1234
-1383
-1421
-1529
-1607
-1634
-1610
-1486
-1217
-1101
-1031
-1088
-979
-852
-755
-709
-678
-710
-735
-757
-862
-905
-1027
-1222
-1595
-1786
-1758
-1621
-1515
-1494
-1647
-1598
-1689
-1003
168
676
262
-286
485
1527
2117
1699
1687
2192
2545
2759
2747
2832
2724
2664
2823
2805
2459
1938
1871
1736
1157
655
358
296
-37
-439
-874
-1166
-1298
-1281
-1245
-1445
-1651
-1599
-1402
-1138
-1011
-954
-914
-931
-796
-604
-399
-444
-525
-610
-718
-740
-756
-842
-948
-1174
-1470
-1747
-1719
-1613
-1479
-1501
-1707
-1883
-1870
-762
232
371
-289
-467
243
1326
1902
1687
1861
2074
2269
2402
2600
2641
2582
2538
2521
2343
2124
1896
1770
1443
908
459
248
223
-111
-636
-1140
-1351
-1453
-1404
-1358
-1464
-1624
-1631
-1441
-1137
-893
-828
-867
-758
-551
-456
-425
-399
-387
-482
-561
-635
-669
-707
-800
-1023
-1294
-1562
-1719
-1667
-1437
-1425
-1583
-1803
-1361
-273
323
300
-236
33
695
1445
1635
1726
2078
2101
2378
2544
2681
2654
2750
2922
2857
2511
2001
1918
1928
1521
981
509
403
225
-138
-569
-933
-1228
-1404
-1257
-1196
-1368
-1578
-1594
-1339
-1041
-913
-935
-918
-737
-598
-466
-462
-475
-521
-551
-513
-606
-762
-902
-1009
-1081
-1305
-1489
-1604
-1452
-1386
-1589
-1890
-1840
-744
55
110
-500
-452
389
1180
1425
1262
1597
1939
2190
2368
2449
2423
2390
2635
2791
2607
2260
1913
1856
1610
1219
799
534
336
-70
-508
-878
-1075
-1270
-1359
-1419
-1675
-1753
-1656
-1532
-1324
-1241
-1246
-1269
-1008
-797
-728
-762
-815
-789
-713
-570
-644
-850
-926
-921
-944
-1168
-1360
-1386
-1225
-1099
-1329
-1617
-1638
-620
202
268
-429
-592
289
1272
1584
1209
1378
1685
2070
2292
2415
2407
2352
2539
2719
2663
2370
2056
2028
1886
1498
995
613
423
101
-192
-589
-896
-1087
-1111
-1051
-1207
-1455
-1618
-1589
-1205
-880
-854
-1168
-1209
-942
-733
-595
-620
-651
-719
-672
-646
-726
-821
-1001
-1039
-1098
-1123
-1189
-1067
-951
-1106
-1386
-1417
-413
220
369
-52
-116
265
900
1304
1284
1573
1548
1685
1912
2195
2295
2271
2315
2274
2294
2291
2009
1729
1339
1172
987
735
382
-84
-326
-503
-708
-986
-1134
-1179
-1302
-1259
-1159
-1268
-1263
-1117
-961
-1068
-1106
-1092
-933
-771
-772
-831
-921
-901
-930
-1052
-1117
-1257
-1322
-1326
-1267
-1407
-1521
-1447
-1377
-1441
-1403
-505
100
276
-99
-13
469
973
1154
1359
1920
1875
1710
1864
2261
2246
2111
2151
2311
2303
2214
2047
1927
1560
1259
1180
1012
692
231
-67
-309
-573
-828
-844
-868
-1112
-1198
-1085
-1049
-888
-820
-913
-1064
-983
-809
-641
-593
-719
-768
-824
-854
-1020
-1169
-1285
-1414
-1443
-1490
-1513
-1626
-1616
-1536
-1390
-1533
-1229
-403
20
-25
-345
-65
529
1015
974
1217
1766
1965
1894
1872
2082
2260
2346
2357
2237
2155
2128
1930
1710
1404
1269
1216
1048
726
276
-71
-264
-390
-468
-584
-682
-752
-684
-739
-833
-724
-538
-528
-706
-651
-566
-528
-566
-685
-778
-879
-865
-866
-1015
-1240
-1467
-1502
-1595
-1708
-1865
-1771
-1724
-1752
-1803
-1120
-337
-392
-737
-700
65
636
773
616
1008
1562
1711
1678
1724
1776
1968
2286
2487
2274
1961
1811
1771
1589
1182
1035
879
722
477
155
-142
-476
-631
-682
-694
-764
-882
-759
-749
-775
-650
-503
-564
-621
-504
-413
-399
-444
-544
-721
-863
-812
-783
-807
-1035
-1331
-1475
-1454
-1387
-1536
-1705
-1799
-1924
-1668
-626
-203
-540
-1078
-716
229
939
847
469
950
1379
1612
1627
1681
1709
1821
2152
2336
2322
2099
1882
1761
1503
1288
1271
1257
970
384
-75
-146
-144
-304
-447
-528
-726
-790
-576
-476
-480
-473
-456
-478
-363
-237
-166
-125
-244
-458
-531
-447
-433
-576
-795
-1109
-1385
-1479
-1335
-1303
-1392
-1605
-1851
-1952
-1223
-282
-301
-909
-1148
-408
446
726
350
485
891
1142
1196
1359
1547
1474
1562
1732
1832
1815
1796
1723
1434
1147
1130
1237
1178
775
202
-273
-400
-385
-342
-464
-693
-852
-779
-643
-570
-486
-455
-493
-429
-199
-68
-54
-57
-64
-238
-423
-454
-416
-450
-680
-1054
-1284
-1293
-1215
-1099
-1194
-1551
-2002
-1660
-507
-30
-576
-1242
-883
-104
521
438
338
605
698
899
1107
1381
1284
1246
1433
1584
1547
1403
1498
1453
1123
894
823
886
693
376
-104
-406
-459
-449
-257
-357
-576
-798
-684
-487
-344
-274
-350
-373
-271
-98
4
6
7
-16
-120
-97
-53
-70
-283
-571
-861
-1017
-945
-870
-914
-1100
-1415
-1541
-673
16
-81
-907
-1141
-445
299
481
223
465
619
816
936
1170
1215
1044
1133
1354
1358
1324
1397
1437
1160
816
680
712
695
388
25
-282
-462
-551
-404
-340
-560
-821
-802
-646
-398
-288
-292
-431
-439
-313
-180
-21
75
100
-2
-21
4
81
7
-280
-619
-831
-835
-726
-628
-743
-1119
-1453
-756
178
286
-461
-873
-331
247
469
72
222
480
549
626
821
1032
893
1059
1245
1227
1074
1052
1108
907
639
434
370
325
145
-90
-394
-546
-704
-724
-589
-610
-767
-839
-832
-787
-612
-445
-453
-480
-374
-289
-161
26
213
97
-110
-166
-92
45
-29
-210
-468
-508
-440
-292
-320
-630
-1070
-716
259
575
75
-424
-150
304
637
443
509
677
667
714
852
987
770
775
962
1058
977
859
926
764
415
199
150
198
95
-45
-382
-590
-749
-808
-749
-838
-936
-937
-823
-789
-656
-496
-498
-514
-455
-452
-447
-314
-19
52
-127
-218
-168
8
45
-98
-335
-405
-341
-175
-57
-225
-651
-563
343
880
576
6
146
665
1082
949
777
871
972
953
948
980
930
900
967
863
686
707
758
708
370
115
-32
-32
-98
-265
-510
-763
-853
-846
-862
-812
-829
-943
-965
-977
-919
-740
-691
-749
-586
-489
-520
-442
-223
-152
-254
-381
-401
-265
-49
-109
-318
-475
-484
-201
2
-7
-355
-542
311
1029
988
310
166
677
1107
1178
880
1200
1306
1214
1103
1116
1079
796
845
897
771
547
436
471
243
-25
-186
-267
-344
-552
-640
-788
-991
-1228
-1210
-1059
-1139
-1119
-967
-841
-777
-688
-622
-700
-646
-604
-630
-615
-464
-202
-191
-343
-556
-537
-263
-194
-332
-460
-469
-418
-181
-45
-173
-479
-7
997
1320
826
348
719
1285
1616
1243
1301
1545
1542
1537
1535
1461
1106
1148
1252
1132
875
702
642
452
179
-28
-149
-233
-532
-702
-818
-1004
-1178
-1190
-1089
-1118
-1163
-1149
-1083
-1033
-916
-781
-792
-760
-630
-634
-681
-693
-493
-394
-426
-538
-592
-423
-359
-455
-648
-681
-612
-336
-168
-241
-517
-397
487
1095
1099
562
680
1149
1652
1607
1380
1546
1501
1584
1609
1749
1501
1289
1382
1377
1327
1154
946
705
382
177
19
-67
-275
-557
-808
-1039
-1156
-1281
-1204
-1281
-1459
-1433
-1225
-1104
-1137
-1048
-1001
-1002
-880
-837
-886
-911
-805
-654
-662
-714
-810
-760
-568
-539
-706
-812
-723
-689
-561
-430
-472
-646
-108
794
1136
860
490
878
1391
1738
1622
1752
1898
1763
1777
1894
1967
1659
1564
1650
1541
1348
1245
1148
806
471
258
72
6
-200
-432
-727
-987
-1171
-1187
-1109
-1216
-1343
-1267
-1171
-1192
-1196
-1147
-1256
-1236
-1053
-985
-942
-870
-711
-710
-768
-818
-857
-703
-654
-799
-886
-877
-892
-860
-658
-669
-862
-799
10
725
880
572
470
903
1402
1713
1648
1778
1704
1657
1925
2124
1993
1734
1782
1899
1803
1662
1464
1252
905
640
537
445
242
-157
-442
-701
-922
-992
-923
-1007
-1283
-1400
-1276
-1263
-1328
-1275
-1210
-1204
-1084
-972
-962
-952
-918
-784
-696
-781
-893
-887
-769
-746
-786
-805
-852
-875
-686
-453
-490
-663
-425
397
744
601
310
530
1107
1533
1562
1561
1825
1816
1857
2039
2066
1925
1924
1964
1925
1771
1586
1408
1210
926
765
673
478
230
-83
-416
-739
-945
-1035
-1052
-1233
-1406
-1437
-1411
-1474
-1467
-1438
-1541
-1566
-1492
-1383
-1327
-1244
-1135
-1086
-1117
-1146
-1028
-849
-872
-1023
-1080
-1069
-1005
-907
-721
-678
-799
-916
-466
324
605
373
81
336
886
1414
1422
1442
1479
1555
1847
2074
2021
1813
1886
2065
2200
2130
1958
1679
1423
1164
1102
1032
809
451
167
-125
-396
-517
-585
-689
-947
-1184
-1218
-1227
-1349
-1320
-1261
-1280
-1289
-1207
-1163
-1132
-1064
-1006
-1061
-1130
-1144
-973
-804
-891
-1087
-1108
-992
-936
-861
-691
-674
-776
-856
-339
349
429
184
65
431
793
1157
1264
1330
1355
1407
1750
2014
1923
1777
1810
2014
2050
1996
1874
1637
1483
1280
1338
1238
1018
698
376
84
-186
-297
-414
-590
-782
-939
-1022
-1220
-1321
-1227
-1176
-1247
-1383
-1392
-1405
-1326
-1177
-1150
-1289
-1397
-1201
-907
-875
-1059
-1219
-1207
-1175
-1081
-972
-913
-1030
-1085
-950
-511
33
152
20
-198
122
626
976
889
814
1026
1174
1443
1545
1587
1550
1655
1921
2042
1970
1821
1713
1654
1524
1466
1421
1254
954
655
480
227
91
-51
-186
-371
-628
-813
-986
-1027
-1002
-1014
-1127
-1330
-1378
-1359
-1264
-1220
-1279
-1374
-1419
-1237
-1098
-1077
-1224
-1357
-1281
-1154
-1030
-972
-965
-1027
-1052
-985
-787
-171
109
75
-98
-15
392
721
866
767
914
1061
1286
1510
1498
1392
1417
1728
1937
1996
2014
1867
1786
1686
1656
1605
1390
1184
984
853
611
376
131
-47
-119
-292
-492
-691
-819
-797
-797
-962
-1282
-1396
-1280
-1072
-993
-1154
-1333
-1386
-1219
-1130
-1146
-1275
-1371
-1272
-1083
-966
-1035
-1155
-1052
-964
-842
-844
-566
-105
82
-44
-196
136
382
583
540
676
927
1045
1177
1232
1217
1210
1437
1691
1789
1837
1764
1696
1732
1744
1732
1476
1235
1047
970
781
566
353
59
-60
-105
-256
-447
-670
-783
-779
-869
-1142
-1307
-1154
-1061
-1099
-1253
-1355
-1362
-1266
-1122
-1136
-1243
-1366
-1332
-1164
-1087
-1157
-1291
-1249
-1018
-924
-859
-956
-720
-332
-100
-219
-353
11
246
504
438
493
575
690
876
991
1091
1121
1414
1704
1780
1677
1547
1533
1684
1754
1699
1437
1222
1098
1119
966
684
399
140
88
70
-85
-350
-586
-667
-674
-717
-825
-855
-769
-843
-909
-950
-941
-1001
-994
-956
-1018
-1076
-1032
-882
-884
-1072
-1200
-1120
-936
-789
-772
-894
-1083
-777
-212
48
-237
-557
-234
202
527
485
485
596
710
968
1140
1162
1091
1343
1713
1749
1633
1682
1852
1923
1837
1720
1501
1301
1161
1093
937
598
350
243
218
120
-144
-397
-574
-645
-622
-645
-839
-1044
-1072
-1079
-1056
-1050
-1085
-1144
-1198
-1231
-1284
-1242
-1219
-1296
-1325
-1336
-1324
-1231
-1096
-1029
-1132
-1189
-1190
-1058
-590
-324
-453
-731
-541
-103
249
257
72
238
517
840
1006
1140
1143
1282
1645
1902
1918
1914
2048
2064
1971
1848
1640
1515
1467
1364
1196
953
690
494
422
271
145
-76
-275
-341
-335
-412
-650
-932
-1014
-946
-928
-939
-999
-1089
-1164
-1152
-1137
-1178
-1287
-1326
-1268
-1204
-1155
-1157
-1140
-1153
-1135
-971
-868
-1051
-1297
-1078
-788
-614
-412
20
246
-10
-320
-434
-47
563
1159
1664
1826
1490
1179
1313
1574
1769
2056
2339
2455
2237
1918
1571
1243
1166
1248
1382
1241
982
637
164
-171
-341
-293
-165
-181
-252
-393
-709
-1139
-1163
-1038
-1057
-1060
-1060
-1106
-1195
-1244
-1281
-1190
-1143
-1154
-1089
-1112
-1193
-1259
-1325
-1299
-1175
-1055
-1025
-1128
-1278
-990
-542
-495
-638
-563
-307
12
194
190
282
576
873
1199
1476
1419
1447
1706
1954
2049
2005
2020
2061
2119
2023
1860
1689
1471
1380
1243
1119
833
464
335
274
92
-157
-293
-556
-624
-569
-731
-1032
-1199
-1099
-914
-1033
-1139
-1238
-1188
-1055
-1254
-1146
-1161
-1350
-1331
-1081
-1217
-1347
-1223
-1364
-1240
-1086
-1126
-1286
-1325
-1236
-1084
-602
-475
-647
-570
-62
44
67
276
321
698
1024
1260
1406
1383
1459
1725
2016
2064
2096
2145
2211
2087
1808
1710
1650
1488
1395
1319
885
708
707
525
260
79
-244
-439
-434
-671
-861
-888
-917
-951
-915
-1028
-1149
-1124
-1049
-1085
-1163
-1170
-1213
-1250
-1235
-1181
-1173
-1202
-1177
-1112
-1080
-1140
-1177
-1109
-1134
-1165
-1078
-924
-601
-347
-269
-259
14
318
509
491
470
848
1190
1354
1475
1539
1597
1789
1984
2039
1974
2053
2156
2226
2080
1758
1608
1537
1487
1275
1022
802
651
466
263
64
-158
-373
-482
-556
-760
-929
-1046
-1125
-1121
-1104
-1156
-1160
-1156
-1166
-1232
-1338
-1397
-1456
-1507
-1514
-1469
-1463
-1498
-1484
-1466
-1482
-1440
-1412
-1281
-1201
-1171
-1127
-909
-497
-264
-217
-246
53
447
697
745
764
990
1185
1365
1545
1592
1649
1770
1919
2056
2066
1984
1978
2049
1978
1834
1610
1426
1368
1226
955
656
394
241
108
-15
-220
-468
-582
-642
-621
-728
-940
-1075
-1064
-993
-1037
-1099
-1214
-1294
-1388
-1417
-1289
-1340
-1468
-1539
-1573
-1511
-1375
-1355
-1373
-1383
-1433
-1208
-856
-771
-830
-815
-664
-247
191
267
158
249
627
925
975
860
920
1258
1466
1567
1689
1807
1817
1804
1904
1995
2040
2001
1917
1796
1637
1541
1418
1281
1066
794
593
505
402
128
-116
-250
-364
-451
-542
-712
-936
-1094
-1134
-1131
-1096
-1246
-1399
-1364
-1376
-1454
-1530
-1613
-1603
-1531
-1503
-1481
-1475
-1508
-1457
-1297
-1195
-1152
-1069
-883
-711
-607
-541
-430
-278
-30
266
289
271
416
689
872
912
939
996
1202
1409
1467
1544
1651
1541
1688
1824
1676
1640
1729
1663
1570
1595
1369
1248
1144
873
761
632
406
183
-38
-202
-259
-343
-472
-536
-714
-849
-917
-982
-1098
-1257
-1405
-1435
-1331
-1301
-1488
-1627
-1548
-1381
-1288
-1337
-1463
-1468
-1267
-1091
-960
-892
-968
-889
-621
-423
-341
-308
-263
-120
76
298
532
549
460
484
782
1107
1090
928
1019
1311
1418
1345
1265
1291
1391
1519
1623
1618
1537
1474
1438
1446
1437
1289
1102
927
771
666
532
348
117
-48
-143
-276
-467
-671
-860
-1054
-1066
-1045
-1140
-1301
-1432
-1436
-1429
-1451
-1459
-1445
-1393
-1376
-1368
-1326
-1304
-1322
-1250
-1127
-988
-815
-664
-585
-499
-379
-268
-111
26
64
89
219
350
544
693
692
644
721
935
1076
1032
891
1012
1222
1240
1177
1153
1222
1321
1360
1420
1399
1280
1229
1316
1398
1225
977
859
872
748
442
163
-2
-126
-285
-447
-644
-898
-1028
-1067
-1081
-1184
-1320
-1388
-1409
-1375
-1401
-1472
-1527
-1510
-1466
-1403
-1332
-1262
-1191
-1067
-951
-828
-688
-617
-547
-435
-344
-305
-228
-82
121
232
249
169
193
369
535
666
652
580
567
797
985
886
768
843
1066
1193
1112
982
1031
1206
1240
1174
1121
1094
1110
1156
1120
969
872
765
664
528
305
72
-107
-226
-366
-447
-490
-646
-815
-895
-941
-961
-985
-1084
-1164
-1148
-1087
-1077
-1060
-996
-931
-860
-822
-740
-607
-472
-433
-480
-412
-261
-187
-168
-117
-69
-27
18
43
101
207
262
336
411
472
463
491
518
441
384
416
562
625
582
509
539
704
745
677
691
816
905
876
868
845
790
713
634
579
494
380
269
203
136
-34
-223
-301
-353
-449
-554
-688
-782
-796
-761
-806
-817
-864
-937
-864
-725
-713
-784
-803
-735
-629
-613
-622
-585
-503
-461
-454
-440
-341
-242
-195
-160
-153
-159
-132
-76
37
149
237
243
251
276
227
178
169
295
360
363
315
336
423
404
342
332
455
550
521
433
420
493
558
560
600
645
598
514
454
426
370
252
139
144
126
14
-48
-100
-156
-238
-305
-265
-210
-264
-372
-359
-281
-293
-425
-501
-430
-336
-328
-367
-352
-239
-143
-197
-222
-185
-178
-208
-217
-136
-96
-169
-251
-180
-28
-15
-72
-36
44
44
-7
-33
-56
-42
-23
26
141
173
128
70
55
7
29
87
49
33
38
123
125
151
220
202
205
282
386
432
450
441
470
509
513
551
600
531
417
333
328
290
217
131
84
141
149
62
-43
-74
-81
-100
-126
-169
-159
-115
-102
-147
-211
-193
-172
-219
-260
-257
-234
-252
-308
-319
-309
-302
-377
-468
-463
-415
-392
-449
-548
-612
-573
-485
-460
-529
-557
-514
-468
-473
-502
-396
-323
-337
-318
-247
-159
-155
-161
-106
27
163
231
293
472
580
553
496
558
647
612
616
632
721
702
630
603
619
630
528
487
516
523
478
371
247
180
170
156
167
208
205
158
79
-3
-67
-114
-180
-192
-197
-241
-297
-381
-427
-474
-564
-631
-631
-574
-587
-670
-718
-712
-676
-659
-594
-549
-471
-488
-568
-509
-411
-354
-319
-230
-103
4
-45
-124
-44
126
263
313
362
463
546
548
550
609
647
645
642
677
728
699
646
628
683
729
729
689
652
663
655
631
585
505
428
396
390
360
283
189
115
89
49
-3
-72
-133
-207
-274
-303
-338
-415
-515
-583
-596
-622
-655
-703
-748
-746
-750
-744
-751
-799
-804
-803
-727
-630
-612
-615
-583
-512
-435
-368
-341
-317
-297
-245
-159
-108
-66
-1
22
56
109
196
270
275
308
344
397
475
504
471
449
438
439
500
545
562
527
503
499
518
495
432
409
388
372
336
281
225
190
154
121
79
24
-29
-119
-184
-204
-276
-346
-344
-371
-423
-426
-412
-369
-391
-416
-423
-427
-405
-371
-363
-383
-396
-395
-306
-251
-257
-232
-203
-112
-48
-17
-36
-48
-27
25
127
205
253
312
342
356
356
333
334
360
395
460
478
444
435
429
407
389
387
416
403
354
284
215
209
196
131
130
124
66
50
16
-38
-87
-132
-113
-107
-113
-128
-145
-148
-132
-149
-216
-242
-256
-225
-256
-293
-333
-349
-331
-282
-280
-290
-315
-305
-253
-231
-193
-182
-151
-123
-61
-11
16
13
55
73
56
87
142
164
158
127
129
169
202
216
226
230
197
164
126
114
90
42
22
0
-2
36
-4
-53
-83
-152
-201
-147
-60
-3
-32
-97
-121
-104
-90
-90
-111
-134
-81
-37
-20
-52
-116
-185
-217
-205
-201
-212
-243
-221
-200
-172
-174
-178
-198
-214
-205
-189
-177
-114
-44
28
126
189
211
206
238
253
262
285
297
322
367
379
407
426
420
367
309
276
238
223
204
164
144
149
128
98
47
14
25
26
5
-33
-94
-106
-108
-123
-135
-173
-219
-218
-157
-147
-152
-166
-203
-207
-167
-135
-128
-163
-198
-198
-207
-213
-187
-172
-183
-183
-192
-184
-154
-147
-119
-48
26
78
106
106
92
106
146
188
231
251
270
276
292
292
271
247
229
223
232
233
225
196
119
80
89
91
51
55
80
72
38
-22
-62
-108
-147
-153
-110
-111
-165
-200
-215
-218
-245
-229
-170
-149
-123
-126
-179
-211
-219
-216
-154
-89
-78
-78
-103
-92
-98
-111
-101
-50
-6
26
80
80
68
43
18
58
113
129
132
106
117
136
156
195
234
272
287
291
284
220
156
117
98
85
77
98
65
35
27
22
-1
-55
-77
-87
-97
-141
-164
-180
-196
-207
-228
-231
-240
-236
-231
-229
-204
-200
-214
-233
-232
-201
-165
-145
-120
-109
-118
-97
-43
2
27
23
20
35
61
80
65
71
81
107
164
193
186
172
176
197
221
232
254
262
264
317
344
327
284
293
331
354
320
243
179
125
121
124
95
51
7
-29
-53
-97
-160
-200
-236
-251
-269
-278
-324
-389
-413
-406
-390
-393
-380
-361
-335
-321
-305
-319
-308
-277
-237
-170
-143
-132
-144
-168
-131
-67
-11
24
33
49
97
123
139
166
195
231
285
347
382
363
304
291
311
321
342
369
386
405
390
342
303
252
269
303
315
308
244
188
137
65
3
-63
-107
-96
-94
-100
-128
-160
-183
-200
-235
-268
-305
-378
-422
-477
-535
-519
-521
-484
-424
-408
-399
-368
-347
-300
-263
-257
-219
-207
-162
-120
-109
-93
-56
-20
-20
2
73
164
204
257
294
267
283
349
399
424
450
454
458
488
479
438
384
352
358
375
351
322
321
326
333
335
307
265
211
125
49
-6
-69
-134
-154
-154
-165
-174
-179
-212
-251
-316
-373
-400
-416
-450
-467
-459
-466
-425
-372
-330
-331
-349
-329
-339
-363
-380
-407
-369
-292
-228
-175
-158
-174
-133
-29
55
112
190
237
279
318
335
321
304
314
347
391
424
437
431
433
432
440
418
399
407
391
352
332
265
206
144
72
-5
-39
-45
-97
-131
-168
-197
-192
-177
-194
-189
-210
-231
-221
-234
-255
-303
-346
-333
-325
-325
-316
-336
-364
-378
-382
-358
-363
-343
-318
-299
-287
-259
-208
-157
-142
-127
-64
-39
-8
-1
43
96
148
253
317
352
368
392
420
423
424
439
453
495
534
543
503
446
425
385
326
275
217
171
152
110
79
56
25
2
-3
-16
-39
-95
-172
-202
-208
-229
-225
-210
-217
-220
-241
-248
-235
-265
-277
-255
-218
-184
-165
-177
-212
-248
-263
-271
-253
-225
-212
-180
-145
-116
-89
-68
-28
2
43
91
112
165
207
236
246
242
263
288
274
266
275
248
215
224
245
245
243
265
262
203
164
102
28
8
-2
-6
-11
-21
-32
-41
-44
-77
-113
-138
-149
-150
-153
-177
-196
-201
-195
-151
-141
-165
-163
-148
-168
-191
-183
-177
-170
-144
-84
-54
-62
-63
-78
-84
-92
-88
-65
-52
-36
-21
-5
8
22
40
81
111
127
150
135
116
109
103
97
90
71
64
62
13
-9
-34
-72
-78
-98
-110
-136
-135
-130
-145
-154
-141
-123
-145
-132
-108
-89
-102
-101
-85
-71
-36
-3
26
45
48
32
31
45
65
81
106
126
144
166
194
196
195
212
211
203
193
206
213
203
217
252
252
256
266
285
286
266
257
211
177
166
164
160
126
91
43
1
-42
-89
-137
-135
-135
-152
-159
-190
-215
-224
-229
-228
-226
-246
-229
-234
-251
-274
-285
-293
-281
-229
-196
-196
-197
-227
-242
-210
-156
-125
-71
-20
-13
-28
-64
-59
-48
-25
57
128
159
173
201
217
210
238
273
288
324
351
365
377
381
372
347
330
316
290
239
199
174
138
111
104
67
35
-4
-57
-101
-135
-196
-218
-252
-276
-302
-333
-349
-364
-375
-377
-367
-384
-363
-360
-382
-396
-397
-389
-414
-402
-381
-383
-333
-272
-259
-257
-229
-184
-170
-127
-55
-7
32
66
116
168
209
226
266
299
342
401
422
453
477
475
447
453
469
498
513
482
451
423
398
378
345
351
323
271
218
156
109
53
21
-21
-76
-125
-148
-166
-202
-229
-244
-261
-259
-255
-281
-320
-403
-451
-464
-450
-447
-467
-453
-440
-421
-406
-387
-383
-387
-347
-292
-244
-204
-163
-121
-95
-22
31
98
167
212
274
313
340
368
412
416
427
458
491
517
538
543
549
548
541
540
528
483
432
379
328
311
287
243
197
193
171
119
65
13
-79
-163
-202
-236
-223
-230
-259
-285
-316
-351
-373
-420
-481
-533
-551
-544
-540
-506
-468
-450
-465
-466
-441
-424
-403
-393
-378
-350
-298
-246
-165
-85
-50
-26
19
53
88
154
211
257
275
300
355
389
410
442
459
474
484
495
476
432
396
370
360
380
386
340
293
241
175
110
60
21
6
18
11
-30
-80
-140
-218
-257
-304
-365
-385
-388
-406
-433
-430
-442
-459
-462
-446
-397
-388
-373
-367
-404
-412
-395
-363
-328
-295
-291
-265
-216
-155
-90
-28
27
83
126
167
191
220
246
268
326
379
437
468
486
498
498
497
500
516
509
524
530
516
483
418
387
362
338
301
266
221
191
165
118
57
1
-30
-63
-78
-107
-152
-212
-261
-271
-285
-282
-286
-310
-316
-330
-335
-342
-330
-309
-318
-311
-283
-272
-270
-259
-234
-195
-163
-126
-77
-49
-12
3
3
0
-2
27
93
152
185
206
185
170
163
177
218
224
228
240
225
212
199
182
172
161
162
163
127
82
32
-11
-23
-33
-42
-39
-41
-93
-119
-134
-193
-240
-253
-276
-294
-289
-280
-291
-314
-310
-298
-293
-285
-251
-231
-220
-197
-171
-187
-204
-217
-206
-177
-130
-56
5
51
63
69
66
81
103
115
130
129
127
143
187
235
271
275
270
265
247
225
219
220
234
266
280
285
267
234
193
188
155
122
100
75
54
21
-4
-38
-46
-50
-58
-50
-59
-81
-117
-146
-193
-237
-249
-237
-205
-180
-154
-149
-142
-141
-159
-140
-129
-117
-88
-52
-27
-26
-24
-29
-13
1
3
4
14
35
80
109
141
162
197
244
265
247
236
238
195
194
225
220
206
193
171
142
134
156
160
159
173
178
154
111
82
57
39
32
34
0
-52
-124
-152
-173
-188
-177
-175
-166
-170
-169
-179
-214
-248
-255
-256
-241
-219
-227
-233
-268
-289
-281
-273
-242
-201
-165
-131
-99
-103
-70
-37
-24
-8
-9
20
15
12
24
26
16
31
65
104
138
152
161
159
177
177
187
186
159
142
135
97
56
37
24
31
45
42
40
12
-14
-7
25
39
27
3
9
16
7
-13
-33
-51
-69
-66
-46
-37
-54
-75
-79
-84
-90
-97
-106
-71
-22
-12
30
50
12
-30
-58
-59
-35
-9
-6
1
-2
7
20
55
84
76
95
115
81
71
52
14
8
22
39
60
83
53
35
42
56
81
126
174
174
136
78
22
-5
-30
-5
8
-12
-27
-26
-30
-47
-68
-103
-114
-96
-80
-64
-75
-93
-118
-128
-142
-138
-97
-55
-66
-56
-66
-74
-34
-29
-15
12
12
19
25
1
-4
20
15
47
95
106
115
102
88
74
65
69
55
75
121
144
130
108
67
39
50
72
96
108
89
54
15
-21
-26
-35
-51
-35
-4
-17
-56
-106
-129
-159
-181
-171
-163
-148
-151
-142
-151
-175
-181
-169
-134
-144
-145
-104
-97
-99
-57
-57
-33
0
33
54
62
64
71
86
111
130
102
97
132
135
145
173
170
163
169
157
152
167
143
137
123
127
133
149
159
147
118
61
34
27
0
-20
-17
-45
-87
-121
-116
-103
-77
-46
-37
-27
-64
-111
-147
-192
-233
-222
-181
-170
-122
-120
-124
-140
-149
-154
-152
-165
-150
-91
-51
-34
2
33
-8
12
37
69
90
118
149
139
112
81
81
97
91
119
155
156
166
173
169
140
112
149
124
83
75
41
18
18
36
53
58
53
97
104
97
71
0
-46
-76
-72
-56
-78
-82
-100
-129
-169
-221
-216
-187
-174
-149
-113
-144
-162
-163
-177
-168
-160
-149
-114
-74
-57
-59
-46
-33
-12
57
130
128
102
133
117
78
84
85
106
85
87
157
203
169
181
814
1067
-145
-1050
-596
-157
-489
-591
-29
486
326
-577
-857
-96
299
386
338
238
875
818
-478
-794
296
586
-92
-184
-1
-99
-473
-832
-519
328
535
142
128
-162
-520
-244
265
501
673
445
-336
-472
-511
-588
-15
717
482
133
-50
-357
-363
-155
99
158
176
-12
-64
-459
-650
-45
150
95
253
141
-198
-247
-95
105
249
184
206
247
87
80
230
188
71
218
111
-72
72
58
-65
83
-61
-215
76
90
-123
-82
105
163
55
-71
49
397
102
-42
293
200
33
72
256
340
170
-37
21
55
-189
-269
166
85
-174
-223
-144
-28
-71
-146
-62
303
77
-242
10
195
-157
-106
38
-204
-191
-84
-11
-201
-133
-174
-275
-29
-103
-218
-15
152
-109
-216
-160
-454
-318
131
-100
-266
-171
-57
44
86
133
-53
10
58
-256
-390
-173
-8
-23
118
11
-310
95
116
-128
20
185
274
80
-140
-416
-148
47
-45
95
466
203
-284
-387
108
224
-136
176
534
187
-527
-3
364
11
-211
276
558
-162
-557
36
441
181
-1
-66
-9
-143
-224
108
453
180
170
419
-65
-514
-104
318
337
294
114
-31
-43
-46
-15
239
307
139
206
106
-208
-240
108
341
-54
-82
109
-97
-331
-20
299
313
-45
-153
240
66
-211
-24
461
265
-132
-202
35
237
-131
-146
230
205
48
-67
-25
102
-109
-212
-22
51
-239
-150
54
107
38
-150
26
64
-128
-95
134
2
34
211
-140
-510
-281
134
200
150
226
148
-164
-188
-113
-194
-108
-22
98
67
-266
-456
-39
226
-25
2
125
-83
-238
-56
28
-35
-45
-144
-66
-35
-349
-257
164
118
-210
-234
-230
-93
-139
-181
63
162
-12
-152
-114
-204
-267
-197
-21
190
-32
-347
-246
-234
-158
-70
42
152
-9
-63
114
130
-157
-158
142
139
-95
-130
7
136
174
169
68
-52
6
167
183
114
158
270
260
160
103
213
245
102
141
382
159
-195
32
262
159
2
-5
127
186
53
1
171
207
6
-45
-9
-119
-62
143
182
188
166
-36
-111
63
-47
-76
51
-10
-74
-127
-221
-264
-141
-89
12
228
17
-157
-100
-137
-148
68
262
244
301
102
-189
-192
-70
110
382
320
-3
-152
-232
-249
-83
186
272
284
248
11
-253
-272
-74
92
172
138
-71
-213
-256
-188
1
165
160
93
88
-161
-411
-326
-62
-84
-99
27
50
-57
-276
-361
-319
-107
-13
39
50
-75
-43
-87
-95
-12
-68
-75
46
87
-119
-99
-58
-187
-177
-58
-24
-68
61
78
114
126
165
202
44
-97
-104
6
-21
53
100
45
-47
-152
-152
-28
90
129
236
199
21
-118
-165
-169
-123
8
77
68
21
-57
-37
28
65
88
149
93
-20
-89
-99
-12
90
107
98
122
76
-30
-39
-4
92
175
139
57
32
29
-98
-67
81
103
58
84
121
-31
10
179
115
132
177
10
-119
-103
-91
0
178
207
104
7
-86
-99
60
177
193
176
68
-66
-129
-56
38
117
122
33
-50
-127
-111
12
95
145
45
-15
-55
-204
-229
-26
46
-24
-47
-121
-179
-161
-73
22
113
69
-50
-118
-193
-192
-32
102
130
46
-70
-184
-298
-265
-71
52
3
46
85
-84
-210
-109
-43
-67
-54
-29
-12
-51
-10
114
249
231
146
73
72
32
11
50
44
57
85
116
17
5
21
-43
-70
-35
13
3
-8
-10
-51
-124
-124
-34
49
61
1
-109
-218
-203
-184
-94
32
0
-127
-203
-175
-159
-92
113
236
164
-11
-112
-169
-210
-158
-22
110
140
90
8
-64
-88
-38
11
138
186
73
-45
-18
38
41
128
203
234
164
80
25
33
28
57
152
121
30
-31
-58
-1
129
175
126
13
-61
-43
-19
8
103
146
96
44
-60
-99
26
76
82
120
85
-10
-50
-75
-81
-32
30
60
25
-8
-18
-12
-20
14
71
76
35
-24
-27
-68
-149
-146
16
125
145
142
120
-18
-151
-170
-118
-13
23
59
75
57
-43
-145
-102
-32
-15
43
87
-17
-135
-137
-44
28
112
182
123
1
-71
-77
-55
-9
94
139
58
-59
-154
-208
-192
-52
55
115
16
-118
-186
-263
-278
-128
117
204
100
-105
-225
-227
-108
60
215
223
91
-113
-233
-189
-65
25
102
123
-32
-218
-268
-158
-42
61
116
79
-97
-207
-113
-6
40
58
84
31
-114
-152
-15
141
235
281
248
88
-121
-232
-99
56
116
181
177
31
-116
-124
36
160
169
202
87
-133
-268
-157
58
214
268
191
51
-106
-248
-196
-24
86
149
141
16
-165
-181
-70
100
195
195
149
52
-89
-160
-93
59
140
117
99
-47
-173
-139
17
184
264
204
17
-104
-155
-121
25
178
265
269
181
7
-125
-79
14
115
159
121
-6
-105
-132
-127
-55
26
87
95
60
-46
-130
-186
-171
-85
13
58
37
0
-47
-90
-57
33
138
151
20
-154
-263
-241
-159
-38
77
142
85
-23
-130
-185
-143
-28
48
69
76
2
-92
-127
-115
-67
-40
16
44
-47
-150
-166
-149
-127
-27
64
40
-12
-77
-97
-79
-3
122
173
139
7
-129
-221
-211
-84
96
150
63
8
-53
-142
-147
-8
122
122
96
77
-3
-77
-22
101
193
245
198
136
38
-60
-64
3
104
150
135
90
26
-13
11
55
84
45
12
-13
-16
-8
-40
-48
-25
-25
-56
-56
-49
-53
-47
9
84
113
104
26
-4
14
-12
-10
57
108
69
24
29
22
-51
-80
-8
68
122
131
101
14
-43
-29
-14
25
109
170
147
92
42
-22
-27
2
43
98
84
32
5
-25
-40
-11
14
1
-35
-85
-103
-168
-179
-81
-53
-39
-17
-69
-163
-126
-89
-116
-39
-11
-78
-129
-129
-160
-185
-114
-88
-102
-103
-147
-189
-211
-170
-77
5
61
85
75
-5
-34
-9
-8
61
131
126
91
70
43
18
-8
-15
-4
40
103
173
198
145
84
-14
-82
-43
24
52
57
68
8
-81
-114
-77
-23
25
93
107
34
-53
-134
-179
-175
-112
-19
28
2
-41
-65
-102
-61
26
84
96
75
24
-16
-21
9
43
55
72
106
102
70
68
78
54
21
63
70
28
87
167
148
105
53
32
47
45
28
22
32
3
11
23
55
84
73
40
15
-19
-46
-45
-17
21
66
79
45
15
-7
-37
-86
-64
-28
-84
-60
-22
3
66
81
39
-15
-77
-140
-145
-81
-29
-17
2
-4
-44
-93
-116
-78
-28
25
21
14
19
-6
-30
-48
-2
30
40
13
-15
-20
-48
-43
13
46
43
41
-10
-57
-28
-14
1
58
103
72
-5
-56
-62
-35
13
38
65
71
15
-17
-1
15
-3
-13
4
21
22
-10
-20
-22
-58
-128
-124
-92
-103
-118
-104
-104
-123
-123
-87
-67
-103
-78
-65
-58
-28
-17
-14
11
5
2
38
22
-15
-21
-36
-44
-20
16
45
62
66
70
90
72
92
109
76
31
36
56
43
72
92
91
94
55
40
45
35
60
110
113
73
34
34
19
-9
-14
-4
29
45
27
14
-20
-66
-66
-59
-18
-8
-40
-38
-47
-77
-90
-66
-45
-36
-3
21
14
-14
-3
17
-9
-11
16
13
14
-17
-60
-49
-27
-17
51
107
103
101
76
58
28
-13
16
73
97
102
94
101
100
107
134
124
92
103
91
51
0
-28
-10
-34
-49
-51
-53
-69
-46
8
29
25
-6
-47
-66
-35
-28
-41
-25
-27
-33
-60
-83
-117
-104
-96
-93
-99
-130
-129
-153
-149
-125
-118
-113
-104
-109
-93
-78
-84
-83
-61
-50
-73
-53
-11
17
-3
-3
18
-18
-39
-1
25
36
23
24
50
59
29
15
42
29
15
67
101
64
60
68
70
32
27
65
68
81
92
84
27
-9
-39
-41
0
25
46
51
31
-16
-14
-5
-13
-32
-52
-53
-47
-60
-63
-65
-45
-2
36
52
44
33
-4
-34
-58
-51
-54
-23
12
28
14
-6
-18
-7
62
69
45
36
8
-17
-27
11
64
103
102
106
92
39
-10
-3
20
46
96
106
115
84
39
24
80
96
83
101
86
31
-4
8
17
15
5
17
-1
10
32
61
66
36
20
7
11
16
37
25
3
-27
-68
-60
-52
-41
-22
-31
-43
-11
-21
-77
-95
-81
-54
-53
-51
-28
-25
-51
-94
-84
-61
-72
-63
-31
-20
-13
-17
-53
-28
-32
-60
-50
-26
-10
3
-8
-11
-24
-74
-77
-43
-42
-27
13
6
-29
-21
11
22
20
22
2
-19
-56
-86
-62
-54
-59
-38
-19
-23
-13
-3
13
-3
-36
-44
-57
-80
-82
-38
-16
-20
-29
-22
-12
1
7
20
-1
-37
-57
-22
7
6
27
55
41
9
8
26
35
30
49
58
49
54
76
85
78
81
113
114
87
70
44
24
6
3
35
65
72
44
26
28
57
49
54
71
39
20
19
26
40
43
38
37
19
15
4
0
0
-12
-17
-6
-6
10
43
55
77
58
43
54
