SAMPLES:	6223
BITSPERSAMPLE:	16
CHANNELS:	1
SAMPLERATE:	16000
NORMALIZED:	FALSE
-2
-5
-7
-6
-3
-3
-2
0
-1
-2
-3
-6
-5
-2
-3
-5
-6
-5
-4
-4
-1
2
1
0
0
-3
-4
-4
-3
-3
-3
-2
-1
-2
-3
-3
-5
-4
1
1
2
-1
-3
-2
2
3
3
3
3
2
3
6
1
0
-4
-5
-5
-3
-3
-1
3
4
4
5
5
7
8
9
11
10
7
4
1
0
2
4
9
9
10
4
0
2
0
1
3
2
2
5
2
2
-2
-6
-7
-8
-7
-6
-6
-7
-4
-4
-6
-6
-7
-9
-12
-14
-17
-14
-12
-13
-12
-9
-7
-5
-3
-5
-9
-9
-13
-10
-6
-8
-5
-2
-3
-2
0
6
9
12
18
17
12
15
15
12
15
18
15
12
11
5
3
-1
-2
0
5
8
10
11
9
7
8
9
10
12
12
9
8
6
11
12
15
14
14
10
5
0
-2
-4
-5
-3
-2
0
2
3
-2
-8
-9
-12
-17
-16
-14
-12
-12
-13
-11
-6
0
2
7
9
5
-4
-15
-19
-21
-16
-9
-5
2
4
6
1
-1
-1
-1
-3
-2
-2
-7
-6
-7
-7
-4
-2
0
-1
-2
-4
-5
-8
-7
-8
-11
-14
-15
-15
-15
-14
-9
-9
-11
-10
-8
-11
-13
-12
-14
-13
-10
-8
-7
-8
-6
-6
-7
-5
1
0
-1
1
-2
-1
2
4
8
8
5
4
3
2
4
10
12
12
16
19
24
26
25
27
24
15
10
7
9
14
20
31
39
39
33
27
19
13
12
10
17
25
29
55
214
209
87
-50
-113
-21
-35
-53
-86
-25
34
-31
-116
-115
-73
21
68
26
-31
-87
-74
-64
-79
-135
-125
-52
-1
-108
-223
-187
-92
-10
-42
-66
-15
40
21
-48
-90
-22
57
45
40
82
98
72
87
137
183
178
165
153
154
171
147
181
211
211
182
139
126
107
69
55
77
77
66
24
-9
-37
-68
-76
-112
-114
-111
-151
-158
-140
-128
-121
-160
-191
-195
-217
-201
-250
-244
-197
-157
-138
-165
-169
-203
-210
-227
-262
-210
-130
-97
-2
31
0
2
-83
-29
117
202
303
361
488
535
532
508
421
468
491
462
514
521
491
579
615
562
453
375
246
79
21
-156
-343
-381
-424
-505
-599
-742
-874
-940
-958
-1035
-1148
-1105
-1051
-938
-754
-601
-553
-543
-435
-421
-469
-473
-468
-371
-216
-150
-187
-220
-102
-98
-112
-108
16
269
439
722
883
1076
1209
1336
1361
1308
1432
1482
1638
1768
1841
1844
1919
1995
1934
1788
1631
1397
1073
824
497
151
-25
-201
-549
-862
-1194
-1555
-1889
-2025
-2216
-2430
-2287
-2254
-2139
-1868
-1676
-1517
-1301
-1145
-1135
-1043
-875
-792
-685
-516
-396
-286
-286
-283
-383
-588
-752
-868
-827
-848
-531
161
599
1133
1556
1799
2057
2226
2024
1757
1891
2035
2068
2545
3014
3011
3406
3623
3303
2868
2437
1785
1178
854
328
-304
-477
-736
-1135
-1350
-1738
-2336
-2926
-3182
-3581
-3942
-3870
-3655
-3332
-2777
-2190
-1874
-1585
-1229
-1190
-1219
-1079
-1110
-1020
-673
-313
-199
-8
176
-10
-266
-478
-743
-1029
-1010
-966
-75
425
1207
1880
2279
2808
2837
2737
2256
2344
2166
2169
2541
2922
2982
3494
3914
3702
3476
2992
2368
1547
1187
334
-470
-790
-1211
-1546
-1628
-1819
-2332
-2648
-2898
-3408
-3879
-3932
-3886
-3565
-2872
-2371
-1922
-1424
-964
-757
-601
-527
-608
-536
-392
-344
-331
-185
-120
-129
-263
-382
-534
-900
-922
-727
-173
288
844
1660
2096
2616
2792
2781
2657
2658
2581
2410
2685
2780
2956
3426
3834
3714
3485
3222
2621
1812
1098
324
-567
-1035
-1490
-1948
-2248
-2404
-2679
-2955
-3068
-3522
-4030
-4117
-3991
-3885
-3444
-2769
-2227
-1655
-1050
-674
-562
-386
-404
-492
-388
-295
-367
-297
-73
-290
-509
-490
-610
-920
-947
-353
-14
582
1412
1960
2461
2884
3106
2780
2854
2919
2639
2809
3064
3052
3194
3707
3754
3497
3569
3316
2522
1913
1222
217
-531
-1084
-1611
-2182
-2322
-2677
-3133
-3233
-3557
-3927
-4201
-4009
-3954
-3729
-3129
-2744
-2310
-1602
-1024
-766
-478
-207
-219
-349
-275
-425
-505
-381
-372
-588
-585
-573
-808
-952
-599
11
241
1038
1550
2081
2546
2851
2886
2676
2969
2775
2770
3124
3227
3144
3355
3705
3564
3468
3511
3100
2519
1977
1031
169
-544
-1161
-1917
-2453
-2643
-3153
-3390
-3549
-3802
-4071
-3987
-3707
-3772
-3387
-2862
-2562
-2103
-1513
-1192
-976
-509
-282
-294
-67
-82
-246
-194
-214
-424
-625
-573
-775
-953
-967
-470
-85
304
1096
1619
2296
2654
2970
2762
2755
2872
2666
2705
2978
3018
3123
3570
3704
3591
3566
3644
3083
2554
1935
827
-10
-693
-1375
-2160
-2638
-2919
-3331
-3284
-3567
-3909
-4082
-3916
-3867
-3790
-3301
-2955
-2645
-2127
-1603
-1388
-1018
-529
-247
-142
68
13
-72
10
-31
-292
-391
-431
-797
-888
-970
-477
-180
462
1182
1667
2363
2676
3058
2860
2979
3049
2761
2775
2821
2839
2933
3293
3501
3490
3684
3544
3064
2654
1940
1017
105
-632
-1455
-2279
-2645
-3034
-3458
-3574
-3820
-3904
-4012
-3767
-3712
-3635
-3229
-2940
-2662
-2235
-1732
-1522
-1129
-649
-421
-220
99
124
141
256
213
-109
-201
-460
-810
-880
-1050
-551
-215
407
1040
1647
2335
2672
3067
2984
3119
3188
2880
2863
2757
2670
2642
2981
3148
3097
3376
3315
2996
2633
2070
1212
417
-369
-1312
-2205
-2861
-3392
-3722
-3788
-3874
-3891
-3816
-3490
-3313
-3173
-2920
-2650
-2358
-2036
-1623
-1460
-1181
-729
-492
-245
78
270
307
468
451
207
68
-99
-467
-576
-813
-391
-223
297
970
1688
2404
2687
3248
3094
3298
3356
3091
2949
2855
2661
2567
2764
2899
2735
3002
3048
2726
2421
1946
1218
304
-356
-1367
-2227
-2764
-3405
-3875
-4117
-4231
-4322
-4267
-3785
-3676
-3352
-2947
-2617
-2320
-2071
-1687
-1690
-1453
-1205
-982
-679
-334
-43
88
315
446
264
224
35
-389
-528
-896
-427
-396
168
745
1374
2165
2555
3213
3237
3587
3691
3509
3425
3239
2952
2785
2754
2781
2559
2782
2861
2685
2523
2181
1624
847
227
-704
-1538
-2192
-2832
-3517
-3927
-4185
-4285
-4242
-3855
-3602
-3205
-2684
-2278
-1968
-1694
-1419
-1439
-1330
-1212
-1091
-968
-681
-412
-211
33
220
179
217
211
-65
-258
-610
-251
-305
46
490
973
1706
2155
2833
2919
3256
3550
3458
3484
3342
3058
2828
2761
2676
2221
2337
2363
2185
2137
2011
1588
896
526
-241
-1071
-1768
-2537
-3239
-3749
-4151
-4549
-4670
-4236
-4019
-3693
-3060
-2446
-1987
-1607
-1145
-1190
-1085
-922
-990
-1011
-839
-669
-591
-279
-61
-155
8
121
-83
-61
-376
-54
-1
299
667
1010
1571
1932
2578
2696
3092
3455
3470
3623
3641
3476
3273
3232
3107
2592
2611
2505
2200
2079
1930
1546
971
650
-93
-810
-1437
-2053
-2783
-3280
-3843
-4280
-4533
-4440
-4279
-4037
-3434
-2870
-2276
-1766
-1201
-1042
-923
-679
-629
-821
-807
-826
-919
-874
-639
-614
-432
-158
-308
-130
-305
191
107
436
843
1070
1615
1843
2430
2450
2843
3153
3210
3420
3593
3490
3419
3403
3374
2940
2904
2755
2376
2176
1829
1407
749
390
-283
-916
-1463
-1979
-2697
-3221
-3735
-4073
-4440
-4289
-4294
-4188
-3674
-3187
-2635
-2221
-1611
-1431
-1116
-784
-789
-785
-705
-757
-752
-703
-543
-642
-459
-259
-332
-192
-219
300
466
804
1187
1525
2043
2357
2724
2801
3060
3411
3447
3549
3693
3643
3613
3625
3506
3118
3106
2914
2460
2189
1822
1314
749
361
-208
-860
-1442
-2008
-2686
-3192
-3664
-4078
-4287
-4294
-4244
-4205
-3768
-3405
-3033
-2543
-2006
-1649
-1396
-1077
-1026
-1022
-914
-863
-920
-852
-724
-748
-710
-534
-610
-426
-468
77
304
589
1082
1322
1907
2113
2640
2609
3059
3386
3416
3496
3672
3602
3486
3527
3490
3072
3003
2952
2544
2330
1982
1520
830
525
-248
-834
-1401
-1931
-2597
-3085
-3546
-3966
-4298
-4282
-4227
-4193
-3764
-3341
-2918
-2621
-1958
-1767
-1422
-1085
-875
-873
-698
-601
-736
-658
-531
-651
-632
-319
-506
-335
-502
71
178
677
1124
1471
2104
2339
2858
2740
3161
3355
3478
3550
3764
3735
3648
3620
3518
3071
3025
2915
2555
2308
1963
1520
847
518
-200
-779
-1397
-1872
-2554
-3101
-3608
-4150
-4554
-4505
-4500
-4401
-4013
-3531
-3069
-2663
-2044
-1864
-1472
-1155
-949
-885
-673
-618
-692
-607
-562
-626
-554
-353
-482
-379
-375
29
233
686
1182
1641
2246
2527
2958
2969
3269
3424
3448
3535
3654
3606
3500
3651
3551
3240
3156
3035
2653
2387
2056
1517
875
497
-182
-739
-1248
-1829
-2484
-3005
-3460
-3954
-4255
-4362
-4404
-4389
-4091
-3764
-3280
-2812
-2155
-1908
-1563
-1230
-1101
-986
-827
-706
-805
-609
-554
-637
-733
-550
-699
-571
-604
-194
91
411
928
1321
2011
2368
2922
3117
3376
3605
3590
3549
3613
3512
3408
3383
3359
3004
2908
2822
2454
2249
1953
1552
1043
707
95
-618
-1206
-1750
-2491
-2995
-3441
-3914
-4263
-4286
-4368
-4463
-4116
-3791
-3380
-2902
-2325
-2006
-1611
-1187
-993
-899
-667
-483
-533
-388
-366
-496
-576
-357
-586
-393
-379
81
391
738
1293
1622
2345
2554
3124
3103
3519
3620
3719
3606
3668
3512
3333
3367
3202
2977
2815
2889
2442
2307
1951
1568
926
604
-80
-809
-1393
-1957
-2633
-3196
-3613
-4145
-4440
-4481
-4530
-4525
-4103
-3767
-3340
-2882
-2255
-1969
-1478
-1111
-936
-865
-700
-617
-679
-482
-390
-363
-348
-92
-272
-200
-220
162
405
777
1302
1670
2293
2612
3032
3061
3448
3608
3712
3712
3812
3596
3481
3433
3185
2884
2803
2745
2378
2270
1887
1391
884
519
-195
-773
-1358
-1981
-2682
-3103
-3673
-4154
-4442
-4559
-4590
-4542
-4253
-4063
-3596
-3194
-2652
-2321
-1888
-1533
-1252
-1002
-730
-578
-521
-401
-405
-397
-426
-285
-480
-277
-312
133
581
979
1497
1860
2599
2812
3319
3354
3678
3873
3994
3933
3917
3811
3496
3437
3227
2954
2740
2763
2471
2250
1906
1531
924
531
-52
-717
-1289
-1883
-2595
-3176
-3690
-4128
-4423
-4592
-4672
-4744
-4403
-4063
-3536
-3210
-2627
-2299
-1951
-1549
-1252
-1050
-888
-624
-603
-449
-426
-448
-557
-347
-464
-308
-351
66
372
710
1320
1719
2414
2710
3286
3289
3588
3681
3791
3672
3792
3722
3566
3497
3224
2914
2708
2723
2339
2198
1919
1719
1237
922
238
-457
-1140
-1751
-2462
-3015
-3521
-4013
-4387
-4510
-4523
-4596
-4175
-3837
-3380
-3017
-2458
-2190
-1745
-1310
-1037
-886
-632
-417
-449
-304
-261
-258
-332
-123
-309
-110
-138
310
605
929
1412
1702
2309
2554
3079
3115
3542
3689
3745
3545
3542
3318
3161
3128
2943
2649
2488
2462
2062
1913
1563
1266
909
649
-20
-617
-1228
-1893
-2702
-3229
-3822
-4252
-4524
-4626
-4651
-4638
-4276
-3967
-3443
-3002
-2376
-2017
-1587
-1232
-1023
-866
-594
-438
-453
-357
-300
-240
-266
-171
-402
-217
-130
347
703
990
1391
1680
2182
2470
2908
3147
3408
3715
3705
3626
3718
3611
3461
3318
3212
2836
2694
2586
2273
1957
1744
1450
997
691
90
-517
-1115
-1685
-2413
-2941
-3525
-4089
-4405
-4469
-4578
-4655
-4311
-3944
-3637
-3271
-2622
-2200
-1825
-1250
-942
-766
-583
-370
-376
-252
-157
-64
-131
-69
-302
-267
-194
100
509
733
1277
1581
2243
2485
2913
3042
3454
3727
3705
3681
3715
3619
3299
3222
2935
2725
2574
2580
2249
2071
1878
1560
1097
736
141
-456
-952
-1464
-2158
-2794
-3308
-3911
-4246
-4515
-4580
-4634
-4309
-4009
-3538
-3070
-2546
-2142
-1723
-1235
-996
-814
-747
-603
-617
-429
-400
-419
-498
-325
-305
-252
-133
57
492
680
1214
1510
2071
2373
2830
3066
3289
3661
3725
3763
3717
3751
3392
3223
2947
2619
2418
2369
2162
1901
1747
1500
1154
825
322
-284
-774
-1316
-2034
-2653
-3189
-3779
-4150
-4426
-4493
-4711
-4461
-4070
-3612
-3212
-2714
-2259
-1892
-1402
-1118
-908
-755
-481
-536
-451
-400
-475
-490
-321
-295
-378
-221
-138
269
548
984
1352
1888
2297
2599
2913
3053
3383
3428
3517
3383
3507
3353
3294
3126
2853
2623
2451
2249
1907
1844
1652
1371
984
604
13
-461
-1014
-1620
-2348
-2769
-3381
-3839
-4145
-4267
-4393
-4325
-3975
-3660
-3299
-2829
-2285
-1958
-1400
-1042
-735
-539
-214
-199
-130
-32
-109
-215
-202
-186
-330
-152
-141
115
398
784
1189
1625
2217
2570
2899
3020
3318
3480
3591
3556
3567
3452
3256
3096
2840
2590
2379
2302
2060
1847
1576
1241
839
479
-37
-522
-1011
-1551
-2168
-2665
-3187
-3649
-4031
-4284
-4436
-4486
-4272
-3988
-3610
-3213
-2717
-2265
-1739
-1364
-1016
-733
-465
-366
-315
-229
-293
-419
-414
-354
-367
-329
-121
-67
345
596
1026
1328
1871
2296
2571
2961
3033
3401
3403
3694
3494
3612
3400
3239
2980
2823
2620
2335
2226
1831
1613
1284
1143
710
417
-90
-587
-1199
-1696
-2369
-2953
-3478
-3866
-4158
-4277
-4417
-4384
-4094
-3764
-3364
-2959
-2404
-1984
-1517
-1208
-932
-748
-454
-302
-138
-28
-39
-102
-196
-182
-352
-267
-152
64
532
840
1273
1603
2208
2449
2840
3042
3250
3503
3548
3535
3387
3396
3041
2911
2780
2568
2240
2156
1958
1676
1477
1278
944
640
241
-306
-791
-1324
-1861
-2483
-2987
-3554
-3888
-4191
-4301
-4397
-4244
-3979
-3631
-3243
-2755
-2164
-1711
-1257
-948
-613
-353
-98
-49
40
48
-1
-62
-104
-206
-326
-181
-122
86
569
849
1290
1685
2264
2519
2884
3105
3203
3478
3493
3454
3324
3349
2967
2748
2498
2221
2032
1906
1734
1463
1343
1004
679
354
-19
-422
-923
-1342
-1917
-2503
-3073
-3506
-3879
-4151
-4234
-4334
-4209
-3941
-3508
-3195
-2656
-2122
-1609
-1192
-757
-504
-316
-126
-41
4
20
-93
-187
-214
-264
-287
-238
-97
-33
546
745
1311
1557
2126
2418
2689
2941
3005
3448
3399
3501
3250
3315
2929
2789
2596
2309
2046
1894
1794
1452
1350
1100
842
473
146
-331
-768
-1291
-1833
-2386
-2830
-3370
-3775
-4003
-4049
-4118
-4033
-3739
-3420
-3043
-2576
-2041
-1707
-1209
-844
-560
-315
-36
-27
29
82
44
-66
-113
-171
-275
-278
-163
-161
161
596
915
1419
1870
2434
2587
3087
3133
3363
3425
3358
3184
3078
2963
2576
2552
2253
2066
1832
1876
1558
1378
1179
880
552
261
-122
-546
-947
-1443
-1988
-2462
-2964
-3432
-3779
-4025
-4159
-4219
-3937
-3678
-3301
-2911
-2316
-1858
-1383
-939
-628
-463
-261
-149
-201
-190
-222
-313
-373
-334
-415
-441
-338
-154
-133
416
740
1079
1468
1966
2328
2550
2924
2934
3199
3193
3160
2942
2904
2647
2389
2361
2222
2035
1901
1843
1581
1416
1240
946
600
249
-177
-552
-1023
-1450
-2007
-2498
-2963
-3352
-3666
-3767
-3820
-3773
-3479
-3125
-2759
-2315
-1745
-1421
-985
-583
-339
-165
54
87
-21
-42
-150
-306
-308
-339
-464
-425
-288
-180
-75
461
705
1045
1395
1863
2146
2457
2747
2721
2952
2917
2843
2629
2610
2312
2178
2081
1816
1601
1496
1347
1067
966
803
539
294
29
-340
-753
-1192
-1716
-2237
-2708
-3124
-3452
-3716
-3690
-3712
-3505
-3267
-2929
-2557
-2074
-1592
-1178
-696
-414
-244
-146
-17
-91
-78
-50
-49
-118
-116
-150
-228
-179
-94
40
136
575
800
1160
1517
1910
2145
2356
2659
2662
2909
2967
2895
2674
2730
2451
2194
2059
1899
1625
1479
1399
1157
1002
819
600
251
63
-387
-773
-1204
-1624
-2157
-2531
-2919
-3239
-3417
-3471
-3443
-3361
-3065
-2771
-2424
-2053
-1600
-1303
-969
-679
-456
-282
-122
-55
-39
19
-17
-67
-76
-56
-90
-80
-22
77
135
310
745
943
1244
1465
1790
1938
2167
2321
2221
2352
2304
2358
2175
2209
1998
1859
1786
1521
1334
1203
1171
892
779
603
346
106
-145
-516
-947
-1230
-1602
-2057
-2340
-2626
-2856
-2990
-2906
-2917
-2786
-2497
-2163
-1851
-1518
-1164
-946
-630
-452
-314
-211
-66
-72
-53
17
18
2
-2
-20
-73
-40
78
86
172
238
608
745
1073
1332
1578
1735
1927
2098
2004
2219
2172
2143
1984
1974
1718
1626
1543
1318
1093
983
834
561
450
335
118
-59
-236
-579
-813
-1121
-1342
-1668
-1835
-2129
-2277
-2402
-2442
-2492
-2402
-2178
-1968
-1702
-1386
-1034
-813
-544
-332
-190
-80
74
130
191
205
180
123
125
49
33
44
160
132
159
142
289
414
526
884
1080
1486
1513
1812
1732
1859
1834
1801
1775
1605
1516
1251
1193
916
779
557
470
268
226
148
54
-75
-161
-383
-577
-791
-985
-1201
-1434
-1571
-1729
-1786
-1914
-1939
-1988
-1816
-1695
-1513
-1329
-1055
-869
-639
-403
-220
-140
2
188
209
258
233
193
88
87
23
0
1
36
-47
-27
-59
165
245
423
619
852
1144
1210
1417
1311
1516
1437
1518
1363
1375
1222
1038
930
676
510
319
371
183
249
179
222
162
230
99
44
-68
-249
-403
-627
-868
-1164
-1354
-1587
-1735
-1835
-1722
-1645
-1448
-1301
-1014
-791
-500
-294
-122
29
165
216
237
221
97
22
-89
-162
-317
-350
-403
-382
-375
-277
-260
-53
224
329
616
785
1051
1063
1229
1148
1184
1229
1101
1060
875
845
587
613
473
398
366
397
451
495
578
592
702
690
601
471
334
81
-99
-400
-644
-925
-1140
-1340
-1467
-1586
-1593
-1505
-1396
-1278
-1074
-792
-584
-313
-171
-81
-50
8
-66
-113
-196
-284
-345
-412
-513
-574
-498
-420
-336
-245
-155
-146
85
169
318
425
614
704
699
859
772
877
856
819
711
726
688
616
649
555
573
659
831
888
1029
1103
1135
1159
1100
910
761
624
412
156
-127
-403
-688
-926
-1099
-1257
-1361
-1383
-1369
-1279
-1196
-1033
-896
-723
-637
-577
-518
-474
-470
-487
-491
-513
-542
-608
-664
-691
-716
-676
-660
-615
-627
-541
-484
-344
-158
-79
115
240
411
436
547
504
590
650
652
647
717
760
794
915
980
1077
1225
1375
1421
1568
1643
1657
1601
1515
1327
1146
997
808
574
322
37
-244
-505
-743
-965
-1134
-1188
-1221
-1250
-1225
-1127
-1045
-909
-788
-709
-597
-478
-441
-452
-441
-464
-537
-603
-707
-834
-944
-1018
-1042
-1056
-1014
-969
-936
-870
-674
-637
-470
-282
-70
121
227
425
410
639
640
694
755
902
997
1106
1345
1366
1512
1560
1699
1743
1856
1916
1924
1916
1835
1743
1547
1364
1060
734
400
29
-345
-693
-959
-1207
-1385
-1456
-1463
-1435
-1389
-1250
-1148
-1006
-904
-835
-787
-731
-737
-836
-857
-937
-1019
-1134
-1222
-1340
-1436
-1441
-1430
-1391
-1288
-1203
-1100
-1079
-861
-769
-628
-430
-185
93
244
519
532
748
799
988
1075
1320
1436
1560
1762
1839
1979
2061
2280
2223
2284
2297
2248
2101
2008
1787
1517
1272
981
613
276
-50
-372
-635
-860
-1034
-1211
-1245
-1288
-1231
-1272
-1217
-1211
-1168
-1128
-1094
-1041
-988
-954
-1033
-1057
-1139
-1221
-1284
-1284
-1319
-1306
-1222
-1126
-1085
-1010
-934
-866
-771
-650
-484
-411
-194
-43
139
269
456
612
724
992
1087
1290
1454
1718
1832
2076
2252
2306
2379
2362
2330
2237
2190
2014
1873
1702
1491
1236
1030
775
540
296
-11
-310
-622
-892
-1104
-1340
-1522
-1616
-1711
-1811
-1816
-1801
-1822
-1789
-1787
-1759
-1740
-1613
-1537
-1488
-1424
-1392
-1355
-1355
-1384
-1419
-1383
-1343
-1271
-1133
-1007
-862
-755
-574
-454
-264
-64
152
389
623
896
1082
1303
1447
1680
1839
2025
2137
2216
2279
2312
2336
2294
2305
2290
2257
2153
2071
1996
1875
1756
1635
1440
1180
927
607
260
-55
-425
-749
-1106
-1398
-1627
-1853
-2004
-2097
-2185
-2190
-2140
-2112
-1998
-1885
-1763
-1657
-1512
-1434
-1412
-1351
-1344
-1343
-1354
-1323
-1279
-1199
-1081
-998
-897
-799
-665
-501
-308
-48
139
416
606
806
981
1166
1351
1445
1605
1646
1804
1847
1931
1933
2050
2092
2088
2139
2082
2094
2018
2062
1959
1910
1760
1595
1397
1175
856
554
314
-55
-326
-679
-975
-1295
-1538
-1722
-1934
-2086
-2146
-2154
-2138
-2072
-2008
-1978
-1955
-1899
-1777
-1630
-1490
-1404
-1339
-1260
-1266
-1215
-1172
-1115
-1065
-964
-790
-608
-413
-158
24
197
342
442
490
583
738
813
975
1050
1198
1217
1365
1427
1487
1627
1662
1712
1759
1836
1837
1894
1847
1804
1733
1689
1575
1485
1418
1288
1091
902
673
393
135
-104
-347
-626
-836
-1080
-1272
-1445
-1573
-1775
-1887
-1941
-1997
-1993
-1925
-1814
-1707
-1572
-1476
-1342
-1227
-1098
-1041
-977
-892
-796
-750
-636
-542
-450
-309
-222
-145
-70
58
180
350
425
560
615
738
886
949
1041
1066
1116
1050
1098
1063
1111
1157
1217
1234
1244
1310
1249
1258
1227
1227
1135
1185
1206
1152
1083
998
884
665
488
243
46
-140
-313
-566
-776
-968
-1221
-1401
-1513
-1620
-1677
-1663
-1650
-1656
-1617
-1495
-1419
-1360
-1248
-1184
-1095
-966
-863
-794
-713
-641
-590
-553
-491
-366
-257
-124
19
150
280
404
477
556
607
614
603
613
651
593
619
620
661
584
562
545
574
706
774
906
995
1156
1164
1267
1253
1237
1213
1152
1099
995
940
812
717
528
391
177
52
-89
-283
-476
-599
-721
-907
-999
-1118
-1226
-1317
-1363
-1429
-1438
-1377
-1283
-1211
-1150
-1045
-954
-889
-786
-681
-606
-491
-400
-336
-280
-236
-154
-65
7
58
125
178
239
270
262
289
265
262
195
236
204
220
274
285
341
387
525
543
686
738
796
840
921
1004
1048
1154
1185
1261
1259
1288
1193
1087
981
912
838
732
614
471
311
106
-79
-244
-413
-579
-697
-781
-927
-1050
-1149
-1228
-1295
-1341
-1292
-1260
-1184
-1126
-1059
-991
-927
-890
-837
-743
-720
-643
-563
-479
-383
-273
-199
-141
-69
-22
36
60
63
34
44
109
177
238
291
300
277
292
320
400
394
469
490
578
667
769
876
931
1005
1044
1126
1103
1112
1070
1069
1030
990
948
918
847
731
616
414
268
90
-87
-268
-412
-602
-793
-934
-1089
-1227
-1317
-1378
-1430
-1447
-1441
-1384
-1329
-1277
-1224
-1159
-1050
-946
-840
-746
-612
-483
-369
-261
-158
-86
-5
69
120
200
292
400
467
516
564
581
612
636
577
535
515
397
342
303
312
303
352
373
411
520
576
678
712
859
903
1033
1124
1129
1114
1099
1077
979
977
853
770
604
480
297
143
6
-191
-344
-450
-565
-720
-861
-1054
-1250
-1378
-1417
-1455
-1425
-1378
-1340
-1317
-1212
-1148
-1050
-917
-753
-598
-480
-339
-241
-93
27
169
269
366
416
438
440
446
448
426
433
403
400
383
334
275
211
176
136
84
62
14
9
-15
-2
-1
49
153
209
320
447
613
722
840
899
914
900
920
885
775
678
566
441
295
181
35
-101
-265
-386
-525
-616
-740
-885
-997
-1068
-1097
-1160
-1081
-1011
-929
-877
-796
-730
-636
-530
-434
-328
-223
-119
-52
58
143
219
262
315
352
367
395
375
404
427
432
417
393
357
286
182
69
-32
-169
-293
-368
-412
-454
-477
-472
-443
-391
-263
-163
-13
151
279
420
623
775
887
1006
1051
1058
1064
1043
967
878
797
699
601
493
346
244
171
99
35
-38
-121
-211
-326
-406
-469
-543
-575
-592
-616
-652
-640
-665
-657
-595
-529
-437
-347
-294
-288
-200
-136
-83
-22
29
23
-5
-48
-100
-168
-262
-293
-343
-394
-453
-503
-560
-617
-614
-608
-582
-577
-545
-495
-484
-428
-399
-299
-210
-97
82
229
392
531
688
833
988
1123
1205
1278
1310
1356
1394
1419
1414
1382
1352
1247
1129
993
856
713
586
450
300
163
8
-114
-265
-397
-528
-613
-683
-731
-732
-770
-809
-826
-839
-877
-868
-842
-796
-747
-731
-720
-755
-807
-855
-872
-909
-906
-887
-847
-783
-764
-726
-663
-593
-527
-464
-437
-408
-391
-383
-327
-316
-283
-251
-219
-168
-56
85
197
327
441
632
816
1026
1221
1392
1518
1632
1722
1790
1842
1853
1844
1762
1687
1589
1449
1255
1109
935
775
660
524
374
174
6
-178
-337
-491
-626
-744
-858
-1006
-1118
-1201
-1271
-1275
-1283
-1278
-1268
-1197
-1142
-1076
-1011
-944
-876
-869
-801
-782
-766
-720
-680
-642
-587
-515
-471
-453
-405
-332
-289
-202
-111
-38
30
115
160
231
305
390
450
511
553
558
618
689
781
883
1015
1123
1261
1355
1406
1492
1558
1555
1513
1472
1366
1232
1115
959
836
701
555
392
216
12
-189
-355
-523
-625
-692
-759
-829
-909
-1009
-1111
-1209
-1273
-1296
-1298
-1345
-1392
-1388
-1392
-1356
-1273
-1184
-1102
-991
-912
-871
-807
-720
-649
-566
-421
-309
-187
-71
29
97
180
253
307
377
437
461
482
522
534
544
561
585
630
653
659
693
726
697
673
665
643
621
606
587
607
663
661
715
789
857
896
886
829
734
630
516
447
385
328
277
238
185
83
8
-104
-235
-356
-473
-595
-717
-804
-915
-975
-1021
-1014
-1039
-1090
-1120
-1098
-1051
-1010
-923
-841
-745
-660
-555
-476
-390
-306
-245
-143
-50
-2
78
172
224
289
353
395
442
476
478
482
476
440
367
295
259
173
113
36
-48
-106
-151
-152
-136
-103
-67
0
66
158
262
355
438
534
582
611
658
685
702
713
761
745
777
782
715
629
561
506
425
368
292
231
116
6
-127
-255
-369
-479
-581
-663
-725
-772
-776
-779
-748
-688
-613
-547
-487
-463
-435
-400
-365
-313
-236
-183
-147
-129
-134
-140
-156
-160
-171
-196
-223
-214
-211
-243
-260
-278
-308
-325
-315
-313
-309
-320
-333
-331
-331
-331
-324
-292
-250
-209
-165
-88
11
150
296
421
546
682
787
905
969
1024
1062
1074
1073
1071
1053
1007
960
881
791
671
547
409
274
170
108
74
45
11
-36
-79
-134
-185
-248
-320
-411
-479
-524
-567
-578
-563
-545
-529
-504
-509
-493
-472
-458
-432
-409
-386
-381
-348
-331
-348
-393
-420
-446
-465
-446
-436
-398
-373
-348
-328
-292
-229
-173
-163
-113
-64
-52
-21
28
76
117
150
175
218
237
243
258
307
352
423
515
588
656
682
704
731
765
817
885
928
897
871
808
714
632
573
524
444
360
277
202
111
54
-16
-46
-79
-121
-173
-246
-343
-486
-578
-665
-717
-771
-800
-840
-859
-854
-835
-786
-752
-720
-674
-629
-588
-526
-485
-441
-387
-347
-331
-305
-288
-245
-206
-187
-164
-161
-157
-145
-122
-93
-57
-19
15
78
152
199
261
326
309
327
341
365
401
430
473
513
558
613
672
722
763
789
818
830
872
891
903
889
841
801
770
721
632
542
424
313
219
137
53
-40
-144
-257
-351
-439
-528
-591
-653
-714
-765
-804
-862
-895
-929
-938
-931
-912
-885
-866
-846
-867
-853
-834
-773
-713
-653
-583
-516
-438
-349
-268
-225
-155
-84
-9
38
79
126
157
215
281
349
385
425
465
491
523
557
572
577
580
574
583
570
555
570
589
580
593
596
593
589
562
560
537
536
536
546
532
516
437
342
261
171
117
54
8
-68
-119
-211
-297
-354
-428
-474
-524
-550
-572
-598
-630
-646
-665
-660
-642
-639
-583
-556
-511
-493
-457
-418
-367
-284
-205
-105
-54
16
48
82
117
170
250
307
351
341
326
298
267
260
250
221
202
179
140
114
76
60
46
69
60
50
43
0
-22
-45
-62
-109
-129
-166
-199
-223
-235
-255
-256
-218
-179
-143
-128
-115
-107
-98
-101
-86
-80
-78
-97
-89
-89
-76
-50
-37
-12
5
32
37
57
81
120
168
209
256
298
330
327
315
293
257
241
263
286
292
289
322
305
279
261
249
234
207
194
160
103
32
-34
-116
-177
-219
-260
-292
-331
-346
-376
-388
-369
-382
-371
-335
-288
-267
-244
-224
-211
-209
-216
-202
-169
-148
-148
-152
-166
-145
-93
-29
-35
-31
24
29
17
84
113
131
203
308
352
367
376
365
374
396
459
492
535
572
607
610
598
602
611
614
595
592
560
483
368
276
171
77
7
-61
-131
-234
-329
-423
-489
-550
-600
-627
-651
-653
-663
-702
-705
-712
-732
-728
-697
-656
-622
-580
-548
-519
-512
-485
-441
-397
-319
-221
-138
-66
-19
20
35
38
36
44
65
82
102
139
130
132
143
154
188
217
276
311
355
368
377
378
393
401
402
417
422
430
465
506
497
486
477
435
378
327
251
193
154
138
143
144
121
81
27
-30
-86
-127
-156
-203
-239
-258
-269
-285
-299
-320
-320
-329
-312
-267
-233
-237
-229
-216
-170
-109
-37
53
139
214
235
222
196
168
128
113
79
51
32
15
2
2
13
-8
-52
-87
-94
-121
-153
-200
-258
-301
-325
-345
-363
-347
-348
-357
-357
-325
-277
-250
-214
-172
-158
-137
-113
-69
-4
44
118
174
216
242
250
243
219
186
206
238
283
356
374
372
354
358
359
360
376
408
416
382
352
318
301
323
343
349
374
375
346
308
251
198
150
123
121
115
109
42
-62
-158
-218
-269
-311
-323
-346
-406
-495
-581
-663
-696
-718
-743
-785
-813
-838
-884
-881
-864
-830
-769
-703
-633
-587
-580
-557
-518
-475
-417
-326
-220
-113
-9
63
112
140
184
238
332
419
482
559
609
646
695
725
767
794
826
892
903
866
866
871
845
838
861
858
832
829
793
742
682
626
582
521
471
436
398
338
249
155
49
-54
-151
-252
-332
-405
-477
-558
-631
-684
-724
-767
-798
-828
-878
-921
-958
-965
-963
-968
-953
-919
-906
-873
-822
-776
-737
-687
-628
-559
-486
-433
-373
-330
-263
-192
-133
-40
30
112
210
300
392
448
491
544
595
644
689
720
746
743
743
732
717
724
714
700
705
728
729
711
666
608
566
517
474
449
393
364
320
256
199
108
30
-27
-98
-152
-182
-219
-252
-290
-300
-338
-369
-397
-439
-495
-557
-593
-626
-662
-695
-698
-695
-688
-702
-701
-697
-688
-636
-590
-544
-501
-453
-407
-370
-321
-262
-203
-129
-47
33
94
132
178
232
317
406
459
487
511
505
503
508
505
487
517
537
525
493
436
385
346
335
333
306
260
224
182
159
114
89
80
44
40
67
57
12
-11
-10
-19
-11
-10
-41
-65
-126
-160
-187
-197
-192
-191
-186
-178
-209
-263
-279
-317
-289
-248
-240
-225
-211
-231
-238
-224
-216
-176
-120
-59
-31
-3
20
19
26
54
87
131
150
172
198
181
161
153
156
156
158
174
171
142
129
100
75
70
52
36
23
12
12
-9
-26
-46
-75
-94
-97
-110
-123
-137
-157
-175
-202
-213
-207
-189
-152
-127
-127
-104
-87
-106
-98
-63
-45
-39
-19
6
-19
-9
-10
-10
-32
-30
-18
-8
17
28
41
55
63
92
130
150
168
159
156
144
130
135
140
146
176
206
219
233
243
241
225
181
147
95
40
20
10
23
57
83
82
56
12
-45
-107
-189
-231
-248
-260
-279
-265
-249
-262
-253
-221
-199
-216
-215
-200
-211
-215
-195
-162
-119
-80
-40
-16
-1
-6
-23
-41
-55
-29
13
45
93
120
116
126
152
165
175
203
198
188
187
189
199
226
269
312
374
434
461
486
454
423
414
407
385
357
323
282
241
181
135
82
46
16
-15
-36
-95
-164
-221
-258
-296
-315
-313
-327
-371
-398
-411
-456
-503
-537
-559
-570
-538
-492
-429
-382
-376
-352
-320
-281
-238
-215
-197
-176
-170
-161
-174
-181
-164
-141
-122
-101
-95
-102
-95
-76
-44
-12
38
80
123
179
236
277
296
316
333
346
354
355
355
329
316
321
325
343
359
378
398
380
355
319
274
243
228
202
179
171
158
129
99
58
24
-20
-57
-79
-96
-95
-103
-122
-140
-142
-126
-140
-128
-105
-126
-154
-193
-208
-222
-207
-143
-78
-54
-59
-94
-121
-130
-119
-75
-42
-25
-27
-19
-43
-56
-55
-55
-45
-27
-17
-35
-59
-83
-86
-82
-78
-51
-34
-60
-79
-100
-131
-128
-125
-129
-112
-99
-105
-95
-89
-86
-48
-21
23
71
97
103
104
93
68
53
66
73
82
100
106
112
122
161
185
200
220
203
197
228
248
237
225
227
196
186
193
199
201
199
184
180
185
170
153
109
87
50
12
6
-11
-26
-53
-61
-84
-106
-118
-131
-158
-207
-255
-296
-332
-356
-350
-330
-323
-333
-320
-299
-290
-282
-265
-277
-301
-317
-331
-351
-379
-341
-296
-245
-192
-147
-92
-84
-81
-41
-9
19
42
52
61
58
63
87
115
135
184
221
239
269
280
279
282
294
304
323
342
340
333
313
287
271
280
278
277
281
297
301
289
286
278
265
234
202
135
104
79
32
19
-11
-25
-35
-49
-68
-79
-104
-120
-130
-163
-188
-190
-201
-196
-188
-181
-196
-218
-203
-196
-185
-154
-130
-125
-113
-120
-146
-168
-176
-171
-151
-146
-123
-138
-163
-174
-182
-179
-180
-153
-141
-131
-126
-132
-132
-94
-54
-13
22
54
63
81
100
136
148
133
133
118
112
134
148
146
155
154
136
115
90
70
58
52
60
71
80
93
112
111
86
76
51
18
-7
-9
20
48
54
62
75
49
58
72
71
94
114
80
45
22
-12
-35
-40
-43
-36
-22
-30
-30
-24
-58
-57
-31
-43
-54
-63
-73
-79
-83
-64
-61
-84
-100
-135
-154
-161
-168
-158
-141
-124
-108
-105
-90
-98
-102
-91
-84
-89
-76
-54
-41
-41
-57
-52
-62
-55
-33
-14
-16
-27
-16
-8
-15
-6
9
42
81
127
152
168
199
191
198
216
232
231
242
230
213
208
208
205
189
194
186
175
184
180
175
171
152
126
77
40
28
-12
-11
-11
-37
-42
-45
-56
-53
-41
-41
-82
-106
-111
-147
-166
-189
-190
-168
-178
-190
-169
-168
-208
-224
-202
-194
-186
-175
-172
-168
-189
-197
-192
-173
-131
-98
-55
-30
-22
-36
-48
-25
16
46
51
44
46
49
67
94
113
150
164
160
163
168
147
141
118
109
115
116
118
97
77
54
36
27
41
58
65
88
99
70
61
55
29
19
22
-2
-8
-1
-9
-19
-27
-36
-40
-20
-8
-7
-19
-57
-88
-123
-118
-114
-105
-81
-95
-91
-69
-68
-80
-70
-63
-69
-80
-89
-87
-75
-59
-45
-35
-38
-40
-71
-93
-83
-72
-49
-10
19
33
48
46
36
29
20
14
12
21
30
28
22
41
79
95
92
92
84
69
58
59
53
59
66
88
119
134
144
143
130
101
75
73
62
59
43
30
35
15
2
-1
2
3
-11
-25
-34
-64
-85
-88
-88
-80
-74
-62
-59
-48
-40
-40
-50
-71
-89
-102
-94
-81
-47
-39
-38
-38
-51
-42
-29
-27
-24
-16
-18
-20
-18
8
12
0
13
19
31
38
28
31
13
8
24
37
46
56
68
55
39
51
52
69
92
101
103
71
38
10
9
15
23
38
63
75
52
30
3
-12
-17
-20
1
8
-7
-39
-70
-90
-87
-82
-73
-36
-27
-34
-16
-23
-43
-60
-73
-80
-68
-61
-69
-79
-110
-119
-124
-97
-74
-65
-43
-17
-13
7
33
40
41
49
52
37
49
60
53
93
118
116
129
146
151
131
99
100
103
100
121
116
93
64
44
26
41
23
-3
