SAMPLES:	7914
BITSPERSAMPLE:	16
CHANNELS:	1
SAMPLERATE:	16000
NORMALIZED:	FALSE
-10
-12
-11
-11
-8
-8
-6
-8
-8
-1
0
0
-1
1
4
2
1
0
0
1
6
6
7
0
-2
2
5
10
8
6
1
-4
-2
3
6
11
10
5
2
-5
-8
-8
-4
1
4
5
-5
-14
-14
-10
-6
-6
3
10
13
11
2
-2
-5
-3
12
11
6
-6
-20
-17
-14
1
7
4
4
-8
-15
-10
-9
6
8
9
4
-1
-10
-12
-5
4
12
5
4
-15
-19
-19
-17
3
5
11
1
-10
-6
-6
3
14
8
16
-2
-8
-2
-5
8
-1
-4
-10
-13
-5
-5
-4
-1
0
6
7
16
20
12
16
13
21
26
10
17
-1
0
3
-7
13
7
4
-6
-8
5
6
4
6
11
13
15
5
12
7
4
8
4
5
-2
-11
-21
-16
-19
-15
-16
-24
-14
-5
5
8
7
5
5
1
-4
-2
7
3
-9
-7
-10
-18
-23
-23
-11
-14
-18
-13
-11
-15
-11
2
15
16
2
4
-2
-7
-11
-21
-8
-18
-27
-20
-12
-7
-13
-23
-2
8
15
25
14
16
12
11
25
31
44
36
23
19
26
41
54
50
49
36
6
-12
-28
-20
-3
4
7
-8
-21
-35
-30
-6
15
31
35
24
3
-15
-27
-16
-6
-1
-11
-33
-49
-62
-63
-58
-49
-38
-36
-35
-33
-36
-26
-14
3
15
14
2
-29
-30
-18
-9
-1
-18
-21
-32
-39
-42
-42
-22
-9
7
16
34
53
53
13
-7
-5
7
37
48
107
123
62
187
262
306
239
43
47
11
7
82
103
57
-144
-332
-265
-141
-57
12
17
54
2
-69
-2
31
109
164
184
166
26
-112
-136
-109
-62
-66
-105
-68
-139
-169
-184
-186
-82
-17
92
151
94
-3
-67
-50
30
33
-8
-74
-180
-219
-270
-235
-200
-176
-84
-15
35
18
-30
6
77
170
196
165
98
20
-41
-58
-77
-74
-102
-159
-183
-244
-162
-36
281
948
1152
969
396
-81
34
147
432
755
646
64
-835
-1313
-983
-477
-79
214
193
26
-357
-499
-123
310
791
1029
961
580
-64
-428
-370
-130
63
-3
-327
-723
-1085
-1000
-617
-239
52
88
124
-14
-165
-64
212
496
460
178
-154
-511
-759
-803
-678
-502
-467
-476
-350
-296
-206
-115
138
468
614
625
511
365
312
119
106
47
-50
-84
-237
-64
7
44
766
1687
2008
1536
472
121
234
425
933
1293
974
-285
-1754
-1947
-1209
-416
68
317
326
-5
-570
-529
-72
541
1090
1311
1168
454
-395
-711
-523
-186
-132
-363
-739
-1108
-1308
-1155
-911
-458
-183
1
152
-69
-212
-274
-92
229
110
-267
-772
-1251
-1307
-1223
-921
-663
-643
-452
-288
-106
39
90
323
592
770
754
408
90
-38
-224
-240
-172
177
778
1069
2012
3225
3189
2447
1041
541
862
755
1093
1351
718
-873
-2945
-3219
-1872
-583
281
500
323
-65
-673
-273
701
1511
2127
2049
1687
717
-533
-1026
-891
-498
-556
-1128
-1982
-2671
-2996
-2180
-972
-153
96
-65
235
90
-169
62
768
1285
598
-612
-1563
-2178
-2616
-2799
-2385
-1663
-1303
-1107
-813
-536
-157
166
965
1839
2040
1763
1097
708
546
295
303
72
154
271
329
1100
3287
4191
3847
2067
360
542
453
1141
2443
2479
867
-2396
-4207
-3100
-1262
2
622
687
323
-747
-1361
-581
320
1457
2040
2115
1536
-145
-1344
-1228
-436
342
212
-524
-1575
-2616
-2842
-2125
-1037
-166
80
125
-273
-900
-1224
-552
559
1166
671
-418
-1517
-2184
-2204
-1542
-840
-665
-966
-1214
-1091
-600
-77
328
783
1069
1053
750
311
238
415
486
1070
1315
1562
1154
2605
4468
4600
3402
768
363
229
24
1002
1444
1021
-1600
-4250
-3766
-1919
-459
361
738
980
286
-986
-427
608
1577
2048
1896
1611
146
-1497
-1867
-1237
-604
-719
-1249
-1797
-2360
-2857
-2009
-869
259
138
-47
61
-66
-205
-141
622
897
87
-1077
-1939
-2093
-2056
-1885
-1470
-1194
-1412
-1484
-1151
-433
304
587
1167
1333
1171
753
540
899
1025
836
258
375
425
670
530
2336
4544
4662
3406
861
490
501
435
1353
2261
1987
-931
-4203
-4511
-2520
-577
529
966
1003
231
-1173
-824
286
1493
1928
1972
1793
489
-1229
-1929
-1322
-384
-231
-650
-1197
-1928
-2643
-2465
-1398
-189
102
63
-13
-38
-451
-640
15
697
658
-352
-1398
-1942
-2020
-1790
-1273
-860
-886
-1068
-968
-510
68
410
1005
1453
1403
826
458
440
602
544
409
727
789
1021
721
2290
4431
4912
3903
1485
595
356
157
834
1872
1587
-943
-4125
-4748
-2978
-1207
-11
607
962
443
-757
-653
315
1382
1776
1859
1699
727
-1020
-2101
-1825
-1051
-766
-1300
-1796
-2381
-2855
-2664
-1624
-340
272
282
116
106
-215
-259
139
751
771
-148
-1340
-2151
-2336
-2205
-1692
-1245
-1129
-1247
-1037
-395
328
808
1093
1501
1518
1241
715
549
493
503
730
1063
1047
634
63
1961
4416
5156
3949
1609
510
-12
-278
930
2538
2273
-580
-4046
-4418
-2675
-1062
91
842
1218
410
-958
-819
195
1208
1809
2057
1983
892
-1038
-1897
-1558
-851
-588
-974
-1626
-2229
-2701
-2406
-1578
-827
-430
-151
-7
125
-223
-285
-35
139
46
-305
-917
-1573
-2085
-2046
-1515
-1290
-1220
-1237
-821
-322
27
328
769
1177
1242
943
941
737
614
395
509
1018
1435
1201
1769
3828
4936
4548
2359
842
569
495
683
1653
1821
19
-3174
-4619
-3113
-1184
-269
67
442
772
-34
-431
233
1123
1613
1679
1519
1086
-384
-1648
-1526
-753
-364
-961
-1683
-2036
-2395
-2498
-2062
-1208
-548
-418
-417
-212
-322
-448
-291
203
423
-175
-904
-1520
-1790
-1943
-1797
-1526
-1354
-1308
-1104
-742
-344
-41
356
1106
1602
1586
1061
740
543
528
515
846
1280
1592
1222
2395
4027
4633
3598
1725
934
859
729
1124
1788
1133
-1228
-3736
-3758
-1907
-647
-139
71
377
212
-428
-45
853
1551
1790
1648
1373
355
-1031
-1557
-1221
-772
-907
-1530
-1884
-2126
-2248
-2115
-1612
-1027
-839
-892
-791
-506
-381
-121
155
368
-97
-827
-1388
-1436
-1251
-1227
-1275
-1366
-1455
-1352
-1041
-660
-204
47
720
1409
1863
1583
910
492
665
916
1417
1771
2054
1752
1954
3322
4101
3930
2396
1324
1094
709
644
1160
1121
-330
-2939
-3881
-2544
-1065
-318
-198
75
207
-324
-188
738
1409
1557
1290
1116
763
-365
-1042
-923
-484
-584
-1389
-2109
-2486
-2667
-2243
-1388
-659
-660
-1127
-1312
-1015
-679
-194
294
602
294
-718
-1429
-1565
-1259
-1037
-946
-966
-1134
-1473
-1366
-997
-428
52
454
932
1338
1370
1054
706
725
1074
1441
1804
2040
1824
2745
3935
4360
3531
1830
892
682
529
808
1130
557
-1233
-3375
-3455
-1957
-778
-276
-131
328
277
-318
-306
411
1206
1512
1325
1058
235
-986
-1660
-1235
-363
-306
-1291
-2280
-2588
-2429
-1972
-1537
-991
-729
-905
-1152
-1224
-895
-415
-35
265
38
-521
-1253
-1527
-1334
-981
-738
-758
-918
-975
-866
-811
-526
-133
394
939
1251
1313
1200
1233
1282
1491
1706
2016
1997
2620
3982
4782
4337
2543
1053
729
744
1028
1455
1146
-370
-2784
-3683
-2643
-1068
-85
116
231
97
-542
-581
199
1232
1749
1554
1086
277
-947
-1746
-1480
-544
-50
-792
-1878
-2533
-2542
-2082
-1462
-753
-536
-945
-1348
-1365
-1024
-691
-440
-26
155
-210
-1066
-1491
-1343
-945
-758
-713
-666
-624
-610
-585
-233
-50
40
140
431
726
958
1089
1341
1522
1470
1565
1596
1980
3293
4510
4778
3546
1533
453
280
698
1575
1838
824
-1685
-3933
-3932
-2286
-582
361
358
58
-712
-1244
-660
644
1587
1780
1324
783
-273
-1336
-1574
-929
-52
-90
-1113
-2322
-3037
-2888
-2081
-1022
-270
-443
-1063
-1494
-1352
-859
-401
-74
87
-231
-820
-1432
-1635
-1337
-1024
-802
-708
-745
-590
-444
-289
-17
0
221
520
715
667
467
622
1134
1783
2335
2556
2416
3000
3673
4210
3895
2899
2045
1310
751
750
869
515
-860
-2519
-2766
-2049
-1111
-475
-180
162
46
-266
56
709
1202
1264
1038
860
347
-454
-1035
-1127
-668
-598
-1123
-1832
-2292
-2145
-1857
-1479
-1049
-881
-875
-1070
-1073
-635
-303
-220
-378
-682
-797
-1232
-1479
-1508
-1379
-1199
-1145
-914
-463
-141
-64
-73
112
426
692
707
666
483
432
684
1099
1670
2090
1944
2474
3760
4465
4157
2723
1702
1584
1520
1649
1666
1026
-574
-2788
-3392
-2300
-1085
-447
-573
-503
-430
-668
-356
425
1235
1472
1166
797
313
-570
-969
-777
-385
-523
-1432
-2172
-2415
-2446
-2185
-1806
-1451
-1362
-1529
-1228
-811
-440
-272
-236
61
13
-583
-1208
-1513
-1482
-1445
-1530
-1554
-1418
-1202
-672
-293
41
149
291
706
1016
1128
832
761
996
1304
1532
1719
1646
2092
3229
4320
4486
3177
1755
1111
1163
1675
2140
2066
908
-1323
-2832
-2691
-1640
-757
-390
-139
-47
-372
-668
-346
477
1155
1446
1461
989
15
-941
-1093
-478
-164
-601
-1625
-2284
-2463
-2355
-1978
-1580
-1333
-1408
-1445
-1098
-620
-399
-338
-202
-5
-116
-634
-1096
-1334
-1398
-1527
-1649
-1625
-1455
-956
-501
-119
118
218
261
668
1368
1513
1083
721
1086
1516
1672
1674
2123
3458
4228
3903
3054
2102
1491
1219
1562
2371
2227
678
-1507
-2781
-2293
-1276
-611
-357
-686
-1105
-1394
-1010
-15
678
959
967
853
505
-154
-586
-275
118
87
-502
-1644
-2560
-2673
-2128
-1350
-1297
-1970
-2613
-2584
-1820
-881
-174
160
84
-177
-281
-303
-373
-692
-950
-1116
-1245
-1555
-1759
-1474
-868
-230
10
-62
90
445
858
1165
1126
1033
1197
1743
2596
2744
2652
3127
3532
3765
3123
2194
1738
1355
1394
1729
1484
437
-1412
-2254
-1327
-312
-34
-564
-1069
-1146
-1106
-460
419
932
765
336
253
290
-234
-644
-324
259
309
-704
-1827
-2299
-2275
-1986
-1525
-1159
-1387
-2203
-2706
-2186
-1213
-484
-359
-352
-256
-379
-618
-708
-470
-394
-585
-943
-1207
-1445
-1398
-1068
-521
-120
-112
-154
91
627
966
1213
1573
1882
2004
2082
2100
2745
3526
4061
4007
3288
2360
1280
762
1185
1956
1959
559
-1324
-2102
-1533
-535
7
-15
-318
-847
-1130
-850
-186
361
554
560
426
-12
-686
-805
-168
485
404
-548
-1654
-2523
-2743
-2180
-1455
-1218
-1823
-2572
-2587
-2085
-1665
-1311
-950
-376
-192
-411
-745
-862
-638
-439
-288
-347
-857
-1467
-1602
-1262
-701
-350
-248
-77
223
462
691
891
1148
1588
2080
2535
2890
3635
4292
4451
3704
2559
1864
1679
1790
2166
2076
1197
-588
-2043
-1999
-996
-46
309
145
-385
-960
-1099
-559
205
644
646
489
353
-161
-699
-609
-14
426
82
-770
-1644
-2294
-2517
-2123
-1455
-1273
-1912
-2699
-2809
-2234
-1486
-1117
-963
-873
-784
-827
-816
-751
-735
-611
-485
-385
-592
-934
-1098
-976
-661
-464
-440
-196
26
349
765
947
1185
1599
2103
2489
2801
3558
4400
4525
3880
2722
1983
1628
1609
2040
2242
1448
-447
-2037
-2050
-911
-13
126
-112
-565
-911
-972
-577
121
604
804
779
572
-63
-613
-548
65
565
330
-639
-1813
-2482
-2503
-2049
-1671
-1718
-2243
-2697
-2782
-2366
-1771
-1267
-893
-687
-677
-978
-1095
-1013
-700
-542
-557
-588
-722
-910
-1044
-824
-534
-402
-392
-397
-212
41
334
845
1495
2173
2381
2409
3033
4069
4595
4204
3298
2638
2115
1777
1888
2057
1519
-141
-1575
-1501
-705
-204
-285
-345
-353
-697
-915
-600
-81
215
229
349
559
330
-235
-447
-72
299
123
-322
-813
-1308
-1759
-2152
-2167
-2110
-2221
-2411
-2385
-2162
-1921
-1800
-1530
-1080
-810
-791
-920
-808
-637
-574
-471
-400
-360
-364
-540
-612
-642
-683
-560
-360
-71
-21
-31
386
906
1568
2039
2208
2746
3520
4182
4387
3836
3024
2447
2167
2353
2442
2025
793
-759
-1335
-885
-278
-69
-361
-638
-667
-680
-676
-537
-260
12
170
418
497
134
-118
14
404
590
175
-572
-1224
-1480
-1426
-1461
-1689
-2219
-2714
-2797
-2673
-2427
-2125
-1700
-1207
-1049
-1121
-1262
-1186
-788
-417
-226
-174
-415
-714
-817
-739
-501
-328
-439
-722
-940
-753
-382
66
611
1369
1848
1975
2559
3643
4469
4144
3198
2738
2675
2552
2413
2369
1867
242
-1220
-1113
-8
472
-92
-597
-591
-395
-376
-284
-27
19
-216
-221
265
423
-95
-292
230
834
666
-99
-718
-1034
-1012
-895
-867
-1200
-1987
-2800
-2910
-2356
-2013
-2056
-1998
-1837
-1656
-1575
-1623
-1407
-905
-644
-584
-411
-256
-245
-298
-91
72
-79
-407
-654
-654
-518
-309
-34
327
803
1019
1528
2573
3552
4153
3938
3457
3028
2654
2618
2736
2912
2268
561
-800
-877
-208
189
-24
-304
-499
-669
-752
-544
-118
150
66
-110
-57
-166
-366
-233
271
638
421
-214
-706
-897
-795
-684
-860
-1284
-1914
-2410
-2402
-2187
-2110
-2112
-2073
-1930
-1936
-1900
-1740
-1508
-1160
-931
-722
-477
-350
-292
-155
43
222
274
241
123
-275
-668
-842
-459
348
910
1041
1564
2653
3402
3388
2922
3008
3358
3495
3428
3213
2806
1414
-306
-693
129
840
500
-285
-698
-825
-933
-839
-349
126
93
-296
-247
20
-121
-345
18
722
815
83
-549
-695
-578
-502
-581
-714
-1190
-1941
-2313
-1995
-1658
-1822
-2122
-2084
-1859
-1770
-1829
-1908
-1774
-1451
-1214
-862
-490
-290
-319
-229
89
347
430
327
184
46
-10
-61
-109
-14
129
501
1467
2773
3463
3042
2274
2013
2202
2735
3338
3629
3051
1226
-614
-918
165
1045
790
67
-501
-887
-1042
-821
-304
76
-28
-363
-354
-258
-435
-601
-66
732
863
232
-594
-926
-668
-266
-93
-357
-1087
-1820
-2121
-1827
-1435
-1393
-1657
-1897
-1983
-1936
-1864
-1831
-1642
-1337
-1183
-1146
-915
-542
-86
278
400
294
200
156
140
197
257
221
144
346
536
722
1405
2353
2956
2817
2357
2228
2259
2450
2777
3135
2928
1570
-70
-453
328
962
733
176
-240
-513
-768
-805
-456
-13
-5
-348
-365
-257
-404
-582
-71
802
1019
348
-651
-951
-590
-215
-228
-522
-883
-1545
-2046
-2012
-1620
-1326
-1454
-1644
-1735
-1794
-1965
-2131
-1865
-1344
-1061
-1132
-1155
-847
-427
-25
245
372
362
220
26
13
213
434
424
467
495
683
1363
2238
2807
2633
2208
1845
1713
1958
2447
2870
2488
1158
-151
-293
390
778
602
183
-117
-354
-550
-641
-552
-198
-81
-166
-225
-295
-539
-582
-63
589
807
281
-507
-859
-644
-271
-282
-509
-833
-1246
-1565
-1708
-1576
-1344
-1248
-1413
-1631
-1805
-1936
-1989
-1783
-1379
-1042
-933
-935
-759
-441
-133
57
213
435
541
306
18
61
309
501
561
568
760
1371
2133
2541
2323
1894
1671
1855
2360
2873
3031
2367
1002
-147
-232
550
1130
851
184
-282
-413
-442
-505
-356
-5
102
-106
-339
-426
-469
-365
9
436
479
24
-527
-691
-323
-8
-137
-512
-936
-1291
-1479
-1352
-1074
-902
-1011
-1395
-1782
-1904
-1876
-1770
-1607
-1431
-1375
-1396
-1293
-983
-658
-399
-197
-27
200
305
219
151
357
482
442
357
327
610
1439
2379
2862
2409
1560
1188
1517
2255
2784
2838
2270
1070
-109
-336
298
898
761
129
-370
-491
-568
-605
-462
-36
208
45
-309
-568
-577
-383
92
583
763
369
-378
-874
-679
-138
39
-256
-717
-1104
-1427
-1620
-1503
-1144
-771
-803
-1226
-1605
-1724
-1645
-1588
-1526
-1396
-1245
-1200
-1138
-916
-590
-325
-205
-19
179
266
234
337
579
731
739
546
529
1139
2068
2715
2494
1737
1181
1103
1633
2309
2779
2647
1646
375
-240
167
967
1232
740
-27
-564
-684
-636
-397
-26
182
69
-333
-582
-484
-102
264
455
430
133
-291
-622
-562
-233
11
-191
-789
-1321
-1553
-1333
-971
-791
-894
-1167
-1435
-1562
-1556
-1513
-1326
-1221
-1344
-1619
-1754
-1472
-1055
-692
-519
-503
-493
-449
-310
15
431
641
641
525
497
610
1001
1694
2336
2498
2031
1439
1165
1403
1944
2381
2469
1911
927
74
49
687
1134
949
324
-194
-427
-497
-446
-290
-126
-88
-197
-432
-488
-311
49
361
534
516
221
-104
-310
-240
-71
46
-62
-497
-982
-1295
-1289
-1037
-745
-639
-808
-1149
-1460
-1595
-1406
-1168
-1104
-1216
-1380
-1443
-1342
-1134
-901
-701
-533
-358
-311
-241
-104
128
468
712
811
739
768
1217
1869
2396
2294
1737
1228
1112
1481
1899
2158
2013
1344
569
141
271
690
914
771
256
-152
-359
-444
-452
-412
-226
-78
-83
-346
-637
-652
-203
343
539
239
-315
-626
-538
-208
-12
-36
-328
-755
-1061
-1091
-966
-790
-718
-803
-966
-1170
-1291
-1343
-1338
-1233
-1090
-1104
-1326
-1557
-1526
-1153
-759
-640
-725
-812
-670
-400
-52
248
469
606
731
840
1104
1605
2201
2536
2277
1716
1277
1256
1627
2046
2293
1991
1170
283
-117
283
1012
1355
969
210
-408
-595
-381
-191
-164
-145
-96
-202
-488
-875
-901
-406
163
420
231
-148
-424
-494
-265
121
301
139
-281
-675
-922
-940
-744
-472
-314
-408
-854
-1373
-1572
-1367
-940
-641
-754
-1170
-1516
-1450
-1100
-821
-710
-736
-702
-515
-385
-329
-215
114
594
938
1072
984
957
1322
1953
2286
2047
1488
1047
1055
1390
1734
1778
1434
797
252
109
371
728
872
678
207
-161
-335
-455
-421
-262
-86
-56
-282
-629
-899
-830
-413
1
124
-92
-481
-717
-667
-404
-100
81
85
-113
-409
-671
-767
-613
-317
-159
-296
-694
-1086
-1212
-1053
-798
-754
-896
-1017
-1106
-1126
-1082
-1016
-925
-806
-644
-542
-495
-500
-350
59
532
884
887
713
704
1037
1565
1852
1685
1286
995
970
1169
1332
1400
1341
1117
812
547
542
693
838
854
662
400
175
85
27
32
133
190
37
-238
-559
-758
-688
-451
-297
-312
-450
-656
-675
-493
-289
-206
-234
-253
-278
-324
-349
-286
-264
-268
-356
-435
-456
-534
-631
-759
-804
-864
-937
-949
-975
-1105
-1160
-1109
-988
-833
-766
-737
-600
-311
-19
199
270
344
564
780
855
765
705
860
1112
1173
966
714
683
913
1183
1373
1325
1037
696
514
641
863
993
1039
1031
904
656
354
168
228
382
478
339
-47
-452
-677
-661
-507
-344
-281
-407
-597
-709
-718
-647
-480
-265
-121
-147
-337
-580
-671
-587
-446
-306
-328
-535
-796
-936
-919
-832
-772
-804
-908
-1033
-1143
-1181
-1108
-885
-645
-442
-325
-385
-415
-288
40
427
563
465
288
215
289
450
647
857
1033
1049
1006
949
897
869
884
1009
1103
1094
1006
906
881
952
1049
1083
1044
938
836
674
520
382
316
306
250
149
-26
-190
-362
-448
-384
-351
-331
-336
-410
-473
-557
-584
-587
-626
-611
-656
-735
-791
-890
-937
-960
-881
-832
-917
-978
-1093
-1174
-1118
-1010
-859
-781
-787
-751
-766
-737
-622
-451
-254
-108
-97
-105
-120
-109
-62
105
334
463
448
388
428
565
735
822
871
944
989
983
959
922
957
999
1070
1163
1209
1165
1070
1007
973
986
976
898
826
760
726
669
567
427
282
248
277
264
180
19
-116
-222
-340
-447
-467
-452
-456
-588
-836
-1032
-1115
-1069
-966
-894
-954
-1143
-1265
-1255
-1161
-1084
-1079
-1070
-1011
-997
-985
-895
-800
-670
-553
-483
-467
-530
-588
-546
-329
-137
-56
-59
-77
24
151
253
322
456
531
564
627
669
738
790
890
993
995
932
909
913
904
860
844
801
758
736
716
731
767
799
764
737
695
653
593
564
590
528
386
268
218
232
228
104
-78
-241
-441
-581
-619
-597
-627
-799
-922
-954
-952
-946
-966
-1012
-1039
-1043
-1061
-1055
-972
-876
-782
-679
-644
-677
-704
-654
-567
-495
-428
-430
-412
-387
-412
-375
-293
-166
-56
-27
34
99
103
194
310
421
484
546
585
587
578
587
613
635
686
713
776
815
820
833
884
937
962
916
833
760
711
637
553
500
532
590
620
601
580
507
419
344
247
167
88
-1
-84
-147
-216
-267
-398
-509
-522
-512
-519
-554
-618
-656
-616
-518
-429
-431
-463
-497
-554
-567
-554
-508
-418
-355
-373
-414
-458
-450
-419
-376
-318
-271
-275
-298
-313
-336
-302
-273
-257
-200
-188
-197
-197
-202
-179
-98
-49
5
6
14
55
117
232
336
389
368
314
263
249
220
248
340
395
388
327
248
223
257
325
353
312
184
51
-15
-19
26
49
22
-24
-50
-14
65
126
134
139
217
306
313
265
286
293
298
315
322
288
217
188
195
157
92
65
41
44
33
22
-16
-77
-150
-181
-230
-261
-237
-280
-352
-404
-481
-503
-466
-419
-378
-373
-386
-409
-372
-304
-284
-338
-363
-388
-406
-436
-433
-390
-365
-316
-255
-213
-228
-174
-40
77
97
69
10
-34
-2
49
60
69
70
60
43
13
13
86
161
268
386
439
464
484
508
552
622
687
781
841
881
890
851
827
835
867
909
911
858
784
715
668
591
471
422
411
330
191
80
-20
-96
-163
-263
-297
-327
-376
-459
-560
-614
-652
-658
-655
-668
-710
-822
-958
-1021
-1008
-975
-963
-986
-988
-978
-922
-861
-851
-833
-766
-689
-652
-615
-630
-667
-668
-606
-522
-464
-415
-389
-358
-294
-182
-84
-2
111
181
279
379
473
574
660
758
822
891
915
943
945
959
995
978
969
953
937
965
955
911
907
890
871
847
808
742
734
696
625
586
506
443
400
373
330
198
41
-76
-167
-190
-234
-397
-532
-587
-587
-601
-688
-782
-840
-820
-816
-828
-873
-926
-926
-923
-901
-873
-896
-938
-948
-913
-899
-892
-900
-892
-845
-800
-714
-695
-659
-578
-487
-361
-284
-207
-108
50
142
209
248
324
428
520
576
588
613
661
756
857
923
952
973
1010
1086
1116
1101
1075
1074
1067
1045
1049
1042
974
938
870
786
757
721
691
665
622
508
378
269
233
226
153
44
-107
-217
-257
-265
-307
-346
-374
-425
-466
-539
-628
-715
-793
-854
-875
-915
-997
-1047
-1117
-1171
-1157
-1119
-1082
-1088
-1079
-1020
-971
-916
-880
-760
-624
-532
-454
-451
-448
-388
-315
-253
-184
-154
-134
-89
17
92
117
173
271
350
393
402
413
468
527
590
634
683
708
724
756
773
801
837
853
874
874
818
743
609
546
576
535
463
360
292
286
277
249
211
177
174
160
133
83
38
-20
-66
-75
-102
-133
-217
-281
-358
-389
-399
-478
-534
-556
-518
-491
-474
-448
-450
-437
-440
-421
-417
-366
-284
-287
-311
-350
-386
-386
-361
-308
-264
-269
-253
-239
-222
-149
-73
-41
-57
-28
16
66
82
97
125
159
199
235
261
283
291
296
308
301
292
281
320
329
330
320
327
341
377
413
401
444
476
443
434
400
323
279
259
265
251
207
135
47
-6
-18
-26
-46
-87
-114
-138
-150
-169
-163
-120
-59
-45
-53
-87
-103
-76
-48
-23
-27
-78
-156
-215
-208
-198
-241
-251
-272
-267
-257
-241
-238
-222
-210
-231
-245
-259
-226
-236
-227
-223
-230
-228
-247
-235
-242
-254
-243
-214
-186
-165
-191
-211
-215
-171
-148
-165
-161
-164
-130
-102
-76
-75
-97
-121
-122
-76
-21
43
66
37
2
4
6
26
70
100
113
84
99
116
171
266
366
404
422
461
445
463
514
575
598
581
522
466
455
466
502
532
514
518
514
465
429
395
380
362
315
285
250
246
250
197
132
44
-17
-38
-76
-102
-116
-162
-219
-270
-353
-435
-479
-506
-462
-468
-504
-539
-613
-627
-613
-613
-592
-593
-566
-559
-588
-593
-597
-605
-601
-550
-512
-494
-491
-467
-465
-475
-468
-465
-397
-272
-185
-91
11
87
128
122
153
237
337
403
468
474
448
466
536
589
636
703
735
747
755
728
674
650
628
638
669
683
632
579
560
527
528
490
415
328
247
195
158
133
78
-25
-87
-106
-141
-166
-219
-246
-270
-346
-380
-405
-459
-514
-577
-604
-621
-650
-698
-745
-759
-764
-779
-794
-837
-882
-906
-896
-837
-781
-727
-670
-599
-524
-473
-373
-296
-231
-150
-66
5
55
109
141
222
300
373
445
495
518
546
598
665
711
699
704
722
758
820
870
887
924
942
902
897
903
863
794
727
648
574
545
520
464
428
375
301
240
172
138
137
79
5
-103
-210
-242
-287
-303
-324
-407
-485
-536
-582
-622
-642
-655
-687
-718
-776
-840
-856
-835
-777
-758
-741
-724
-687
-644
-596
-531
-469
-410
-382
-363
-343
-308
-262
-205
-114
-21
33
75
112
156
200
232
251
277
277
329
395
409
448
480
470
473
520
542
540
521
523
520
480
475
460
433
410
389
381
347
300
260
254
240
198
146
129
106
76
29
-9
-9
-15
-63
-129
-175
-223
-265
-313
-332
-376
-418
-484
-534
-535
-515
-483
-455
-461
-432
-398
-416
-397
-337
-295
-268
-258
-249
-260
-226
-189
-178
-135
-102
-69
-37
-11
6
25
17
55
90
97
103
104
114
128
142
161
182
230
253
280
292
248
219
212
221
257
265
231
219
200
179
210
233
211
187
163
147
119
103
99
77
79
76
56
40
-16
-61
-83
-90
-109
-134
-138
-147
-154
-162
-161
-186
-174
-140
-122
-61
141
284
66
-286
-318
-65
72
-30
-27
171
181
-153
-338
-10
437
372
-27
-120
180
313
97
-36
88
297
279
130
113
205
180
181
556
793
364
-175
-251
-92
-108
-224
-63
166
-116
-797
-880
-210
195
-105
-365
-170
9
-247
-540
-266
170
182
-75
-146
-53
-47
-219
-244
-53
70
36
-180
-334
-309
-274
-312
-275
-120
12
-11
-130
-186
-145
-71
-16
93
203
185
136
89
125
186
171
246
423
511
484
378
299
335
375
396
361
359
380
307
199
155
136
140
150
164
167
64
-61
-147
-143
-63
-17
-52
-98
-154
-249
-293
-305
-289
-266
-296
-311
-316
-333
-387
-393
-395
-408
-379
-390
-452
-478
-491
-511
-501
-470
-416
-399
-388
-386
-401
-387
-350
-289
-213
-146
-69
-8
-1
11
42
71
146
176
220
290
314
366
414
470
521
517
510
528
562
594
600
631
711
732
704
658
638
644
613
621
652
610
549
514
475
451
405
356
312
278
208
124
54
17
30
-15
-44
-71
-133
-230
-305
-303
-304
-382
-424
-427
-449
-497
-544
-565
-619
-606
-583
-545
-549
-596
-634
-686
-685
-673
-661
-615
-550
-540
-550
-541
-515
-484
-431
-331
-267
-233
-202
-168
-87
-18
54
107
140
170
167
172
187
257
345
428
462
481
478
456
459
493
541
589
590
589
574
513
467
460
518
540
492
424
378
353
301
233
245
263
210
148
88
53
-30
-101
-81
-49
-57
-124
-216
-286
-344
-379
-415
-428
-405
-389
-440
-507
-505
-490
-478
-481
-498
-524
-523
-512
-497
-471
-465
-405
-370
-339
-303
-299
-259
-237
-209
-152
-103
-79
-69
-75
-36
3
48
112
133
162
203
262
332
375
371
369
419
449
473
509
545
555
538
533
528
541
585
594
574
568
547
522
501
470
436
391
345
349
319
305
258
171
173
107
22
20
4
-25
-58
-97
-166
-217
-245
-256
-263
-292
-317
-357
-384
-413
-453
-472
-431
-403
-390
-400
-395
-404
-425
-441
-432
-431
-421
-410
-402
-370
-362
-311
-292
-343
-350
-359
-352
-288
-231
-165
-142
-151
-199
-201
-103
-18
15
29
37
24
19
30
39
98
133
173
223
215
192
172
167
199
266
313
348
355
328
283
233
246
244
263
312
330
321
285
235
202
243
255
272
249
227
221
179
155
127
124
135
123
93
50
31
68
71
95
103
65
56
67
67
26
-22
-80
-126
-166
-152
-118
-87
-102
-133
-164
-205
-215
-230
-188
-152
-162
-183
-248
-291
-282
-294
-262
-225
-196
-183
-229
-235
-213
-188
-142
-98
-110
-101
-113
-162
-161
-145
-105
-75
-50
-7
-18
-28
-4
3
14
54
111
153
184
188
164
137
130
162
175
216
281
275
205
142
123
150
218
265
312
301
234
195
179
209
228
230
199
188
165
126
98
96
116
114
113
87
32
-57
-92
-40
10
7
-45
-82
-107
-159
-192
-211
-235
-248
-251
-243
-230
-241
-312
-373
-392
-378
-354
-312
-278
-269
-295
-330
-372
-377
-342
-308
-286
-267
-244
-230
-188
-131
-60
-43
-52
-13
33
30
28
36
94
154
161
171
168
195
234
272
314
373
381
367
357
372
416
409
401
405
415
418
385
365
383
384
362
357
352
339
333
346
325
275
205
135
125
135
138
125
53
-3
-59
-159
-190
-182
-191
-202
-221
-215
-230
-329
-403
-423
-437
-443
-448
-456
-494
-511
-524
-545
-526
-500
-485
-442
-411
-419
-399
-373
-341
-304
-282
-283
-271
-271
-230
-199
-157
-105
-108
-82
-29
8
58
102
157
223
245
240
268
322
353
353
359
389
402
433
460
509
514
524
531
502
493
506
508
498
493
440
389
373
356
364
361
304
251
238
211
164
149
126
109
92
48
7
-35
-105
-175
-221
-246
-236
-249
-259
-301
-379
-439
-460
-447
-426
-399
-408
-462
-493
-519
-542
-518
-500
-482
-469
-449
-409
-392
-391
-352
-307
-256
-181
-145
-136
-163
-179
-142
-88
-28
18
41
42
61
88
103
122
177
206
243
271
267
238
223
262
278
292
319
348
340
326
323
304
301
305
304
327
319
309
317
296
273
256
251
239
228
195
150
115
86
75
42
14
17
1
-29
-57
-76
-94
-94
-130
-185
-175
-187
-229
-245
-290
-328
-316
-303
-267
-222
-215
-212
-213
-250
-264
-255
-266
-238
-201
-200
-229
-229
-223
-190
-142
-121
-109
-79
-45
-26
-10
9
33
27
54
110
118
126
128
80
73
80
123
173
206
264
247
245
248
212
171
182
203
221
256
244
206
182
168
184
192
184
176
183
148
100
101
109
115
117
128
94
40
-4
-38
-35
-31
-42
-57
-80
-93
-106
-111
-119
-114
-105
-98
-85
-68
-81
-132
-155
-185
-171
-157
-152
-156
-176
-195
-201
-210
-225
-201
-200
-187
-170
-169
-171
-180
-177
-156
-156
-126
-76
-67
-72
-70
-50
-41
-37
-27
20
37
34
21
-3
-34
-8
39
62
101
110
90
78
96
121
146
143
162
158
134
119
116
125
126
133
170
189
176
139
112
129
132
127
135
142
127
118
101
72
55
76
85
96
104
93
66
48
41
58
53
11
30
48
10
-14
-20
-34
-51
-49
-28
-26
-20
-38
-50
-53
-68
-79
-87
-84
-81
-105
-136
-160
-166
-161
-146
-123
-86
-81
-116
-123
-125
-146
-167
-185
-148
-121
-116
-117
-125
-121
-131
-108
-97
-53
-29
-40
-41
-40
-48
-48
-32
-11
27
30
23
45
53
64
94
109
100
78
183
248
172
182
171
123
145
169
189
280
218
98
166
145
59
74
164
217
196
120
88
101
-12
-70
17
84
62
27
56
-44
-201
-47
124
7
-15
-43
-146
-133
-254
-235
75
-12
-270
-132
-174
-330
-292
-235
-123
-92
-222
-202
-100
-263
-383
-241
-138
-149
-126
-93
-154
-233
-281
-202
-95
-138
-99
23
20
-47
-56
-33
-18
-17
20
87
97
79
143
187
105
52
91
157
223
231
216
209
175
184
221
247
255
278
333
296
230
196
209
241
264
259
242
215
157
125
135
131
101
78
79
80
54
38
27
19
-16
-69
-77
-111
-93
-73
-123
-142
-161
-178
-193
-191
-195
-179
-188
-251
-281
-295
-308
-290
-260
-240
-234
-237
-245
-224
-228
-218
-155
-109
-85
-103
-117
-141
-159
-148
-115
-62
-18
42
70
61
91
99
105
138
171
195
194
204
213
198
186
215
254
264
294
305
301
316
293
278
283
283
282
301
293
264
246
233
199
200
220
191
174
132
107
86
51
11
-14
-11
-37
-65
-66
-108
-126
-118
-177
-200
-235
-262
-235
-229
-237
-264
-288
-291
-316
-335
-316
-311
-339
-376
-398
-385
-367
-347
-311
-294
-295
-324
-317
-294
-258
-228
-200
-154
-145
-127
-112
-104
-71
-36
-5
33
74
85
95
130
167
204
221
232
241
283
316
337
345
349
333
315
305
311
316
316
313
316
318
272
253
269
252
214
215
213
198
187
165
117
93
73
32
6
-20
-43
-52
-74
-111
-119
-134
-177
-218
-263
-266
-257
-269
-262
-258
-303
-355
-383
-363
-357
-334
-296
-287
-269
-258
-236
-218
-197
-172
-127
-103
-116
-105
-81
-45
-25
-24
-10
30
46
45
73
77
96
130
154
173
207
218
202
223
261
269
274
289
315
321
296
293
300
293
278
270
258
255
246
254
243
210
196
189
167
136
108
87
67
62
63
47
26
4
-10
-27
-63
-90
-96
-105
-130
-146
-142
-163
-181
-193
-171
-181
-235
-257
-245
-245
-259
-216
-226
-263
-281
-300
-282
-260
-252
-234
-198
-195
-179
-180
-166
-157
-137
-132
-159
-145
-136
-147
-128
-84
-65
-53
-29
-30
-17
-10
15
21
39
59
97
83
58
54
49
43
68
139
171
175
168
190
184
186
197
203
220
226
245
281
269
253
249
220
199
192
167
172
186
163
140
149
146
127
132
122
96
101
71
67
90
83
67
49
10
-20
-41
-75
-84
-86
-98
-135
-123
-129
-158
-178
-186
-187
-195
-166
-153
-156
-177
-200
-213
-250
-246
-218
-208
-197
-199
-192
-197
-174
-155
-146
-124
-128
-98
-92
-110
-140
-123
-110
-85
-41
-24
-11
-20
-18
-8
13
38
51
71
83
108
144
156
161
163
158
150
161
164
166
199
228
244
240
216
213
214
182
192
222
212
204
195
179
164
153
164
161
134
123
138
134
112
94
70
68
45
31
19
-32
-60
-76
-104
-106
-116
-144
-171
-171
-191
-211
-204
-233
-241
-265
-280
-284
-302
-307
-297
-289
-278
-279
-289
-297
-285
-265
-204
-180
-179
-166
-148
-114
-104
-77
-56
-50
-23
10
40
80
98
119
123
136
160
163
197
244
238
270
302
295
308
318
307
303
291
265
254
241
202
186
195
177
158
162
132
99
85
67
76
45
-3
-8
-41
-82
-65
-69
-100
-101
-129
-159
-164
-194
-203
-198
-202
-200
-208
-210
-235
-216
-224
-247
-263
-270
-257
-217
-195
-191
-161
-164
-153
-138
-136
-113
-91
-90
-71
-34
-12
3
15
48
43
32
56
80
101
123
140
140
140
148
174
196
216
224
207
203
182
180
199
196
201
218
204
202
201
173
168
180
176
192
195
161
137
112
95
81
55
67
89
87
91
95
67
33
17
-7
-21
-17
-24
-34
-43
-69
-86
-112
-131
-126
-118
-132
-145
-157
-171
-177
-172
-152
-141
-130
-120
-127
-148
-161
-171
-186
-193
-154
-145
-178
-144
-127
-147
-149
-131
-99
-82
-63
-28
-17
-30
-38
-34
-37
-20
-9
10
18
-4
1
3
5
30
30
30
49
49
41
32
25
14
43
66
82
101
83
69
37
10
10
31
58
68
79
64
39
8
2
25
32
48
44
31
13
-16
-32
-32
-15
10
24
9
-7
-17
-25
-23
-17
19
43
55
45
15
7
-2
-22
-4
25
24
31
26
4
8
9
6
14
15
8
13
6
1
8
-4
-8
-17
-5
6
-6
-7
-5
-12
-29
-41
-32
-14
-10
-6
3
-8
-21
-13
13
38
62
61
40
35
8
18
41
26
22
30
38
18
11
0
14
38
49
64
74
78
66
50
72
68
63
59
37
43
34
23
21
41
34
42
54
22
16
-9
-16
-22
-31
-48
-52
-41
-39
-36
-28
-26
-39
-24
-29
-49
-71
-73
-83
-90
-72
-59
-48
-47
-57
-56
-63
-64
-67
-80
-74
-77
-58
-52
-57
-48
-42
-51
-13
4
-2
-13
-19
-5
-20
-27
-26
-7
-12
-10
9
1
-5
4
-4
4
23
25
12
13
10
6
15
17
18
30
46
42
56
88
92
77
54
43
32
37
61
73
88
103
85
86
93
89
121
143
131
119
106
66
42
28
7
4
-8
-4
-19
-22
-39
-59
-60
-58
-55
-44
-31
-58
-85
-102
-122
-140
-142
-150
-156
-162
-165
-190
-180
-166
-177
-157
-154
-160
-155
-143
-135
-125
-108
-108
-91
-73
-68
-58
-44
-37
-23
5
15
25
31
43
82
101
113
129
156
153
150
163
176
172
180
192
200
206
207
198
203
214
211
220
225
215
199
189
190
174
147
140
142
125
139
148
143
113
95
71
32
33
10
-5
-11
-18
-41
-65
-101
-114
-134
-144
-145
-155
-154
-167
-162
-144
-151
-169
-162
-161
-173
-169
-171
-174
-177
-194
-191
-196
-206
-208
-197
-174
-173
-156
-139
-142
-139
-141
-122
-107
-94
-68
-43
-30
-9
9
23
17
19
55
65
77
87
99
103
100
99
96
93
93
108
117
118
129
152
141
136
136
137
146
140
112
105
78
62
73
70
70
61
58
56
42
30
35
3
-18
-15
-52
-59
-69
-92
-114
-144
-156
-156
-151
-142
-141
-150
-146
-166
-177
-175
-166
-155
-139
-123
-120
-118
-109
-84
-87
-72
-64
-38
-19
-9
12
7
9
13
28
45
51
78
93
89
119
141
147
164
181
189
189
198
204
193
203
208
207
211
212
203
202
199
185
171
158
132
121
117
106
106
120
113
109
90
57
18
-12
-5
2
9
3
-3
1
-15
-32
-39
-45
-66
-88
-86
-89
-118
-123
-115
-136
-128
-128
-158
-157
-157
-181
-169
-170
-147
-144
-164
-168
-184
-185
-183
-165
-135
-112
-100
-99
-90
-94
-105
-120
-112
-98
-100
-84
-78
-59
-56
-38
-11
-16
-9
16
24
27
53
57
59
69
58
70
81
91
109
118
126
137
135
145
151
153
172
174
183
186
154
126
115
92
91
82
84
82
68
63
41
10
-18
-27
-43
-53
-48
-28
-34
-50
-56
-67
-92
-110
-116
-102
-92
-80
-61
-58
-63
-72
-86
-68
-53
-58
-81
-96
-122
-115
-88
-65
-45
-28
-17
-3
18
3
11
32
55
73
93
92
88
69
45
49
58
57
57
51
19
23
25
17
54
63
77
70
46
40
28
12
-5
-11
-9
-1
-12
-4
-2
-13
-29
-35
-22
-23
-15
2
11
23
5
1
18
19
19
27
28
16
11
20
25
20
27
19
11
-10
0
22
10
31
43
25
25
33
33
29
13
-13
-23
-47
-52
-51
-64
-69
-83
-102
-88
-95
-117
-118
-122
-129
-147
-131
-122
-125
-100
-99
-103
-86
-103
-98
-80
-76
-74
-68
-60
-63
-59
-57
-31
-20
-21
3
32
29
36
43
39
61
66
77
113
135
144
138
114
97
107
98
105
132
128
120
106
99
104
93
111
135
126
129
133
97
61
52
52
67
70
82
89
59
36
1
-30
-37
-44
-51
-33
-21
-16
-15
-35
-50
-58
-61
-44
-38
-20
-25
-38
-44
-64
-79
-79
-78
-70
-41
-42
-28
-39
-59
-64
-54
-49
-47
-41
-26
-12
-9
-16
-21
-22
-39
-42
-35
-52
-55
-35
-16
0
7
16
19
-4
-6
11
16
27
44
56
71
73
61
52
47
60
51
53
61
53
55
59
69
73
57
53
75
66
57
49
46
50
35
26
11
12
21
12
8
12
0
-12
-32
-43
-47
-46
-64
-58
-77
-83
-69
-81
-70
-75
-82
-95
-84
-82
-95
-80
-81
-81
-73
-87
-83
-95
-99
-79
-57
-47
-38
-34
-48
-33
-21
-26
-4
22
22
29
48
25
14
14
4
-1
2
10
11
32
27
9
28
26
18
25
8
24
17
7
22
18
19
28
33
38
23
7
-1
-2
5
18
37
48
63
56
43
45
34
31
40
68
67
54
54
45
22
11
9
11
16
15
15
10
19
13
24
15
9
9
7
-5
-3
1
2
-2
-20
-28
-29
-26
-25
-26
-28
-13
-26
-23
-33
-50
-64
-55
-47
-59
-65
-65
-61
-67
-47
-31
-20
-11
-11
-10
11
-7
-3
3
-11
-12
-12
-11
-4
-2
15
28
37
51
60
71
89
83
82
95
100
111
94
89
77
66
72
63
51
56
71
79
66
70
68
68
55
54
56
37
25
0
-11
-35
-58
-79
-96
-106
-116
-119
-125
-121
-104
-79
-60
-49
-39
-50
-73
-88
-81
-77
-85
-78
-75
-76
-64
-73
-70
-73
-67
-57
-48
-33
-19
-19
-31
-27
-13
2
17
16
7
8
6
22
38
38
38
45
27
18
23
25
21
32
35
31
42
30
0
-6
-17
-13
11
14
46
50
41
41
32
34
35
47
50
55
75
61
38
49
49
58
71
69
69
67
52
53
51
41
57
66
71
67
57
46
31
32
42
41
33
33
11
-12
-30
-42
-37
-29
-18
-20
-23
-35
-47
-61
-81
-91
-90
-81
-79
-83
-94
-104
-104
-114
-107
-91
-89
-76
-76
-83
-82
-82
-75
-65
-39
-28
-13
10
-4
-3
-7
-11
-1
-1
4
5
4
9
6
7
14
22
20
14
12
6
6
7
20
43
61
68
71
73
67
59
58
52
38
43
40
23
1
1
5
5
35
49
60
61
49
41
20
-11
-14
-20
-34
-23
-28
-31
-35
-47
-58
-54
-49
-35
0
9
-5
-6
-26
-43
-38
-25
-7
-11
-29
-31
-42
-60
-62
-57
-35
-21
-16
-18
-26
-40
-21
-5
0
17
23
37
43
38
26
28
25
20
21
21
23
15
20
14
26
51
51
68
74
80
85
70
75
84
83
80
75
56
39
26
33
32
18
25
21
17
18
17
18
13
15
20
19
11
0
-8
-11
-16
-13
-19
-26
-28
-38
-49
-57
-69
-66
-57
-48
-38
-33
-17
-25
-43
-52
-71
-80
-85
-87
-71
-64
-74
-73
-64
-68
-53
-41
-33
-22
-29
-33
-39
-34
-25
-20
-12
-8
-7
3
1
2
13
6
-6
8
35
33
46
45
39
56
48
58
69
70
80
77
60
52
47
35
40
39
54
53
44
57
56
56
52
46
47
49
37
29
21
15
15
19
22
7
0
-24
-34
-24
-22
-17
-5
5
14
16
4
-12
-22
-21
-15
-3
1
-15
-33
-42
-44
-43
-29
-6
-2
3
-2
-2
-13
-25
-26
-26
-27
-21
-10
-19
-27
-27
-27
-23
-8
5
1
-3
-4
-20
-26
-25
-21
-11
-10
-9
-15
-14
-8
-7
0
10
12
16
19
9
2
-4
-17
-22
-9
0
1
13
-4
-11
0
-14
-22
-17
2
4
12
7
5
6
-19
-21
-20
-20
-27
-26
-26
-36
-43
-37
-39
-31
-22
-16
-20
-21
-30
-28
-28
-26
-26
-25
-27
-46
-46
-35
-29
-14
0
9
12
-1
-5
-9
-26
-23
-11
0
6
0
-5
-9
-9
0
5
1
11
13
14
19
24
35
35
45
48
49
52
46
37
35
39
52
67
71
72
75
70
67
64
56
44
33
32
33
41
40
34
28
30
31
23
21
24
9
2
0
-13
-7
2
6
6
7
2
-2
-9
-19
-20
-23
-27
-31
-36
-41
-42
-48
-42
-38
-35
-33
-29
-35
-31
-22
-28
-29
-16
-10
-14
-11
-19
-20
-30
-33
-25
-21
-14
-12
-1
3
6
15
13
3
6
5
7
16
15
20
14
4
3
8
16
30
42
42
41
33
31
39
41
51
48
48
48
42
40
48
53
44
40
31
27
21
23
15
4
-5
-11
-9
-13
-5
-16
-9
-4
-16
-19
-21
-16
-24
-18
-17
-18
-12
-19
-29
-41
-53
-62
-48
-39
-37
-39
-51
-54
-46
-48
-42
-43
-45
-33
-24
-17
-12
-13
-20
-22
-28
-19
-17
-26
-10
0
-6
-4
3
-2
-9
-10
-3
0
2
10
9
8
6
1
10
