SAMPLES:	7272
BITSPERSAMPLE:	16
CHANNELS:	1
SAMPLERATE:	16000
NORMALIZED:	FALSE
-17
25
-5
-13
-3
-19
25
-10
28
-11
-7
-14
-18
6
-28
-30
30
-76
50
-24
-9
25
-47
-27
-16
-27
6
-24
-55
21
-24
-25
7
-52
52
-68
13
-31
-32
-4
-58
-22
0
-16
-59
4
-37
30
-25
-35
18
-33
-13
28
-74
63
-57
39
-69
-20
-13
-21
32
-24
49
-57
80
-68
61
-13
35
22
-39
81
-98
93
-103
86
-66
89
8
38
10
-18
62
-76
112
-100
88
-32
73
-27
23
19
-8
21
-16
70
-20
54
-53
-14
23
-1
52
-4
61
12
-12
-34
13
4
45
-25
11
-6
-10
-47
-20
22
45
45
-55
65
-55
-17
-3
-62
44
-19
52
-23
-19
19
-9
20
-69
118
-162
88
-117
24
-14
-22
27
19
-14
27
36
-119
103
-84
57
-32
48
-48
107
-86
47
-18
-53
103
-67
89
-19
83
-80
92
-140
62
-55
31
12
-21
69
-52
39
-41
99
-64
57
-56
21
-27
-23
1
-5
-16
70
-47
52
-14
-16
5
-4
18
-16
-1
-37
28
-63
0
12
-72
83
-14
19
25
-36
36
-60
57
-42
82
-24
28
23
-54
57
-10
51
-4
64
-4
-20
3
-51
11
6
-7
71
-36
23
-16
-55
-17
-60
58
-5
96
-91
80
-103
35
-72
11
-16
5
23
-52
3
-28
73
-110
75
-20
27
-49
28
-64
17
28
-49
60
7
-59
-43
-80
1
28
-17
-5
72
-77
-21
36
-49
61
7
18
24
-11
-57
32
-68
13
15
8
-67
68
-74
8
3
1
-8
-33
-1
-77
65
-72
-20
12
-44
52
-49
-49
25
32
-93
122
-105
44
23
-73
-43
40
-39
107
-63
77
35
-101
61
-40
35
-1
56
4
90
-22
6
-3
60
46
-49
96
-84
135
-46
13
110
-84
12
66
36
65
47
-20
59
-9
-80
94
-47
85
-56
1
-13
-7
40
-93
-7
30
4
12
55
-71
53
-82
-59
10
-27
105
-26
54
-59
-5
-107
77
62
-3
95
-64
34
-122
70
-24
45
9
38
55
-14
94
-88
83
-82
101
-37
30
-48
128
-171
154
-13
-72
120
50
-103
65
-70
-49
48
-54
114
-34
12
0
-107
-85
8
-42
16
20
-28
5
-173
10
-90
-7
-89
84
-86
99
-92
-5
-51
52
-52
-39
10
29
36
-130
5
-34
-5
46
26
-35
19
0
9
-95
36
-35
30
-31
-16
-36
-54
179
-63
-2
-62
70
-100
-37
24
-43
130
-154
78
-129
72
23
-8
-93
121
-18
22
16
34
34
-145
-5
-19
22
46
114
121
39
0
6
-63
143
63
-30
86
40
57
-36
-34
59
45
-135
158
-79
97
75
-155
149
-143
-41
189
-10
156
193
-159
110
-55
-23
160
-140
34
-27
-136
33
-45
34
155
-75
54
8
97
167
-17
20
83
-6
-13
-72
23
56
-204
-68
-91
-112
28
-7
13
69
-16
-124
-114
6
-50
-36
23
-66
20
-139
-106
-3
4
86
71
-90
-25
-61
-378
-15
-136
-29
-41
-107
-41
-98
-168
-82
-30
-142
182
16
94
-90
-4
-41
-91
58
14
-25
62
80
-106
91
-100
56
119
96
117
-81
-47
16
18
-47
199
143
175
23
189
-19
-107
72
-28
114
256
156
6
14
-123
17
-47
220
372
102
70
83
-169
-75
120
100
269
28
44
-119
-214
65
57
41
202
95
-229
-41
-267
-59
-75
-33
187
-56
-123
5
-248
-363
188
-107
24
86
23
-193
-358
-16
-66
-105
143
253
-135
-192
-335
-184
-207
-55
181
91
121
216
-244
-167
-63
-140
166
56
403
247
44
196
-46
-263
188
60
109
280
102
160
-1
-72
251
36
59
461
-46
-58
129
-21
4
97
178
103
19
30
21
-192
-109
-71
-137
-97
-75
-73
-292
-117
-103
-112
92
29
16
-134
-108
-235
-273
-193
-39
-33
-10
130
-80
-131
-99
-105
-63
-168
-4
-86
-189
8
-17
-55
41
141
179
121
134
233
241
238
464
319
274
410
123
208
209
269
294
203
205
89
-72
-191
-144
-254
-129
-183
-281
-406
-643
-720
-770
-792
-591
-511
-544
-485
-722
-765
-660
-550
-355
-368
-392
-345
-374
-299
-170
-78
510
814
790
811
643
412
582
753
1374
1625
1712
1571
1083
712
735
856
1242
1455
1572
1324
703
202
-290
-474
-378
-103
-137
-248
-753
-1186
-1602
-1353
-873
-685
-302
-476
-818
-1071
-1182
-1188
-622
-380
7
40
-345
-596
-828
-928
-681
-448
-512
-657
-1007
-1347
-1655
-1472
-1249
-994
-734
156
556
768
571
482
349
573
1304
2087
2519
2659
2465
1736
1407
1432
1901
2397
2710
2623
1916
860
183
-324
-508
-272
-92
-267
-819
-1488
-2274
-2633
-2404
-1835
-1382
-727
-733
-1046
-1263
-1527
-1088
-729
-88
430
518
-46
-200
-844
-819
-367
78
284
101
-443
-998
-1629
-1724
-1470
-1460
-1074
-908
-1199
-557
15
567
1032
1175
1189
1123
1056
1861
2648
2795
3257
2602
2156
1991
2136
2440
2639
2466
2189
1218
418
-245
-864
-1019
-842
-788
-1012
-1711
-2308
-2904
-2885
-2287
-1523
-1272
-1097
-840
-1296
-1184
-571
-168
176
955
450
559
178
-308
-43
151
2
393
-588
-1192
-1476
-1827
-1858
-1503
-1691
-1668
-1915
-1550
-294
153
763
808
723
392
806
1235
2667
3405
3772
3310
2168
1692
1747
2309
3070
3182
2567
1659
324
-516
-1074
-1216
-949
-802
-964
-1627
-2630
-3409
-3355
-2757
-1521
-543
-586
-879
-1674
-1238
-427
250
803
1226
817
640
213
-103
291
513
845
705
-253
-1116
-1798
-2195
-1900
-1701
-1405
-1765
-2042
-2577
-1353
-418
463
1097
1192
777
469
761
1622
3203
3727
4044
3060
2055
1682
1992
2462
3092
2955
2164
901
-321
-1125
-1545
-1376
-896
-683
-1288
-2186
-3356
-3637
-3115
-1887
-693
-358
-213
-901
-1277
-1019
-334
248
1490
1501
1446
789
-254
-559
-177
455
1109
785
-551
-1797
-2678
-2918
-2403
-1921
-1858
-2051
-675
87
-16
107
-125
82
1021
1995
2919
3513
2947
2991
2161
1884
2401
2830
3226
3570
2779
1558
62
-745
-962
-823
-637
-808
-1581
-2452
-3019
-3278
-3110
-2562
-1872
-1570
-1296
-1053
-1260
-1234
-9
947
1505
1737
1308
608
484
547
1055
1266
1140
836
-73
-1079
-1302
-1488
-1727
-1571
-1838
-2268
-2839
-2808
-2770
-661
449
1099
1026
328
-153
284
1281
3170
4669
4315
3623
2033
1203
1692
2866
3917
4033
2714
931
-797
-1637
-1489
-879
-587
-734
-1544
-2961
-4088
-4292
-3510
-2220
-1176
-514
-1183
-1423
-2041
-1455
264
1586
2318
2326
1247
369
173
-96
1086
1653
1725
1086
-672
-2293
-2544
-2464
-1697
-1219
-1640
-2584
-3345
-3630
-1460
157
860
1344
652
-159
-31
750
2483
4402
4727
4200
2368
1077
1356
2545
3925
4337
3226
1171
-704
-1487
-1405
-758
-465
-730
-1624
-2763
-3749
-4033
-3317
-2022
-945
-547
-1042
-1345
-2152
-1137
580
1656
2173
1792
604
376
495
647
1471
1291
996
427
-767
-1602
-1829
-1748
-1859
-1614
-2347
-2915
-3371
-1738
254
999
941
183
-588
-182
1526
2907
4562
4296
3428
1887
1161
1588
2949
4175
4608
3324
1325
-822
-1586
-1260
-362
133
-478
-1951
-3303
-4094
-4040
-3110
-1953
-1218
-1250
-1653
-2137
-1295
-808
518
1589
1556
1310
1035
263
1139
1997
1453
1245
630
-352
-122
-334
-843
-1000
-1830
-2608
-2539
-2991
-3033
-2500
-1947
166
750
418
-144
-264
-22
1724
2940
4142
4240
3228
2187
1572
2013
3055
3989
4098
2835
1096
-544
-1190
-832
-382
-346
-1227
-2496
-3631
-3864
-3633
-2908
-2422
-2243
-2445
-1997
-1643
-916
-290
28
478
420
603
896
1295
1525
1785
935
397
40
-128
351
458
-166
-1109
-2286
-3313
-3241
-2350
-2278
-1474
249
246
35
-158
-597
133
1784
3074
4259
4151
2724
1844
1272
2165
3718
4535
4193
2939
1201
21
-333
32
304
-98
-1128
-2406
-3348
-3496
-3060
-2434
-2219
-2172
-2399
-2688
-1947
-908
-653
-161
-164
-585
-88
825
1152
1670
1479
677
214
172
508
1086
631
-72
-1096
-2201
-2629
-2415
-2085
-1526
-1739
-413
375
111
66
-51
-10
1132
2613
3257
3837
3127
2428
1795
2021
2950
3945
4160
3509
2075
657
-275
-178
178
236
-663
-1776
-2902
-3396
-3018
-2685
-2529
-2508
-2517
-2429
-1736
-996
-978
-1012
-1125
-1114
-118
706
1390
1291
530
-104
-438
-132
814
1323
1116
13
-1276
-2237
-2522
-2181
-1826
-1295
-1740
-1876
-537
64
278
439
63
137
1259
2207
3138
3697
2918
2021
1530
1932
3014
4213
4315
3254
1662
244
-387
128
645
436
-690
-2097
-3202
-3375
-2636
-2156
-1879
-2011
-2501
-2383
-2014
-1353
-1241
-890
-731
-628
-398
207
331
421
521
342
188
202
376
540
379
-86
-946
-1822
-2274
-2227
-1621
-1275
-1080
134
229
138
12
-146
76
1264
2252
3226
3459
2465
1728
1204
1910
3200
4232
4036
2968
1482
642
534
928
1158
571
-743
-1735
-2273
-2239
-1863
-1612
-2075
-2256
-2526
-2162
-1470
-1085
-875
-1181
-1398
-1225
-548
-40
648
454
66
-282
-549
-51
591
722
484
-560
-1511
-2000
-1799
-1311
-1009
-1057
-1762
-812
-46
597
837
386
-145
230
1334
2202
3176
2620
1868
1267
1443
2429
3507
3842
3138
2048
1095
537
637
900
730
-110
-1024
-1799
-2175
-2027
-1649
-1585
-1800
-2138
-2278
-2131
-1544
-1201
-1082
-1239
-1307
-1202
-852
-411
-176
-136
-259
-485
-437
-194
-41
68
-216
-782
-1238
-1603
-1512
-1239
-910
-1192
-683
239
507
867
717
277
216
1099
1794
2872
3006
2361
1491
1246
1780
2894
3706
3460
2453
1399
772
822
1046
1126
361
-650
-1400
-1648
-1652
-1421
-1295
-1649
-1925
-2036
-1944
-1539
-1039
-1133
-1156
-1389
-1520
-1130
-569
-225
68
-186
-663
-764
-452
-5
359
162
-590
-1229
-1546
-1270
-751
-499
-437
-755
-1080
-157
677
907
1121
721
152
649
1213
1796
2688
2376
1900
1577
1540
1943
2746
3073
2556
1953
1069
563
780
1190
999
368
-485
-1263
-1368
-856
-674
-936
-1466
-2029
-2152
-1393
-808
-950
-1046
-1743
-1965
-1291
-558
-270
-90
-589
-1177
-1012
-719
-450
-105
-279
-702
-893
-975
-1083
-818
-687
-650
-535
-374
-522
-481
-13
331
644
829
709
272
626
894
1328
1711
1629
1281
1151
1579
1695
2077
2023
1442
1077
1029
1042
1040
948
382
-107
-215
-229
-294
-257
-707
-1148
-1061
-947
-647
-581
-775
-1252
-1228
-1024
-619
-261
-119
-417
-780
-792
-764
-438
-189
-222
-543
-690
-826
-797
-459
-387
-365
-272
-468
-580
-425
-249
-160
-66
-174
-243
-39
255
574
681
518
252
242
409
991
1135
1027
676
316
415
861
1157
1186
998
569
424
583
696
710
543
164
96
263
355
306
88
-323
-443
-475
-186
-58
-2
-141
-261
-483
-359
-195
-174
-19
-101
-269
-369
-467
-522
-230
-166
-41
-146
-402
-522
-353
-280
-20
85
-194
-332
-345
-327
-167
24
-36
-198
-166
-176
-149
-14
4
-72
-111
-177
-256
-370
-323
-106
-4
177
76
-61
-166
-39
181
514
649
551
370
216
106
213
435
555
672
640
465
169
49
71
244
431
511
294
34
-112
-61
121
267
178
-79
-281
-357
-355
-333
-254
-273
-232
-201
-273
-385
-391
-378
-269
-179
-217
-293
-445
-449
-352
-322
-332
-339
-359
-422
-348
-344
-471
-441
-335
-351
-316
-416
-545
-511
-304
-83
-17
-41
-291
-350
-259
-7
280
449
409
369
409
484
684
843
904
909
920
822
775
856
877
943
967
829
637
590
561
588
633
564
357
246
187
180
245
228
130
-32
-59
-180
-198
-126
-181
-349
-394
-425
-558
-512
-390
-508
-519
-494
-615
-609
-564
-693
-723
-605
-571
-500
-410
-579
-725
-728
-655
-528
-258
-198
-338
-453
-513
-450
-242
-67
45
20
-51
0
68
277
412
509
489
509
528
594
720
826
840
787
693
580
551
580
667
696
584
429
293
220
370
468
490
370
101
-103
-217
-160
-136
-164
-284
-449
-488
-510
-413
-423
-416
-465
-528
-475
-517
-565
-634
-735
-837
-702
-524
-385
-399
-501
-688
-707
-481
-137
59
60
-113
-299
-214
-4
243
387
373
313
281
281
359
499
583
561
556
498
401
413
525
576
551
465
303
243
374
460
380
236
56
-107
-16
204
207
129
-31
-187
-203
-115
-118
-141
-139
-235
-224
-202
-253
-318
-343
-441
-522
-391
-386
-419
-398
-432
-515
-458
-278
-154
4
-2
-183
-147
41
207
457
507
379
228
264
328
468
608
558
435
229
157
183
297
396
383
303
143
113
168
233
256
214
36
-142
-187
-147
-12
26
-25
-145
-267
-320
-261
-188
-146
-163
-255
-317
-318
-258
-210
-286
-326
-408
-379
-298
-251
-319
-409
-536
-515
-304
-102
-11
-72
-115
-51
105
323
437
400
348
289
257
324
369
344
388
365
227
224
277
354
390
434
239
17
8
92
264
327
237
-6
-137
-153
-63
69
56
-104
-239
-290
-303
-255
-245
-263
-308
-268
-256
-307
-346
-446
-522
-541
-504
-487
-503
-531
-580
-583
-479
-364
-230
-191
-195
-241
-187
70
280
392
402
344
300
430
566
638
598
466
396
384
416
462
484
481
440
442
352
294
330
405
442
396
237
70
-3
88
214
259
245
125
65
77
120
144
86
-62
-134
-211
-246
-229
-248
-357
-414
-472
-549
-564
-541
-596
-638
-695
-736
-662
-587
-540
-489
-429
-373
-242
-108
-67
-29
64
138
242
358
405
283
273
280
269
323
371
341
388
433
361
271
301
346
427
546
497
343
249
273
322
439
475
316
204
181
208
281
246
147
52
7
-19
-26
-56
-206
-273
-337
-365
-429
-480
-562
-636
-644
-657
-690
-665
-644
-695
-667
-623
-497
-332
-196
-151
-167
-155
-126
4
137
151
88
40
-9
47
151
216
202
209
167
157
234
237
268
316
329
265
314
322
316
399
468
439
385
338
285
281
303
228
188
189
146
101
98
33
-43
-108
-216
-271
-284
-332
-366
-407
-495
-591
-607
-570
-488
-395
-392
-418
-431
-344
-243
-208
-195
-209
-217
-97
39
122
110
85
31
46
164
231
245
229
159
136
201
285
404
461
454
389
357
370
436
520
537
501
450
419
425
456
463
436
392
318
242
210
105
10
-95
-152
-175
-178
-159
-181
-258
-314
-316
-356
-365
-382
-398
-405
-391
-386
-344
-280
-246
-191
-198
-198
-181
-165
-144
-145
-192
-246
-243
-168
-82
-72
-54
-86
-137
-54
47
71
82
81
76
78
116
156
142
125
143
161
192
217
162
132
123
90
79
49
74
59
30
-49
-124
-187
-232
-206
-170
-161
-205
-233
-232
-181
-145
-122
-128
-97
-36
26
72
77
78
42
47
91
108
108
116
85
-8
-40
-19
-25
50
112
106
117
132
126
171
192
162
106
77
112
115
147
142
128
132
109
73
82
142
133
136
83
-30
-97
-50
-19
9
31
-58
-222
-240
-196
-181
-144
-175
-215
-210
-157
-115
-65
-14
3
16
102
175
179
176
153
122
150
173
176
189
173
66
-54
-89
-121
-67
17
25
-12
-47
-53
-49
1
48
32
18
62
65
41
27
-7
-30
-41
-27
-15
-36
-76
-84
-102
-103
-112
-150
-157
-160
-190
-208
-239
-293
-297
-255
-248
-250
-194
-153
-90
-39
-25
-35
-30
40
120
202
279
225
179
155
142
169
202
196
126
62
-5
-49
-28
17
41
48
20
-34
-38
-16
44
105
132
87
62
75
81
110
151
178
114
73
43
24
48
100
81
76
67
41
10
-4
-34
-88
-66
-38
-48
-60
-77
-161
-123
-48
20
63
63
43
65
148
206
210
178
115
51
39
70
75
50
2
-95
-155
-187
-244
-234
-212
-285
-326
-345
-355
-319
-188
-135
-161
-145
-145
-152
-97
-94
-136
-102
-52
-32
42
68
46
27
18
39
55
75
69
49
29
39
-3
-17
8
14
43
101
115
147
170
181
178
171
170
193
270
345
357
327
314
335
382
442
455
342
174
56
-16
-27
29
38
-15
-89
-157
-204
-208
-202
-185
-168
-143
-162
-187
-220
-232
-236
-205
-180
-184
-193
-220
-216
-183
-164
-216
-235
-257
-266
-237
-207
-162
-176
-169
-152
-155
-128
-125
-79
-13
53
50
34
24
1
10
111
190
207
207
163
168
196
257
323
341
316
271
208
190
215
229
233
199
118
64
31
45
77
97
75
59
24
0
9
17
36
10
-14
-77
-66
-52
-40
-44
-70
-134
-205
-210
-177
-197
-182
-177
-208
-197
-190
-217
-262
-247
-202
-156
-102
-106
-190
-212
-176
-123
-9
119
117
60
31
-32
-36
-3
42
93
95
62
58
64
89
130
143
122
97
116
124
138
157
170
208
252
302
329
310
316
295
256
246
220
224
208
226
241
178
110
57
35
13
4
10
-51
-61
-66
-113
-126
-158
-230
-255
-229
-219
-237
-246
-299
-340
-316
-266
-235
-234
-226
-228
-227
-203
-188
-192
-218
-263
-254
-237
-223
-186
-148
-132
-116
-82
-28
36
90
145
178
220
232
200
202
202
209
282
290
280
313
263
224
224
209
184
176
171
185
147
124
100
76
71
87
66
5
-46
-110
-88
-86
-103
-101
-129
-179
-205
-209
-216
-224
-228
-214
-237
-254
-238
-233
-231
-216
-238
-295
-290
-259
-186
-124
-82
-95
-133
-97
-45
45
116
150
184
250
284
303
314
308
293
276
302
309
303
296
281
268
270
254
236
282
307
264
201
121
50
26
24
-2
-56
-70
-48
-68
-64
-67
-120
-161
-202
-205
-202
-231
-226
-207
-196
-198
-235
-278
-287
-284
-315
-317
-332
-324
-275
-219
-181
-194
-195
-166
-113
-26
28
43
44
62
99
165
203
196
204
207
237
277
349
364
309
288
298
284
265
304
320
298
268
251
212
196
188
159
144
145
142
90
80
30
-38
-70
-78
-99
-114
-128
-162
-178
-174
-198
-220
-199
-214
-266
-282
-275
-299
-273
-238
-251
-244
-252
-263
-234
-194
-166
-150
-130
-105
-73
-43
-13
14
44
43
45
45
39
52
77
116
145
161
161
151
151
153
147
167
159
154
196
201
160
159
119
79
47
-3
-53
-88
-90
-75
-63
-77
-106
-111
-91
-113
-123
-149
-189
-217
-176
-143
-152
-153
-188
-225
-198
-141
-115
-97
-43
-29
-54
-46
-45
-39
9
43
76
104
65
46
68
106
160
232
227
194
197
222
260
270
270
237
196
200
188
206
208
152
101
87
85
83
75
54
22
-25
-40
-59
-77
-125
-169
-141
-133
-170
-184
-209
-202
-190
-162
-146
-159
-161
-141
-94
-42
-22
-28
-16
-45
-41
-7
24
8
1
28
11
23
64
59
73
110
148
168
158
134
101
106
144
214
260
257
246
241
203
167
160
145
99
120
98
12
-15
-57
-117
-158
-133
-139
-166
-137
-156
-183
-183
-230
-291
-306
-310
-307
-271
-280
-299
-287
-285
-226
-179
-151
-168
-178
-155
-142
-129
-95
-59
-47
-42
-30
-18
10
37
37
52
107
119
132
168
178
199
220
239
259
278
273
284
304
280
237
208
201
218
254
247
232
228
171
108
74
68
35
-10
-26
-40
-20
-30
-51
-116
-176
-163
-150
-131
-114
-90
-93
-74
-54
61
-46
-59
-193
-246
-334
-401
-439
-385
-293
-239
-76
-39
89
122
193
155
171
180
176
98
74
-31
-39
-43
39
81
165
229
191
183
75
67
-19
41
9
46
47
29
10
48
111
110
122
59
24
-59
-95
-93
-116
-95
-74
-50
-29
-49
-73
-80
-81
-57
-34
-47
-103
-132
-143
-62
-56
-20
-25
-35
-54
-100
-39
-54
-10
-11
-28
-77
-57
-39
8
87
107
127
61
67
59
61
83
78
75
98
77
31
45
57
45
89
53
53
44
14
20
-30
-29
-42
-79
-72
-41
-77
-89
-75
-130
-84
-103
-126
-140
-170
-131
-49
-28
34
46
-3
5
-82
-55
-82
-60
-33
-23
45
-44
72
1
106
2
-15
37
0
8
-19
-12
-74
-12
8
94
223
169
276
98
162
83
72
12
54
12
115
80
86
113
198
63
125
111
63
57
22
55
4
-4
30
-22
50
17
-21
5
-88
1
-24
68
-94
65
-191
-94
-128
2
-14
44
88
-145
-29
-182
-102
-178
-100
-169
49
-121
-83
127
5
-7
28
-43
-70
-39
-45
2
25
-91
139
23
88
67
69
102
-78
96
-156
77
-96
102
-199
47
-90
22
0
-111
125
-173
30
-166
119
-18
329
-80
134
137
-3
99
76
20
121
-64
74
8
90
11
73
38
40
53
-169
33
-79
120
-220
-30
-102
-59
10
-228
152
-1
-4
-69
165
-63
125
-112
2
-41
-183
125
-236
21
-163
36
-180
87
-186
58
-218
-307
94
-413
-69
-348
-117
-241
-95
-214
88
-183
10
-174
-138
109
-97
34
79
40
68
170
-135
221
105
115
187
117
353
65
266
-1
288
121
17
166
145
158
244
259
51
299
152
64
337
191
234
75
144
48
206
-38
50
-10
-96
-83
-39
-157
0
-98
-185
-63
-225
-197
-105
-207
-125
-156
-224
-74
-195
-186
-116
-84
-96
-148
-108
43
-134
74
-79
63
-8
-26
41
1
3
-36
-31
-99
142
-58
234
25
120
203
40
12
298
-81
386
69
234
184
187
95
88
156
32
300
-64
316
-83
141
-162
-17
-66
-112
10
-99
-24
-78
-86
-206
-118
-144
-125
-159
-197
-165
-277
-116
-306
-103
-129
-41
-142
-44
-138
-110
-83
-103
66
-39
5
-34
-77
-137
-62
-75
-34
54
35
128
23
144
57
89
90
82
139
26
353
2
219
39
161
27
130
51
72
182
-9
102
-62
69
-14
-54
58
-45
-91
-48
-167
-56
-175
-29
-202
22
-277
7
-216
-91
-6
-232
25
-140
-23
-138
8
-168
-9
-8
-59
136
-63
194
-98
-18
-56
-70
12
81
150
146
165
27
180
204
48
491
169
280
300
107
244
186
278
128
385
-76
330
-34
-35
187
-99
232
-191
102
-211
64
-193
133
-290
-22
-118
-360
-38
-321
-152
-191
-210
-113
-77
-159
-96
-100
-335
-29
-211
-102
-38
-144
-32
-206
-103
-199
-15
-127
99
-173
148
-89
-38
-78
32
3
24
281
-17
252
40
262
131
296
231
192
189
67
218
122
116
292
60
192
78
68
10
49
45
-34
125
-120
43
-166
-149
28
-218
101
-91
56
-229
-30
-299
-90
-130
-122
99
-272
77
-276
53
-290
-48
-230
-101
-200
-110
-224
-178
-3
-247
43
-153
-35
-40
38
-143
183
-43
139
97
94
76
174
5
202
-18
186
58
164
53
69
86
-10
161
51
215
-5
226
120
184
168
-176
126
-222
70
28
-10
103
67
-87
-69
65
-48
91
-9
-48
179
-117
171
-224
30
-157
-10
-49
-81
165
-12
136
-243
49
-258
-24
-130
32
39
24
42
31
106
138
221
-43
193
-221
223
-142
285
22
310
-88
42
-59
164
144
5
11
-12
-24
-20
-116
-63
118
-98
117
-265
73
-193
75
-237
88
-134
-25
-124
-95
-214
-36
-92
-80
-83
-96
1
-120
-14
-147
-155
-137
-288
90
-240
5
-223
-67
-173
6
-163
106
23
56
29
-25
32
153
-13
116
9
21
234
-89
228
133
167
134
122
-20
219
-80
197
124
2
140
47
-56
58
40
-96
129
-69
-7
140
-215
184
-107
40
-139
53
-335
-109
-30
-224
198
-90
39
-175
-25
-268
48
-113
-64
68
-224
-26
-134
-100
-112
132
-26
35
27
-128
81
-75
74
9
126
-28
52
115
-14
264
-40
239
-24
270
-82
234
114
122
237
27
223
46
269
-80
198
16
133
45
33
202
62
290
-126
150
-48
65
60
-44
162
26
92
-81
-69
52
-53
28
-38
32
-5
26
-123
-153
-47
-151
-5
-66
-29
48
-90
-24
-150
-54
-40
63
-92
-113
-92
-74
-145
-126
-30
28
-47
-162
-20
-32
-140
-25
9
-159
-68
-215
-152
-190
-134
5
28
-105
-39
-135
-202
40
-134
85
72
-107
-12
-116
-104
34
-12
-33
-4
1
-147
70
-122
148
-95
46
3
82
39
-62
98
-63
226
-218
253
-39
129
2
28
84
131
119
18
116
47
60
59
-152
251
-51
169
-52
144
7
-13
44
-117
129
-141
162
-241
121
-135
81
70
-46
164
-107
66
20
-17
-61
165
-142
86
47
-244
229
-185
51
146
-2
89
158
-199
183
15
-13
133
-24
-30
119
-96
117
211
13
282
-87
114
-13
15
-38
156
38
165
-77
43
51
-46
114
-131
-22
-24
44
-98
86
-118
76
12
-148
-22
-137
102
-4
-39
-152
163
-91
-34
-183
-13
57
-123
57
-24
70
-98
22
-121
133
-162
106
-47
-97
15
-64
-108
54
91
88
141
-46
-19
7
-170
123
-96
66
-22
-41
-114
27
-30
-162
85
-84
17
-97
-56
-42
22
-170
-14
-66
59
-99
50
-251
43
-183
-96
-122
-40
-20
-28
-116
-97
-55
-16
50
-2
-21
81
12
5
64
-161
158
-212
-2
-72
23
-20
111
-78
91
-87
5
104
49
-17
70
-30
44
68
7
183
-10
226
-20
170
19
192
21
183
47
110
148
49
179
-166
83
-36
143
-40
78
21
171
10
37
32
63
53
-81
-3
95
11
-33
24
-89
35
-93
-82
129
-174
221
-63
37
-229
90
-176
51
-97
-2
110
-80
121
51
-100
67
-161
-61
-72
170
-3
262
-64
-12
33
-173
183
-113
255
43
169
-151
47
-96
-132
198
-193
382
-97
246
-183
-63
-311
-52
-170
55
-79
58
-21
-143
-249
18
-258
100
-175
-34
-95
-89
-220
-59
-156
35
38
-182
21
-20
-199
-17
-213
-61
-22
-127
-103
199
-168
-6
22
-158
84
-129
49
16
63
-55
68
-77
133
104
31
154
147
-11
-28
129
88
170
97
90
83
-23
121
35
115
103
100
35
-19
-37
58
11
35
168
-96
91
90
0
-34
27
-18
211
26
-100
206
-62
-93
137
-138
-17
218
-111
26
224
-218
79
118
-312
269
-38
31
110
-120
-51
81
-81
-113
241
-290
268
-208
98
-60
17
9
-3
0
129
-111
84
39
-280
147
-235
-73
93
-71
-27
239
-95
85
111
-178
111
19
-163
65
-186
-73
-35
71
165
9
208
-37
-49
-101
110
-151
100
-50
49
30
-79
-59
53
-23
-42
154
-56
170
-119
206
-250
272
-227
158
-134
158
-125
154
-88
17
77
-216
234
-314
299
-261
260
-266
208
-282
59
-64
-61
-1
-244
-54
-228
-28
-42
-87
20
-57
-107
14
-120
-12
2
99
-154
170
-330
-94
-99
-156
-62
-89
102
29
-51
35
-143
83
-117
84
-106
148
-142
287
-177
125
-54
35
-55
183
-112
175
-37
-24
137
-48
157
155
-1
42
55
-126
100
54
39
198
-73
-29
116
-221
210
-219
90
32
80
-17
280
-89
222
71
-230
237
-191
182
35
-42
131
81
-178
45
3
35
354
-99
196
184
-135
145
-164
3
88
-69
61
225
-59
102
80
-90
149
-184
-110
107
-126
73
-75
-57
24
-27
-209
125
-86
93
-174
-53
-57
4
-89
-19
10
-4
-35
-153
-138
32
3
228
-49
246
-245
46
-195
72
38
43
187
97
58
54
23
-11
-57
131
-91
141
-22
74
-65
-154
-166
52
31
78
146
-85
80
-219
-117
-243
99
-77
62
-193
-63
-123
-194
-61
-94
116
-83
-72
-98
-83
-21
-19
-25
-113
16
-34
-72
-71
-42
-33
97
-97
98
-85
-106
37
-24
118
-88
72
2
70
-40
64
21
-11
111
-55
64
191
-50
111
75
-6
12
-75
-73
278
-36
-3
48
-10
34
-94
-8
-99
129
-185
57
-142
64
-18
40
1
72
22
151
118
120
-109
91
-63
5
-22
46
133
-6
85
-58
163
120
47
169
136
112
54
-150
-105
150
-151
205
115
130
49
-26
-75
27
34
40
149
-62
-5
-77
40
-8
-136
33
-140
82
-69
-18
-112
-74
-249
-42
18
-104
144
-171
-17
1
-246
35
-80
147
103
121
-164
28
-193
-163
14
-3
354
71
144
-93
-41
38
-33
259
93
148
-129
27
-230
-1
-99
121
32
116
3
-75
25
-179
2
-85
-94
18
125
-153
89
-36
-222
73
-247
-142
75
-82
68
-25
-203
-163
-11
-260
117
-124
82
-113
-32
-142
-186
58
-1
-5
99
78
83
73
-105
6
-1
-182
41
20
58
230
-46
18
-19
0
62
42
168
37
276
-43
131
-32
96
-49
127
-9
61
148
-115
6
-91
88
-16
145
-68
293
-7
18
-52
11
16
-28
60
-50
94
-186
90
-176
144
-22
168
-1
-7
-10
-166
-74
-171
208
-68
168
15
117
-128
38
-79
71
-52
67
-75
-65
1
136
83
42
99
-22
77
-60
113
104
-13
54
-105
-5
6
70
13
-21
72
57
21
-96
72
-130
31
-152
112
-21
94
-4
-110
-95
40
15
-81
37
-9
-11
-90
-149
51
-133
-63
-76
-139
-69
-47
-123
-45
-239
83
-103
-5
-47
126
-82
38
-183
-53
27
-101
104
-90
139
-90
-95
-155
61
-64
122
121
247
117
57
17
-56
-122
104
-142
155
79
133
2
-107
-8
52
46
19
135
7
155
-136
10
-127
-54
93
-253
181
-45
89
-71
45
-313
22
-264
71
72
-74
183
-231
-9
122
-140
12
66
-221
99
-8
-214
385
-262
-15
4
-76
202
17
116
260
-8
-21
229
-244
190
107
18
193
64
-47
171
-164
28
50
95
219
104
62
-4
11
-38
-93
56
139
12
33
-28
20
-97
-84
-7
138
-19
42
-143
-39
56
-179
121
-90
-71
104
-186
68
15
-148
86
-85
-132
127
-110
81
43
-192
101
78
-228
271
-327
210
-60
-57
15
40
-250
299
-247
104
139
-139
86
47
-85
273
-209
94
113
-111
-31
266
-324
246
-267
-106
82
-50
16
18
-260
118
-13
-210
104
-52
0
22
-156
88
19
-90
168
-243
172
-41
-38
97
-36
-10
134
-28
83
24
-180
293
-51
142
-9
-159
67
-47
-82
178
17
-58
138
-333
37
14
-110
241
0
129
81
-195
-31
-4
-236
167
119
-63
52
-272
147
-50
-382
13
-24
-22
167
-188
75
52
-260
-5
-101
37
308
-74
-80
82
-157
36
-5
27
245
-43
39
14
-105
-19
-3
-31
116
-47
122
248
-105
106
92
-69
218
-60
-130
64
-43
106
98
-87
130
-31
-114
57
137
27
49
-190
-137
-66
-124
3
41
99
97
-83
51
-151
25
-116
50
100
178
-181
-37
-63
-320
78
-49
120
80
64
-128
6
-179
-15
-43
75
105
135
-98
51
53
13
-75
361
72
62
140
-114
228
-70
115
72
186
-87
154
-45
30
14
65
-76
172
-261
67
-215
145
85
-27
-38
-133
-1
-217
173
-69
227
-142
42
-412
-57
-174
113
-87
89
-21
-80
-99
-347
51
-161
220
77
49
34
-12
28
-294
104
-61
171
-28
15
34
25
-32
75
21
-74
171
8
127
-4
173
-181
34
-173
0
252
-117
320
-108
-41
-264
37
-142
86
88
-160
134
-252
103
-55
125
-14
61
-84
-93
-24
-86
-59
-23
-13
-210
242
-306
161
-56
-22
-138
100
-103
21
78
-211
358
-320
96
-18
76
-81
311
-80
182
106
-325
228
-72
164
124
25
39
129
-24
-41
217
-96
26
-73
-71
163
37
51
-14
92
-196
26
26
-22
156
-124
54
-26
-159
55
-25
109
-159
-8
-282
120
-228
87
123
-142
95
-143
11
-71
33
-24
172
-43
-25
140
-225
100
-215
23
165
-62
60
-9
-47
-27
-36
-80
143
-12
-15
134
-157
65
52
13
13
121
-56
245
-84
-35
10
-90
-27
43
28
210
118
-1
89
-141
-42
2
11
167
92
-160
92
-115
-72
96
-9
157
-19
-79
-161
57
-253
109
-142
94
54
-77
15
-72
142
-178
13
-92
259
-5
-89
24
-222
64
-307
154
-126
284
-69
82
-125
-32
-87
-54
10
0
91
-190
16
27
29
28
-160
37
-148
126
-82
235
4
96
-37
-119
-67
-42
172
-16
275
-51
103
-246
-121
-152
183
-138
198
-160
172
-235
163
-105
335
-160
135
-119
77
21
128
174
79
-2
121
-92
90
127
76
78
28
39
-30
34
-58
134
-58
153
123
-95
73
-49
-3
-22
-25
37
60
57
-199
30
-174
39
-28
-129
128
-116
3
-270
-48
-152
163
-24
-21
116
-380
180
-279
160
-170
277
-112
145
-330
-70
-122
-140
128
60
119
-89
10
-136
15
-37
-16
166
-53
-26
27
-66
1
186
22
9
84
-190
45
20
-88
295
-43
206
-26
-4
-106
212
-283
97
-89
-37
50
-159
-5
-64
-30
141
-6
-157
120
-147
-30
107
-279
272
-152
-88
-101
223
-49
392
-155
91
135
-245
37
-201
120
-58
97
-212
199
-22
-89
41
-101
372
-226
281
-292
288
-215
34
0
33
-47
97
-111
17
11
-39
-133
256
-179
174
-233
16
-37
-218
117
-79
119
-86
24
-200
7
-86
149
174
-47
157
64
32
188
-119
148
-90
-98
-65
212
54
314
112
-20
98
-104
187
76
197
46
55
-158
55
-16
-65
12
-56
95
-31
30
-2
59
-130
17
46
61
-10
11
-43
-133
-92
-39
-236
-117
-21
-128
-129
-41
-40
30
-183
-226
-39
-26
143
-176
123
-287
56
-194
51
42
81
-39
7
106
-246
111
42
87
137
20
-19
36
84
-93
233
77
341
19
107
39
48
79
-192
116
43
34
108
-19
46
61
138
-298
376
-151
211
25
-173
229
-166
-89
-11
42
-125
253
-204
-82
-20
-252
21
-64
-34
-127
32
-210
125
-218
78
-122
-67
-128
-193
39
-91
14
-62
-125
-44
-15
-29
-89
52
-26
75
111
-10
82
-92
-71
97
-57
23
72
29
-64
158
-71
140
66
-56
189
31
-10
127
-37
21
88
0
-102
273
-128
326
-6
74
-44
-3
98
-40
143
-118
244
-298
190
-129
42
66
57
76
-96
92
-82
-15
22
-50
142
-79
98
-191
102
-238
173
-177
154
56
-94
-12
-34
-33
-85
49
-38
20
-89
-64
169
-190
74
-74
49
-182
84
35
24
148
-181
119
-328
200
-323
264
-329
197
-115
0
-122
39
-111
-34
70
20
-5
103
-222
-15
-138
5
-23
-3
87
-98
169
-286
219
-80
-22
111
-95
239
-174
126
-75
-30
-177
43
59
57
139
-102
7
-143
-23
162
-8
124
64
-32
52
-143
64
91
-23
57
113
-3
242
32
-2
134
-104
-18
42
-69
151
103
-137
180
-88
119
281
-85
63
36
-6
-38
38
-30
-13
-122
-42
-26
156
69
135
-105
54
-239
200
-150
94
13
28
-182
55
-298
-11
-130
-43
-89
1
-121
135
-128
12
61
15
-150
-77
-71
18
-99
128
-94
-6
-70
-120
42
-126
157
-91
148
-123
222
-149
214
-79
140
125
66
88
5
38
93
-6
52
135
50
-77
-46
-34
145
21
-76
205
68
4
66
-102
-154
130
-60
-49
42
-50
-32
-78
-84
18
51
-101
40
-34
-63
75
-71
-105
-9
-8
-186
55
-155
57
-8
-333
158
-281
19
-83
49
-179
313
-259
72
-111
-222
137
-79
-74
243
-248
7
29
-205
24
27
-52
168
-8
-152
316
-147
70
-85
-96
42
151
56
114
45
43
32
-74
172
-41
124
-48
208
-94
145
-214
223
11
-46
333
-220
139
77
97
-176
278
12
362
-3
-17
258
-280
158
26
29
64
243
-136
141
-197
-130
348
-264
348
164
-90
79
-159
-144
27
-15
-43
169
-150
-40
181
-450
412
-296
183
-85
-3
-6
-47
-275
-15
-93
-100
98
-71
137
-46
-11
-131
-10
-188
66
-389
71
75
-76
115
-205
28
-304
0
-258
173
160
170
141
19
-165
-251
-268
-227
-96
220
-210
104
33
108
23
-114
35
82
26
88
-99
-124
28
-101
126
-13
-7
-27
104
4
186
-176
193
102
-166
258
-259
141
-83
-39
-59
131
-224
286
61
-31
294
-83
167
130
-155
205
-102
82
3
140
-140
364
-166
109
65
-52
248
-109
46
-50
-57
-2
-43
-168
133
44
51
77
-70
22
-4
-109
63
-114
-56
120
-165
-42
-34
68
87
-69
122
-41
-17
-136
-67
-90
61
-295
120
-206
24
-63
119
-34
334
-135
84
-37
-229
203
-263
98
19
20
-78
82
-216
276
-134
145
64
-184
-6
46
-228
198
34
-23
129
-187
95
40
-157
338
-39
-160
207
-74
82
16
-57
100
90
-186
241
-193
-47
210
-528
355
-191
-34
-69
-69
-45
90
-132
61
194
-359
276
-189
-69
260
-58
151
-34
-102
-52
157
-123
80
-48
-128
203
-228
160
-135
299
-138
74
141
63
110
136
68
148
-94
65
-45
146
-265
405
-387
236
-67
-217
194
-144
72
5
132
-156
-4
-142
-243
179
-409
334
-98
15
-174
-159
-118
-143
7
-131
165
-314
63
-294
33
44
-3
-79
129
-70
83
-107
-114
160
-131
146
175
-143
118
-88
-149
-9
11
67
252
-98
243
-35
56
95
-77
17
212
72
174
128
-206
247
-298
163
298
-30
329
-108
34
-55
113
-86
389
-141
153
-5
-133
182
-234
65
31
-163
99
-11
-100
112
-231
-17
-1
-251
84
57
-123
152
-363
20
-183
-145
-40
209
-274
266
-212
91
-151
-94
195
-116
83
1
-24
-46
-69
-128
174
-197
99
170
-146
212
166
-126
113
-205
107
-91
39
47
314
-166
92
-185
-56
-2
-69
140
-23
112
80
22
-64
177
-115
114
95
-48
90
-113
21
-59
56
-93
184
-44
-54
78
-35
-7
-94
198
-134
232
-156
114
-75
-168
221
-130
85
-11
111
-159
109
-89
-23
56
-99
105
-175
-34
114
-213
-85
6
-10
-219
-1
-139
76
-130
2
-42
-92
-144
-103
-190
27
157
-16
-8
-8
210
-262
-146
89
-33
121
70
24
86
172
-168
94
-101
125
260
-65
185
60
-148
-76
110
29
206
186
182
-27
-91
83
79
-56
267
181
-1
-45
6
102
-109
166
273
-12
94
11
-151
-154
-44
97
12
-26
172
1
-248
-166
-37
-159
52
-163
123
-95
-91
-104
-132
-253
205
-331
54
107
-157
36
-201
91
-181
232
-153
342
-344
53
57
-200
86
55
1
100
-159
55
-96
94
-83
187
-86
1
29
-219
120
-18
224
35
21
117
-50
127
89
71
56
96
-4
10
59
-1
108
-206
84
-104
50
57
-159
36
-23
-61
-29
27
-8
289
-190
27
-7
-204
55
-116
-42
50
-12
-120
-111
-162
98
-105
-27
64
11
-35
-137
-89
-52
-66
32
75
-173
91
-150
29
-57
-20
7
165
-138
147
-56
-24
51
-87
73
-35
86
-74
62
-25
44
-95
57
-49
-53
78
-79
0
181
-123
115
-81
65
-10
28
-93
106
13
-92
95
-34
117
-65
103
51
42
105
-28
-35
-111
-59
109
-75
153
17
116
-168
62
-92
198
91
180
167
79
80
-153
-76
53
77
113
-2
213
41
33
-62
123
-22
220
244
-133
389
-295
196
-115
-22
123
-57
-129
76
46
-180
198
-65
-6
56
-213
262
-165
-132
123
-204
21
-63
-35
-38
9
-13
-20
14
-161
158
-264
118
-147
-49
-131
31
-143
12
-240
82
-124
-36
86
-17
161
-143
96
-114
-30
-58
30
-97
12
66
-161
-94
