SAMPLES:	11264
BITSPERSAMPLE:	16
CHANNELS:	1
SAMPLERATE:	16000
NORMALIZED:	FALSE
-10
-11
-15
-17
-19
-26
-22
-15
-16
-10
-8
-12
-15
-11
-8
-9
-2
1
4
6
8
4
4
9
8
1
11
11
10
13
9
8
11
9
7
9
8
7
4
7
6
6
7
11
6
-5
-7
-7
-5
-2
3
6
17
18
17
19
24
24
28
31
29
37
31
20
22
21
17
9
9
16
14
17
16
10
3
-7
-10
-15
-24
-21
-19
-24
-27
-25
-31
-32
-28
-27
-29
-21
-24
-27
-29
-23
-28
-27
-19
-19
-15
-15
-9
-15
-20
-26
-23
-18
-24
-26
-21
-24
-20
-22
-21
-14
-7
0
-6
-3
0
-7
-1
2
4
6
3
5
0
-9
1
3
4
3
-4
-5
-1
1
3
7
9
11
6
12
14
10
19
22
22
25
21
16
22
26
22
30
37
30
28
28
23
21
13
19
13
15
14
6
12
9
8
6
8
2
0
-1
-10
-14
-17
-23
-30
-34
-34
-30
-26
-23
-23
-19
-17
-17
-12
-10
-13
-13
-18
-17
-12
-12
-5
-3
3
4
-1
3
8
6
9
13
22
27
33
35
36
40
42
47
51
51
50
42
42
46
43
45
41
35
26
22
16
19
21
17
26
24
16
10
-3
-11
-19
-28
-19
-24
-28
-27
-28
-33
-36
-35
-48
-51
-57
-64
-70
-72
-78
-85
-87
-87
-89
-89
-82
-78
-76
-72
-65
-62
-63
-56
-49
-46
-35
-18
-9
-6
-1
4
16
23
27
29
28
30
28
28
40
41
48
55
61
72
75
83
86
90
90
95
98
101
102
103
109
104
104
101
98
102
91
77
68
55
39
29
25
11
-4
-10
-25
-43
-47
-61
-85
-102
-110
-121
-126
-129
-143
-147
-152
-160
-162
-157
-152
-147
-136
-123
-111
-104
-102
-103
-89
-76
-61
-53
-40
-27
-19
-11
-1
1
14
23
29
38
41
53
53
66
88
124
157
176
209
219
228
239
241
252
257
265
265
266
266
256
233
208
192
169
148
120
94
62
34
11
-18
-37
-54
-79
-103
-128
-151
-177
-187
-198
-204
-222
-247
-268
-286
-289
-291
-288
-274
-269
-267
-259
-253
-233
-231
-228
-216
-198
-187
-178
-167
-143
-126
-94
-68
-44
-10
9
17
27
42
37
44
47
54
56
63
68
74
83
103
126
133
155
178
202
220
265
293
307
320
329
342
343
354
357
341
331
325
312
290
251
222
197
165
151
128
109
82
52
30
4
-21
-38
-59
-84
-113
-136
-165
-192
-203
-225
-237
-261
-312
-348
-384
-419
-433
-438
-431
-438
-444
-425
-414
-401
-379
-360
-353
-340
-339
-346
-345
-332
-317
-298
-269
-245
-219
-189
-167
-119
-63
-22
44
98
125
173
220
248
291
357
404
459
512
567
601
627
675
711
745
768
765
762
760
738
709
672
642
613
575
520
474
425
340
279
202
150
86
19
-24
-69
-125
-188
-243
-308
-360
-391
-423
-474
-523
-591
-641
-677
-727
-759
-758
-773
-758
-730
-728
-713
-682
-667
-635
-611
-607
-598
-587
-580
-545
-485
-461
-404
-347
-295
-257
-224
-163
-127
-67
11
62
114
188
243
298
384
457
548
619
717
788
807
840
880
929
973
992
988
965
929
867
843
807
758
698
673
669
615
551
492
438
348
272
207
156
94
5
-78
-182
-283
-351
-452
-525
-593
-643
-716
-768
-784
-817
-812
-807
-825
-854
-866
-918
-960
-978
-1002
-1003
-980
-939
-893
-854
-825
-782
-750
-684
-585
-529
-418
-353
-317
-240
-188
-131
-61
13
120
206
287
351
445
546
602
685
809
921
1037
1099
1148
1210
1251
1237
1229
1224
1158
1165
1127
1069
990
938
898
790
719
700
662
589
534
465
433
316
211
134
-2
-85
-163
-295
-374
-413
-497
-589
-692
-749
-784
-807
-856
-875
-857
-883
-905
-923
-932
-960
-1037
-1068
-1076
-1045
-1040
-1048
-1021
-1001
-936
-901
-858
-793
-773
-697
-606
-540
-418
-326
-247
-139
-72
33
100
212
285
351
437
458
572
658
750
865
929
1005
1070
1169
1202
1255
1290
1213
1219
1260
1189
1180
1175
1110
1028
964
911
825
761
659
587
536
428
328
250
115
-25
-73
-182
-279
-333
-438
-515
-603
-687
-763
-869
-907
-963
-1033
-1075
-1103
-1121
-1097
-1075
-1072
-1100
-1127
-1143
-1149
-1124
-1105
-1049
-1005
-963
-900
-831
-742
-670
-591
-511
-377
-310
-289
-179
-117
-79
70
197
287
346
412
488
556
584
665
790
878
973
1035
1089
1113
1150
1187
1205
1195
1194
1216
1196
1152
1157
1070
952
922
873
768
693
594
493
456
386
285
186
121
30
-39
-135
-204
-294
-395
-458
-515
-534
-582
-632
-669
-720
-777
-772
-784
-826
-853
-877
-880
-910
-898
-924
-932
-888
-861
-833
-800
-779
-752
-696
-651
-633
-589
-506
-429
-340
-287
-201
-121
-86
-17
11
74
181
251
337
420
443
480
515
551
597
671
742
805
876
916
936
951
954
952
950
951
963
942
930
923
894
804
727
684
624
574
481
386
297
205
146
82
4
-90
-128
-217
-364
-415
-442
-528
-561
-571
-609
-653
-726
-785
-830
-880
-912
-937
-987
-1018
-1031
-1085
-1127
-1139
-1151
-1096
-1050
-1034
-957
-899
-858
-789
-737
-586
-483
-449
-333
-268
-223
-187
-116
-1
97
191
281
363
440
508
605
683
703
765
870
947
1025
1113
1159
1194
1210
1209
1205
1231
1217
1187
1196
1184
1149
1113
1050
998
912
838
767
650
551
447
327
229
137
82
-36
-149
-220
-366
-453
-577
-656
-698
-740
-786
-805
-826
-892
-931
-984
-991
-1004
-988
-1019
-1044
-999
-1017
-1032
-988
-949
-912
-894
-854
-763
-722
-661
-623
-580
-531
-430
-337
-246
-142
-70
7
102
172
269
370
443
502
524
567
592
611
658
689
701
806
890
942
978
1009
985
948
939
933
923
878
856
776
699
619
587
521
463
439
368
332
264
158
113
40
-80
-127
-191
-287
-394
-457
-512
-599
-650
-665
-665
-655
-698
-732
-733
-758
-810
-829
-824
-869
-842
-841
-815
-787
-807
-768
-713
-716
-682
-586
-557
-499
-449
-376
-274
-191
-134
-46
46
114
146
208
244
299
399
427
473
538
550
562
611
666
716
710
759
797
752
751
786
798
810
773
745
709
674
613
594
563
524
522
495
509
447
373
317
262
234
225
193
139
65
23
-58
-147
-237
-307
-377
-438
-496
-509
-538
-616
-646
-693
-711
-743
-757
-804
-827
-827
-803
-778
-787
-734
-748
-724
-697
-684
-643
-629
-559
-491
-489
-467
-456
-457
-420
-376
-300
-174
-68
10
105
169
247
345
370
438
493
509
527
588
617
662
694
756
807
784
822
849
820
846
866
823
837
851
871
844
809
746
669
611
575
508
450
399
319
277
222
117
68
42
-63
-126
-204
-305
-346
-399
-484
-545
-569
-608
-656
-672
-677
-713
-773
-822
-876
-922
-940
-895
-876
-911
-886
-870
-902
-845
-842
-831
-776
-755
-675
-607
-491
-406
-387
-329
-230
-167
-105
-66
-30
44
115
204
331
460
495
558
594
626
711
724
721
764
807
828
868
891
906
931
950
917
910
905
882
879
860
820
753
682
596
505
427
314
241
204
157
131
129
80
-23
-123
-181
-231
-304
-348
-408
-463
-521
-552
-582
-592
-614
-653
-673
-722
-733
-774
-822
-825
-793
-776
-757
-720
-691
-674
-657
-590
-566
-580
-548
-539
-501
-408
-350
-273
-169
-105
-62
-13
68
123
123
182
247
291
317
367
368
379
427
481
510
560
643
615
609
636
620
591
594
591
590
595
601
592
561
559
565
539
471
433
407
326
270
257
239
207
187
182
141
87
53
-20
-75
-86
-169
-263
-311
-372
-402
-458
-471
-466
-462
-476
-492
-480
-568
-612
-605
-646
-665
-641
-678
-704
-681
-639
-597
-617
-549
-475
-466
-411
-356
-333
-290
-266
-274
-235
-213
-190
-132
-57
-25
31
108
150
194
261
287
322
394
427
481
549
569
624
676
652
685
714
682
678
658
661
701
676
667
697
698
646
620
574
506
442
368
332
298
238
199
216
140
62
74
24
-136
-178
-181
-203
-219
-349
-386
-404
-510
-529
-472
-498
-583
-527
-677
-812
-677
-662
-701
-817
-726
-528
-781
-846
-671
-616
-684
-669
-462
-232
-337
-384
-123
-327
-359
-255
-150
480
159
-198
-38
-215
361
342
310
758
626
592
-18
-198
625
748
922
825
390
142
-437
-41
648
787
938
658
156
-34
22
531
949
1056
1124
581
74
91
275
688
1074
1043
764
107
-179
24
114
601
757
93
-423
-652
-622
-530
-481
-107
-239
-1084
-1482
-1385
-1252
-916
-605
-776
-1292
-1711
-1590
-1088
-718
-671
-863
-1142
-1316
-1145
-718
-368
-239
-280
-473
-620
-455
-8
325
528
472
74
-5
237
690
1382
1489
1221
906
667
1344
2004
2604
2836
2343
2123
1820
1960
2470
2503
2423
1812
1294
1091
740
932
836
307
-209
-802
-1056
-1121
-1306
-1326
-1776
-2206
-2284
-2415
-2299
-2277
-2448
-2291
-2309
-2288
-1933
-1965
-1785
-1435
-1381
-1207
-1007
-923
-660
-508
-483
-422
-426
-307
-189
-32
-26
-169
-361
-486
-341
-208
-189
-98
-155
-2
659
762
752
1023
923
1648
2151
2311
3031
2674
2798
2958
2734
3188
3035
2819
2835
2352
2201
1703
1461
1261
667
480
-48
-403
-630
-1122
-1422
-1661
-2102
-2282
-2343
-2448
-2457
-2527
-2613
-2602
-2453
-2266
-1972
-1809
-1597
-1457
-1277
-961
-706
-491
-366
-239
-104
-17
-52
-9
56
71
67
-109
-324
-430
-545
-504
-520
-493
-614
-145
232
83
285
184
643
1474
1890
2237
2189
2004
2462
2634
2863
2816
2631
2297
2185
2252
1876
1788
1490
916
559
379
-18
-223
-454
-741
-1290
-1590
-1922
-2087
-1845
-2113
-2306
-2238
-2428
-2194
-1855
-1994
-1722
-1524
-1336
-933
-651
-574
-301
-217
-84
216
268
399
416
249
161
139
204
168
-97
-246
-477
-497
-489
-618
-134
90
61
-89
-456
202
621
1181
1789
1501
1714
1685
1819
2231
1996
2169
2013
1922
1993
1614
1400
1186
887
558
393
32
-397
-448
-836
-1226
-1418
-1760
-1743
-1848
-1972
-1915
-2107
-2112
-2006
-2098
-1891
-1672
-1496
-1112
-958
-828
-598
-399
-108
155
333
507
560
484
504
577
640
899
653
314
98
-122
5
103
-177
150
517
81
341
-119
155
894
1113
1642
1586
1405
1466
1829
1861
1949
1779
1470
1571
1672
1312
1219
788
440
141
-44
-257
-557
-734
-1068
-1460
-1802
-1981
-2154
-2132
-2278
-2345
-2370
-2459
-2369
-2152
-2020
-1880
-1699
-1395
-1210
-907
-570
-286
0
88
380
633
949
1033
1000
1008
1065
1367
1203
1039
760
592
642
628
480
693
1068
738
671
345
555
1217
1654
1733
1740
1484
1707
1944
2090
1938
1837
1574
1631
1800
1255
1011
643
262
139
10
-419
-677
-1063
-1229
-1556
-1885
-2077
-2310
-2447
-2521
-2575
-2643
-2521
-2530
-2497
-2458
-2278
-2033
-1719
-1558
-1185
-956
-715
-388
-211
-34
221
499
695
806
768
806
1033
1036
964
680
511
511
663
399
906
1080
891
932
373
815
1310
1820
2097
1963
1721
1911
2086
2232
2153
2033
1574
1800
1760
1447
1365
921
490
370
157
-329
-605
-854
-1372
-1275
-1705
-2219
-2202
-2622
-2547
-2406
-2640
-2578
-2784
-2984
-2523
-2503
-2213
-1856
-2014
-1696
-1299
-1152
-666
-459
-397
3
129
297
439
400
591
882
1001
973
645
403
466
676
619
982
1275
1019
961
514
883
1516
2036
2176
2152
1797
1893
2301
2494
2475
2400
1926
2063
2144
1908
1677
1241
910
724
558
237
-179
-544
-842
-1090
-1356
-1651
-1989
-2277
-2394
-2300
-2287
-2343
-2384
-2773
-2565
-2335
-2152
-1801
-1867
-1736
-1377
-1171
-716
-517
-459
-216
65
267
519
530
460
754
890
865
579
311
238
393
335
435
963
693
694
485
329
957
1378
1788
1863
1508
1661
1794
2106
2132
2051
1746
1728
1914
1771
1515
1152
748
556
508
310
-238
-508
-853
-1124
-1228
-1541
-1872
-2205
-2374
-2521
-2250
-2307
-2489
-2610
-2736
-2313
-1986
-1763
-1560
-1655
-1422
-987
-695
-348
-191
-133
198
479
580
744
676
844
1151
1118
864
572
366
598
613
643
1045
747
648
276
308
762
1331
1647
1756
1673
1480
1698
1939
1958
1943
1753
1501
1579
1533
1255
884
565
159
143
22
-400
-642
-1081
-1390
-1557
-1714
-1833
-2190
-2463
-2649
-2687
-2405
-2347
-2578
-2576
-2592
-2301
-1709
-1599
-1411
-1203
-983
-389
-59
233
355
477
722
1066
1255
1280
1282
1379
1537
1315
1182
986
969
945
853
1433
1374
1219
928
764
1146
1538
1920
2018
1960
1750
1653
1971
1902
1851
1643
1487
1562
1548
1207
838
430
-92
-176
-108
-617
-1022
-1457
-1807
-1957
-2072
-2152
-2523
-2847
-3003
-2862
-2598
-2614
-2786
-2917
-2842
-2484
-2029
-1785
-1647
-1489
-1168
-717
-349
-94
25
345
649
905
1134
1170
1174
1388
1596
1543
1366
1155
1101
1196
1070
1574
1449
1347
1099
770
1035
1399
1809
2074
1999
1675
1693
1784
1937
1926
1662
1408
1369
1147
1080
748
280
-60
-216
-319
-541
-948
-1405
-1596
-1798
-1921
-2044
-2414
-2719
-2803
-2683
-2565
-2642
-2774
-2795
-2655
-2557
-2134
-1887
-1707
-1395
-1099
-796
-494
-208
139
539
702
823
963
1023
1184
1436
1599
1540
1142
1084
1114
1245
1127
1499
1512
1422
1318
1003
1151
1448
1756
2025
2017
1927
1795
1777
1963
1933
1755
1514
1509
1353
1253
893
523
57
-184
-147
-380
-775
-1148
-1529
-1742
-1908
-2007
-2331
-2469
-2657
-2658
-2660
-2663
-2692
-2635
-2518
-2350
-2112
-1953
-1728
-1416
-1049
-672
-486
-307
17
233
509
712
851
994
1083
1312
1475
1360
1134
1004
937
1126
975
1206
1505
1358
1323
1053
1012
1212
1565
2013
2224
2069
1924
1831
1850
1860
1800
1606
1516
1403
1197
861
482
47
-301
-237
-445
-861
-1233
-1554
-1803
-1866
-2035
-2394
-2547
-2788
-2811
-2662
-2617
-2753
-2782
-2539
-2307
-2062
-1879
-1699
-1394
-1028
-682
-392
-253
-116
166
492
768
870
893
960
1204
1401
1463
1238
950
794
859
893
932
1254
1147
1139
841
660
927
1128
1580
1937
2011
1796
1667
1603
1566
1691
1490
1327
1277
1089
830
583
240
-87
-217
-342
-597
-892
-1238
-1438
-1587
-1708
-1927
-2115
-2264
-2288
-2210
-2247
-2350
-2368
-2180
-1957
-1671
-1561
-1499
-1218
-911
-469
-30
144
260
369
621
870
971
983
987
1088
1279
1452
1266
1026
804
723
789
709
951
995
1041
970
668
723
763
981
1340
1630
1511
1375
1232
1178
1305
1180
970
890
757
739
604
381
2
-227
-449
-640
-793
-1068
-1249
-1430
-1540
-1711
-1982
-2149
-2154
-2150
-2135
-2187
-2317
-2189
-1945
-1625
-1319
-1295
-1176
-927
-649
-251
151
310
483
692
864
1109
1199
1155
1204
1247
1320
1379
1324
1165
1015
840
701
555
504
707
810
809
608
392
464
544
880
1115
1152
1127
974
958
1010
894
715
640
570
459
334
107
-63
-221
-431
-526
-732
-947
-1141
-1301
-1488
-1691
-1934
-2084
-2030
-2028
-2067
-2119
-2097
-2080
-1868
-1435
-1306
-1155
-995
-822
-484
-35
256
471
580
764
971
1108
1263
1338
1309
1356
1395
1356
1308
1233
1060
920
779
619
548
523
584
617
588
401
319
405
490
581
725
716
828
786
755
818
667
605
533
529
464
442
294
155
20
-220
-402
-496
-688
-880
-1117
-1337
-1469
-1534
-1579
-1611
-1780
-1860
-1863
-1810
-1635
-1604
-1411
-1223
-1008
-846
-619
-379
-128
130
392
615
812
989
1099
1213
1289
1290
1295
1283
1258
1254
1133
932
744
628
482
322
159
71
130
136
232
120
5
-14
31
290
506
540
521
543
507
575
613
515
456
426
362
352
242
83
-44
-164
-219
-353
-597
-905
-1048
-1163
-1229
-1398
-1583
-1697
-1717
-1641
-1591
-1545
-1476
-1432
-1263
-982
-678
-442
-228
38
231
474
564
753
910
1120
1227
1268
1310
1219
1068
912
879
743
789
747
559
359
82
-84
-191
-196
-170
-241
-291
-314
-282
-217
-190
-158
-4
184
270
406
513
561
678
759
750
741
697
628
575
493
404
242
12
-89
-209
-401
-559
-758
-958
-1038
-1088
-1182
-1225
-1225
-1261
-1239
-1145
-988
-936
-737
-492
-275
-51
131
290
483
699
875
983
1033
1043
1077
998
943
861
765
675
520
339
214
132
-16
-136
-327
-493
-637
-681
-642
-530
-576
-648
-638
-712
-648
-452
-239
-5
164
301
428
559
648
706
658
679
681
671
668
585
462
322
191
30
-86
-226
-302
-454
-618
-702
-792
-800
-758
-738
-755
-678
-604
-476
-259
-89
73
230
420
541
651
839
965
1025
1052
986
915
861
797
704
603
399
204
86
31
-154
-440
-605
-821
-946
-996
-1061
-1143
-1313
-1394
-1322
-1160
-1070
-953
-899
-838
-579
-328
-24
158
247
347
469
575
629
710
710
737
796
755
642
555
501
456
359
326
192
87
14
-9
-69
-122
-162
-159
-117
-105
6
74
193
318
409
484
581
656
750
850
880
942
946
877
753
568
458
341
272
239
54
-255
-561
-728
-892
-981
-1045
-1178
-1313
-1469
-1520
-1418
-1391
-1464
-1526
-1434
-1260
-1032
-837
-745
-622
-462
-324
-77
162
341
487
608
748
790
819
842
859
886
958
921
837
815
762
678
652
552
436
321
266
295
282
276
243
217
224
266
336
373
420
432
468
530
565
630
606
530
405
330
243
154
30
-60
-165
-274
-416
-645
-845
-1005
-1091
-1136
-1046
-1076
-1209
-1292
-1334
-1334
-1233
-1201
-1120
-1022
-924
-773
-687
-562
-516
-397
-156
27
249
422
570
644
702
778
844
918
980
1085
1100
1080
1004
953
846
742
719
740
715
619
565
493
459
431
365
299
249
266
261
377
415
311
195
105
107
154
139
33
-52
-94
-18
71
-62
-386
-719
-832
-905
-800
-684
-780
-995
-1178
-1192
-1254
-1261
-1183
-1138
-1079
-1008
-910
-807
-855
-917
-882
-857
-778
-605
-312
-81
72
210
220
293
379
553
743
913
1075
1196
1212
1236
1208
1130
1091
1037
1008
1015
1046
1091
1066
1023
951
872
796
752
696
548
430
298
232
179
137
44
-117
-166
-136
-135
-214
-238
-248
-346
-448
-445
-436
-523
-695
-775
-850
-918
-925
-953
-918
-880
-1028
-1122
-1080
-1179
-1170
-1078
-1045
-936
-908
-920
-892
-866
-790
-660
-527
-310
-150
-88
71
255
339
351
502
756
886
1020
1163
1228
1249
1257
1345
1480
1515
1474
1427
1333
1327
1222
1100
1006
907
754
644
594
420
249
80
-7
-77
-146
-296
-383
-432
-484
-494
-448
-431
-418
-463
-498
-467
-465
-561
-615
-608
-618
-712
-810
-836
-858
-934
-1024
-1022
-963
-928
-952
-921
-828
-792
-842
-756
-656
-654
-584
-481
-366
-296
-276
-95
37
33
198
311
478
636
769
890
955
1054
1089
1138
1202
1300
1260
1214
1169
1066
948
841
793
706
628
625
580
469
350
257
179
43
-111
-183
-207
-213
-238
-290
-311
-354
-422
-434
-393
-339
-325
-296
-260
-202
-270
-392
-331
-336
-405
-453
-477
-442
-504
-598
-528
-597
-672
-656
-714
-583
-571
-593
-427
-364
-364
-437
-455
-294
-145
11
156
195
269
177
213
392
463
414
527
650
736
753
760
840
794
759
775
779
767
655
443
429
347
200
173
159
111
87
19
-49
-22
-52
-160
-222
-245
-295
-311
-265
-195
-234
-280
-314
-259
-201
-186
-200
-203
-189
-220
-246
-266
-267
-280
-337
-369
-412
-516
-516
-438
-444
-480
-513
-492
-520
-444
-401
-417
-345
-285
-219
-212
-141
-47
-84
-125
22
149
158
217
327
427
442
425
613
714
777
844
890
947
827
716
707
603
509
502
515
549
532
359
232
105
-32
-50
-55
-6
-1
-77
-67
-96
-144
-232
-245
-203
-154
-77
-98
-80
-78
-48
-34
-156
-229
-245
-189
-180
-202
-309
-452
-462
-457
-469
-473
-482
-596
-691
-607
-569
-487
-403
-331
-409
-439
-432
-432
-386
-284
-183
-156
-22
62
175
314
401
457
544
674
811
839
919
1010
981
914
823
759
596
418
333
307
257
103
-7
-52
-70
-116
-229
-322
-341
-386
-396
-316
-305
-388
-432
-369
-256
-211
-182
-86
59
129
102
52
57
91
122
107
19
-23
-192
-410
-446
-472
-603
-706
-643
-494
-530
-576
-473
-443
-508
-530
-480
-329
-300
-324
-245
-94
74
195
365
500
602
751
873
1081
1224
1219
1189
1147
1102
949
837
692
468
275
232
172
87
-103
-338
-456
-425
-515
-600
-681
-761
-789
-746
-677
-596
-500
-331
-151
137
325
385
334
347
397
407
433
461
429
358
261
135
-62
-344
-603
-755
-838
-900
-938
-856
-742
-744
-819
-909
-929
-832
-738
-547
-330
-76
151
477
806
930
1168
1345
1537
1793
1905
1959
1910
1825
1667
1450
1176
783
351
32
-173
-408
-628
-815
-1028
-1134
-1287
-1369
-1491
-1613
-1573
-1466
-1306
-1083
-830
-545
-187
149
369
504
498
533
611
673
747
697
586
435
254
5
-314
-688
-1046
-1233
-1332
-1364
-1313
-1262
-1202
-1235
-1354
-1389
-1368
-1301
-1104
-654
2
590
1210
1538
1817
2208
2341
2787
3007
3212
3287
3038
2844
2538
1908
1203
453
-158
-582
-958
-1234
-1463
-1758
-2007
-2176
-2295
-2330
-2553
-2527
-2214
-1859
-1368
-853
-430
-17
365
743
1004
1111
1232
1211
1291
1400
1287
1136
868
430
37
-461
-1039
-1555
-2020
-2243
-2203
-2009
-1785
-1627
-1656
-1570
-1504
-1341
-1152
-586
446
1434
2529
3032
3409
3664
3578
3749
3877
3978
4166
3887
3480
2861
1807
611
-509
-1382
-1998
-2469
-2781
-2866
-2893
-2986
-3109
-3172
-3064
-2974
-2663
-2058
-1356
-656
-24
449
995
1340
1517
1571
1485
1262
1053
862
753
425
29
-463
-1043
-1630
-2187
-2712
-3040
-3092
-2973
-2537
-2012
-1502
-1135
-955
-705
-478
-234
263
1338
2470
3619
4258
4593
4747
4422
4145
4117
4086
4050
3621
3132
2377
1226
-370
-1844
-2900
-3600
-3898
-3857
-3481
-3109
-2884
-2822
-2706
-2424
-2168
-1723
-819
263
1057
1631
1914
2181
2114
1752
1307
664
267
-23
-189
-274
-788
-1455
-2204
-2849
-3201
-3546
-3617
-3493
-3029
-2347
-1648
-986
-461
-72
181
432
673
982
1414
2540
3578
4815
5056
4859
4537
3875
3546
3374
3538
3624
3296
2574
1537
158
-1704
-3429
-4282
-4498
-4064
-3487
-2626
-2043
-1699
-1692
-1630
-1310
-942
-280
684
1732
2428
2504
2170
1644
991
376
-149
-486
-815
-1169
-1327
-1518
-1939
-2451
-3047
-3327
-3397
-3361
-3014
-2718
-2196
-1700
-1091
-333
153
423
600
729
991
1105
1348
2263
3121
4196
4436
4318
4047
3248
2873
2852
3095
3408
3066
2343
1360
-74
-1820
-3155
-3751
-3714
-3139
-2521
-1691
-1222
-1306
-1327
-1276
-1094
-613
93
1004
1909
2090
1849
1209
607
90
-336
-479
-536
-560
-927
-1303
-1714
-2332
-2877
-3193
-2993
-2604
-2402
-2010
-1799
-1664
-1611
-1341
-856
-252
291
635
846
841
674
591
1490
2454
3518
4174
4078
4250
3671
3212
3230
3248
3649
3136
2526
1561
33
-1585
-2994
-3543
-3489
-3112
-2574
-1901
-1344
-1232
-1232
-1186
-789
-350
319
1098
1758
1890
1503
971
450
182
-262
-555
-708
-871
-1057
-1467
-1955
-2511
-2992
-3136
-2984
-2549
-2167
-1891
-1736
-1612
-1439
-1265
-640
6
635
932
1031
900
698
600
1291
2287
3224
3972
4042
4245
3758
3110
2781
2732
2952
2875
2517
1710
323
-1441
-3055
-3606
-3626
-3086
-2327
-1387
-768
-623
-743
-887
-557
-161
562
1324
1973
2006
1464
866
195
-350
-651
-837
-798
-886
-1219
-1670
-2239
-2656
-2892
-2813
-2435
-2094
-1893
-1747
-1745
-1704
-1537
-1099
-435
330
848
977
768
446
91
-61
793
2000
3225
4052
3854
3554
3030
2429
2505
2972
3386
3472
2949
1645
175
-1753
-3388
-3845
-3665
-2898
-2004
-1387
-861
-793
-1024
-1056
-696
-102
761
1607
2276
2202
1484
502
-412
-947
-1109
-924
-587
-530
-1097
-1828
-2465
-2950
-2977
-2616
-2043
-1421
-1177
-1306
-1546
-1697
-1558
-1108
-153
693
1179
1205
779
286
-106
-307
367
1874
3120
4216
4229
3996
3238
2168
2185
2719
3742
4099
3702
2601
682
-1599
-3533
-4123
-3661
-2594
-1314
-360
87
-422
-1105
-1594
-1328
-445
593
1871
2650
2520
1478
118
-1169
-1876
-1793
-1161
-405
-97
-614
-1545
-2407
-3209
-3462
-2979
-2115
-1353
-993
-1010
-1272
-1780
-1956
-1701
-834
73
761
1010
821
229
-421
-834
-532
943
2393
3936
4244
3875
3102
2087
1786
2360
3617
4484
4458
3328
1146
-1237
-3553
-4459
-3899
-2459
-1044
-111
174
-389
-1126
-1637
-1351
-253
1145
2373
3018
2800
1475
3
-1270
-1743
-1497
-986
-222
-77
-421
-1387
-2617
-3364
-3655
-3288
-2402
-1432
-729
-638
-1003
-1528
-1831
-1813
-1173
-80
818
1184
726
2
-788
-1226
-867
661
2295
3750
4251
3713
3005
1947
1735
2718
4013
4795
4558
3119
1003
-1391
-3376
-3931
-3179
-1972
-686
4
54
-516
-1414
-1617
-933
332
1714
2733
3151
2609
1200
-301
-1319
-1672
-1266
-416
311
326
-583
-1979
-3091
-3569
-3301
-2428
-1343
-623
-597
-1282
-1971
-2412
-2400
-1753
-685
552
1082
829
13
-954
-1583
-1553
-967
441
2278
3230
3627
2832
2182
1661
1554
2587
4017
5240
5033
3534
1266
-1176
-3070
-4201
-3491
-2100
-793
-99
-295
-755
-1523
-1761
-1290
225
1925
3044
3523
3047
1817
98
-1168
-1360
-859
-74
203
59
-606
-1893
-3006
-3569
-3313
-2725
-1940
-1293
-914
-1065
-1544
-1867
-1852
-1386
-895
-72
661
875
447
-428
-968
-1021
-729
-57
1636
2676
3396
2825
2251
2204
1936
2352
3237
4413
4604
3662
1830
-228
-2127
-3751
-3724
-2548
-1164
-190
-100
-382
-1077
-1605
-1400
-93
1654
3041
3536
3166
2107
416
-932
-1418
-1230
-698
-135
121
-77
-1123
-2570
-3696
-3899
-3246
-2044
-825
-41
-204
-1220
-2195
-2655
-2199
-1255
-76
1065
1406
893
-257
-1118
-1391
-1122
-567
760
2118
3029
2981
2235
1621
1297
1639
2634
4266
5196
4657
2866
271
-1985
-3382
-3721
-2525
-891
141
131
-534
-1504
-1907
-1688
-548
1399
2861
3456
3087
1863
379
-1054
-1822
-1413
-435
548
692
32
-1387
-3064
-4037
-4003
-2906
-1497
-510
-241
-694
-1597
-2254
-2306
-1498
-274
731
1215
1192
642
-157
-885
-1149
-821
-247
188
1078
1774
2097
2025
1668
1938
2384
2847
3520
4357
4506
3780
2295
278
-1112
-2312
-2650
-1764
-904
-226
-228
-869
-1361
-1581
-1363
-323
1165
2333
2655
2048
996
-173
-1205
-1385
-959
-337
59
-14
-611
-1549
-2971
-3933
-3689
-2779
-1352
-424
-178
-606
-1719
-2562
-2686
-1829
-671
346
998
1139
572
-516
-1208
-1259
-727
-9
410
1408
1918
2279
1996
1706
2154
2519
3443
4117
4671
4529
3359
1705
-125
-1142
-1873
-1716
-1104
-780
-573
-1338
-1764
-1954
-1521
-607
495
1755
2165
2006
1124
283
-381
-676
-353
118
426
330
-470
-1390
-2436
-3382
-3559
-3131
-2091
-1171
-771
-831
-1427
-2060
-2427
-2117
-1269
-298
457
816
782
165
-418
-867
-774
-399
80
477
1216
1940
2252
2471
2144
2227
2644
3013
4044
4511
4431
3615
1965
376
-938
-1721
-1785
-1204
-941
-952
-1373
-1982
-1972
-1758
-986
110
1050
1590
1402
1003
367
-120
-248
-51
342
330
90
-694
-1619
-2610
-3436
-3276
-2674
-1859
-1125
-1105
-1496
-2189
-2743
-2554
-1793
-755
151
617
660
381
-59
-404
-381
-108
213
609
613
851
1396
2030
2640
2779
2688
2651
2733
3046
3870
4211
3799
2834
1165
-313
-1394
-1930
-1514
-888
-621
-662
-1063
-1564
-1666
-1398
-750
185
812
1113
973
647
315
-148
-308
-310
-353
-491
-731
-1268
-1940
-2764
-3229
-2968
-2335
-1563
-1174
-1156
-1614
-2284
-2427
-1969
-1028
-110
495
607
405
44
-352
-349
-216
161
530
757
1115
1742
2154
2627
2378
2251
2405
2562
3488
4066
4435
4001
2655
1144
-308
-1066
-1304
-930
-360
-328
-534
-1282
-1772
-2029
-1803
-1010
-231
557
790
673
490
104
-211
-515
-531
-538
-620
-928
-1434
-1950
-2519
-2739
-2766
-2214
-1755
-1485
-1372
-1634
-1771
-1848
-1503
-905
-294
173
102
-8
-212
-132
-18
186
450
562
826
604
1077
1907
2517
2972
2713
2538
2663
2848
3375
4150
4290
3595
2225
604
-187
-631
-715
-181
23
-340
-1080
-2093
-2559
-2385
-1788
-861
69
575
480
-61
-567
-827
-1023
-785
-482
-420
-582
-1083
-1741
-2113
-2499
-2514
-2102
-1634
-1231
-1236
-1495
-1732
-1878
-1629
-1256
-664
-356
-377
-389
-366
-20
206
465
476
502
539
588
728
1465
2434
2965
3203
2604
2476
2648
2927
3930
4214
4115
3368
1906
780
-36
-325
-210
-60
-292
-850
-1677
-2479
-2618
-2231
-1229
-376
132
346
-65
-472
-853
-930
-648
-328
-163
-423
-925
-1582
-1889
-2022
-2057
-1995
-2015
-1742
-1771
-1758
-1567
-1659
-1486
-1499
-1344
-1024
-889
-663
-466
76
449
544
450
224
267
531
1041
1343
2043
2643
2755
2635
2130
2173
2462
2745
3532
4050
4017
3314
1931
897
231
-189
-135
130
122
-393
-1313
-2200
-2371
-1953
-1297
-423
72
174
-272
-863
-1087
-1150
-962
-621
-439
-660
-1155
-1637
-2065
-2106
-2278
-2018
-1643
-1516
-1304
-1542
-1594
-1679
-1737
-1413
-1202
-700
-433
-360
-218
-199
174
232
301
323
471
785
1084
1277
1520
2015
2175
2250
1930
2050
2646
3020
3621
3883
3738
2969
1918
1293
1051
1049
702
414
-93
-823
-1498
-1945
-1602
-1187
-867
-651
-732
-763
-1067
-1163
-930
-665
-527
-691
-885
-1223
-1550
-1719
-1572
-1157
-1038
-1196
-1468
-1506
-1373
-1364
-1131
-956
-971
-1147
-1262
-1133
-899
-833
-675
-470
-252
-42
6
205
419
802
1076
1165
1050
1182
1481
1862
2241
2121
2414
2570
2919
3457
3319
3287
2721
2050
1663
1101
897
431
186
-337
-884
-1274
-1773
-1574
-1543
-1270
-1187
-1228
-1141
-1397
-1175
-1088
-868
-754
-917
-937
-1286
-1209
-1067
-709
-583
-907
-1087
-1275
-1098
-1138
-945
-762
-834
-870
-1143
-1083
-1109
-1153
-1121
-969
-523
-154
196
389
468
376
485
597
778
934
1352
1882
2076
2238
2030
2283
2504
2576
2912
2940
3079
2733
2222
1763
992
454
-277
-436
-567
-820
-1032
-1383
-1399
-1692
-1741
-1659
-1385
-1094
-1183
-1041
-1129
-1077
-1127
-1137
-900
-948
-795
-674
-525
-500
-618
-643
-601
-551
-629
-495
-358
-298
-443
-709
-865
-1052
-925
-562
-131
317
471
522
400
190
53
145
471
925
1028
1122
1539
1543
1585
1301
1408
2053
2335
3055
3295
3184
2902
1803
1379
1001
729
623
284
19
-540
-1066
-1642
-1940
-2057
-2050
-1847
-1864
-1744
-1872
-1980
-1856
-1883
-1576
-1510
-1311
-1050
-815
-460
-295
-108
-224
-360
-528
-328
28
147
252
-97
-415
-781
-1005
-668
-387
11
68
-69
-213
-329
-211
-61
45
136
262
353
488
396
717
1238
1611
1858
1738
2068
2526
2796
3167
3332
3218
2770
1996
1568
1354
895
604
215
-315
-933
-1755
-2118
-2236
-2345
-2246
-2213
-2172
-2339
-2530
-2441
-2064
-1656
-1330
-1016
-809
-637
-595
-352
-11
122
320
211
211
159
-33
52
54
74
-53
-264
-316
-337
-333
-215
-247
-295
-331
-325
-105
-11
-64
-75
21
263
534
579
942
1292
1557
1951
1843
2254
2600
2734
3250
3094
3087
2644
1935
1714
1081
863
350
-237
-635
-1374
-1806
-2214
-2483
-2634
-2630
-2477
-2377
-2128
-2266
-2084
-1838
-1562
-1131
-971
-637
-533
-304
-86
26
297
231
196
114
156
300
435
626
531
314
-27
-213
-271
-339
-286
-428
-551
-626
-569
-336
-282
-222
-333
-293
-78
142
514
670
1149
1569
1830
1968
1752
2070
2339
2651
3077
2871
2533
1921
1443
1373
1033
723
68
-607
-1282
-1870
-1889
-1925
-1866
-1915
-2139
-2163
-2329
-2175
-1988
-1702
-1353
-1206
-880
-706
-544
-517
-422
-159
68
336
435
505
476
536
625
686
749
580
369
140
-116
-301
-486
-560
-617
-697
-770
-817
-806
-706
-705
-689
-525
-205
121
403
497
767
1085
1300
1475
1592
1894
2157
2341
2569
2759
2558
2094
1461
1045
940
734
486
120
-416
-977
-1386
-1491
-1657
-1689
-1715
-1795
-1778
-1960
-1954
-1850
-1640
-1382
-1295
-1073
-945
-775
-454
-103
242
546
704
730
797
845
930
949
909
848
522
287
49
-128
-112
-308
-498
-784
-1099
-1178
-1091
-788
-713
-772
-926
-914
-673
-440
-118
196
807
1201
1367
1503
1403
1757
1911
2107
2575
2435
2312
2025
1700
1611
1172
841
523
221
-103
-418
-613
-932
-1221
-1537
-1769
-1849
-2009
-1910
-1922
-1886
-1796
-1709
-1373
-1188
-922
-642
-258
101
396
639
793
1035
1041
992
917
998
1079
908
774
426
68
-305
-626
-704
-879
-949
-1148
-1358
-1481
-1562
-1508
-1461
-1354
-1129
-735
-362
-43
-3
190
467
566
912
1128
1546
2040
2123
2456
2305
2020
1903
1680
1884
1944
1730
1337
872
300
-165
-559
-950
-1061
-1315
-1409
-1537
-1830
-1988
-2225
-2153
-1917
-1580
-1170
-844
-583
-341
-159
18
290
535
930
1288
1419
1440
1210
1069
1026
869
905
733
406
60
-405
-571
-873
-1122
-1238
-1395
-1336
-1289
-1152
-1089
-1275
-1365
-1305
-1051
-806
-523
-239
258
541
641
743
630
1041
1543
1985
2625
2794
2701
2325
1895
1856
1772
1688
1415
1125
542
-94
-520
-935
-1188
-1591
-1806
-1769
-1841
-1814
-1845
-1747
-1678
-1673
-1412
-1103
-662
-345
-26
335
404
468
572
786
940
1062
1193
1211
1133
923
824
638
433
229
-33
-253
-629
-893
-1117
-1321
-1563
-1754
-1686
-1568
-1563
-1586
-1611
-1537
-1406
-1198
-788
-349
177
613
808
1028
1037
1461
1935
2251
2771
2777
2788
2531
2137
2050
1716
1471
1075
646
402
-36
-275
-690
-972
-1286
-1609
-1635
-1740
-1674
-1661
-1571
-1318
-1183
-1032
-986
-852
-646
-346
16
316
540
689
843
961
1106
1203
1235
1284
1187
1084
861
565
251
-134
-380
-613
-863
-1090
-1359
-1637
-1924
-2009
-1878
-1730
-1639
-1579
-1432
-1183
-870
-576
-303
55
528
907
1211
1306
1497
1701
1851
2109
2306
2356
2248
1994
1989
1847
1646
1348
946
568
17
-155
-206
-386
-677
-1061
-1372
-1675
-1850
-1840
-1740
-1668
-1566
-1367
-1138
-968
-746
-406
-72
216
442
671
860
981
1059
1111
1163
1157
982
739
565
377
108
-85
-309
-510
-747
-985
-1097
-1224
-1396
-1504
-1539
-1499
-1450
-1396
-1366
-1289
-1095
-955
-802
-588
-340
178
523
714
810
981
1457
1793
2059
2230
2147
2152
1935
1927
1965
1728
1499
1152
855
483
58
-252
-485
-640
-850
-981
-1127
-1309
-1361
-1452
-1258
-1149
-981
-735
-630
-419
-240
32
190
240
316
400
584
717
810
850
788
744
635
609
516
399
275
54
-130
-391
-635
-837
-1025
-1238
-1424
-1563
-1636
-1666
-1570
-1559
-1601
-1573
-1408
-1230
-967
-688
-432
20
226
395
517
667
1205
1551
1858
2197
2117
1959
1635
1632
1852
1902
1796
1472
1228
793
440
377
195
125
-173
-351
-383
-675
-751
-935
-917
-873
-971
-877
-905
-777
-633
-444
-139
27
139
259
420
671
865
1101
1145
1056
903
601
435
308
195
35
-253
-548
-895
-1258
-1476
-1690
-1802
-1932
-1996
-1960
-1957
-1953
-2075
-2120
-2036
-1741
-1377
-1077
-894
-683
-305
21
273
506
940
1498
1913
2278
2496
2492
2421
2291
2494
2650
2503
2234
1914
1529
1129
961
819
531
98
-319
-455
-583
-696
-792
-894
-981
-1029
-921
-690
-503
-415
-282
-108
71
163
213
260
316
454
562
619
551
384
184
7
-52
-113
-259
-470
-754
-1022
-1291
-1554
-1764
-1940
-2050
-2131
-2199
-2215
-2176
-2098
-2022
-1900
-1652
-1367
-1044
-733
-420
-91
285
682
976
1194
1457
1849
2218
2439
2588
2562
2545
2495
2573
2619
2510
2224
1856
1647
1344
1157
969
599
352
79
-103
-216
-367
-420
-571
-678
-761
-870
-892
-893
-765
-640
-600
-541
-461
-403
-375
-274
-120
-21
17
-77
-157
-295
-381
-432
-539
-605
-789
-1038
-1269
-1445
-1501
-1542
-1531
-1509
-1547
-1686
-1767
-1713
-1530
-1275
-1034
-902
-865
-773
-591
-284
7
357
759
1076
1223
1299
1359
1607
1978
2287
2590
2665
2559
2371
2264
2320
2345
2269
2063
1744
1432
1062
843
646
360
13
-335
-495
-613
-685
-841
-1045
-1104
-1136
-1047
-1042
-1041
-1063
-1114
-994
-852
-782
-786
-788
-786
-747
-680
-542
-434
-457
-469
-466
-423
-444
-526
-618
-731
-769
-766
-789
-779
-861
-1000
-1071
-1005
-888
-901
-844
-731
-618
-493
-421
-351
-165
106
315
502
768
1029
1149
1282
1329
1551
1903
2121
2268
2196
2052
1927
1821
1940
1982
1860
1561
1168
981
850
707
526
330
95
-245
-475
-683
-767
-851
-959
-1034
-1115
-1121
-1206
-1199
-1157
-1087
-962
-850
-755
-718
-705
-621
-506
-435
-400
-384
-391
-422
-385
-362
-383
-432
-466
-448
-411
-423
-419
-442
-478
-495
-471
-488
-554
-546
-550
-463
-347
-282
-278
-378
-403
-279
-87
87
210
376
523
637
670
669
799
1054
1309
1490
1587
1559
1445
1284
1244
1317
1311
1246
1140
958
802
662
562
501
418
275
117
27
-54
-162
-275
-399
-548
-643
-666
-778
-839
-824
-830
-809
-849
-812
-749
-697
-596
-560
-492
-483
-452
-415
-370
-329
-279
-253
-276
-295
-302
-316
-378
-407
-433
-498
-524
-509
-511
-578
-664
-716
-717
-670
-559
-474
-441
-455
-513
-504
-365
-236
-102
124
328
486
544
574
716
956
1169
1410
1558
1592
1550
1536
1641
1772
1823
1719
1503
1252
1125
1086
1055
1010
849
575
286
84
-56
-125
-143
-186
-312
-466
-596
-769
-887
-865
-792
-714
-674
-734
-778
-799
-766
-687
-619
-577
-544
-563
-617
-633
-641
-659
-672
-676
-690
-664
-665
-696
-787
-860
-918
-1014
-1006
-998
-985
-930
-935
-926
-843
-723
-609
-470
-299
-146
74
317
524
671
839
1032
1162
1279
1340
1401
1450
1515
1587
1617
1649
1626
1496
1465
1474
1414
1357
1207
966
786
663
603
556
446
315
141
-25
-158
-240
-262
-337
-385
-370
-381
-430
-484
-518
-515
-516
-515
-514
-584
-667
-768
-832
-884
-916
-951
-1003
-1071
-1093
-1113
-1145
-1185
-1211
-1249
-1240
-1197
-1172
-1103
-1092
-1027
-940
-823
-683
-520
-347
-185
-9
149
286
400
546
680
775
878
987
1037
1061
1091
1155
1211
1254
1265
1185
1124
1084
1054
1025
968
861
769
734
655
575
502
406
355
292
236
225
224
219
218
175
155
134
91
54
30
51
53
39
-48
-115
-178
-241
-251
-254
-294
-381
-530
-706
-853
-908
-944
-961
-984
-1010
-1053
-1145
-1169
-1109
-1022
-932
-836
-715
-676
-610
-557
-440
-269
-172
-67
16
108
178
253
307
415
506
550
567
538
520
455
432
436
406
325
223
169
112
125
135
122
115
123
109
61
102
117
182
267
365
400
423
490
495
563
647
734
740
695
684
643
631
589
517
411
315
272
172
91
-24
-118
-172
-194
-179
-206
-276
-368
-427
-471
-486
-487
-493
-477
-487
-475
-453
-418
-402
-405
-367
-309
-265
-232
-254
-280
-279
-311
-377
-406
-432
-455
-492
-525
-518
-546
-535
-559
-541
-520
-520
-469
-417
-372
-265
-188
-146
-78
0
77
144
217
267
357
452
518
567
547
580
634
664
712
731
726
693
683
684
706
699
652
603
563
507
434
416
384
373
371
379
340
246
195
169
217
263
247
235
200
134
85
51
-3
-94
-154
-220
-246
-277
-353
-421
-552
-619
-649
-685
-708
-704
-717
-762
-762
-747
-752
-726
-682
-677
-674
-652
-605
-527
-456
-399
-366
-283
-190
-178
-153
-83
-1
25
61
90
106
137
172
181
196
225
228
269
323
366
371
383
401
397
406
397
411
460
468
475
450
485
471
472
520
510
482
415
370
311
280
288
295
307
293
247
191
144
134
120
139
138
95
43
-17
-56
-51
-28
-14
-6
-22
-85
-118
-128
-159
-176
-218
-291
-350
-399
-413
-427
-418
-411
-441
-486
-515
-512
-532
-514
-464
-463
-476
-464
-512
-524
-477
-411
-351
-307
-278
-275
-246
-202
-111
-29
40
58
54
22
29
70
90
111
94
89
102
124
146
159
180
196
226
223
233
234
212
244
256
238
257
264
314
375
425
492
555
591
625
608
615
572
555
602
652
666
636
573
478
427
416
420
401
343
223
114
50
-20
-98
-201
-301
-357
-424
-485
-525
-568
-644
-721
-753
-761
-772
-773
-771
-773
-780
-755
-716
-691
-634
-582
-554
-515
-475
-444
-372
-321
-268
-207
-167
-153
-142
-151
-166
-164
-147
-137
-119
-74
-63
-4
37
70
113
156
168
206
246
339
442
490
557
596
629
684
726
796
845
913
981
987
954
886
799
794
820
798
745
647
510
377
293
230
130
35
-69
-129
-198
-279
-362
-459
-491
-511
-493
-499
-484
-505
-518
-504
-505
-501
-474
-465
-468
-467
-448
-414
-401
-368
-311
-257
-248
-281
-297
-293
-318
-346
-400
-429
-454
-446
-385
-330
-269
-252
-252
-254
-205
-137
-76
30
121
133
144
163
181
261
352
456
519
549
612
597
569
561
527
515
478
446
435
345
271
203
132
79
57
70
53
17
-20
-38
-53
-40
-35
-23
-9
2
-8
-30
-50
-35
0
35
115
164
131
85
101
84
86
88
95
85
30
3
-50
-121
-176
-235
-239
-264
-269
-239
-246
-240
-269
-270
-331
-344
-320
-302
-285
-252
-224
-207
-190
-212
-162
-117
-68
-23
-9
-26
-67
-86
-138
-156
-105
-75
-34
-15
-38
-80
-138
-143
-99
-56
-17
9
70
55
58
81
100
156
177
235
292
322
293
303
308
325
337
330
367
400
410
411
432
431
397
352
336
347
312
242
208
142
67
67
88
81
71
62
24
-9
-43
-75
-87
-143
-137
-120
-135
-144
-169
-236
-273
-272
-305
-306
-270
-262
-266
-283
-300
-336
-381
-385
-357
-325
-316
-311
-333
-348
-333
-330
-315
-296
-271
-226
-186
-117
-76
-62
-41
0
61
121
195
198
229
233
246
269
261
252
243
272
274
233
191
171
157
146
184
168
153
131
141
145
106
79
41
67
79
136
166
125
95
95
91
114
169
166
145
139
105
82
26
-13
4
19
24
32
2
-65
-128
-162
-215
-222
-205
-206
-219
-225
-223
-258
-261
-243
-186
-128
-100
-95
-64
-53
-57
-82
-86
-58
-62
-59
-56
-14
-55
-85
-88
-70
-68
-72
-64
-102
-99
-91
-98
-112
-85
-71
-64
-23
-11
-37
-23
-28
-41
-27
32
92
97
103
65
68
95
98
115
112
125
147
144
130
93
64
93
133
179
272
284
261
252
257
267
278
304
335
375
395
394
393
394
382
365
351
318
263
249
191
134
86
19
-22
-53
-77
-29
-71
-129
-197
-277
-344
-368
-384
-414
-427
-467
-485
-521
-498
-482
-416
-385
-342
-308
-315
-332
-344
-332
-347
-354
-346
-333
-326
-337
-320
-296
-279
-274
-256
-190
-153
-125
-95
-70
-55
-19
22
47
55
81
156
209
233
234
291
323
360
442
511
522
545
589
591
611
621
605
589
581
531
530
498
437
410
363
306
246
231
208
142
56
2
-68
-133
-174
-191
-207
-241
-284
-336
-343
-371
-419
-402
-404
-404
-406
-419
-410
-425
-405
-389
-361
-342
-341
-342
-342
-334
-348
-342
-336
-359
-328
-286
-271
-215
-178
-149
-104
-66
-21
23
26
4
43
99
100
129
156
178
187
243
316
384
415
434
477
494
485
482
489
457
445
461
431
398
377
332
316
301
286
287
212
178
148
123
116
93
53
15
-14
-57
-100
-128
-142
-152
-141
-111
-124
-116
-133
-155
-150
-154
-144
-129
-147
-206
-248
-264
-261
-232
-232
-219
-231
-241
-217
-257
-262
-263
-227
-253
-295
-279
-210
-190
-227
-219
-154
-107
-139
-170
-121
-92
-104
-83
-30
16
-30
-39
18
38
32
54
138
199
170
140
170
198
194
172
108
118
502
985
722
290
41
13
526
724
633
497
-220
-686
-860
-1185
-923
-521
-192
-199
-715
-1012
-1011
-537
124
666
1220
1237
752
372
428
799
985
1169
1410
1361
802
46
-250
-219
-176
-56
28
-60
-538
-1021
-1093
-1037
-893
-656
-416
-308
-408
-545
-604
-544
-321
-2
283
398
345
190
77
137
234
306
427
436
234
-5
-181
-309
-386
-292
-165
-210
-371
-572
-606
-574
-540
-349
-235
-115
-56
-66
5
78
166
288
495
655
627
541
484
477
486
519
623
682
615
501
394
297
200
162
187
200
187
137
25
-129
-231
-266
-245
-201
-180
-155
-164
-228
-286
-300
-266
-211
-158
-106
-88
-99
-135
-194
-244
-246
-196
-151
-138
-179
-234
-311
-345
-327
-324
-323
-323
-300
-282
-254
-276
-271
-252
-224
-150
-109
-135
-98
-60
-47
-41
31
101
138
175
224
294
356
394
364
366
339
335
356
357
390
415
413
338
259
213
221
259
298
317
351
308
253
199
165
144
135
110
75
73
40
-2
-59
-69
-114
-164
-138
-108
-123
-136
-141
-143
-171
-165
-157
-111
-72
-54
-81
-129
-134
-130
-142
-92
-82
-99
-113
-127
-157
-209
-203
-134
-140
-174
-227
-269
-222
-172
-160
-176
-169
-93
-52
-18
15
-23
-25
42
145
163
194
186
164
129
94
81
88
126
173
167
71
-23
-88
-64
-25
-22
-45
-85
-83
-95
-108
-97
-72
-50
-24
-15
-3
14
61
78
82
58
35
46
49
49
43
30
-5
-82
-125
-129
-109
-66
-39
-7
1
-10
-34
-36
-13
49
117
132
129
140
128
127
149
195
243
273
279
234
156
141
120
119
163
170
106
47
5
-38
-58
-78
-104
-135
-173
-176
-159
-165
-177
-190
-173
-144
-115
-132
-176
-168
-122
-82
-82
-64
-78
-102
-130
-184
-204
-214
-205
-181
-196
-209
-213
-198
-156
-106
-93
-101
-75
-68
-55
-35
-5
3
32
87
96
99
129
191
237
329
404
442
478
468
464
440
397
368
367
362
346
303
215
146
84
83
112
75
89
134
150
90
38
27
24
0
49
78
49
2
-70
-86
-107
-187
-234
-197
-147
-184
-256
-340
-373
-348
-322
-331
-361
-393
-404
-437
-494
-477
-422
-353
-330
-312
-270
-269
-244
-188
-117
-110
-141
-114
-86
-28
65
94
136
129
105
93
123
172
182
268
299
241
213
176
167
183
267
338
305
285
256
208
152
134
132
196
292
324
274
232
183
170
216
212
199
217
204
203
164
56
29
52
68
81
105
60
-4
-49
-85
-129
-175
-207
-185
-158
-176
-230
-306
-350
-335
-305
-268
-271
-290
-297
-342
-392
-399
-353
-257
-155
-107
-106
-121
-163
-171
-126
-46
11
28
59
23
-15
-30
-7
44
96
96
106
56
7
8
13
62
81
94
74
51
40
45
76
159
229
234
225
199
206
194
237
309
291
338
336
302
254
239
249
238
230
218
197
128
68
66
22
-8
43
40
42
46
37
10
-100
-180
-219
-204
-213
-212
-158
-141
-192
-249
-289
-280
-253
-226
-217
-210
-223
-265
-288
-272
-252
-226
-152
-146
-134
-122
-119
-128
-124
-85
-66
-74
-98
-124
-105
-104
-113
-83
-69
-102
-118
-95
-72
-10
39
58
64
78
116
150
182
275
342
368
375
354
269
266
309
316
320
342
360
329
310
290
248
227
230
243
205
144
96
69
44
43
50
27
-8
-20
-27
-21
-30
-33
-28
-46
-94
-119
-132
-177
-185
-192
-188
-221
-240
-249
-259
-252
-274
-270
-269
-291
-323
-268
-249
-205
-231
-261
-206
-209
-220
-187
-182
-180
-119
-118
-90
-70
-78
-58
-1
29
81
149
156
161
123
105
113
109
125
146
170
190
206
207
230
246
272
296
279
259
210
167
152
128
115
100
94
57
56
38
-1
7
-12
-46
-23
-32
-48
-40
-69
-93
-90
-92
-150
-154
-153
-171
-144
-123
-121
-84
-56
-61
-73
-56
-57
-57
-53
-67
-42
-53
-32
-12
-33
-35
-42
-21
-27
-39
-49
-52
-47
-11
19
56
111
103
102
106
86
105
147
193
222
196
142
111
68
69
96
135
177
161
110
88
52
25
42
59
57
24
-11
-56
-108
-167
-187
-160
-136
-111
-108
-137
-156
-180
-187
-167
-128
-75
-68
-84
-117
-109
-80
-91
-30
16
1
14
33
33
22
40
33
47
103
132
170
176
137
101
84
58
54
116
166
160
168
131
88
40
54
113
105
115
67
33
9
-37
-58
-9
45
51
32
6
-36
-62
-62
-56
-73
-94
-107
-114
-98
-154
-214
-245
-278
-257
-223
-210
-213
-243
-238
-219
-245
-220
-201
-170
-162
-181
-172
-173
-136
-90
-24
-12
-16
-30
-12
19
48
95
119
121
108
165
210
238
254
248
233
181
159
126
157
209
190
181
163
140
112
115
133
138
142
155
147
124
99
91
94
118
144
127
110
80
33
16
3
17
19
-18
-33
-66
-100
-118
-102
-79
-68
-67
-75
-84
-81
-110
-113
-130
-154
-177
-195
-200
-203
-152
-138
-104
-69
-89
-88
-70
-83
-61
-45
-37
-29
-15
1
-1
10
27
29
26
46
43
42
28
23
69
54
34
67
80
97
120
139
144
145
131
137
131
119
153
143
152
158
126
78
61
70
97
121
87
91
101
97
101
96
61
18
-4
-39
-59
-52
-62
-63
-76
-114
-197
-259
-269
-250
-241
-186
-151
-152
-151
-165
-178
-166
-117
-121
-109
-124
-138
-140
-169
-188
-146
-153
-126
-95
-93
-110
-114
-87
-71
-30
10
58
32
45
29
-14
10
28
41
52
71
73
88
106
110
122
131
126
141
188
221
214
194
204
194
183
153
136
109
87
57
44
53
48
38
63
96
94
98
86
56
17
-11
-1
-20
-5
26
7
-8
-25
-51
-83
-107
-127
-140
-123
-110
-122
-146
-147
-148
-153
-145
-99
-79
-58
-54
-92
-82
-77
-81
-52
-52
-55
-43
-66
-50
-80
-71
-29
-15
24
52
62
59
80
54
66
66
61
86
109
122
115
132
130
140
139
137
157
153
178
155
146
191
182
171
141
115
69
44
71
50
49
47
25
36
42
39
43
41
-9
-34
-50
-78
-105
-124
-124
-118
-133
-154
-130
-134
-155
-158
-148
-201
-218
-206
-222
-210
-194
-195
-192
-172
-174
-142
-128
-124
-64
-28
-9
24
31
35
33
49
40
45
63
19
24
20
27
24
35
41
85
113
61
45
60
75
62
68
118
135
107
92
95
92
72
100
106
90
55
36
15
-14
-36
-63
-66
-74
-59
-52
-48
-35
-55
-37
-39
-40
-13
-57
-87
-71
-61
-43
-25
29
50
6
-6
-7
-14
20
33
25
14
-13
1
8
16
32
37
43
22
40
45
5
10
24
13
29
47
45
58
42
42
41
55
58
75
85
78
76
57
45
42
19
30
28
22
31
-2
-22
-29
-27
-26
-36
-21
-14
-50
-58
-44
-17
-42
-79
-71
-66
-58
-63
-66
-64
-61
-64
-70
-49
-25
-28
17
41
24
22
14
-30
-32
-19
-28
6
7
-17
-31
-27
-30
-33
25
45
29
6
-24
-37
-36
-20
5
24
27
38
37
51
56
53
53
63
49
55
92
86
85
60
75
62
78
67
26
6
-22
5
10
-5
-24
-51
-68
-61
-77
-74
-72
-58
-64
-73
-53
-42
-11
6
21
6
-16
-57
-31
5
-7
27
20
11
5
-17
-40
-44
-62
-68
-34
-18
-26
-42
-41
-52
-40
-71
-87
-83
-73
-49
-37
-6
-44
-42
-13
-4
-9
-36
-1
11
22
51
42
72
120
120
108
115
130
109
92
87
83
55
55
69
58
70
62
30
17
-2
1
0
-8
-27
-16
-15
-55
-66
-68
-77
-67
-43
-36
-27
-38
-29
-11
3
3
15
38
20
10
9
-6
22
20
40
22
-14
-15
-53
-58
-74
-95
-94
-80
-98
-70
-54
-23
-26
-8
35
30
60
81
77
50
34
25
49
45
26
40
45
56
39
51
69
92
118
103
99
91
87
52
26
4
9
5
-9
11
-2
-5
3
3
-7
24
5
-13
11
-17
-32
-39
-37
-12
-19
-21
-3
-30
-29
-38
-68
-54
-53
-24
-25
-37
-60
-63
-73
-54
-71
-64
-89
-124
-132
-158
-162
-192
-165
-145
-127
-110
-67
-68
-85
-85
-69
-48
-56
-29
-20
-14
2
2
36
44
33
35
90
103
114
136
116
134
120
124
95
97
91
76
76
104
112
110
136
142
127
112
90
83
66
39
50
32
28
47
39
57
59
46
41
17
7
15
18
18
17
-8
-29
-41
-61
-65
-39
-62
-39
-48
-74
-69
-64
-76
-77
-72
-72
-84
-111
-102
-101
-88
-77
-62
-48
-44
-55
-61
-43
-31
0
40
30
58
58
43
52
66
75
86
47
42
33
28
22
32
75
79
72
52
38
38
51
34
28
-1
-23
-34
-28
-23
5
27
53
60
20
31
35
11
-3
-11
-26
-27
-57
-78
-80
-103
-82
-79
-87
-52
-32
-23
4
17
19
2
-3
-17
-56
-90
-88
-64
-58
-39
-19
-37
-25
-16
-6
15
18
16
5
5
-31
-37
-29
-30
-3
4
-20
-33
-19
-30
-2
45
37
53
68
67
38
14
-3
-12
-21
3
55
36
32
28
29
13
6
12
-5
-10
-26
-37
-40
-25
-29
-42
-53
-46
-36
-41
-16
-22
-7
-3
-4
22
19
11
60
74
70
55
56
47
23
20
33
41
70
58
46
41
16
-2
6
51
45
65
85
87
63
58
36
20
16
37
38
49
73
58
82
87
87
75
86
79
55
26
36
34
14
26
0
-15
-13
-32
-37
-35
-23
-23
-57
-77
-118
-142
-160
-154
-132
-133
-111
-114
-128
-161
-173
-156
-161
-135
-105
-101
-102
-112
-140
-133
-120
-106
-72
-73
-46
-57
-64
-42
-46
6
32
46
74
71
51
44
59
75
103
125
125
112
95
96
104
121
132
145
138
114
102
81
86
90
64
72
89
67
58
60
78
83
63
75
56
41
28
7
12
2
21
6
-20
-50
-74
-71
-78
-69
-67
-64
-68
-108
-98
-89
-104
-58
-55
-54
-27
-45
-85
-97
-88
-72
-48
-15
-28
-27
-10
-20
-30
-28
-18
-10
47
70
58
55
53
23
9
40
33
37
50
71
80
69
70
83
94
94
97
82
78
38
49
76
78
88
75
38
1
-4
-25
-7
10
12
-19
-45
-54
-75
-57
-27
-29
-30
-11
-1
-25
-43
-70
-95
-92
-74
-47
-60
-56
-59
-49
-50
-32
-63
-110
-115
-129
-81
-53
-55
-49
-51
-51
-67
-80
-67
-56
-32
-27
-18
-12
-30
-22
-28
3
9
-6
3
4
13
-3
21
32
2
13
35
37
31
29
28
12
14
20
36
49
57
80
54
59
61
84
86
109
94
91
102
101
59
47
81
53
83
86
73
46
51
65
46
70
55
41
7
-20
4
27
29
25
9
-9
10
0
0
-8
-20
-50
-61
-49
-49
-44
-49
-57
-37
-37
-43
-69
-75
-64
-79
-56
-44
-51
-49
-52
-56
-35
-43
-24
-38
-34
-7
3
15
6
21
38
35
40
34
25
14
-2
28
18
13
18
30
12
32
16
7
25
20
7
24
46
23
18
-2
0
-3
-4
-1
2
-6
-14
-27
-33
-32
-26
-26
-28
-14
-38
-34
-21
-24
-12
-10
13
-2
-6
-3
-7
-27
-45
-8
-19
-30
-23
-24
-23
-25
-15
5
17
27
14
-8
-12
0
-8
-18
-2
-8
0
-18
-4
-4
4
23
33
14
-15
-29
-36
-29
-36
-39
-47
-63
-67
-67
-77
-67
-74
-73
-66
-63
-66
-54
-27
-16
-19
-2
17
3
8
57
60
51
61
77
60
37
29
21
32
42
69
93
90
94
67
74
71
73
86
72
75
71
64
44
53
84
101
95
99
86
70
68
68
80
80
69
65
64
34
29
32
23
18
-14
-34
-39
-40
-58
-63
-69
-63
-47
-45
-36
-48
-68
-87
-88
-101
-90
-96
-135
-118
-113
-93
-78
-64
-75
-87
-95
-87
-66
-73
-62
-53
-73
-91
-77
-46
-21
18
34
27
8
-2
19
10
-2
-2
24
23
11
35
44
58
64
71
72
76
61
52
41
42
40
39
45
57
47
36
45
43
42
50
60
63
52
46
42
41
44
21
4
10
2
-19
-12
-1
-6
-17
-12
-20
-22
-28
-28
-27
-26
-34
-49
-35
-31
-28
-40
-62
-58
-61
-65
-41
-15
-26
-30
-36
-32
-11
-14
-22
-1
-8
-7
-18
-44
-28
-33
-47
-42
-22
-5
14
23
17
16
26
-2
1
13
-14
-38
-23
-15
-30
-32
2
11
15
28
12
25
3
46
74
79
64
61
56
29
41
17
39
51
42
57
77
68
59
72
77
70
57
50
42
5
8
35
14
-1
-2
-13
-39
-42
-52
-37
-25
-28
-29
-32
-56
-77
-79
-74
-63
-96
-79
-84
-87
-61
-25
6
13
13
1
0
7
18
4
-18
-38
-43
-56
-45
-34
-16
-17
13
35
16
25
12
16
24
48
77
61
61
62
33
24
8
5
5
-7
-18
-12
-17
-27
-10
24
20
16
14
31
-1
-14
19
27
27
31
43
44
34
21
22
25
5
0
24
40
30
23
29
15
4
-1
25
18
4
14
-10
-23
-6
-25
-53
-41
-28
-16
-12
-8
-20
-35
-34
-21
-7
1
-9
-11
-31
-63
-74
-81
-71
-78
-58
-71
-85
-66
-49
-69
-69
-48
-48
-63
-41
-47
-61
-26
-35
-10
14
27
20
5
22
33
28
49
69
34
47
41
32
42
62
66
41
45
37
59
73
73
65
62
60
68
71
51
46
46
60
35
27
38
38
18
11
25
1
6
28
7
-3
-7
2
12
-9
-12
-13
-23
-20
-18
-21
-18
-17
-16
-15
-1
-8
-9
-13
-13
1
5
-7
-22
-33
-22
-16
-10
-6
-19
-10
-9
-14
-20
-3
-13
2
7
21
5
-7
-20
-36
-33
-30
-20
-35
-24
-34
-36
-17
-25
-18
-5
-10
3
-16
-30
-29
-45
-39
-35
-42
-20
-23
-43
-36
-18
-9
-25
-19
-10
-12
-43
-40
-9
-32
-25
-9
-10
-9
3
-1
0
2
-15
-10
-6
26
20
23
50
41
42
63
75
59
47
32
28
29
53
67
52
63
53
34
25
29
41
35
32
20
-6
-16
-21
-8
8
24
34
37
48
47
52
27
-8
-15
-30
-24
-27
-40
-35
-35
-53
-53
-21
-20
-35
-24
-17
-17
-14
-11
-39
-20
-10
-15
-17
-22
-18
-38
-14
-15
-4
24
24
44
44
39
47
41
23
36
53
47
40
50
55
38
41
30
32
31
13
21
20
22
21
29
10
14
9
-2
-4
-37
-42
-40
-44
-46
-50
-49
-40
-59
-59
-37
-35
-43
-37
-50
-62
-71
-74
-69
-42
-35
-25
-25
-27
-28
-23
-15
-16
-8
5
10
4
7
-1
-13
-19
-38
-37
-29
-22
-9
13
11
0
14
-2
1
22
24
34
31
16
39
49
41
35
51
45
36
46
47
64
39
38
30
32
40
19
30
25
14
18
15
-9
-14
0
3
-10
-20
-26
-27
-34
-31
-33
-13
-3
0
16
10
-2
-14
-10
2
-1
7
-4
-3
3
11
8
24
1
-26
-29
-46
-47
-34
-22
-16
-15
-17
-13
-18
-22
-26
-30
-39
-32
-12
-14
-5
10
1
-2
14
18
7
23
22
17
37
22
24
21
10
17
28
31
30
32
24
5
-10
-5
9
27
35
23
32
18
28
49
48
44
34
36
27
14
19
23
20
25
23
17
17
-2
-5
0
-4
-1
5
25
8
3
-11
-38
-50
-43
-27
-19
-19
-16
-31
-52
-50
-59
-64
-63
-59
-76
-69
-71
-64
-62
-61
-46
-44
-48
-49
-49
-64
-62
-50
-43
-32
-37
-38
-15
-15
-9
-12
4
2
11
11
11
6
11
24
23
37
49
56
51
52
46
44
37
51
45
49
40
33
47
48
50
58
60
64
68
58
64
58
36
39
43
34
41
42
38
22
15
15
20
22
26
40
31
19
14
6
-9
1
4
-10
-14
-18
-27
-45
-46
-42
-43
-48
-46
-49
-39
-58
-73
-49
-58
-64
-51
-43
-33
-29
-22
-22
-23
-20
-16
-16
-10
-4
-4
-11
-20
-19
-11
-2
0
8
22
21
17
24
11
18
34
34
31
30
18
19
15
11
22
41
33
27
35
39
58
49
55
49
38
19
-18
-13
-19
-20
-21
-15
1
-9
2
-15
-21
-22
-29
-30
-23
-26
-35
-37
-43
-47
-37
-39
-49
-33
-46
-46
-40
-45
-28
-31
-38
-35
-45
-51
-53
-40
-30
-27
-17
-15
-6
-13
-15
-14
-6
0
6
15
23
32
20
4
23
23
22
22
25
25
5
8
7
13
11
19
21
22
28
19
22
39
47
52
50
51
49
39
32
34
30
36
35
19
14
21
26
29
48
48
43
39
19
11
13
2
-3
11
9
11
15
10
10
13
18
-6
-7
-2
3
16
16
16
13
5
-13
-20
-10
-5
-23
-32
-28
-43
-35
-24
-28
-21
-28
-41
-29
-34
-25
-20
-17
-25
-35
-37
-27
-30
-32
-22
-29
-48
-42
-29
-25
-23
-21
-20
-20
-12
-3
3
5
-2
8
14
13
8
18
18
6
16
18
24
37
33
29
25
18
24
25
34
41
25
27
30
23
24
17
13
-2
-6
-10
-19
-26
-21
-17
-12
-10
-16
-18
-17
-24
-17
-21
-24
-29
-32
-37
-44
-46
-44
-43
-33
-32
-29
-33
-44
-31
-36
-23
-9
-12
-5
-10
-18
-24
-17
-2
4
14
11
11
18
16
17
19
28
31
32
44
39
38
39
36
39
42
45
48
43
41
36
37
35
22
24
35
35
38
35
30
21
10
21
15
15
16
15
14
8
10
12
6
1
7
5
8
3
-4
-15
-25
-22
-21
-26
-31
-25
-18
-23
-20
-10
-20
-24
-25
-23
-23
-16
-24
-24
-22
-18
-14
-14
-2
-13
-14
-25
-19
-9
-15
-9
0
-7
0
-6
-4
-4
-5
-5
0
8
6
7
-5
-2
-11
-18
-6
-1
-5
12
7
-4
-6
-14
-14
-10
-6
-8
1
-4
4
16
12
6
9
10
5
14
9
10
13
3
-4
-9
1
7
20
20
18
17
13
10
0
16
7
2
6
10
11
12
6
5
2
-1
2
0
-1
-5
1
-2
-1
-6
-9
-4
-5
-2
-2
1
-6
-7
-5
-3
5
7
0
1
-5
-14
-13
-12
-3
0
7
-11
-21
-32
-45
-42
-31
-20
-18
-8
-3
-7
-23
-29
-32
-37
