SAMPLES:	12877
BITSPERSAMPLE:	16
CHANNELS:	1
SAMPLERATE:	16000
NORMALIZED:	FALSE
10
11
4
7
12
5
-4
-7
1
-3
-7
-3
1
2
5
12
12
15
16
16
14
17
16
22
16
8
-7
-6
-12
-9
-6
-8
-1
-3
-3
1
6
7
15
8
8
2
-5
-11
-8
-7
-6
-5
1
3
-3
-13
-7
5
9
14
16
23
16
13
8
12
11
13
14
14
24
14
12
8
11
5
2
6
11
6
1
14
21
17
15
16
12
-3
-13
-14
-17
-18
-14
-3
3
6
5
0
3
6
3
1
-1
-7
-11
-13
-17
-22
-23
-19
-13
-10
-13
-14
-13
-18
-21
-13
-12
-11
-35
-32
-25
-23
-20
-9
3
-4
-4
-7
-2
-3
-6
-11
-19
-10
-11
-15
-11
-9
-8
-5
-1
6
6
6
6
9
13
8
7
14
18
9
-5
-6
-1
-7
-9
3
8
2
-7
-14
-5
-2
5
15
25
26
25
15
14
16
13
5
9
9
3
-8
-8
-2
6
14
17
27
27
18
4
14
13
12
5
14
13
11
-3
-12
-25
-21
-21
-14
-7
-5
5
-4
-3
-9
-12
-28
-16
-9
0
0
5
2
-5
-2
-12
-15
-18
-24
-24
-16
-11
-16
-10
2
-1
6
7
14
16
13
19
19
12
13
7
9
6
2
2
12
17
20
23
22
24
18
9
5
5
3
1
18
37
35
37
31
28
15
0
-11
-4
-16
-23
-14
-1
1
-9
-6
-6
-11
-24
-14
0
3
-10
-2
8
5
-3
0
7
-12
-32
-34
-20
-24
-32
-32
-24
-19
-24
-17
10
16
14
5
2
-7
-16
-18
-15
-14
-25
-26
-25
-36
-48
-35
-23
-15
-8
-7
-2
-1
-8
3
14
29
28
22
17
-2
-11
-19
-13
-9
-3
-5
-2
4
-2
-12
-5
-3
0
12
29
34
29
27
30
28
20
22
29
32
24
18
15
4
-7
-19
-10
0
14
17
21
26
28
26
23
28
24
14
0
7
0
-9
-21
-17
-8
-8
-9
-5
0
1
-5
6
15
16
20
26
23
6
-7
-15
-19
-25
-25
-19
-18
-21
-24
-36
-37
-29
-24
-14
-7
1
6
-3
-2
-2
11
6
9
11
6
0
-12
-7
-12
-14
-17
-14
2
5
6
17
23
32
22
24
27
27
24
15
15
8
-5
-9
-5
-5
-18
-18
-12
-9
-13
-9
-5
7
5
3
15
15
9
-3
2
-4
-16
-26
-20
-11
-16
-22
-13
-5
-11
-19
-9
-5
-4
-6
-5
7
5
0
-6
1
-1
-8
1
8
-3
-19
-35
-36
-37
-44
-32
-22
-12
-11
3
12
14
18
19
9
6
0
-10
-8
-8
4
0
0
7
13
22
15
21
23
23
21
27
35
36
34
34
45
39
29
18
25
25
21
19
20
21
7
-4
2
2
1
9
24
28
27
15
12
5
-13
-15
-11
-12
-18
-18
-16
-12
-9
-15
-17
-15
-21
-27
-30
-26
-34
-41
-36
-23
-25
-21
-18
-14
-24
-33
-35
-32
-22
-22
-11
-3
-6
-15
-13
-14
-22
-16
1
17
23
29
26
19
27
18
18
27
20
12
6
7
10
-7
-11
-5
-8
-15
-12
-1
6
7
20
30
26
24
21
16
4
-2
-10
-7
-8
-20
-27
-26
-19
-16
-13
-9
-7
-6
-8
-7
1
9
14
17
18
10
4
-2
3
5
4
-2
4
1
-3
-1
5
10
9
8
10
20
17
12
9
15
14
6
9
13
8
2
-8
-6
-11
-18
-28
-29
-24
-17
-7
-4
5
6
16
16
17
23
16
24
22
6
5
1
-3
-9
-9
-13
-10
-5
7
9
9
9
1
17
26
31
23
25
28
22
13
-2
-8
-17
-26
-31
-28
-28
-39
-46
-49
-31
-19
-14
6
23
32
10
5
1
-4
-9
-12
-4
2
-5
-15
-20
-17
-20
-20
3
19
17
5
1
4
10
18
25
19
15
11
2
0
-12
-7
-3
-5
-8
-17
-15
-18
-9
2
7
15
26
35
49
51
49
41
36
33
24
13
4
-11
-23
-40
-45
-42
-43
-42
-25
-16
-13
-14
-17
-8
4
2
0
-9
-19
-24
-42
-43
-34
-33
-39
-38
-38
-39
-47
-39
-30
-5
13
26
29
34
36
18
21
25
30
13
9
5
0
-14
-20
-4
2
5
17
33
40
40
43
49
60
61
42
41
42
38
19
12
10
8
-4
2
6
-4
-12
-17
-11
-10
-14
-5
7
20
20
19
11
-7
-14
-15
-12
-20
-34
-33
-25
-23
-24
-21
-20
-24
-36
-41
-27
-29
-18
-13
10
7
5
-4
-10
-17
-36
-36
-39
-28
-31
-19
-18
-20
-27
-29
-27
-28
-21
-6
-1
10
18
18
27
37
42
41
42
37
28
24
24
42
35
28
26
26
33
28
31
39
55
54
60
73
73
57
53
49
51
41
31
33
39
34
18
11
15
-6
-14
-20
-16
-20
-25
-27
-23
-21
-28
-38
-26
-32
-54
-49
-51
-61
-75
-82
-86
-88
-95
-91
-94
-79
-84
-91
-87
-82
-72
-62
-51
-34
-35
-36
-45
-55
-46
-43
-34
-33
-25
-24
-22
-15
-7
-15
-4
4
26
49
64
91
109
114
127
128
121
118
109
115
117
122
111
107
115
127
117
134
153
155
136
132
147
142
123
116
102
97
52
5
-13
-28
-46
-71
-72
-91
-117
-145
-159
-156
-155
-156
-153
-148
-153
-173
-190
-198
-204
-210
-210
-209
-198
-202
-215
-217
-206
-186
-158
-139
-110
-90
-77
-77
-68
-53
-29
-10
5
24
40
42
35
50
68
96
125
155
187
200
213
226
241
269
293
329
352
374
376
370
358
357
357
371
376
366
335
316
282
224
191
172
131
82
45
7
-50
-115
-162
-162
-202
-243
-278
-293
-316
-372
-406
-406
-414
-420
-438
-429
-435
-457
-480
-481
-466
-443
-411
-373
-326
-319
-304
-282
-260
-233
-209
-172
-148
-130
-131
-116
-84
-77
-68
-25
20
50
78
116
142
172
200
253
316
364
387
430
479
489
491
511
574
589
584
607
632
610
560
552
567
560
517
490
506
481
430
406
364
311
229
135
83
20
-80
-169
-243
-297
-376
-471
-501
-538
-553
-572
-593
-566
-531
-529
-541
-558
-561
-551
-558
-550
-556
-553
-566
-579
-582
-569
-574
-521
-467
-429
-401
-358
-333
-292
-255
-201
-161
-108
-72
-27
15
32
85
128
185
218
254
383
402
457
483
522
593
614
603
674
742
757
754
777
789
760
759
765
773
751
753
718
721
652
594
520
433
397
294
222
174
95
38
-78
-153
-185
-328
-351
-439
-511
-540
-609
-647
-705
-737
-743
-810
-849
-845
-887
-910
-927
-864
-805
-796
-673
-583
-549
-520
-525
-509
-512
-544
-479
-475
-450
-429
-433
-419
-381
-380
-339
-275
-161
-34
61
149
212
275
271
389
471
497
548
616
675
674
654
698
696
764
847
918
1007
919
931
995
981
1085
1063
1107
1168
1084
1027
902
781
703
580
494
467
351
262
163
20
-105
-220
-276
-345
-347
-359
-416
-513
-594
-722
-766
-794
-821
-795
-874
-904
-974
-1038
-1124
-1133
-1140
-1088
-1019
-918
-821
-810
-744
-741
-700
-686
-672
-643
-564
-430
-522
-502
-482
-436
-328
-450
-253
-172
-55
-16
5
163
201
272
396
551
748
819
815
935
1009
956
902
963
1007
1020
966
977
951
909
838
852
908
961
1029
1094
1147
1142
1008
990
874
733
708
624
606
403
136
-62
-243
-411
-439
-492
-470
-561
-690
-699
-790
-785
-827
-782
-686
-760
-797
-845
-890
-877
-987
-963
-887
-893
-883
-974
-909
-913
-952
-861
-769
-627
-557
-543
-407
-310
-390
-349
-356
-269
-230
-209
-222
-145
-166
-249
-167
-98
94
146
234
405
415
450
421
555
713
787
931
1014
1014
1063
914
902
930
847
874
856
869
880
782
812
919
845
875
886
829
803
700
682
686
529
509
380
284
156
-31
-152
-244
-357
-470
-547
-598
-607
-702
-704
-749
-735
-778
-775
-714
-717
-762
-756
-725
-685
-669
-669
-709
-731
-810
-933
-897
-867
-825
-763
-728
-592
-581
-519
-495
-419
-252
-295
-230
-75
-192
-17
-86
-91
-25
-56
109
89
278
221
219
373
328
343
442
492
580
639
594
757
753
808
860
811
893
885
772
831
700
780
804
682
768
719
702
716
639
689
617
477
570
442
392
321
129
121
-15
-108
-94
-196
-193
-357
-558
-590
-715
-694
-764
-751
-716
-754
-753
-686
-715
-658
-648
-685
-592
-727
-680
-709
-838
-778
-895
-873
-898
-865
-786
-772
-801
-606
-574
-407
-341
-313
-308
-253
-124
-152
18
134
134
206
218
185
233
222
246
288
364
453
533
621
750
859
970
904
977
1087
1067
1112
981
1030
938
854
913
906
880
923
867
902
876
787
712
669
738
721
556
481
409
170
97
-55
-101
-256
-405
-388
-551
-626
-761
-862
-840
-916
-938
-870
-859
-790
-790
-842
-690
-729
-732
-769
-783
-850
-1034
-940
-929
-1037
-882
-905
-809
-833
-797
-807
-682
-538
-498
-425
-304
-375
-335
-207
-208
20
64
133
206
176
289
223
244
384
340
559
695
638
778
680
784
758
822
937
959
1121
1170
1068
1178
980
1006
1069
899
1001
1026
904
864
763
763
673
605
665
516
409
302
136
47
-99
-105
-194
-321
-372
-548
-690
-739
-848
-870
-841
-785
-784
-846
-806
-802
-877
-929
-908
-800
-785
-863
-865
-770
-852
-930
-952
-932
-885
-941
-904
-760
-691
-671
-700
-588
-399
-500
-222
-228
-39
249
87
127
241
97
244
298
282
417
466
682
474
632
741
543
801
857
739
896
925
942
1022
1039
1137
1058
1109
1186
983
1022
1014
926
977
941
962
895
785
693
610
508
415
338
348
268
201
198
11
-137
-301
-444
-418
-504
-554
-608
-617
-718
-894
-950
-916
-985
-1076
-956
-971
-964
-1033
-895
-852
-904
-857
-943
-740
-875
-985
-906
-1088
-840
-916
-837
-760
-787
-680
-724
-647
-450
-308
-215
-148
8
-43
-26
169
316
208
507
427
295
471
408
446
462
513
546
569
689
747
786
923
941
912
958
914
984
974
993
1008
966
997
986
909
887
767
746
710
555
643
573
417
482
382
382
245
99
59
-67
-214
-257
-361
-401
-478
-613
-661
-830
-910
-961
-969
-871
-976
-921
-960
-1016
-963
-1096
-987
-868
-870
-782
-766
-684
-795
-918
-860
-767
-726
-679
-542
-611
-550
-516
-677
-455
-222
-296
68
135
431
281
189
455
407
617
650
590
863
726
656
695
483
646
623
714
791
833
900
927
958
1011
1035
1160
1218
1168
1023
939
910
614
686
509
546
631
464
468
440
289
287
223
258
335
258
288
130
21
-129
-398
-463
-591
-666
-642
-787
-756
-973
-1055
-1007
-1181
-986
-914
-1031
-828
-872
-847
-854
-875
-759
-773
-742
-768
-787
-735
-783
-969
-924
-794
-750
-486
-518
-391
-388
-367
-312
-209
-207
234
28
263
301
92
312
-52
206
261
317
450
202
550
478
322
648
484
729
817
780
789
864
819
662
822
709
860
876
813
770
774
639
605
501
635
589
575
705
604
607
514
498
444
354
291
213
31
109
-107
-172
-207
-365
-274
-487
-439
-450
-571
-548
-611
-633
-732
-675
-739
-727
-776
-719
-607
-769
-623
-742
-809
-586
-615
-626
-472
-595
-469
-586
-566
-423
-395
-447
-418
-418
-317
-484
-281
-93
-415
228
-45
35
393
23
254
223
185
444
234
473
447
249
485
225
506
484
385
612
682
603
678
490
527
548
568
624
570
614
639
533
575
596
421
594
438
435
508
353
398
418
243
331
302
257
345
256
249
189
73
26
-122
-161
-91
-324
-231
-327
-416
-408
-513
-481
-424
-513
-363
-394
-422
-367
-700
-536
-528
-631
-579
-822
-693
-725
-973
-844
-974
-620
-814
-835
-633
-846
-497
-340
-556
-425
-381
-411
-469
-568
-458
-369
-164
-231
-260
-67
-212
57
-80
153
398
257
440
511
641
740
597
723
718
636
787
648
848
736
621
614
662
719
738
970
950
929
923
894
848
896
793
812
744
593
430
357
319
106
161
45
103
45
-24
37
59
-101
-29
-65
-98
-37
-312
-203
-433
-564
-540
-605
-673
-783
-752
-885
-899
-724
-926
-772
-910
-800
-726
-797
-560
-686
-641
-515
-701
-684
-748
-679
-666
-803
-580
-596
-623
-365
-457
-239
16
-166
181
69
169
285
290
363
387
479
364
403
414
462
384
501
462
589
702
843
793
813
791
1008
764
955
977
886
921
693
815
590
610
695
658
609
738
589
654
467
506
510
393
471
318
228
99
-24
-103
-194
-275
-269
-522
-400
-521
-629
-600
-615
-623
-673
-525
-707
-651
-877
-940
-892
-1055
-926
-935
-932
-914
-1061
-1064
-977
-933
-810
-746
-682
-525
-731
-620
-618
-701
-584
-491
-393
-323
-406
-185
-199
-223
-83
-89
73
171
28
183
393
329
507
596
588
790
695
604
762
696
802
726
708
1004
719
831
954
767
995
988
954
1038
862
944
838
751
798
601
528
631
397
547
514
383
593
242
298
253
32
159
-39
18
49
-174
-94
-292
-464
-385
-495
-496
-457
-616
-597
-696
-960
-678
-1052
-831
-640
-800
-434
-789
-542
-623
-944
-430
-800
-676
-502
-712
-633
-531
-746
-687
-553
-499
-422
-254
-274
-220
-92
-152
-195
57
-27
-45
39
67
63
130
167
364
543
230
674
570
432
685
502
344
786
548
598
733
582
666
421
697
391
507
653
537
685
646
723
589
725
478
416
521
368
344
276
299
204
103
132
-36
-39
69
-215
-39
-34
-201
-46
-309
-300
-328
-524
-452
-565
-538
-552
-799
-675
-828
-790
-703
-897
-507
-616
-687
-672
-561
-607
-487
-472
-520
-370
-633
-583
-697
-719
-378
-621
-546
-567
-397
-299
-347
-259
-113
49
290
198
176
528
46
291
339
7
446
201
213
376
356
589
509
496
870
517
749
810
710
901
746
963
837
818
795
633
628
529
464
409
515
298
482
518
342
577
472
417
437
482
254
403
309
94
142
-33
-197
-261
-282
-299
-322
-441
-212
-366
-449
-253
-425
-174
-366
-540
-255
-609
-435
-542
-716
-292
-770
-581
-676
-771
-553
-840
-662
-391
-634
-495
-282
-702
-196
-455
-669
-348
-569
-412
-580
-522
-221
-554
-336
-100
-718
64
-328
-71
30
-57
476
-197
223
175
-124
458
267
273
813
481
507
526
220
579
541
483
702
698
849
650
719
715
667
715
687
627
634
664
338
450
307
333
381
487
386
562
258
178
72
-77
38
-39
105
120
-29
-33
-210
-334
-160
-365
-222
-279
-297
-236
-477
-453
-572
-539
-537
-570
-313
-553
-491
-516
-796
-577
-527
-473
-522
-313
-347
-569
-443
-761
-479
-520
-350
-228
-401
-164
-262
-547
-217
-430
-27
-51
-128
197
-263
240
74
-153
456
153
412
324
228
394
90
564
307
289
518
244
445
369
615
395
671
758
525
736
519
646
450
749
740
565
767
399
372
416
310
450
410
381
467
216
398
255
282
263
219
283
114
-44
-22
-77
-229
-152
-272
-350
-350
-413
-397
-510
-403
-257
-497
-254
-444
-494
-394
-758
-430
-745
-619
-732
-688
-669
-654
-811
-671
-706
-672
-833
-522
-642
-718
-236
-1024
-352
-380
-733
-327
-278
-244
-339
-152
-255
-408
25
40
-93
317
-59
183
293
82
412
96
666
592
411
875
529
500
631
465
564
758
611
727
815
894
670
626
734
551
772
817
598
775
602
513
576
562
445
706
381
617
459
361
485
131
445
50
139
10
-89
30
-233
-278
-234
-115
-396
-236
-303
-493
-389
-844
-358
-767
-518
-599
-855
-452
-977
-940
-745
-1031
-784
-616
-995
-502
-968
-850
-856
-1105
-538
-1044
-664
-532
-581
-607
-476
-597
-158
-580
-172
131
-492
253
10
-52
351
189
381
528
190
742
275
467
828
182
1080
728
702
1076
817
778
1140
858
924
1207
851
1099
758
904
1038
429
1255
512
809
959
311
879
507
303
685
193
309
380
-150
437
-129
106
17
-174
-17
-534
-142
-361
-409
-306
-677
-529
-633
-963
-645
-1005
-936
-737
-826
-752
-822
-845
-905
-976
-948
-993
-1021
-1018
-847
-1114
-1220
-885
-1031
-586
-888
-387
-897
-668
-267
-1057
-398
-361
-399
-67
-203
-166
49
-298
126
-81
617
342
541
724
449
931
619
608
886
816
924
1142
903
864
1031
1002
1113
959
1308
897
1041
1087
645
1045
774
1029
948
773
940
720
684
333
513
402
494
424
480
310
150
409
-105
-11
18
-244
-27
-370
-364
-386
-766
-490
-660
-624
-511
-732
-679
-800
-1194
-824
-1153
-947
-745
-913
-897
-911
-1032
-1115
-1122
-1124
-857
-1194
-673
-951
-798
-781
-1022
-697
-915
-525
-546
-311
-460
-106
-130
-441
84
-97
153
207
151
372
388
349
317
480
709
756
711
1115
857
728
910
690
795
1071
958
901
1406
1002
1294
687
956
1044
692
1187
1015
1146
900
1046
591
818
608
414
729
506
707
422
69
254
158
-80
-25
74
94
-280
-10
-559
-807
-353
-1089
-739
-590
-1071
-617
-1173
-1188
-913
-1350
-1354
-1008
-1229
-834
-1062
-1133
-1157
-1416
-1003
-1357
-958
-1011
-989
-646
-1217
-936
-821
-1052
-831
-385
-406
-673
57
-315
-737
256
-196
225
180
362
512
87
488
243
573
594
843
1098
877
1348
974
1203
1123
1024
1061
1195
1102
1650
877
1339
1428
644
1418
907
1232
1141
981
1138
993
843
626
723
1034
701
744
684
352
751
121
128
48
-65
40
-286
-210
-528
-278
-822
-597
-733
-1034
-716
-1130
-749
-1100
-1028
-929
-1315
-1214
-921
-1356
-1239
-1169
-1604
-913
-1343
-1419
-804
-1347
-1285
-795
-1366
-1145
-892
-1005
-894
-825
-441
-823
-614
-96
-550
-313
-33
-97
21
111
131
36
436
139
879
424
678
1043
459
951
761
1098
1317
875
1650
1269
1097
1497
1145
1433
1381
1353
1421
1494
1381
1319
1309
1221
1333
1262
966
1025
920
623
711
577
559
340
387
221
15
26
-323
-227
-352
-703
-445
-627
-624
-736
-1247
-826
-1376
-1140
-1153
-1677
-906
-1360
-1522
-1282
-1330
-1402
-1477
-964
-1379
-1112
-1048
-1409
-1290
-1244
-1356
-1063
-1256
-744
-730
-941
-484
-764
-803
-386
-731
-113
82
-198
149
374
189
386
202
694
817
909
1001
552
1209
846
626
1039
835
1102
1777
829
1512
1593
945
1337
1328
1416
1275
1987
1101
1490
1280
774
1154
862
1175
1256
1000
898
671
412
225
469
439
214
358
-92
-95
-370
-853
-404
-773
-656
-476
-1006
-1065
-1026
-1159
-1438
-1078
-1176
-1187
-1069
-1387
-1120
-1575
-1340
-1304
-1680
-1083
-1120
-1431
-1213
-1697
-1255
-1206
-1521
-778
-818
-1017
-510
-807
-774
-350
-369
-179
-117
172
200
-266
200
166
43
1007
442
989
1108
456
1220
728
831
1489
810
1713
1415
914
1675
985
1210
1886
1040
1817
1999
1201
1589
1352
1178
1387
1272
1295
1259
1129
801
511
320
228
376
208
196
218
-379
-497
-639
-860
-645
-631
-749
-658
-800
-1048
-1506
-1147
-1327
-1635
-805
-1254
-1298
-1377
-1687
-1378
-1556
-1161
-1272
-1294
-662
-1454
-1287
-1486
-1169
-1410
-451
-892
-1175
122
-1433
-744
-400
-703
-258
-141
646
-238
366
380
-359
699
653
380
828
869
890
1166
807
1053
1422
1064
1684
1549
1256
1575
1422
1576
1369
1473
1684
1356
1555
1649
1295
1285
1199
914
868
626
361
449
162
246
76
-157
-384
-491
-308
-737
-344
-411
-911
-509
-810
-1070
-1217
-1014
-998
-941
-775
-1284
-1088
-983
-1367
-942
-1240
-1188
-825
-927
-1178
-1103
-836
-1198
-629
-561
-1144
-356
-738
-897
-297
-708
-866
137
-307
-825
324
-387
-395
587
321
69
979
697
462
1082
781
765
1425
1125
1056
1764
1367
1103
1641
1482
1015
1614
1454
1089
1570
1343
1033
957
956
673
568
463
423
225
-108
-39
-275
-568
-638
-585
-553
-628
-801
-855
-896
-1172
-794
-817
-1146
-619
-613
-1131
-870
-1067
-1002
-1049
-1010
-742
-1270
-924
-886
-1098
-582
-546
-1170
-342
-558
-938
-302
-436
-554
-407
374
-325
-389
703
-644
-198
880
-627
420
1133
402
955
1146
618
889
1430
1089
1330
1631
1414
1548
1516
1285
1132
1588
1558
1453
1613
1295
1280
1120
680
738
387
346
185
-281
-162
-523
-1019
-702
-1058
-1220
-1178
-1268
-1180
-1254
-1170
-1169
-1473
-1649
-1076
-1140
-1158
-823
-960
-1111
-981
-1002
-1054
-667
-624
-410
-587
-860
-492
-848
-709
-176
-381
-251
-450
-195
-596
-675
147
-452
241
709
-210
326
278
10
805
997
1393
1802
1415
1087
1218
1315
1097
1801
2261
2160
2556
1876
1387
1568
1469
1852
2051
1919
1719
1212
511
276
-38
-123
201
208
-184
-693
-1375
-1527
-1703
-1598
-1068
-1187
-1347
-1406
-1812
-2063
-2271
-2058
-1663
-1397
-1279
-1343
-1534
-1671
-1693
-1100
-1199
-931
-532
-976
-1053
-822
-878
-943
-219
-31
-405
-229
-768
-993
-341
-85
46
423
363
188
198
151
589
1142
1802
1829
1801
1611
1119
1438
1884
2061
2648
2594
2375
2375
1741
2160
2140
2220
2740
2224
1788
1436
814
520
460
296
223
32
-500
-1055
-1406
-1700
-1630
-1395
-1495
-1386
-1563
-2088
-2012
-2118
-2135
-1775
-1639
-1676
-1672
-1741
-1901
-1758
-1434
-1198
-1088
-977
-1127
-1217
-1234
-1015
-653
-446
-415
-487
-735
-778
-656
-521
-149
149
236
129
-49
-38
-113
724
1244
1380
1764
1422
1399
1473
1418
1820
2143
2474
2683
2388
2193
1963
1979
2359
2629
2786
2396
1930
1399
1092
831
692
768
634
211
-384
-917
-1515
-1552
-1393
-1387
-1417
-1625
-1999
-2270
-2116
-2117
-1961
-1750
-1662
-1768
-1913
-1957
-1867
-1590
-1263
-1165
-1155
-1337
-1460
-1472
-1411
-935
-587
-437
-273
-440
-679
-668
-531
-174
60
224
318
15
-111
-153
248
838
1204
1584
1195
1267
1384
1316
1688
2041
2534
2724
2466
2383
2070
2102
2527
2727
2944
2491
2004
1630
1182
1046
911
837
598
108
-409
-1011
-1457
-1381
-1318
-1241
-1319
-1761
-2220
-2404
-2141
-2032
-1924
-1705
-1869
-1945
-2028
-2132
-1976
-1619
-1253
-1080
-1290
-1540
-1695
-1505
-1193
-904
-422
-521
-654
-737
-840
-564
-325
-172
25
146
-83
-182
-156
278
1048
1419
1607
1479
1342
1296
1609
1978
2180
2535
2754
2680
2473
2358
2300
2643
2904
2905
2726
2285
1890
1735
1553
1243
1036
722
181
-178
-627
-1267
-1409
-1475
-1568
-1667
-1839
-2225
-2408
-2249
-2220
-2303
-2212
-2372
-2311
-2258
-2245
-2215
-2055
-1778
-1650
-1437
-1549
-1588
-1433
-1450
-1298
-1025
-935
-694
-658
-714
-643
-766
-644
-360
-105
-86
65
3
-70
692
1100
1225
1571
1693
1535
1714
2016
2162
2480
2939
2961
3098
2769
2579
3030
3153
3194
3215
2852
2418
2253
1975
1615
1586
1202
629
295
-395
-927
-1108
-1295
-1339
-1436
-1819
-2215
-2296
-2353
-2205
-2006
-2193
-2335
-2253
-2363
-2292
-2234
-2255
-2028
-1925
-1955
-1921
-2019
-1789
-1707
-1710
-1455
-1328
-1333
-1231
-1040
-932
-822
-781
-784
-758
-625
-360
-483
-126
476
635
902
806
1055
1366
1651
2013
2148
2487
2622
2682
2980
2865
2874
3249
3189
3207
3146
2877
2632
2482
2356
1971
1662
1288
922
670
118
-349
-601
-960
-1047
-1183
-1368
-1596
-1664
-1686
-1909
-1857
-1997
-2068
-1992
-1926
-1941
-1931
-1963
-1932
-1751
-1704
-1680
-1529
-1578
-1577
-1440
-1398
-1290
-1102
-1100
-1106
-1080
-1034
-964
-965
-902
-819
-709
-878
-617
26
243
571
573
653
845
1029
1525
1553
2086
2383
2299
2584
2378
2449
2826
2975
3027
2854
2526
2375
2203
2205
1793
1558
1252
570
468
-29
-501
-412
-610
-976
-1192
-1453
-1660
-1411
-1225
-1520
-1641
-1894
-2169
-2012
-1865
-1666
-1488
-1481
-1501
-1346
-1451
-1458
-1193
-1106
-1005
-982
-937
-856
-762
-672
-723
-549
-540
-544
-632
-732
-564
-374
-436
263
547
600
526
356
667
943
1328
1439
1777
2055
2173
2407
2252
2379
2607
2573
2685
2590
2209
2268
2032
1951
1736
1322
1063
579
116
-337
-641
-929
-1028
-1113
-1477
-1737
-1853
-1922
-1732
-1803
-1868
-1955
-2190
-2082
-2008
-1965
-1797
-1635
-1491
-1466
-1331
-1377
-1371
-1148
-1061
-897
-617
-443
-403
-532
-751
-623
-474
-287
-53
-71
-4
-143
-161
489
849
1158
1088
906
1018
1007
1499
1610
1985
2477
2360
2480
2283
2129
2460
2566
2830
2768
2436
1999
1854
1831
1443
1387
1016
466
147
-401
-777
-1166
-1382
-1398
-1693
-1842
-2207
-2256
-2051
-2084
-2019
-2091
-2268
-2137
-2190
-2112
-1958
-1939
-1743
-1666
-1471
-1527
-1501
-1524
-1451
-1277
-956
-637
-679
-616
-584
-587
-362
-373
-132
84
185
116
7
610
1007
1205
1009
1070
1272
1434
1774
1867
2079
2268
2282
2647
2530
2558
2773
2649
2766
2681
2547
2509
2283
2133
1643
1394
938
543
430
-62
-429
-938
-1318
-1477
-1636
-1683
-1893
-1848
-1788
-1997
-2110
-2285
-2409
-2121
-2193
-2066
-2001
-2120
-1910
-1540
-1316
-1300
-1165
-1254
-1330
-1079
-919
-681
-530
-575
-636
-574
-440
-296
-102
-41
72
-12
-90
639
911
1046
865
640
925
1272
1621
1701
1831
2043
1946
2302
2266
2198
2654
2532
2513
2491
2260
2035
2066
1917
1384
1235
758
359
216
-326
-678
-1152
-1415
-1363
-1670
-1850
-2037
-2046
-1738
-1815
-1861
-2101
-2320
-2205
-2138
-1972
-2094
-1954
-1603
-1310
-1097
-1129
-1098
-1172
-1148
-1014
-732
-384
-195
-277
-244
-167
-144
-189
-165
-27
69
-40
403
1076
1164
1226
745
719
971
1368
1821
1917
2215
2143
2043
2459
2069
2252
2551
2385
2583
2414
2284
2168
2004
1586
983
878
432
273
183
-486
-811
-1350
-1607
-1635
-1942
-2085
-2182
-2112
-2174
-2250
-2285
-2405
-2361
-2269
-2198
-2019
-1988
-1878
-1781
-1512
-1401
-1334
-1185
-1142
-1075
-797
-632
-417
-201
-223
-90
-24
14
162
218
348
483
446
1078
1365
1518
1467
1292
1528
1872
2215
2260
2272
2455
2354
2584
2637
2581
2850
2506
2419
2304
2157
2205
2020
1863
1268
941
649
110
23
-431
-1036
-1352
-1730
-1733
-1862
-2125
-2324
-2530
-2424
-2460
-2399
-2471
-2577
-2540
-2709
-2619
-2411
-2375
-2179
-2171
-2009
-1988
-1868
-1693
-1682
-1450
-1153
-995
-738
-645
-465
-361
-146
47
157
277
356
367
941
1638
1663
1555
1349
1608
1824
2235
2633
2570
2721
2656
2744
2952
2934
3035
3116
3032
2721
2478
2518
2504
2379
1989
1379
1057
846
595
347
-217
-841
-1245
-1276
-1549
-1967
-2117
-2406
-2489
-2496
-2555
-2510
-2534
-2534
-2557
-2636
-2645
-2664
-2465
-2346
-2304
-2372
-2380
-2205
-2015
-1953
-1617
-1344
-1305
-1154
-905
-796
-649
-512
-462
-251
-3
-105
470
1272
1380
1338
1216
1469
1825
2231
2558
2511
2817
2962
3025
3380
3226
3382
3499
3313
3212
2828
2793
2797
2653
2257
1539
1259
922
783
602
9
-382
-944
-1093
-1220
-1648
-1869
-2101
-2080
-2204
-2314
-2275
-2425
-2451
-2425
-2494
-2450
-2510
-2449
-2273
-2424
-2354
-2372
-2253
-2065
-1940
-1682
-1638
-1634
-1679
-1501
-1295
-1182
-1066
-935
-723
-460
-449
361
902
984
972
1044
1393
1612
1962
2018
2242
2605
2654
2956
3114
3083
3304
3345
3403
3186
2962
2791
2703
2431
1960
1679
1337
964
672
365
83
-334
-569
-613
-1048
-1509
-1915
-2037
-2052
-2096
-2110
-2043
-2000
-1991
-2057
-2054
-2042
-2176
-1941
-1813
-1833
-1997
-2066
-1955
-1858
-1707
-1470
-1337
-1418
-1379
-1320
-1203
-1229
-1089
-1058
-643
-593
-428
369
696
761
607
851
1127
1502
1801
1818
2035
2358
2400
2831
2926
2765
2904
3061
3156
3017
2876
2632
2410
2180
1596
1337
970
653
423
137
-189
-601
-706
-856
-1228
-1509
-1792
-1808
-1731
-1979
-2032
-2133
-2031
-1858
-1743
-1653
-1725
-1700
-1747
-1572
-1582
-1671
-1671
-1660
-1604
-1458
-1167
-1142
-1171
-1079
-1044
-964
-865
-887
-705
-527
-586
243
593
727
596
660
1217
1264
1741
1664
1894
2272
2180
2604
2643
2795
2909
2977
3116
2962
2840
2627
2449
2244
1637
1231
940
644
356
-31
-284
-673
-956
-1007
-1280
-1670
-2013
-2045
-1848
-1848
-1916
-2025
-2202
-2068
-1938
-1825
-1805
-1835
-1850
-1817
-1706
-1729
-1668
-1630
-1611
-1484
-1252
-1156
-1034
-971
-852
-874
-884
-855
-870
-407
-460
65
699
755
798
736
1166
1455
1714
1866
1690
2187
2313
2458
2785
2701
2988
2980
3059
3092
2897
2811
2490
2239
1785
1224
999
719
428
75
-353
-707
-948
-1059
-1220
-1568
-1982
-2086
-2013
-1914
-2112
-2114
-2119
-2116
-1950
-1928
-1790
-1777
-1793
-1664
-1654
-1749
-1705
-1608
-1574
-1515
-1165
-1099
-1014
-887
-781
-754
-825
-849
-847
-600
-511
323
903
678
627
773
1263
1581
1877
1935
1915
2433
2500
2786
2885
2741
2961
3002
2992
2921
2803
2744
2534
2186
1709
1305
1039
723
421
-62
-672
-953
-1163
-1057
-1203
-1810
-2063
-2177
-2039
-1965
-1982
-1922
-1944
-1885
-1829
-1788
-1673
-1759
-1573
-1428
-1465
-1605
-1633
-1429
-1467
-1302
-1156
-1122
-980
-930
-782
-858
-1035
-1109
-935
-631
-621
245
836
650
599
649
1201
1529
1928
1924
1910
2354
2337
2664
2846
2722
2863
2760
2811
2707
2582
2547
2331
2082
1382
863
593
347
127
-252
-637
-1078
-1283
-1280
-1461
-1885
-2244
-2303
-2199
-2117
-2093
-2039
-2014
-1890
-1863
-1746
-1653
-1644
-1470
-1224
-1178
-1345
-1430
-1333
-1345
-1064
-813
-885
-734
-754
-646
-636
-550
-649
-734
-651
-250
983
1241
981
716
1080
1630
1914
2199
2066
2472
2745
2696
2923
2891
2779
2784
2856
2857
2641
2546
2544
2455
1992
1169
615
337
213
-104
-572
-1080
-1454
-1573
-1612
-1761
-2232
-2493
-2584
-2380
-2200
-2163
-2225
-2189
-1910
-1944
-1873
-1809
-1722
-1433
-1253
-1259
-1448
-1495
-1533
-1366
-879
-891
-1019
-915
-863
-754
-659
-643
-739
-692
-453
465
1029
1074
916
1186
1513
1754
2195
2247
2461
2914
2903
3023
3200
3074
3236
3129
3006
2649
2446
2537
2431
2331
1519
798
452
129
19
-352
-907
-1383
-1687
-1871
-2057
-2311
-2683
-2894
-2697
-2595
-2520
-2427
-2385
-2140
-1996
-1974
-2005
-1982
-1729
-1363
-1386
-1583
-1601
-1631
-1688
-1423
-1005
-1057
-1107
-1019
-852
-698
-712
-690
-579
-568
370
1026
1203
1100
989
1564
1872
2262
2265
2304
2911
3071
3404
3440
3154
3404
3405
3509
3319
2832
2701
2517
2551
2019
1302
830
355
234
-124
-672
-1135
-1546
-1633
-1785
-2106
-2454
-2791
-2517
-2394
-2428
-2456
-2481
-2253
-2058
-1922
-1957
-2155
-2060
-1738
-1509
-1605
-1769
-1735
-1649
-1357
-955
-989
-1119
-1107
-1017
-895
-867
-851
-903
-806
-28
790
960
693
669
1359
1781
2227
2244
2245
2964
3107
3328
3461
3333
3441
3441
3609
3305
2918
2804
2573
2511
1954
1318
902
386
72
-281
-666
-1130
-1457
-1509
-1829
-2044
-2359
-2720
-2609
-2507
-2415
-2391
-2379
-2225
-2093
-1901
-1844
-1956
-1875
-1730
-1456
-1621
-1802
-1798
-1785
-1454
-1183
-1135
-1203
-1265
-1178
-1101
-1050
-1044
-1142
-825
117
659
432
632
756
1230
1578
2130
2189
2250
3042
3167
3410
3540
3166
3572
3594
3376
3258
2885
2862
2507
2499
1997
1344
804
203
176
-129
-746
-1118
-1436
-1437
-1874
-2218
-2254
-2624
-2541
-2383
-2339
-2431
-2519
-2217
-1982
-1828
-1857
-2043
-1659
-1558
-1530
-1483
-1675
-1708
-1798
-1380
-998
-1169
-1301
-1358
-1178
-1143
-1253
-1105
-1246
-778
92
635
725
603
1024
1588
1940
2171
2208
2678
3100
3073
3283
3279
3355
3435
3474
3678
3513
3110
2891
2768
2616
2051
1471
1012
517
316
-131
-641
-995
-1297
-1455
-1766
-2127
-2291
-2433
-2230
-2232
-2311
-2357
-2374
-2111
-1986
-1834
-1882
-2105
-1949
-1607
-1450
-1568
-1800
-1883
-1969
-1684
-1396
-1271
-1292
-1403
-1228
-1164
-1191
-1157
-1157
-650
147
620
585
366
545
973
1501
1769
1847
2151
2479
2670
2850
2905
3023
3138
3257
3468
3398
3165
2933
2861
2620
2105
1519
1063
691
474
187
-314
-636
-894
-1090
-1421
-1674
-1831
-2050
-1875
-1847
-1972
-2028
-2133
-1991
-1852
-1780
-1740
-1949
-1912
-1763
-1680
-1739
-1936
-1948
-1991
-1773
-1482
-1420
-1357
-1226
-1130
-1127
-1325
-1419
-1345
-1127
-638
4
433
364
378
669
1003
1414
1584
1623
2079
2684
2805
2803
2833
3095
3299
3239
3028
2808
2850
2805
2663
2535
2149
1559
998
707
602
419
72
-233
-379
-498
-871
-1412
-1669
-1525
-1276
-1393
-1601
-1607
-1454
-1417
-1480
-1423
-1572
-1653
-1646
-1600
-1644
-1760
-1809
-1828
-1882
-1851
-1847
-1720
-1514
-1378
-1194
-1177
-1185
-1296
-1292
-1179
-1023
-605
-136
331
590
447
399
725
1249
1478
1599
1874
2405
2616
2357
2207
2464
2833
2822
2568
2367
2476
2470
2106
1746
1549
1380
1153
790
640
554
295
-46
-247
-178
-361
-745
-1015
-1096
-998
-930
-1060
-1238
-1289
-1241
-1318
-1496
-1591
-1495
-1334
-1278
-1392
-1494
-1680
-1789
-1806
-1880
-1837
-1632
-1372
-1296
-1383
-1314
-1089
-1086
-1191
-1082
-765
-564
-368
-15
504
889
924
908
1061
1146
1159
1420
1626
1720
1860
1996
2048
1941
1823
1943
2107
2206
2148
1938
1788
1679
1460
1147
924
672
485
441
319
71
-194
-337
-478
-653
-825
-1004
-1125
-1088
-997
-897
-1052
-1064
-1074
-1108
-1232
-1521
-1624
-1502
-1439
-1490
-1494
-1483
-1618
-1816
-1622
-1426
-1221
-1140
-1153
-839
-575
-528
-585
-397
-141
-50
10
77
305
639
758
764
1034
1282
1198
1135
1184
1304
1443
1515
1582
1729
1814
1714
1538
1370
1432
1584
1541
1379
1261
1175
1093
908
648
505
467
409
204
12
-187
-299
-399
-503
-526
-576
-683
-843
-901
-931
-1060
-1225
-1212
-1128
-1141
-1251
-1362
-1480
-1598
-1560
-1401
-1206
-1164
-1171
-1087
-1036
-883
-742
-648
-521
-391
-277
-104
16
80
-29
-46
160
296
412
502
571
675
600
630
668
841
918
880
853
854
958
953
679
519
708
967
1051
826
650
683
854
850
681
635
700
683
685
594
432
331
335
178
-15
-100
-142
-231
-393
-584
-704
-748
-787
-923
-1025
-970
-869
-925
-1007
-885
-785
-873
-910
-852
-771
-569
-550
-593
-726
-541
-349
-293
-326
-285
-106
122
67
-168
-230
-70
72
37
187
272
306
279
173
211
198
72
97
311
512
453
361
436
457
426
408
385
493
650
778
761
654
584
599
644
553
489
558
611
579
404
343
270
81
-7
-2
64
-25
-126
-64
-39
-216
-365
-308
-238
-171
-166
-147
-84
-179
-304
-250
-225
-354
-494
-363
-288
-296
-341
-561
-653
-513
-339
-316
-451
-594
-481
-240
-242
-498
-744
-723
-440
-385
-607
-722
-469
-224
-199
-295
-310
-87
92
-4
-95
68
363
359
323
357
328
311
300
427
547
589
585
723
845
787
662
633
660
784
869
895
823
698
668
615
617
638
619
500
431
403
360
241
122
69
61
85
38
68
35
-163
-421
-431
-367
-488
-650
-655
-569
-735
-893
-897
-965
-1092
-1213
-1235
-1039
-979
-1041
-1195
-1129
-987
-982
-1091
-1045
-751
-656
-644
-601
-333
-283
-439
-359
-150
88
250
200
121
419
582
468
487
737
1002
1125
1296
1311
1256
1243
1133
1125
1193
1283
1424
1498
1477
1249
970
818
783
758
744
850
831
754
636
413
264
56
-138
-133
-58
-67
-132
-286
-560
-663
-760
-1054
-1229
-1128
-915
-963
-982
-1139
-1571
-1820
-1839
-1494
-1313
-1328
-1367
-1117
-744
-903
-1471
-1608
-986
-463
-472
-817
-733
-151
217
-38
-448
-216
460
873
783
593
714
1269
1620
1269
931
1027
1370
1418
1321
1281
1522
1747
1668
1319
1101
1082
1080
1122
1074
1126
1283
1326
1095
582
333
397
365
167
-17
-71
-81
-73
-369
-785
-989
-1087
-1176
-1026
-945
-1178
-1239
-1025
-1193
-1568
-1728
-1739
-1640
-1678
-1690
-1468
-1214
-1302
-1534
-1306
-979
-1171
-1474
-1249
-558
-226
-332
-502
-327
147
307
-15
-71
351
835
1088
1053
877
920
1137
1058
824
983
1422
1658
1531
1336
1381
1492
1537
1437
1287
1420
1479
1298
1149
1005
1012
992
917
871
681
506
192
-202
-272
-241
-314
-278
-281
-421
-819
-1037
-1241
-1374
-1401
-1454
-1194
-957
-921
-1240
-1261
-1311
-1492
-1540
-1449
-1310
-1249
-1349
-1003
-633
-641
-1142
-1148
-709
-290
-271
-577
-307
434
664
304
339
291
462
520
349
381
906
1274
1260
1300
1218
1274
1328
1121
1004
1412
1715
1601
1416
1475
1574
1648
1373
958
779
891
905
632
415
238
185
193
-54
-465
-769
-870
-815
-719
-743
-922
-932
-986
-1232
-1445
-1578
-1765
-1686
-1418
-1216
-1185
-1215
-1221
-1290
-1137
-1131
-1156
-1037
-1002
-709
-433
-286
-512
-797
-614
-80
255
100
-58
177
484
586
405
128
235
843
1043
1020
954
967
1160
1431
1540
1333
1288
1372
1530
1644
1502
1262
1174
1139
1024
862
718
623
625
618
443
272
-54
-342
-557
-498
-311
-437
-737
-900
-964
-1004
-1186
-1468
-1587
-1410
-1095
-922
-928
-1137
-1217
-1051
-821
-736
-980
-982
-594
-115
37
-211
-640
-639
-248
-277
-678
-702
-282
204
416
228
27
188
312
49
-328
-211
549
1166
1397
1339
1506
1894
1826
1352
848
930
1455
1883
1961
1769
1736
1602
1141
470
117
282
785
1018
955
762
451
-87
-779
-1327
-1491
-1326
-1112
-1071
-1083
-1069
-1227
-1454
-1805
-2058
-1967
-1544
-1203
-1007
-831
-725
-543
-506
-703
-946
-941
-634
-404
-306
-298
-362
-469
-656
-903
-1055
-836
-362
-22
186
167
254
237
-129
-236
-51
322
880
1586
1981
2187
2206
1846
1620
1566
1527
1460
1682
2086
2226
2179
1885
1409
1104
776
633
478
310
252
211
6
-439
-1033
-1558
-1785
-1887
-1876
-1870
-1681
-1408
-1261
-1315
-1461
-1606
-1643
-1523
-1234
-883
-464
-162
-20
3
-119
-294
-457
-601
-752
-849
-895
-834
-636
-477
-279
-132
-142
-304
-532
-586
-463
-174
7
513
1337
2069
2376
2202
1900
1750
1784
1951
2073
2357
2715
2988
2967
2360
1479
925
832
875
864
739
570
396
39
-688
-1533
-2224
-2569
-2452
-2248
-2123
-2030
-1874
-1828
-1957
-2111
-2218
-2213
-1992
-1453
-808
-194
16
6
-78
-196
-340
-438
-530
-473
-344
-281
-319
-512
-700
-684
-467
-382
-457
-623
-526
-343
-221
-104
328
1266
2194
2636
2672
2482
2464
2548
2519
2436
2650
3163
3459
3277
2665
2071
1664
1332
850
325
106
62
-174
-660
-1372
-1918
-2319
-2666
-3046
-3155
-3009
-2713
-2468
-2338
-2183
-2079
-1902
-1854
-1733
-1468
-1017
-489
-149
12
88
234
139
-200
-565
-785
-875
-865
-867
-991
-833
-617
-391
-447
-570
-694
-674
-639
-525
81
1142
2363
3047
3321
3272
3330
3301
3032
2758
2886
3507
3983
4027
3502
2948
2278
1664
907
237
-148
-264
-364
-651
-1147
-1711
-2129
-2635
-3037
-3322
-3278
-3092
-2713
-2452
-2158
-1881
-1686
-1625
-1674
-1446
-1135
-748
-598
-492
-236
37
59
-167
-607
-979
-1250
-1472
-1808
-2012
-1762
-1246
-821
-774
-874
-1071
-1154
-1296
-1033
-274
1066
2350
3244
3665
3981
4197
4102
3679
3193
3379
3890
4285
4039
3692
3385
3201
2487
1396
341
-192
-391
-797
-1138
-1526
-1636
-1969
-2397
-2909
-3181
-3151
-2993
-2856
-2559
-2098
-1629
-1235
-1040
-851
-720
-513
-572
-689
-712
-477
-240
-248
-486
-749
-1092
-1461
-2099
-2679
-2876
-2638
-2196
-1799
-1468
-1257
-1111
-1099
-1207
-1042
-213
965
1935
2637
3282
3922
4377
4321
3961
3719
3902
4136
4141
3851
3637
3445
3085
2486
1584
708
62
-407
-950
-1425
-1700
-1877
-2173
-2413
-2448
-2415
-2304
-2263
-2189
-1993
-1603
-1312
-1133
-920
-549
-92
35
-99
-307
-358
-374
-549
-880
-1116
-1224
-1441
-1868
-2340
-2673
-2727
-2585
-2464
-2340
-2075
-1955
-1800
-1723
-1484
-925
-66
1085
1825
2616
3184
3824
4009
3917
3768
3750
3913
3900
3772
3579
3465
3132
2641
1819
1234
632
225
-335
-847
-1058
-1241
-1448
-1806
-1914
-1756
-1662
-1674
-1684
-1490
-1040
-888
-714
-550
-141
198
220
130
1
-33
-148
-453
-778
-1079
-1332
-1542
-1956
-2354
-2743
-2959
-2933
-2800
-2531
-2408
-2192
-2167
-2076
-1929
-1696
-999
-68
1086
2017
2832
3346
3850
3975
3776
3594
3479
3663
3451
3268
2995
2908
2752
2248
1707
1060
635
201
-338
-738
-1079
-1271
-1460
-1650
-1529
-1290
-1007
-929
-973
-785
-611
-552
-514
-288
131
401
396
332
218
235
-50
-564
-1026
-1404
-1546
-1998
-2429
-2841
-3073
-3083
-3054
-2935
-2646
-2381
-2149
-2055
-1873
-1758
-1636
-1129
-241
928
1756
2467
3007
3575
3878
3787
3445
3201
3081
2774
2463
2212
2128
2013
1814
1447
1132
744
187
-494
-952
-1171
-1329
-1532
-1563
-1178
-771
-528
-513
-299
-68
99
5
56
322
514
524
411
421
475
396
149
-261
-604
-955
-1409
-1920
-2372
-2701
-2877
-2976
-2934
-2651
-2211
-1881
-1757
-1628
-1451
-1292
-1423
-1174
-502
602
1414
2010
2733
3388
3987
3727
3415
3045
2841
2413
1936
1808
1723
1552
1288
1146
1113
977
473
-142
-593
-846
-1196
-1572
-1636
-1290
-961
-672
-547
-163
152
291
178
36
196
179
22
-43
-18
139
137
-65
-202
-418
-649
-1231
-1769
-2154
-2526
-2926
-3281
-3255
-2918
-2465
-2000
-1619
-1305
-1054
-999
-1107
-1280
-1013
-422
457
1134
2015
2816
3529
3886
3691
3577
3192
2918
2420
1968
1727
1437
1210
1083
1136
1212
1074
788
447
41
-455
-979
-1359
-1383
-1262
-1066
-788
-452
100
449
578
638
599
545
192
-165
-348
-490
-538
-694
-645
-589
-706
-835
-1141
-1493
-2001
-2579
-3092
-3328
-3381
-3158
-2755
-2249
-1859
-1456
-1113
-980
-1074
-1119
-851
-280
324
803
1606
2367
3134
3446
3536
3552
3555
3338
2843
2304
1887
1476
1232
1146
1069
1170
1232
1215
1070
788
460
13
-423
-606
-836
-934
-923
-733
-338
42
292
484
585
652
391
114
-162
-454
-605
-747
-761
-863
-862
-971
-1140
-1410
-1760
-2230
-2741
-3031
-3257
-3327
-3268
-3001
-2662
-2243
-1845
-1494
-1368
-1135
-795
-249
197
521
1168
1836
2493
2704
2828
3013
3192
3293
3012
2738
2397
2041
1707
1385
1218
1059
991
922
949
919
677
390
64
-50
-242
-452
-567
-539
-278
-43
125
285
501
640
623
693
681
513
238
41
-142
-390
-674
-1045
-1259
-1448
-1692
-2012
-2377
-2618
-2857
-2978
-3075
-3039
-2920
-2650
-2384
-2200
-2068
-1965
-1490
-955
-302
210
771
1505
1899
2334
2398
2575
2787
2744
2672
2368
2280
2008
1695
1553
1387
1299
1122
1012
918
795
552
217
-61
-231
-297
-468
-517
-447
-229
23
78
163
369
612
790
829
928
913
887
713
399
65
-238
-470
-765
-935
-1301
-1705
-2101
-2459
-2682
-2952
-2976
-2970
-2831
-2656
-2513
-2424
-2308
-2233
-1979
-1572
-958
-399
148
927
1594
2185
2426
2604
2824
2903
2927
2684
2469
2325
2033
1822
1470
1271
1124
1046
978
859
648
350
128
-83
-206
-483
-667
-691
-578
-409
-280
-163
70
388
747
912
1004
1115
1199
1140
911
651
346
49
-389
-810
-1187
-1527
-1899
-2311
-2601
-2809
-2948
-3011
-2979
-2895
-2823
-2715
-2642
-2457
-2349
-2119
-1636
-966
-308
353
1190
1847
2397
2650
2837
3122
3251
3146
2816
2580
2305
1899
1491
1257
1122
942
733
597
513
327
66
-198
-375
-515
-682
-844
-820
-659
-470
-320
-150
204
574
876
1153
1430
1533
1492
1383
1154
870
412
-6
-459
-918
-1356
-1765
-2070
-2341
-2626
-2888
-3024
-3016
-3001
-2976
-2820
-2603
-2420
-2359
-2309
-1948
-1378
-798
-285
367
1245
1891
2502
2772
3157
3511
3613
3478
3097
2810
2398
1898
1432
995
664
381
148
53
-44
-137
-321
-367
-409
-453
-651
-761
-698
-642
-569
-471
-186
181
568
926
1211
1485
1561
1557
1445
1210
907
463
61
-456
-911
-1393
-1812
-2159
-2459
-2715
-2931
-3020
-3018
-2947
-2794
-2689
-2521
-2350
-2192
-2059
-1809
-1233
-725
-147
392
1181
1905
2482
2967
3328
3786
3882
3716
3424
3050
2611
1913
1343
890
479
134
-136
-188
-227
-235
-347
-407
-407
-471
-566
-741
-757
-738
-704
-577
-413
-103
192
539
820
1092
1298
1370
1403
1209
940
552
151
-256
-758
-1276
-1778
-2133
-2437
-2771
-3031
-3169
-3166
-3054
-2891
-2646
-2332
-2034
-1793
-1553
-1397
-973
-574
-48
456
1062
1810
2389
2900
3201
3547
3742
3697
3506
3193
2794
2232
1538
992
483
65
-247
-483
-489
-487
-493
-601
-551
-561
-572
-665
-679
-651
-662
-574
-467
-324
-119
143
387
625
850
1013
1080
1067
927
757
481
125
-371
-910
-1390
-1906
-2309
-2667
-2886
-3011
-3053
-2948
-2741
-2371
-2011
-1583
-1141
-804
-648
-512
-180
167
515
846
1332
1991
2548
3012
3266
3579
3737
3682
3443
3082
2625
2015
1445
893
354
-121
-472
-627
-742
-799
-820
-820
-681
-675
-652
-631
-589
-562
-584
-568
-545
-494
-420
-297
-153
-17
162
391
551
600
507
285
61
-245
-740
-1201
-1572
-1871
-2308
-2753
-3064
-3233
-3214
-3087
-2755
-2276
-1751
-1230
-732
-350
-120
1
255
501
786
1095
1462
2095
2455
2769
2959
3164
3374
3397
3319
3056
2785
2358
1810
1220
662
181
-247
-490
-648
-771
-816
-758
-540
-390
-282
-242
-200
-179
-249
-328
-420
-444
-519
-472
-448
-386
-287
-196
-29
38
12
-101
-211
-342
-663
-1039
-1408
-1696
-2033
-2377
-2701
-2802
-2790
-2688
-2493
-2132
-1658
-1143
-616
-181
119
313
486
768
1072
1257
1344
1623
2046
2280
2450
2595
2825
3028
3043
2965
2779
2553
2192
1648
1205
698
263
-96
-272
-420
-530
-484
-428
-333
-292
-204
-173
-162
-212
-361
-465
-573
-680
-768
-801
-777
-743
-649
-605
-570
-513
-541
-494
-560
-644
-852
-1096
-1330
-1622
-1990
-2296
-2451
-2522
-2463
-2349
-2132
-1860
-1493
-1118
-673
-268
79
340
537
770
936
1052
1120
1295
1580
1788
1978
2212
2457
2716
2852
2868
2827
2780
2529
2117
1697
1283
840
510
312
130
8
-40
-106
-134
-195
-284
-320
-328
-387
-514
-600
-689
-799
-959
-1056
-1092
-1066
-1028
-922
-820
-682
-700
-725
-750
-824
-897
-1048
-1143
-1330
-1533
-1746
-1893
-2013
-2078
-2063
-1896
-1577
-1300
-980
-642
-291
10
166
230
317
562
743
812
904
1182
1492
1739
1998
2283
2585
2763
2786
2728
2671
2470
2130
1835
1577
1262
923
660
454
272
126
10
-96
-194
-359
-486
-523
-532
-638
-787
-889
-986
-1055
-1076
-1077
-1083
-1076
-1049
-1055
-1015
-938
-841
-720
-607
-546
-571
-620
-782
-983
-1227
-1438
-1616
-1776
-1890
-1885
-1743
-1515
-1274
-1011
-666
-340
-139
12
128
256
467
661
904
1152
1481
1755
1944
2179
2437
2647
2805
2891
2874
2777
2629
2461
2184
1934
1640
1342
1056
784
488
174
-34
-253
-390
-540
-657
-754
-873
-950
-1026
-1051
-1127
-1220
-1244
-1226
-1236
-1288
-1245
-1181
-1086
-984
-845
-763
-729
-762
-839
-913
-1036
-1270
-1446
-1639
-1800
-1923
-1963
-1943
-1858
-1641
-1384
-1175
-936
-700
-465
-256
-56
109
374
663
879
1126
1404
1774
2008
2199
2394
2615
2776
2849
2842
2805
2729
2549
2313
2093
1801
1437
1104
753
401
78
-227
-443
-662
-788
-882
-908
-934
-942
-960
-1009
-1068
-1227
-1335
-1333
-1249
-1156
-1046
-888
-834
-806
-763
-675
-642
-596
-608
-659
-709
-867
-1009
-1163
-1277
-1449
-1524
-1567
-1542
-1440
-1260
-1053
-825
-615
-302
41
340
567
672
854
1055
1190
1306
1469
1748
1985
2132
2355
2500
2633
2759
2780
2757
2651
2490
2192
1799
1403
968
638
322
56
-201
-402
-546
-685
-781
-900
-963
-1035
-1096
-1127
-1142
-1116
-1134
-1142
-1174
-1144
-1179
-1230
-1239
-1226
-1201
-1132
-1027
-922
-800
-780
-765
-794
-841
-942
-1048
-1171
-1268
-1350
-1451
-1468
-1365
-1192
-1007
-702
-360
-7
298
564
708
875
948
1020
1106
1171
1319
1505
1756
1924
2040
2155
2227
2349
2373
2385
2283
2119
1993
1725
1495
1159
821
481
167
-204
-564
-752
-918
-1046
-1127
-1088
-993
-939
-884
-909
-909
-948
-1105
-1257
-1393
-1406
-1451
-1395
-1344
-1278
-1164
-997
-792
-653
-557
-491
-495
-483
-559
-685
-820
-946
-1008
-989
-936
-823
-600
-387
-185
27
251
420
584
720
879
942
978
944
978
1013
1053
1057
1154
1301
1400
1570
1716
1914
1978
2009
2015
1979
1815
1565
1289
951
571
207
-26
-223
-394
-533
-603
-642
-697
-794
-874
-953
-1066
-1212
-1317
-1336
-1413
-1438
-1425
-1339
-1279
-1212
-1081
-938
-846
-765
-653
-557
-507
-471
-396
-309
-285
-275
-271
-238
-244
-248
-266
-236
-170
-93
33
139
239
284
352
368
383
403
436
425
415
508
618
781
925
1120
1298
1505
1635
1687
1774
1700
1644
1436
1299
1148
932
771
605
474
270
144
-97
-301
-505
-680
-857
-1017
-1126
-1240
-1308
-1349
-1381
-1425
-1406
-1395
-1303
-1251
-1129
-1085
-1002
-889
-781
-589
-421
-206
-72
24
115
206
254
219
173
90
60
-29
-85
-116
-160
-159
-228
-273
-280
-275
-247
-206
-158
-45
1
96
215
326
442
592
753
858
923
1048
1185
1286
1325
1435
1481
1483
1465
1362
1291
1156
988
719
488
260
-13
-275
-476
-611
-749
-833
-851
-872
-952
-1010
-991
-985
-1005
-998
-936
-841
-794
-747
-653
-469
-297
-148
23
198
360
384
376
405
332
225
116
22
-98
-202
-307
-441
-529
-648
-766
-849
-867
-811
-718
-584
-475
-373
-296
-206
-69
69
162
231
395
557
711
814
893
1028
1104
1156
1200
1292
1311
1180
1050
918
834
678
558
473
418
256
42
-169
-328
-459
-560
-608
-658
-690
-694
-719
-669
-591
-522
-398
-261
-136
-99
-42
60
140
208
222
272
269
200
147
141
162
54
-20
-120
-170
-299
-457
-583
-698
-833
-985
-1038
-1058
-1088
-1071
-972
-818
-699
-541
-410
-273
-192
-121
-20
68
164
155
242
319
350
375
496
654
738
856
989
1109
1117
1106
1099
1047
958
823
644
520
380
243
189
116
73
-10
60
102
139
170
201
262
238
271
231
223
191
182
122
45
-7
-102
-149
-229
-238
-195
-184
-223
-278
-336
-366
-455
-579
-711
-839
-978
-1116
-1212
-1301
-1346
-1330
-1252
-1209
-1168
-1082
-939
-838
-742
-619
-514
-419
-338
-204
-91
60
191
306
406
537
654
803
979
1078
1197
1266
1345
1375
1389
1399
1391
1333
1231
1149
1031
905
814
790
706
610
545
513
488
438
347
273
239
147
22
-102
-128
-160
-228
-230
-215
-268
-323
-377
-385
-399
-438
-535
-607
-683
-823
-941
-1035
-1121
-1268
-1352
-1386
-1402
-1482
-1523
-1529
-1449
-1373
-1332
-1244
-1094
-911
-801
-669
-485
-274
-146
-39
117
278
387
504
649
810
941
1069
1205
1264
1314
1352
1455
1523
1590
1626
1651
1625
1561
1465
1358
1289
1178
1061
947
838
655
447
281
165
75
25
16
-25
-85
-132
-210
-284
-427
-493
-564
-610
-696
-809
-873
-958
-1041
-1084
-1097
-1129
-1175
-1199
-1234
-1269
-1276
-1268
-1234
-1270
-1314
-1305
-1349
-1369
-1342
-1289
-1158
-985
-774
-584
-383
-146
113
360
578
760
935
1061
1133
1191
1224
1228
1188
1194
1255
1302
1329
1368
1427
1517
1536
1553
1523
1494
1428
1319
1180
1081
964
789
606
425
284
189
105
7
-14
-83
-150
-235
-306
-407
-493
-617
-675
-802
-891
-996
-1048
-1064
-1126
-1156
-1180
-1153
-1232
-1197
-1176
-1145
-1163
-1182
-1118
-1083
-1065
-1051
-993
-926
-878
-855
-802
-724
-590
-429
-197
17
204
312
413
519
582
672
750
848
892
914
912
866
871
906
936
983
1060
1097
1092
1151
1171
1179
1163
1154
1085
1008
1003
946
918
813
670
528
422
299
151
54
-54
-172
-288
-399
-531
-674
-783
-874
-956
-974
-1020
-1089
-1130
-1102
-1113
-1091
-1062
-1007
-980
-971
-958
-897
-837
-765
-724
-611
-606
-555
-460
-336
-206
-143
-74
-60
-5
-56
11
60
143
215
286
365
373
389
408
444
496
519
537
584
603
607
623
669
732
723
738
752
806
780
776
751
729
712
647
638
614
544
463
418
324
204
84
-13
-130
-193
-238
-222
-258
-326
-380
-422
-444
-477
-500
-522
-509
-526
-570
-573
-548
-528
-476
-401
-313
-305
-320
-324
-332
-294
-280
-213
-164
-179
-191
-207
-207
-230
-272
-304
-316
-317
-394
-385
-331
-254
-174
-99
-25
18
55
42
62
61
68
100
154
201
223
239
251
302
348
435
497
538
552
555
527
476
439
438
478
452
422
365
330
264
273
298
293
264
267
255
235
187
142
108
98
51
33
-28
-56
-85
-128
-155
-138
-151
-193
-195
-235
-291
-338
-320
-241
-196
-218
-222
-264
-338
-441
-477
-501
-499
-554
-609
-644
-652
-681
-653
-571
-509
-500
-504
-461
-416
-376
-365
-268
-184
-110
-81
-22
53
93
109
163
259
311
369
405
471
475
494
541
632
714
729
733
760
808
766
758
760
797
782
788
795
802
777
713
692
652
634
568
502
424
332
262
165
57
-33
-111
-217
-317
-417
-526
-644
-783
-845
-893
-892
-910
-936
-954
-979
-959
-949
-941
-951
-974
-1033
-1105
-1125
-1121
-1023
-924
-828
-703
-619
-506
-444
-397
-315
-247
-147
-44
65
93
169
225
319
400
517
581
638
696
768
864
933
1044
1124
1186
1187
1203
1246
1256
1242
1228
1210
1205
1196
1132
1043
903
827
687
597
506
406
246
127
10
-130
-248
-405
-506
-601
-690
-775
-815
-879
-959
-1015
-1021
-1043
-1049
-1028
-1006
-993
-953
-961
-946
-924
-909
-938
-914
-895
-863
-889
-890
-826
-743
-677
-641
-498
-379
-246
-186
-21
109
240
346
451
537
585
616
655
785
824
883
930
1047
1135
1143
1135
1185
1221
1226
1185
1140
1090
1038
971
884
771
658
537
436
381
308
246
174
111
11
-86
-119
-171
-259
-321
-401
-494
-574
-642
-650
-652
-729
-773
-807
-859
-954
-1002
-1001
-977
-940
-947
-910
-880
-856
-843
-787
-713
-658
-576
-483
-388
-295
-215
-144
-41
23
101
195
292
371
443
547
586
597
677
757
808
823
829
791
753
683
608
559
511
403
393
386
363
347
337
367
333
286
259
274
230
145
78
32
5
-25
-40
-50
-74
-121
-202
-274
-297
-386
-449
-493
-490
-543
-579
-595
-607
-628
-631
-633
-642
-642
-600
-539
-492
-442
-357
-251
-162
-91
5
80
149
206
223
268
302
323
341
414
430
425
414
416
423
386
345
274
191
97
0
-39
-47
-1
32
61
90
79
117
124
121
99
84
96
59
-4
-36
-39
-21
-33
-53
-44
-9
18
7
35
-4
-70
-92
-108
-109
-78
-29
-30
-25
-46
-58
-66
-61
2
48
93
105
143
197
234
269
267
283
274
247
232
219
176
151
160
174
169
182
182
193
177
140
123
98
55
18
-27
-110
-199
-296
-335
-360
-401
-384
-347
-331
-286
-317
-296
-365
-371
-394
-394
-365
-421
-460
-461
-427
-409
-398
-348
-289
-289
-300
-260
-223
-228
-239
-186
-74
-34
-17
-1
53
102
121
157
215
297
324
411
472
490
480
460
483
448
430
392
406
376
331
315
354
336
321
323
296
253
219
186
158
143
83
28
-25
-12
-36
-69
-81
-76
-74
-132
-159
-198
-228
-268
-252
-255
-290
-332
-354
-351
-349
-336
-329
-310
-294
-331
-323
-293
-297
-275
-244
-167
-131
-94
-44
30
129
175
255
308
322
357
410
426
433
456
416
377
300
248
239
230
219
223
207
221
170
138
95
55
44
47
92
80
49
-2
-49
-75
-105
-122
-103
-85
-83
-82
-65
-63
-115
-136
-146
-125
-131
-151
-174
-216
-255
-307
-283
-290
-259
-278
-288
-262
-247
-263
-280
-202
-149
-139
-134
-60
68
130
147
207
255
295
289
324
384
428
397
378
357
338
288
254
257
229
197
116
86
38
-29
-141
-203
-249
-271
-281
-316
-343
-351
-344
-342
-312
-297
-328
-353
-373
-378
-379
-341
-343
-305
-262
-274
-278
-275
-251
-239
-219
-213
-179
-184
-152
-141
-96
-53
12
92
144
154
211
283
300
321
328
371
406
483
576
688
733
714
698
677
655
648
669
677
664
640
609
566
536
473
411
324
247
151
70
13
-8
-25
-72
-88
-154
-230
-337
-431
-498
-551
-582
-610
-645
-680
-719
-749
-744
-705
-660
-700
-703
-693
-732
-720
-702
-643
-642
-627
-631
-580
-486
-407
-329
-253
-192
-144
-114
-71
61
177
285
388
477
517
566
587
689
774
841
867
912
942
919
902
921
957
900
847
810
813
746
655
616
571
564
553
537
479
406
334
246
199
89
-15
-116
-232
-330
-417
-517
-603
-672
-732
-770
-814
-822
-861
-917
-906
-916
-945
-946
-992
-1050
-1057
-1078
-1065
-1049
-1027
-947
-888
-773
-651
-547
-461
-406
-374
-298
-197
-93
11
101
141
211
271
380
495
609
688
775
832
865
877
889
959
979
1010
972
947
963
968
915
910
908
863
802
746
721
635
581
515
441
364
284
225
164
81
-40
-121
-194
-259
-316
-365
-429
-519
-573
-627
-679
-697
-743
-760
-775
-805
-827
-831
-790
-749
-717
-702
-655
-603
-619
-601
-521
-468
-432
-383
-313
-253
-203
-133
-59
0
49
89
190
249
275
331
402
459
468
486
528
533
516
532
601
669
675
672
673
694
641
569
535
481
426
388
350
303
267
223
210
224
221
168
112
34
-17
-80
-108
-137
-186
-225
-291
-362
-420
-470
-535
-572
-585
-608
-611
-588
-513
-478
-467
-439
-473
-515
-551
-517
-473
-399
-357
-313
-259
-232
-176
-127
-59
-21
40
65
97
109
126
192
254
308
309
346
368
362
355
370
374
366
367
355
326
321
300
238
225
215
180
116
119
131
109
71
41
29
21
8
1
6
-12
-37
-73
-68
-67
-95
-99
-101
-141
-191
-236
-237
-234
-193
-154
-120
-113
-122
-122
-170
-216
-201
-185
-143
-142
-110
-75
-31
-3
50
110
128
137
140
174
169
151
148
137
165
174
191
208
190
152
139
171
184
182
160
115
65
25
1
-2
16
27
-35
-51
-63
-81
-94
-113
-103
-62
-51
-36
-51
-93
-98
-94
-94
-86
-97
-74
-52
-55
-66
-69
-59
-82
-49
-11
13
7
-14
-45
-73
-56
-22
12
42
85
82
27
-28
-33
-22
14
85
116
119
119
94
57
57
83
90
42
8
-10
-2
-37
-36
-40
-6
14
-12
-30
-31
-45
-69
-63
-69
-78
-91
-123
-119
-122
-143
-162
-179
-158
-187
-171
-111
-47
-21
16
64
63
43
58
99
124
112
119
124
111
64
13
20
37
40
28
59
98
91
29
1
42
43
12
-22
-16
-5
-52
-34
29
21
-31
-99
-78
-62
-64
-58
-3
74
80
105
101
87
47
5
-21
-45
-88
-124
-128
-84
-58
-46
-54
-56
-56
-72
-65
-11
18
7
-19
-16
-17
-30
13
41
87
76
86
82
84
81
110
129
150
158
147
122
116
143
138
165
152
150
148
95
95
61
30
8
4
17
5
19
-12
-16
-36
-21
-10
28
28
-2
-10
-36
-65
-40
-18
-22
-66
-82
-73
-87
-107
-145
-135
-116
-112
-109
-100
-42
-42
-70
-113
-106
-141
-176
-161
-114
-99
-144
-149
-116
-56
-28
55
123
156
93
75
40
34
5
5
-7
-33
-76
-123
-133
-101
-70
-44
-5
19
43
13
5
-48
-57
-66
-25
-36
-27
-11
0
15
18
47
29
8
-12
-16
15
22
23
38
49
39
30
72
112
122
122
79
78
51
12
-14
4
-5
-33
-60
-46
-46
-70
-38
7
26
46
74
91
107
57
36
8
24
-9
-30
-52
-75
-66
-29
12
48
71
68
64
12
-14
-34
-22
-19
20
74
127
127
121
111
131
124
111
83
70
8
-31
-22
3
54
63
83
81
65
42
6
13
38
47
45
62
49
-8
-43
-26
-28
-53
-67
-60
-70
-74
-38
-2
26
41
39
21
42
55
42
34
40
22
-11
-37
-48
-71
-69
-72
-73
-59
-74
-32
-17
-47
-49
-56
-31
-56
-82
-71
-73
-118
-140
-103
-75
-87
-129
-110
-105
-96
-125
-83
-24
2
-27
-34
-29
-37
-80
-67
-17
9
-19
-57
-42
-66
-40
-20
29
35
5
-19
9
50
25
-3
1
13
-1
21
28
83
95
112
105
147
141
109
70
41
17
-26
-68
-62
-34
-20
-12
41
39
-7
-20
-24
9
31
32
42
57
18
-12
-35
-11
5
18
40
67
51
68
83
136
156
144
65
60
15
-3
-14
25
41
38
55
38
8
-31
-6
-3
4
-15
-33
-26
-32
-18
-43
-81
-94
-124
-140
-105
-44
-36
-18
3
57
27
-3
-49
-38
-38
-32
-32
-23
-28
-44
-64
-35
22
43
71
98
107
58
51
54
78
87
107
107
119
96
62
33
32
21
44
47
83
84
72
80
83
70
31
1
-24
13
-12
-20
-44
-44
-35
-65
-90
-52
-58
-64
-122
-142
-152
-203
-210
-211
-137
-129
-114
-124
-140
-157
-166
-115
-78
-22
-33
-31
-21
-4
-45
-66
-41
-6
2
-35
-44
-48
-66
-79
-39
25
80
62
68
88
99
88
75
89
121
122
115
126
145
82
69
104
100
90
60
55
58
73
72
68
50
17
26
27
42
80
80
69
42
62
31
18
-11
-5
-25
-53
-66
-29
-56
-40
-14
-38
-80
-129
-137
-134
-109
-78
-39
-64
-46
-36
-36
-2
7
65
51
53
5
-11
-22
-19
-19
-3
5
18
93
57
60
24
1
-22
-23
-30
11
26
59
39
59
73
78
61
36
44
32
22
-33
-2
5
-12
-18
-10
34
13
18
39
59
45
-6
15
-10
-14
-62
-32
-39
-35
-64
-62
-48
-40
-59
-50
-11
-24
12
17
64
63
62
50
34
30
-1
-50
-74
-80
-94
-92
-114
-96
-108
-98
-83
-66
-18
-20
-21
-52
-43
-50
-79
-70
3
32
14
55
74
85
54
94
124
148
115
90
107
110
113
135
142
137
112
93
47
30
-12
-52
-32
-28
-51
-56
-47
-47
-85
-54
-54
-44
-58
-65
-84
-79
-83
-89
-56
-77
-40
-54
-4
17
44
10
33
3
-34
-77
-53
-48
-43
-63
-78
-113
-131
-111
-113
-34
3
21
20
72
68
42
2
35
51
87
91
94
106
116
98
75
104
114
127
97
129
127
100
23
17
4
-3
4
36
36
-7
-46
-49
-11
-2
-8
-10
-15
-27
-54
-89
-90
-114
-92
-83
-63
-17
1
-6
13
15
-16
-69
-80
-50
-80
-96
-115
-128
-153
-150
-67
-18
12
34
39
69
80
48
57
80
36
27
9
-4
-20
-37
-44
-20
-22
3
18
69
52
63
58
83
81
91
55
72
56
28
-6
-21
-20
-28
-18
-38
-27
-53
-33
-48
-38
-12
-14
-4
38
35
52
30
60
57
69
77
85
126
123
101
67
86
43
59
40
65
22
-15
-42
-31
-38
-51
-30
-10
-11
-55
-58
-28
-11
-20
30
15
9
-38
-22
-45
-50
-80
-66
-40
-86
-76
-69
-41
-25
-25
-28
-26
-63
-85
-44
-26
-18
-64
-55
-54
-29
-38
-40
-23
-54
-55
-51
-33
-4
24
12
21
58
66
49
74
72
77
54
72
40
96
69
59
37
46
36
-7
-21
1
28
-30
-22
-45
-25
-65
-44
30
59
15
-40
-77
-91
-106
-92
-32
20
26
45
49
28
26
-7
28
46
59
69
86
50
15
4
11
50
55
20
36
-14
-39
-39
-25
-22
0
19
24
28
-9
-3
29
52
17
28
74
65
26
17
1
-16
-56
-54
-30
-20
-20
-7
13
-7
-50
-93
-89
-52
-43
-42
-41
-54
-52
-53
-82
-75
-103
-136
-153
-125
-120
-96
-52
-27
7
-20
-24
-61
-56
-48
-44
-17
-3
14
38
48
92
85
85
67
79
69
66
53
68
64
69
111
153
155
156
127
130
147
146
166
138
143
125
108
107
99
66
37
1
-12
-22
-61
-95
-97
-81
-39
-40
-54
-49
-65
-56
-46
-55
-111
-129
-122
-92
-68
-29
-31
-66
-82
-108
-102
-113
-120
-118
-70
-37
-38
-31
-23
-48
-35
3
36
64
32
49
77
86
56
65
115
118
115
111
89
93
83
85
83
96
87
44
57
100
100
60
53
46
38
6
26
23
49
1
-2
-15
-38
-80
-120
-133
-138
-115
-127
-118
-99
-71
-85
-63
-35
0
12
-2
18
-23
-60
-119
-124
-136
-142
-181
-185
-182
-174
-171
-147
-135
-113
-75
-77
-8
-2
20
27
56
65
88
89
92
49
23
17
27
45
48
109
86
52
44
73
90
82
109
130
90
53
22
19
3
17
40
56
61
51
9
-6
-8
0
-10
-7
25
32
32
13
18
15
31
11
-20
14
-24
-13
-28
-12
-1
3
-6
15
47
19
30
40
69
78
44
38
54
31
44
34
80
48
41
40
59
47
19
6
-6
-8
-22
-14
12
5
2
-10
18
11
7
18
29
21
-15
-12
-35
-29
-57
-17
-20
16
12
36
33
45
12
-2
-3
-61
-88
-97
-90
-87
-61
-22
-38
-69
-93
-98
-78
-31
-11
-41
-23
-41
-54
-56
-34
-14
-20
-19
-20
-12
-21
-46
-41
-14
48
18
2
-9
-10
-40
-57
-7
22
21
10
28
65
77
55
44
67
57
2
-16
25
50
26
6
30
54
44
48
62
84
28
-19
-58
-42
-79
-116
-93
-57
-72
-119
-87
-67
-72
-108
-112
-80
-110
-153
-155
-115
-109
-131
-86
-56
-54
-56
-51
-27
-37
-22
-6
24
27
43
32
38
55
62
61
65
79
101
116
120
124
101
110
124
151
171
205
242
248
219
199
188
167
133
147
127
126
91
99
142
129
83
81
109
81
36
-6
-49
-109
-111
-133
-91
-70
-96
-128
-166
-175
-209
-199
-187
-192
-195
-182
-205
-220
-201
-164
-165
-119
-105
-68
-88
-72
-36
-24
-24
-33
-1
40
72
74
114
154
194
190
234
233
251
253
247
241
223
183
161
171
151
143
126
115
89
103
126
131
114
101
88
69
12
31
2
-28
-95
-132
-137
-158
-182
-182
-203
-222
-266
-265
-266
-283
-302
-305
-275
-292
-274
-268
-244
-250
-238
-227
-218
-207
-208
-164
-123
-100
-101
-121
-134
-106
-67
-29
24
71
95
62
49
93
147
167
173
135
112
88
74
47
72
103
116
117
125
149
136
177
159
181
168
128
98
126
124
100
129
88
71
58
70
113
132
105
69
1
-5
-15
0
3
42
45
40
22
0
14
28
26
6
17
21
-29
-48
-52
-50
-29
-12
18
35
11
7
-9
-13
-4
-7
3
6
30
11
5
-18
-21
-18
5
-27
-49
-30
-32
-32
-48
-28
-12
6
17
72
95
77
21
25
21
-3
-22
11
46
61
28
0
35
14
11
47
91
113
93
69
46
32
23
-12
-1
15
2
-9
-32
-60
-81
-89
-59
-27
-53
-50
-48
-65
-87
-106
-105
-97
-107
-152
-148
-111
-141
-176
-197
-163
-179
-167
-129
-75
-58
-103
-108
-124
-89
-106
-71
-29
-12
-48
-36
-14
-7
-17
10
64
58
19
-11
-2
0
13
54
118
92
57
47
35
37
-12
6
55
77
62
45
72
86
43
15
54
92
93
95
140
114
51
3
-6
0
10
41
47
91
118
121
110
139
126
101
76
53
70
25
-8
10
42
52
76
99
104
77
23
17
21
34
-6
6
27
30
35
34
11
-49
-99
-94
-46
-61
-47
-57
-96
-124
-108
-92
-41
-3
29
62
47
8
-36
-56
-55
-80
-97
-85
-80
-64
-72
-61
-15
-12
17
10
21
4
-4
-17
-19
10
11
9
-30
-26
-26
1
12
50
51
57
69
48
61
56
38
-12
-16
3
-5
0
11
30
-10
-14
-5
0
-22
-16
-17
-32
-56
-73
-69
-74
-64
-73
-73
-73
-61
-62
-32
-20
-9
-17
2
3
10
1
-6
-28
-43
-47
-57
-41
-49
-17
-28
1
12
13
6
11
-8
-2
-3
-16
-4
22
-2
-26
-14
14
18
28
78
53
0
-24
-5
3
24
20
32
40
-14
-60
-69
-38
-23
3
43
52
32
-27
-17
-16
-7
2
50
96
59
5
21
35
41
72
111
144
128
98
95
135
134
147
115
125
71
48
48
39
62
82
110
92
79
55
13
-28
-40
-20
15
50
84
81
70
17
-54
-79
-63
-25
0
-10
-48
-96
-124
-169
-127
-91
-63
-55
-69
-71
-85
-78
-56
-22
-31
-43
-67
-93
-95
-136
-158
-146
-93
-60
-78
-65
-38
-34
-68
-67
-54
-56
-73
-75
-56
-51
-92
-83
-38
-11
-18
-44
-26
-31
-27
-38
-24
3
42
37
70
73
69
14
-12
43
78
138
134
144
98
56
21
-4
28
23
44
59
89
85
51
46
45
50
29
37
50
59
65
52
26
25
-15
-44
-51
-72
-75
-40
-7
-19
-22
-32
-35
-11
10
42
79
28
-7
-10
0
14
42
69
78
75
43
12
-8
-11
-25
-12
15
4
-35
-58
-44
-25
1
44
46
55
29
-15
-13
-11
-12
17
59
91
111
75
65
53
16
-4
-1
10
31
18
31
24
31
39
51
100
98
70
23
24
-22
-74
-81
-76
-48
-91
-134
-139
-108
-88
-84
-55
-28
-34
-73
-104
-97
-117
-134
-138
-91
-71
-79
-96
-89
-79
-73
-48
-35
-38
-82
-93
-93
-52
-22
23
59
62
47
61
67
50
36
62
107
92
113
99
94
85
110
123
125
106
81
82
75
67
65
99
89
79
74
57
4
-49
-71
-89
-107
-84
-74
-41
-38
-34
-11
-20
-44
-46
8
9
-2
-17
-30
-26
-33
-25
9
26
4
-37
-28
-35
-28
-35
12
31
-12
-36
-6
20
8
-18
-12
28
19
-24
-19
3
-28
-51
-26
12
0
-21
-30
-31
-3
-1
7
61
67
10
-7
-1
12
4
18
45
66
48
10
32
47
27
-18
-5
37
52
47
49
54
20
-10
-3
19
22
-1
-22
-24
-42
-67
-48
-24
26
47
67
58
31
-4
-30
5
1
-35
-49
-47
-46
-68
-81
-46
-12
-24
-35
5
43
35
-21
-2
6
15
2
8
28
17
-32
-56
-45
-47
-64
-59
-32
4
24
25
3
1
18
1
47
77
99
103
99
91
67
57
21
-2
27
33
28
13
-37
-38
-37
-25
-31
-8
-1
1
-22
-22
5
-21
-37
-29
-23
-13
-43
-66
-42
-26
-9
-29
-32
-34
-60
-114
-97
-93
-107
-119
-113
-55
-52
-42
-49
-33
-25
-25
-17
7
67
51
20
-7
-17
-27
-29
5
43
83
41
11
6
-2
18
58
108
119
128
84
50
77
66
51
30
52
73
25
9
-23
-27
-44
-36
7
42
65
25
24
48
48
26
41
85
123
134
144
95
68
-6
-79
-73
-52
-39
-50
-22
-3
2
-12
-14
10
12
-3
-18
-30
-48
-45
-36
-14
3
-26
-61
-70
-73
-86
-98
-83
-105
-113
-128
-75
-52
-30
-15
-4
-30
-77
-57
-52
-34
-24
-18
-10
-4
-33
-34
2
28
34
47
67
56
26
10
42
59
37
57
88
84
59
39
73
109
122
116
125
97
67
52
50
39
19
12
34
54
59
45
36
33
11
34
32
45
22
-7
-21
-45
-76
-102
-105
-105
-91
-101
-91
-85
-69
-47
-29
9
22
22
14
-9
-36
-72
-77
-68
-61
-81
-98
-91
-70
-77
-72
-46
-25
-27
-33
-24
-4
-12
-18
24
74
54
18
30
47
33
-9
2
31
33
32
40
80
59
5
2
51
69
57
77
126
141
99
62
45
19
-35
-64
-68
-33
-33
-59
-37
11
-3
-43
-26
-27
-26
-58
-54
-16
21
8
-1
23
29
24
4
39
45
2
-43
-26
-27
-33
-33
-29
-30
-24
-22
-21
5
29
38
39
47
70
52
32
46
53
32
-12
-11
-51
-46
-67
-49
-26
-14
-23
-28
-6
-18
-7
