SAMPLES:	12877
BITSPERSAMPLE:	16
CHANNELS:	1
SAMPLERATE:	16000
NORMALIZED:	FALSE
2
2
2
3
3
5
5
4
2
2
2
2
2
4
6
6
5
4
3
4
5
6
7
6
3
2
0
-3
-2
-3
1
0
2
2
1
-1
-1
1
3
4
3
2
2
2
-1
-1
1
0
-3
-3
-2
-2
-4
-4
-2
-1
-2
-1
-1
-2
-3
-3
-1
-1
-1
-1
1
1
0
-3
-2
-3
-4
-3
-1
-1
-3
-3
-2
0
-1
-1
0
0
-2
-3
-2
-3
-3
-5
-4
-2
-2
-3
-2
-2
-4
-4
-4
-2
-3
-3
-3
-2
-2
-4
-4
-1
-3
-4
-2
1
-1
-2
-2
-1
-1
-2
-3
-1
-1
-2
-2
1
2
1
0
0
0
-1
0
1
3
2
0
0
2
2
2
4
5
3
2
2
1
0
0
3
4
3
2
2
3
5
5
6
7
4
4
3
5
5
3
4
5
5
4
4
5
4
2
1
3
4
3
5
4
2
-1
-2
-1
0
1
1
3
3
1
1
0
1
0
-2
0
-1
-3
-4
-3
-4
-3
-2
-2
-2
-3
-3
-2
-3
-4
-7
-7
-8
-5
-4
-2
-2
-1
-1
0
-2
-1
-1
0
1
0
-1
-3
-2
-3
-1
0
2
2
2
-1
-2
-2
-2
-2
-1
1
0
0
0
2
1
1
2
3
4
2
2
1
1
-1
-1
1
1
-1
-1
2
2
1
0
-1
-2
-3
-5
-1
-1
-3
-3
-2
-2
-2
-2
-3
-3
-2
-3
-5
-5
-4
-3
-2
-2
-1
0
0
0
0
-1
0
1
1
0
1
-1
-3
-1
-1
2
3
4
4
4
4
3
4
4
4
4
4
3
5
5
6
6
4
4
1
1
3
3
4
3
5
7
7
4
5
7
3
4
3
3
2
0
0
2
3
0
-2
-1
1
0
-1
1
1
0
-2
0
0
-1
-2
-3
-1
-2
-4
-5
-5
-4
-5
-5
-3
-1
-1
-3
-1
-1
-1
-2
0
0
-1
-2
-4
-3
-3
-2
-3
-1
-2
-1
-1
-2
-3
-5
-6
-5
-4
-4
0
1
0
1
0
-2
-3
-1
1
2
3
2
0
-1
0
1
4
5
3
3
1
1
-1
-2
-1
0
1
0
0
2
1
1
1
1
-1
-2
-3
-3
-3
-2
-1
1
3
2
1
2
2
0
-2
-1
-1
-1
-3
-3
-2
-3
-4
-3
-1
-1
-1
0
3
3
2
2
3
3
1
0
0
0
0
-1
2
4
3
3
5
6
7
6
7
6
5
4
3
2
0
-1
-2
-1
0
0
2
4
2
1
1
0
0
-1
-1
-1
-2
-4
-3
-4
-3
-3
-5
-3
-3
-3
-3
-2
-3
-1
0
1
1
0
-2
-3
-3
-4
-2
-1
-1
-1
1
2
1
1
1
0
0
-2
-2
-1
2
2
3
2
3
1
1
1
2
0
0
1
2
1
-1
0
1
-1
-2
-1
1
2
1
1
1
1
0
-2
-1
0
-1
-2
-1
-1
-1
-1
-2
-1
0
-1
1
0
0
1
0
-1
-1
-3
-5
-3
-2
0
1
3
3
2
-1
-2
-2
-3
-3
-3
-4
-4
-4
-2
1
2
1
-1
0
0
-2
-3
-4
-2
-1
-3
-3
-2
-2
0
2
3
3
1
1
2
0
-1
0
1
0
1
3
4
4
3
3
3
4
4
5
6
8
6
5
4
3
1
2
3
5
4
2
2
3
3
3
4
5
3
1
-1
1
1
-1
-2
-1
1
-1
0
0
1
0
-2
-1
-3
-4
-6
-4
-2
-4
-3
-2
-2
-2
-1
0
0
2
1
0
-1
-2
-4
-4
-3
-4
-3
-3
-3
-2
-1
-1
-3
-1
1
1
2
3
4
2
2
-2
-2
-2
-2
-2
-2
-1
-2
-1
-2
-2
-2
-2
-2
-2
-3
-2
-2
-3
-4
-2
-3
-2
-2
2
2
0
0
-1
-2
-4
-3
-2
1
1
2
1
-2
-2
-1
0
1
1
1
1
1
-1
-1
1
2
3
4
4
1
-1
2
3
3
4
4
5
2
1
0
3
1
1
2
2
1
2
1
2
1
0
1
1
1
0
1
1
-1
-1
0
1
0
0
1
1
-1
0
3
3
3
3
3
1
1
1
3
5
6
4
2
2
-1
-2
-1
2
3
1
2
1
1
2
2
3
4
2
0
1
0
2
1
2
-1
-2
-5
-4
-4
-3
-2
-1
0
-2
-1
-2
-2
-1
-1
0
1
-1
-4
-4
-3
-2
-1
1
3
3
0
-1
-2
-4
-5
-2
1
3
1
-1
-2
-2
-3
-3
-2
-2
-5
-6
-5
-4
-4
-5
-2
-2
-3
-4
-3
-2
-3
-3
0
0
-1
-3
-5
-5
-5
-5
-3
-2
1
2
0
-3
-2
-3
-3
-1
0
1
1
1
1
-1
-1
-1
2
3
4
6
6
6
2
4
4
6
6
5
3
1
1
0
-1
1
3
4
6
5
4
2
-1
-1
-1
0
0
1
1
0
-1
0
1
3
5
6
4
2
0
0
2
3
5
5
3
0
1
0
0
0
0
1
1
-1
-1
-1
1
0
1
4
2
1
0
1
-1
-3
-5
-3
-2
-2
0
0
-1
-1
-3
-1
0
0
0
1
0
-1
-3
-3
-4
-2
-2
-2
-1
0
-1
-3
-4
-2
-1
1
2
2
3
2
0
0
-2
0
-3
-2
0
0
0
1
1
3
4
3
4
3
1
-1
0
0
0
2
2
2
1
0
-1
-1
0
-2
-1
-1
-3
-1
-2
-3
-3
-2
0
-2
-3
-2
-3
-3
-4
-4
-3
-3
-5
-5
-3
-4
-4
-4
-1
-2
-2
-3
-1
-3
-4
-4
-4
-2
-4
-2
1
1
-1
-3
-2
-2
0
1
2
2
0
0
2
2
2
4
4
3
4
3
5
4
4
5
4
5
6
5
4
4
3
3
3
4
2
1
1
1
1
-1
0
-1
-1
0
1
4
4
3
1
1
0
-1
0
0
1
0
0
0
0
0
1
2
4
3
1
1
2
2
1
1
3
3
1
1
0
0
-1
1
4
2
3
1
2
1
1
1
2
3
0
-1
-2
0
-2
-1
0
2
1
0
-1
-1
-2
-3
1
1
2
0
-1
-3
-3
-5
-5
-4
-1
0
-1
0
0
-2
-4
-2
-3
-4
-5
-3
-5
-6
-6
-4
-3
-3
-4
-4
-1
-5
-6
-5
-5
-5
-6
-5
-4
-4
-6
-5
-1
-2
-4
-3
-1
-2
-3
-3
-1
0
-1
-2
1
1
0
1
0
1
0
0
-1
0
2
2
2
3
2
-1
-1
2
5
7
9
9
8
5
5
5
5
4
5
4
3
3
1
1
1
2
3
5
5
5
5
3
4
3
5
4
4
4
4
2
2
2
1
1
0
-1
0
-1
-1
-1
0
1
1
2
2
-1
-4
-2
-3
-3
-1
-1
-1
-1
0
-2
-4
-4
-5
-4
-1
2
4
2
2
3
1
2
1
3
3
0
-3
-3
-3
-1
2
3
3
1
-1
-4
-3
-2
2
3
5
5
3
-1
-1
-1
-3
-2
-1
-2
-5
-5
-6
-7
-6
-4
-2
-1
-1
-3
-4
-5
-4
-3
-2
-1
-1
-1
-6
-5
-6
-5
-2
-3
-2
-2
-4
-1
-1
-1
-2
-1
1
1
2
2
-1
-1
-1
-4
-2
-1
2
3
3
0
-1
-1
0
0
1
4
2
1
0
1
1
3
4
4
4
2
-1
-2
-3
1
1
1
4
4
5
6
6
8
7
6
5
5
5
4
5
7
8
5
6
5
5
5
3
5
6
1
2
2
3
3
2
1
1
2
0
2
5
4
-2
-1
-7
-9
-10
-8
-2
-2
1
0
-4
-5
-9
-8
-6
-6
1
-3
-1
-3
-5
-5
-6
-5
-5
-5
-3
-5
-7
-3
-2
1
2
0
2
-2
-3
-1
-1
-2
0
0
2
2
1
2
4
3
0
-2
1
-2
0
0
2
2
2
4
1
1
-1
-2
1
1
2
2
-1
3
2
4
3
3
3
-1
2
-1
0
0
-4
-3
-4
-4
-4
-3
-1
3
0
2
-1
-5
-5
-7
-6
-3
-5
-2
-3
-8
-6
-7
-6
-6
-7
-2
-10
-7
-9
-8
1
-3
2
4
1
3
-2
1
5
1
6
4
8
6
1
8
9
8
13
13
13
14
8
13
11
11
14
14
19
14
13
17
13
12
14
14
17
10
7
5
5
4
1
5
6
3
2
-1
-3
-4
-7
-3
-5
-5
-8
-13
-12
-14
-13
-16
-16
-19
-18
-21
-21
-19
-22
-20
-20
-19
-18
-18
-19
-20
-18
-16
-17
-14
-13
-13
-9
-15
-10
-12
-9
-5
-4
1
0
3
4
4
9
7
8
11
10
14
16
13
14
17
15
17
14
17
20
17
20
21
19
19
21
22
21
22
26
22
22
21
17
14
10
9
10
10
9
7
3
4
2
-4
0
-6
-3
-7
-13
-12
-16
-16
-15
-17
-10
-17
-18
-19
-26
-22
-30
-29
-25
-28
-21
-30
-31
-29
-34
-25
-27
-24
-19
-24
-22
-20
-19
-16
-20
-12
-15
-9
-2
-5
-1
6
1
3
0
7
10
16
13
19
18
24
24
24
31
30
34
37
34
40
33
36
40
34
44
41
43
44
37
43
37
36
43
37
35
29
28
24
19
16
17
12
11
4
-7
-7
-15
-14
-19
-16
-23
-26
-34
-35
-36
-42
-46
-49
-44
-49
-49
-51
-62
-54
-67
-68
-53
-61
-60
-49
-50
-52
-48
-48
-41
-41
-36
-30
-21
-18
-17
-14
-8
-12
-1
-2
1
20
16
13
34
28
38
36
34
49
37
55
54
58
58
55
61
64
56
63
55
58
56
51
56
61
56
47
42
46
44
31
36
41
28
27
20
19
19
5
3
-1
-5
-7
-19
-18
-14
-29
-36
-38
-40
-42
-41
-37
-46
-47
-54
-63
-66
-56
-69
-62
-66
-79
-66
-77
-69
-63
-64
-56
-60
-56
-47
-65
-40
-53
-45
-33
-42
-22
-21
-13
-14
-13
0
-7
7
12
15
33
32
39
38
57
50
56
65
66
77
69
66
76
73
85
87
86
90
88
84
76
85
85
78
83
83
78
73
65
56
52
46
43
37
29
29
8
7
-3
-11
-15
-16
-17
-31
-41
-47
-63
-64
-71
-74
-67
-78
-80
-81
-99
-93
-96
-95
-98
-86
-93
-91
-86
-97
-81
-88
-71
-96
-83
-72
-82
-64
-61
-70
-47
-49
-48
-31
-42
-11
-35
-10
1
-4
25
3
24
23
22
37
33
44
54
55
80
59
73
81
60
86
77
79
89
89
103
77
85
84
85
92
95
91
87
80
69
68
62
71
66
69
72
58
45
48
33
23
9
5
25
2
2
1
-28
-17
-39
-31
-35
-62
-33
-74
-57
-72
-76
-74
-79
-68
-98
-78
-77
-90
-85
-100
-73
-93
-87
-75
-87
-75
-87
-93
-72
-81
-57
-56
-74
-42
-53
-34
-35
-22
-16
-16
-8
-4
5
10
18
12
36
48
48
51
57
63
67
72
76
69
90
96
88
113
102
108
112
76
109
92
94
116
94
103
101
91
82
84
67
79
72
67
59
44
25
24
11
16
9
-8
12
-27
-26
-54
-58
-48
-64
-56
-71
-69
-97
-112
-115
-104
-108
-117
-106
-147
-124
-133
-157
-120
-146
-122
-132
-138
-98
-140
-107
-92
-140
-68
-120
-89
-68
-97
-32
-74
-34
-38
-38
-30
-16
16
24
28
52
53
30
60
47
79
76
81
104
76
108
111
81
129
122
138
143
138
158
121
135
159
141
162
146
137
146
130
112
111
105
105
108
89
98
80
60
91
55
64
40
7
40
-17
-16
-21
-42
-24
-48
-71
-63
-94
-89
-115
-134
-91
-145
-125
-119
-155
-146
-155
-182
-144
-185
-167
-154
-161
-158
-157
-153
-134
-151
-136
-134
-112
-98
-95
-107
-39
-85
-62
-41
-53
8
-19
7
22
5
40
22
58
94
66
111
122
100
152
101
142
164
154
206
164
168
189
146
166
193
139
197
174
145
183
95
178
143
109
176
78
125
91
38
85
39
47
50
-5
39
-21
-29
-12
-78
-32
-83
-69
-66
-78
-115
-105
-148
-114
-148
-169
-108
-187
-166
-176
-177
-184
-190
-199
-157
-217
-174
-203
-224
-146
-218
-164
-162
-164
-172
-150
-126
-124
-120
-126
-60
-97
-30
-64
-65
4
-50
22
7
22
79
57
89
98
97
95
112
129
167
136
192
178
178
192
184
223
240
193
247
240
205
232
192
202
257
201
227
194
211
175
122
164
143
131
146
72
123
76
19
65
-28
29
-19
-70
2
-83
-60
-67
-171
-65
-148
-120
-87
-204
-128
-219
-211
-153
-269
-141
-220
-188
-186
-242
-178
-216
-207
-186
-222
-172
-215
-212
-133
-209
-132
-179
-120
-118
-83
-95
-64
-48
-75
-29
-23
53
-35
24
71
24
133
51
127
142
120
126
138
135
214
153
194
222
185
188
151
187
193
158
202
226
185
232
198
200
158
168
174
130
181
142
99
127
71
90
56
91
80
21
37
4
-5
-40
-32
-15
-65
-73
-64
-127
-138
-128
-188
-146
-178
-208
-190
-233
-170
-261
-209
-204
-223
-173
-264
-209
-211
-255
-224
-212
-216
-229
-197
-218
-160
-210
-176
-142
-171
-68
-195
-109
-57
-103
-22
-61
-12
30
-54
79
29
58
90
60
123
132
138
147
188
186
274
211
239
305
169
310
211
227
345
133
318
249
185
332
150
307
255
178
307
165
158
254
89
230
179
77
159
69
111
30
-21
78
40
-64
79
-72
14
-62
-136
3
-137
-94
-37
-207
-97
-137
-232
-134
-245
-161
-229
-260
-229
-242
-236
-210
-184
-274
-153
-253
-221
-285
-249
-233
-225
-202
-226
-224
-182
-193
-190
-169
-188
-86
-88
-89
-118
-67
-73
-87
67
-133
85
35
64
187
-4
204
104
151
235
156
239
218
135
280
174
225
343
167
384
263
276
276
165
267
249
182
360
180
238
237
58
197
161
82
235
76
86
114
-30
64
-42
17
43
-68
22
-62
-125
-29
-269
-117
-143
-209
-140
-282
-143
-248
-247
-259
-274
-231
-256
-244
-186
-178
-301
-245
-277
-340
-219
-313
-266
-186
-252
-191
-206
-221
-70
-252
-10
-92
-109
38
-243
85
-149
23
113
-66
206
12
152
151
29
302
127
236
259
225
363
186
334
258
227
341
291
336
466
362
348
369
228
346
244
256
463
167
341
294
157
326
164
282
217
133
198
109
16
87
-130
-32
-36
-145
17
-202
-186
-81
-326
-205
-237
-361
-247
-340
-355
-371
-426
-431
-381
-584
-278
-466
-321
-346
-422
-315
-452
-360
-252
-466
-269
-298
-430
-147
-439
-215
-262
-178
-35
-209
-102
-57
-137
-11
-73
-68
312
-72
259
169
-17
377
80
262
226
268
497
167
508
319
343
471
346
394
534
340
484
418
289
509
396
386
447
468
341
354
333
421
251
328
310
141
294
99
139
154
-8
-19
42
-121
14
57
-242
48
-122
-293
-215
-361
-220
-367
-326
-228
-406
-422
-334
-490
-288
-481
-450
-398
-525
-405
-492
-540
-419
-352
-473
-229
-443
-324
-380
-535
-303
-489
-197
-168
-180
23
-238
-113
28
-228
61
76
-57
265
-36
114
119
42
438
-39
369
466
82
493
285
374
523
408
587
372
457
586
327
466
442
440
588
561
442
585
440
376
508
261
440
357
335
384
172
253
56
82
160
-24
48
-38
-125
-44
-273
-62
-257
-185
-203
-351
-317
-347
-247
-637
-389
-583
-613
-422
-545
-542
-477
-460
-574
-546
-552
-663
-455
-525
-521
-647
-402
-360
-619
-198
-597
-551
-71
-470
-267
-255
-317
-19
-17
58
-39
-16
133
71
51
358
61
413
387
217
581
379
543
429
594
632
468
661
732
700
919
685
765
767
684
824
633
736
675
529
638
597
392
361
486
338
547
266
300
343
-36
115
-34
-40
27
-282
-86
-343
-515
-205
-641
-435
-435
-654
-339
-721
-468
-752
-761
-572
-866
-486
-605
-940
-607
-714
-1031
-550
-1081
-552
-609
-903
-105
-1016
-285
-547
-966
-108
-475
-269
35
-645
21
-353
-555
151
-350
428
173
12
381
-42
166
480
513
654
727
485
821
387
547
915
390
1263
833
693
1185
641
823
1070
814
1241
993
819
1027
433
870
416
515
524
136
383
249
-147
116
-198
-204
-13
-474
6
-388
-489
-116
-719
-516
-291
-551
-513
-513
-799
-677
-858
-514
-776
-727
-475
-999
-536
-710
-897
-511
-641
-776
-210
-692
-627
-547
-718
-426
-657
-331
-302
-417
-14
-442
-193
18
14
-3
183
185
203
-4
373
514
318
531
705
346
663
774
446
765
575
883
989
630
803
937
714
1032
1010
711
965
639
737
637
123
626
275
61
562
154
112
-52
55
9
-520
-96
-65
-705
-74
-296
-649
-124
-550
-489
-427
-561
-485
-579
-771
-593
-576
-589
-541
-659
-152
-963
-422
-458
-1213
-106
-708
-660
-34
-798
-243
-303
-609
68
-441
-248
-198
-12
-7
-483
89
-104
-336
425
-8
87
751
172
421
677
71
608
484
502
900
631
971
553
794
942
540
1207
1004
693
1252
685
540
757
295
653
435
495
341
-41
239
-150
-435
-196
-451
-318
-466
-504
-355
-682
-357
-532
-466
-517
-864
-53
-820
-649
-346
-1020
-271
-666
-744
-566
-923
-442
-804
-740
-348
-848
-326
-535
-365
-258
-497
-235
-380
-310
-233
-306
-191
-32
-314
-36
93
-381
327
194
174
671
466
770
439
453
723
254
824
1129
520
1169
953
839
918
769
1215
948
1204
1360
778
921
822
535
589
265
457
374
25
129
-275
-469
-620
-467
-328
-696
-506
-733
-823
-814
-852
-800
-908
-351
-658
-673
-674
-1008
-784
-896
-711
-307
-869
-549
-473
-918
-540
-876
-414
-453
-434
-111
-590
-642
-252
-426
-482
-47
-89
-81
96
250
-35
122
204
222
777
802
923
1132
744
804
1017
690
970
1501
1377
1531
1729
1334
1058
1279
1138
1326
1426
1331
1321
942
617
456
272
-65
254
192
-247
-372
-608
-1099
-1235
-967
-1065
-1247
-1077
-1052
-1407
-1454
-1500
-1136
-1068
-811
-661
-1088
-1223
-1076
-1154
-1401
-868
-749
-825
-684
-815
-1063
-991
-607
-476
-146
-185
-535
-308
-691
-853
-229
-185
-298
421
265
-298
256
144
-63
1103
1276
1160
1242
1077
990
1072
1203
1243
1863
2148
1729
2138
1571
975
1832
1610
1781
2224
1724
1365
1029
820
626
479
644
547
403
-55
-735
-908
-1218
-1167
-892
-1177
-1317
-1333
-1629
-1715
-1579
-1531
-1400
-1119
-895
-1134
-1364
-1204
-1184
-1160
-762
-832
-822
-743
-1040
-1103
-1148
-984
-739
-579
-216
-360
-559
-548
-809
-557
-301
-327
-24
62
-288
-54
-244
-78
744
1010
1327
1341
1031
885
1078
1349
1361
2225
2403
2108
2472
1846
1427
1924
1943
2077
2403
2091
1382
1305
967
394
757
643
281
346
-159
-866
-1175
-1287
-1278
-1176
-978
-1328
-1587
-1627
-1919
-1919
-1669
-1526
-1336
-1277
-1434
-1615
-1735
-1573
-1214
-1081
-787
-811
-1011
-1114
-1214
-1067
-941
-741
-429
-495
-700
-693
-756
-659
-590
-418
-309
-358
-270
-74
-357
295
907
984
1376
1216
1083
1128
1281
1659
1867
2186
2474
2288
2499
1948
1988
2315
2117
2657
2433
1919
1704
1403
1064
828
810
664
188
90
-522
-1162
-1236
-1452
-1433
-1338
-1349
-1634
-1788
-1841
-1872
-1740
-1724
-1496
-1238
-1255
-1404
-1507
-1413
-1388
-1117
-872
-982
-942
-1005
-1084
-989
-722
-551
-506
-84
-222
-554
-552
-677
-482
-389
-211
-168
-161
-149
-232
566
841
976
1438
1021
1035
1449
1343
1397
1992
2520
2355
2476
2227
1896
2319
2340
2541
2616
2321
1834
1462
1226
752
672
538
172
113
-555
-1298
-1507
-1719
-1740
-1711
-1735
-1903
-2110
-2077
-2209
-2247
-1909
-1867
-1626
-1399
-1659
-1677
-1555
-1489
-1215
-982
-1123
-1021
-936
-1033
-896
-791
-747
-484
-262
-466
-644
-461
-528
-383
-200
-302
-200
-115
-151
459
958
1170
1287
1163
1202
1384
1757
1884
1960
2510
2685
2442
2546
2252
2373
2887
3040
3067
2626
2256
1880
1639
1509
1139
881
548
64
-350
-967
-1378
-1581
-1767
-1697
-1840
-2103
-2367
-2395
-2330
-2321
-2186
-2210
-2155
-1893
-1877
-1874
-1817
-1652
-1527
-1367
-1357
-1497
-1331
-1263
-1227
-1074
-935
-788
-621
-570
-641
-735
-712
-637
-446
-220
-193
-258
-101
718
949
1201
1240
1367
1478
1596
2110
1970
2214
2917
2933
2838
2903
2623
2775
3123
3343
3112
2792
2508
2114
2082
1589
1162
975
542
193
-185
-903
-1446
-1492
-1562
-1892
-1963
-2106
-2416
-2318
-2221
-2283
-2288
-2248
-2140
-1908
-1888
-1965
-1911
-1978
-1797
-1668
-1646
-1508
-1467
-1332
-1441
-1385
-1115
-1070
-810
-805
-943
-990
-992
-984
-817
-588
-413
-546
151
662
520
954
813
990
1362
1854
2038
2104
2809
2874
2811
3132
2662
2901
3279
3295
3492
3033
2731
2400
2323
2107
1603
1430
995
510
412
-319
-817
-1113
-1375
-1520
-1821
-1860
-2135
-2179
-1974
-2064
-2085
-2075
-2126
-1883
-1722
-1692
-1759
-1692
-1649
-1652
-1486
-1482
-1461
-1240
-1215
-1328
-1211
-1150
-1107
-1007
-1056
-1070
-1073
-959
-1012
-1063
-862
-865
-75
437
423
453
493
511
975
1485
1748
1896
2476
2657
2512
2622
2510
2900
3180
3281
3055
2686
2472
2188
2212
2043
1511
1332
859
376
276
-307
-899
-1015
-1209
-1531
-1854
-1923
-2095
-1976
-1715
-1920
-1908
-1873
-1899
-1533
-1403
-1475
-1467
-1380
-1320
-1179
-1053
-1238
-1072
-996
-1126
-1045
-876
-728
-646
-760
-868
-982
-969
-854
-727
-596
-640
-47
479
624
595
487
536
684
1303
1492
1604
2195
2277
2282
2625
2533
2638
2962
3145
3008
2648
2347
1969
2059
1927
1393
1078
689
172
75
-193
-893
-1315
-1374
-1578
-1748
-1797
-2180
-2296
-1985
-1984
-1999
-1965
-1861
-1790
-1497
-1457
-1653
-1694
-1745
-1440
-1150
-1092
-1232
-1189
-1143
-1152
-971
-647
-536
-436
-545
-847
-948
-886
-776
-393
-214
-112
647
810
673
721
890
1062
1556
2005
1607
1939
2298
1999
2414
2627
2630
3002
3103
2877
2440
2385
2019
1948
2172
1365
938
659
127
-9
-59
-556
-1166
-1465
-1710
-2077
-1963
-2041
-2319
-2071
-2008
-2051
-2131
-2041
-1934
-1649
-1475
-1593
-1662
-1555
-1424
-1234
-1076
-1028
-998
-959
-939
-978
-569
-430
-514
-460
-546
-690
-525
-509
-401
-391
-124
794
1054
1228
832
1017
1074
1470
1886
1806
2093
2510
2429
2493
2454
2493
2900
3014
3101
2468
2253
1892
1905
1942
1484
954
565
235
-84
-250
-781
-1410
-1671
-1690
-2016
-2083
-2307
-2492
-2402
-2205
-2209
-2260
-2145
-1931
-1915
-1729
-1753
-1778
-1506
-1367
-1330
-1332
-1338
-1179
-1021
-908
-686
-536
-446
-448
-436
-517
-629
-495
-422
-291
-165
46
982
1320
1270
1119
1160
1308
1593
2056
1846
2247
2700
2520
2558
2642
2665
2869
3097
3114
2544
2341
2016
1822
1895
1292
738
355
23
-395
-585
-916
-1575
-1924
-2130
-2383
-2377
-2395
-2551
-2624
-2530
-2510
-2531
-2287
-2060
-1934
-1869
-1989
-1999
-1759
-1509
-1352
-1295
-1242
-1291
-1202
-1101
-877
-424
-231
-242
-315
-371
-439
-205
-64
0
26
382
1288
1617
1523
1125
1243
1558
2074
2453
2358
2510
2813
2889
2926
2881
2898
3109
3352
3380
2721
2149
1820
1853
1907
1455
831
277
-58
-230
-387
-851
-1528
-1792
-1898
-2016
-2197
-2529
-2708
-2765
-2616
-2686
-2714
-2504
-2298
-2168
-1933
-2142
-2344
-2255
-1826
-1569
-1612
-1686
-1701
-1476
-1286
-1086
-833
-573
-529
-639
-732
-711
-436
-291
-169
-32
347
1174
1438
1504
1389
1556
1900
2284
2700
2487
2752
3076
3043
3282
3335
3170
3251
3381
3445
2895
2693
2374
2167
2123
1477
922
439
150
-33
-359
-902
-1460
-1667
-1705
-2006
-2120
-2575
-2945
-2882
-2773
-2720
-2742
-2609
-2391
-2278
-2181
-2339
-2432
-2261
-2116
-1991
-2162
-2146
-1998
-1815
-1594
-1373
-1147
-1058
-961
-895
-961
-917
-668
-453
-229
-274
215
1287
1587
1714
1399
1445
1662
2210
2729
2475
2903
3115
2986
3361
3439
3425
3602
3657
3592
3014
2874
2462
2297
2324
1693
1188
591
258
145
-114
-734
-1458
-1647
-1648
-1791
-1917
-2365
-2694
-2644
-2498
-2419
-2449
-2405
-2265
-2147
-2070
-2189
-2215
-2100
-1837
-1747
-1978
-2041
-1903
-1772
-1670
-1468
-1268
-1086
-1076
-1122
-1112
-1072
-845
-821
-469
-461
199
1156
1341
1201
948
1260
1484
2200
2529
2365
2758
2913
2844
3328
3364
3507
3457
3613
3448
2909
2793
2427
2467
2058
1369
954
478
330
252
-151
-769
-1458
-1575
-1661
-1672
-1986
-2412
-2520
-2429
-2313
-2258
-2274
-2248
-2054
-1955
-1942
-2082
-2027
-1918
-1603
-1689
-1831
-1849
-1596
-1491
-1504
-1502
-1399
-1160
-1125
-1022
-1178
-1189
-1073
-859
-707
-663
343
932
1136
1068
790
1150
1680
2257
2278
2193
2724
2622
2895
3317
3127
3320
3437
3541
3285
3042
2815
2405
2476
1907
1257
975
504
378
178
-357
-1101
-1487
-1441
-1619
-1616
-2034
-2497
-2411
-2331
-2305
-2229
-2211
-2043
-1982
-1920
-2058
-2043
-1964
-1737
-1502
-1734
-1875
-1780
-1594
-1463
-1305
-1194
-1025
-818
-880
-999
-1177
-978
-928
-678
-615
-262
671
1039
1004
605
849
1244
1965
2306
2048
2203
2627
2626
2905
3022
3016
3160
3274
3329
2975
2838
2419
2357
2221
1567
1098
658
376
314
-147
-832
-1489
-1515
-1458
-1628
-1863
-2431
-2603
-2376
-2194
-2072
-2121
-2063
-1839
-1736
-1648
-1793
-1705
-1650
-1395
-1310
-1590
-1647
-1509
-1198
-1076
-1013
-940
-780
-537
-540
-743
-839
-834
-648
-313
-384
407
1038
1187
968
878
1099
1281
2128
2235
2067
2534
2373
2429
2946
2919
2882
2753
3020
2799
2701
2625
2093
2065
1626
998
601
294
74
-172
-600
-1281
-1784
-1644
-1810
-1946
-2268
-2614
-2601
-2421
-2245
-2158
-2094
-2035
-1953
-1806
-1622
-1490
-1451
-1448
-1309
-1445
-1579
-1484
-1210
-1083
-1045
-956
-844
-545
-508
-526
-630
-640
-582
-499
-375
-125
900
1362
1289
966
986
1422
1904
2377
2221
2186
2739
2647
2801
2945
2858
2959
2941
3146
2809
2578
2435
2077
1908
1210
672
350
115
18
-435
-917
-1515
-1758
-1730
-1985
-2273
-2578
-2587
-2593
-2485
-2298
-2337
-2199
-2010
-1917
-1700
-1600
-1481
-1420
-1249
-1263
-1492
-1523
-1344
-1147
-1025
-982
-882
-683
-525
-566
-579
-710
-730
-695
-289
-205
405
1266
1427
1313
1066
1256
1607
2259
2475
2218
2436
2642
2690
3084
3031
3013
3019
3066
3034
2672
2565
2087
1923
1597
997
509
128
-144
-486
-779
-1246
-1744
-1873
-2049
-2243
-2508
-2614
-2710
-2707
-2423
-2267
-2170
-2064
-2017
-1863
-1690
-1522
-1468
-1400
-1203
-1282
-1348
-1399
-1203
-1108
-1007
-845
-770
-612
-583
-548
-650
-683
-756
-631
-398
124
1156
1568
1461
1080
1140
1470
2032
2513
2342
2289
2709
2687
2895
2965
2878
2804
2876
3063
2633
2598
2232
1881
1747
1167
560
262
57
-212
-607
-1131
-1815
-2079
-2102
-2378
-2554
-2713
-2745
-2672
-2449
-2363
-2213
-2007
-1894
-1695
-1525
-1570
-1396
-1400
-1285
-1212
-1266
-1308
-1165
-923
-830
-658
-582
-479
-308
-321
-447
-457
-446
-476
-530
-181
942
1566
1608
1079
1114
1586
2103
2611
2487
2526
2732
2728
2982
3123
3163
3092
2991
3096
2767
2622
2337
1958
1751
1076
453
-64
-356
-496
-719
-1049
-1748
-2174
-2235
-2339
-2669
-2989
-3072
-2917
-2594
-2482
-2431
-2381
-2275
-2158
-1935
-1835
-1665
-1574
-1338
-1136
-1187
-1296
-1334
-1121
-940
-615
-479
-435
-387
-315
-382
-446
-470
-538
-351
-144
879
1800
2075
1624
1150
1456
2205
2785
2768
2616
3006
3040
2939
3045
3005
3291
3183
3039
2874
2613
2390
1966
1905
1480
542
8
-455
-566
-696
-1258
-1775
-2190
-2307
-2428
-2638
-2803
-3038
-3001
-2741
-2718
-2616
-2617
-2495
-2232
-1977
-1902
-1911
-1685
-1486
-1223
-1232
-1411
-1477
-1338
-1132
-923
-718
-542
-520
-442
-367
-444
-416
-588
-420
-221
582
1528
1926
1859
1349
1556
2060
2656
2891
2730
2930
3121
3068
3048
2969
3306
3303
3241
3212
2815
2683
2283
2134
1828
1135
492
-42
-205
-295
-786
-1268
-1773
-1932
-1992
-2307
-2609
-2908
-2812
-2562
-2400
-2323
-2392
-2301
-2181
-1979
-1871
-1846
-1780
-1576
-1374
-1325
-1541
-1677
-1631
-1371
-1192
-1050
-809
-648
-557
-503
-624
-742
-795
-765
-618
-314
579
1310
1650
1261
1014
1229
1724
2350
2567
2675
2960
3027
2801
2748
2955
3210
3070
3118
2933
2742
2426
2079
1888
1520
970
390
-6
-192
-317
-746
-1218
-1570
-1693
-1925
-2232
-2507
-2637
-2510
-2365
-2297
-2233
-2227
-2144
-1991
-1818
-1706
-1719
-1618
-1511
-1379
-1367
-1526
-1575
-1457
-1276
-1127
-990
-802
-581
-403
-464
-745
-839
-874
-669
-444
-196
524
1303
1712
1467
1201
1278
1695
2256
2507
2569
2789
2891
2829
2851
2825
2875
2846
3021
3028
2797
2346
2016
1713
1415
1036
528
9
-319
-491
-838
-1204
-1556
-1720
-1853
-2005
-2335
-2572
-2581
-2437
-2241
-2116
-2087
-2007
-1962
-1793
-1533
-1403
-1397
-1464
-1330
-1295
-1251
-1250
-1179
-1093
-1001
-940
-851
-570
-287
-227
-461
-661
-739
-583
-285
-127
286
995
1513
1579
1266
1114
1455
2024
2261
2191
2293
2633
2819
2697
2397
2415
2639
2772
2716
2503
2230
1933
1649
1444
1223
926
419
-103
-276
-415
-683
-1064
-1456
-1608
-1683
-1846
-2177
-2403
-2241
-1887
-1728
-1870
-2054
-1957
-1603
-1340
-1271
-1371
-1397
-1377
-1376
-1421
-1457
-1308
-1231
-1200
-1061
-959
-874
-739
-561
-471
-524
-550
-506
-305
-20
-36
1
346
932
1476
1498
1292
1155
1384
1694
1780
1800
1971
2220
2258
2075
1908
2047
2308
2476
2262
1937
1680
1427
1245
1088
843
526
157
-149
-284
-471
-741
-1095
-1305
-1377
-1377
-1416
-1571
-1730
-1725
-1620
-1577
-1680
-1743
-1575
-1265
-1049
-1163
-1313
-1328
-1161
-942
-994
-1136
-1074
-947
-763
-696
-605
-581
-644
-435
-225
4
145
63
-105
-24
297
397
386
805
1266
1442
1384
982
686
924
1416
1659
1541
1507
1602
1830
1883
1531
1323
1437
1685
1823
1629
1354
1157
1013
833
594
425
185
-12
-165
-292
-602
-866
-903
-822
-763
-932
-1209
-1354
-1257
-1116
-1091
-1255
-1481
-1574
-1495
-1247
-1126
-1235
-1264
-962
-757
-818
-1071
-1210
-945
-538
-300
-361
-401
-406
-314
-157
-228
-212
-84
212
356
288
83
13
160
261
363
606
820
893
878
798
783
830
938
934
982
1063
1150
1243
1273
1173
1194
1237
1124
988
973
1073
1161
984
593
251
72
97
79
-62
-346
-478
-516
-476
-521
-824
-1055
-1147
-1018
-794
-776
-970
-1173
-1126
-968
-1016
-1119
-929
-760
-560
-448
-735
-1045
-826
-382
-259
-433
-613
-576
-308
-174
-396
-419
-110
146
90
-150
-306
-247
-90
-113
-242
-25
157
134
207
423
685
631
372
224
498
924
1027
828
872
1065
1255
1141
884
926
1133
1295
1265
1102
1036
978
785
446
145
117
264
315
109
-155
-278
-234
-226
-395
-641
-770
-618
-504
-536
-503
-422
-339
-552
-726
-706
-520
-264
-357
-546
-383
-268
-400
-552
-529
-392
-370
-548
-672
-563
-418
-636
-854
-719
-421
-269
-487
-429
-236
-201
-365
-523
-636
-461
-93
336
547
470
350
176
255
396
544
765
970
1214
1321
1214
1000
852
874
958
1068
1179
1239
1184
993
686
466
281
330
411
385
277
81
-83
-144
-162
-229
-307
-409
-502
-351
-134
-117
-135
-414
-632
-613
-374
-292
-328
-606
-846
-633
-683
-1027
-1299
-1114
-805
-527
-693
-1101
-1156
-958
-938
-910
-906
-960
-618
-638
-678
-600
-423
-335
-282
-117
-2
90
147
145
437
790
861
886
758
821
926
872
849
941
1194
1420
1396
1218
1024
957
1160
1192
1055
952
832
793
738
607
465
305
218
155
164
75
56
55
-54
-235
-418
-387
-425
-388
-407
-502
-632
-611
-575
-721
-820
-881
-965
-892
-764
-1039
-1341
-1291
-917
-991
-1109
-973
-1023
-923
-951
-895
-773
-686
-423
-254
-77
-17
-195
-100
-121
125
260
186
495
625
710
862
944
1022
921
1019
1047
1092
1203
1084
1122
1073
975
1046
1082
1003
969
953
1010
948
831
619
500
549
507
448
310
181
86
29
-148
-359
-569
-660
-696
-645
-603
-812
-988
-961
-887
-887
-977
-1081
-1008
-952
-931
-1080
-1173
-1226
-1092
-1033
-1057
-1097
-979
-973
-913
-622
-563
-365
35
6
-128
57
45
-51
96
374
375
658
625
350
535
703
616
639
959
1183
1185
1117
912
894
930
742
838
1011
1175
1067
911
786
651
518
443
378
459
593
711
555
302
-4
-259
-360
-525
-587
-405
-151
-210
-493
-727
-875
-989
-1051
-1054
-907
-776
-642
-522
-503
-780
-1069
-1121
-914
-724
-559
-637
-364
-63
-84
-190
-514
-945
-953
-254
39
-101
185
589
711
436
-152
-347
99
507
502
566
741
872
725
329
-101
-30
370
773
1161
1169
911
819
576
322
167
278
538
827
1062
918
728
497
258
63
41
35
165
211
122
-47
-149
-259
-429
-541
-582
-510
-441
-467
-455
-380
-421
-507
-780
-885
-764
-691
-735
-736
-587
-292
-228
-307
-473
-463
-409
-510
-351
-170
-39
-76
-286
-271
-5
148
-83
-117
63
114
155
142
6
12
181
70
-80
56
84
206
328
106
142
361
597
577
398
404
481
545
308
96
342
516
556
603
683
712
543
301
135
92
73
19
22
144
242
183
79
-85
-246
-415
-518
-432
-305
-184
-134
-83
-117
-203
-246
-394
-501
-384
-144
121
296
109
-82
-162
-155
-238
-439
-328
0
214
31
-293
-274
-171
-289
-538
-571
-243
29
-156
-323
-329
-560
-735
-684
-419
-65
160
378
517
534
308
69
40
86
192
447
773
922
832
645
591
494
391
396
507
672
713
650
557
353
76
-139
-192
-60
2
42
47
-31
-85
-202
-346
-355
-232
-132
-88
-69
-39
-65
-152
-192
-99
27
75
-20
-104
-273
-501
-654
-614
-550
-541
-576
-589
-565
-645
-708
-810
-729
-584
-577
-794
-866
-754
-751
-736
-712
-554
35
556
589
398
355
381
301
234
242
629
1143
1403
1419
1393
1233
957
806
750
702
782
876
955
904
651
377
191
15
-205
-357
-321
-155
-80
-36
17
2
-115
-262
-343
-294
-236
-187
-6
152
115
-23
-127
-298
-547
-669
-723
-711
-698
-664
-832
-973
-953
-929
-978
-931
-821
-892
-1006
-1093
-1227
-1376
-1352
-1003
-356
398
847
907
840
614
279
159
317
758
1304
1780
2068
2006
1699
1272
1047
945
969
1183
1401
1512
1397
1122
670
294
41
-114
-197
-243
-403
-484
-370
-218
-214
-277
-330
-341
-358
-330
-299
-280
-207
-50
108
93
-29
-253
-439
-573
-722
-914
-964
-1009
-1181
-1257
-1215
-1242
-1325
-1435
-1426
-1363
-1395
-1470
-1431
-1371
-1381
-1137
-630
-34
527
888
982
978
941
819
678
747
1051
1503
1926
2088
2057
1944
1797
1556
1195
871
807
858
770
663
449
187
40
-43
-250
-503
-660
-677
-507
-322
-184
-145
-85
-8
24
0
-80
-128
-73
67
175
224
242
96
-166
-423
-735
-945
-1186
-1427
-1615
-1614
-1408
-1289
-1245
-1341
-1475
-1718
-1870
-2029
-2031
-1772
-1139
-184
616
1095
1207
1198
1142
1079
930
880
1163
1783
2251
2401
2359
2246
2078
1798
1369
900
681
666
703
610
427
157
-26
-210
-503
-761
-875
-849
-694
-516
-303
-100
35
102
179
266
283
310
266
259
250
345
379
330
85
-245
-532
-859
-1285
-1718
-1934
-1984
-1796
-1568
-1406
-1377
-1460
-1672
-1914
-2173
-2293
-2019
-1218
-88
732
1169
1230
1337
1402
1234
1005
962
1312
1847
2268
2395
2359
2280
2123
1765
1268
724
366
239
148
-35
-209
-274
-355
-477
-585
-720
-821
-909
-998
-930
-704
-372
4
271
434
597
692
614
387
262
239
315
322
231
132
-84
-404
-822
-1291
-1571
-1781
-1856
-1822
-1689
-1589
-1550
-1494
-1541
-1684
-1930
-1846
-1297
-381
371
984
1371
1746
2028
1878
1568
1350
1481
1736
1877
2001
2018
2058
2076
1809
1359
740
350
46
-246
-500
-718
-761
-715
-779
-902
-1027
-1114
-1177
-1241
-1159
-943
-608
-228
32
339
630
731
700
601
627
658
612
384
136
4
-160
-387
-690
-1009
-1259
-1517
-1637
-1661
-1634
-1567
-1530
-1436
-1419
-1462
-1610
-1538
-1180
-493
253
925
1507
1892
2315
2366
2275
2000
1906
1954
2032
2067
2069
2070
2060
1905
1525
1061
522
107
-337
-607
-890
-1028
-1044
-944
-854
-911
-1033
-1082
-1157
-1104
-952
-700
-448
-213
57
279
388
424
447
498
573
452
314
16
-241
-496
-759
-1024
-1275
-1461
-1622
-1765
-1865
-1873
-1770
-1655
-1635
-1608
-1601
-1690
-1675
-1294
-524
411
1080
1709
2063
2463
2648
2480
2210
2006
2078
2089
2020
2002
1995
2157
2105
1694
1237
717
373
-71
-528
-862
-1064
-1099
-1177
-1167
-959
-868
-860
-1001
-1001
-796
-696
-628
-468
-177
200
427
554
573
558
624
550
337
-61
-403
-606
-888
-1194
-1456
-1622
-1695
-1839
-1940
-1945
-1799
-1672
-1634
-1628
-1608
-1597
-1662
-1411
-908
-23
743
1388
1914
2388
2866
2747
2564
2251
2189
2235
2084
1972
1918
2000
2070
1812
1459
1051
618
311
-70
-432
-789
-1013
-1089
-1031
-897
-782
-720
-567
-478
-430
-430
-440
-399
-353
-94
236
384
420
528
707
769
515
184
-175
-447
-849
-1286
-1681
-1981
-2174
-2293
-2342
-2266
-2081
-1943
-1797
-1726
-1720
-1738
-1825
-1852
-1527
-922
-63
614
1360
2005
2643
3047
2858
2617
2331
2254
2048
1847
1796
1862
1890
1881
1664
1497
1215
867
511
82
-263
-731
-1043
-1155
-1066
-899
-709
-542
-318
-114
86
141
110
131
205
324
306
281
366
597
789
817
643
342
22
-464
-1015
-1505
-1917
-2220
-2466
-2562
-2521
-2376
-2172
-2025
-1851
-1650
-1592
-1731
-1931
-1992
-1744
-1233
-413
275
1112
1891
2468
2853
2774
2628
2387
2261
2041
1730
1554
1516
1493
1507
1382
1332
1165
937
636
243
-201
-632
-967
-1094
-1014
-823
-653
-482
-158
166
391
388
343
350
406
365
351
306
450
623
780
804
786
674
412
-10
-569
-1178
-1761
-2229
-2550
-2629
-2597
-2381
-2158
-1841
-1560
-1380
-1397
-1480
-1630
-1764
-1630
-1302
-633
45
779
1544
2238
2813
2830
2664
2464
2307
2005
1429
1069
998
1032
937
780
826
927
830
580
244
-98
-488
-869
-1125
-1133
-1011
-861
-716
-339
117
382
428
449
602
703
603
412
302
424
524
572
542
609
704
569
218
-264
-749
-1321
-1886
-2275
-2438
-2497
-2491
-2297
-1850
-1388
-1098
-1019
-992
-995
-1114
-1334
-1276
-893
-290
273
955
1723
2416
2820
2782
2721
2592
2296
1678
1080
755
606
477
424
460
655
767
694
542
356
27
-474
-905
-1161
-1239
-1239
-1080
-814
-314
51
265
418
545
732
700
511
317
212
180
117
86
146
285
327
129
-79
-369
-834
-1453
-1936
-2189
-2347
-2486
-2462
-2061
-1553
-1152
-948
-683
-437
-396
-616
-848
-702
-383
75
517
1155
1845
2367
2650
2732
2777
2729
2423
1948
1411
1044
688
302
93
139
327
450
523
506
475
210
-198
-654
-883
-1058
-1167
-1167
-1025
-686
-419
-213
14
311
515
503
398
299
206
61
-137
-195
-187
-134
-174
-248
-370
-592
-974
-1327
-1618
-1830
-2029
-2172
-2111
-1807
-1447
-1182
-855
-514
-212
-143
-217
-307
-129
78
412
793
1231
1715
2136
2452
2625
2709
2660
2431
2129
1669
1222
815
439
304
213
172
142
154
186
200
32
-215
-475
-695
-890
-1063
-1212
-1233
-1080
-861
-674
-432
-193
-31
65
65
100
57
-64
-169
-237
-272
-355
-431
-463
-506
-657
-821
-989
-1136
-1304
-1480
-1626
-1626
-1521
-1339
-1115
-791
-487
-194
-23
84
44
66
275
480
776
1001
1433
1819
2167
2335
2398
2455
2330
2092
1712
1333
1061
775
612
422
347
222
219
246
231
107
-122
-324
-542
-767
-1031
-1215
-1285
-1256
-1214
-1101
-915
-680
-489
-284
-182
-49
-126
-174
-218
-230
-268
-376
-419
-492
-492
-577
-721
-836
-894
-989
-1112
-1194
-1227
-1145
-1083
-964
-764
-505
-268
-94
77
175
180
164
279
511
764
1030
1382
1808
2214
2396
2482
2461
2466
2296
1995
1671
1354
989
658
430
337
314
303
274
218
133
-109
-342
-591
-771
-991
-1164
-1334
-1351
-1324
-1277
-1162
-983
-739
-541
-407
-358
-293
-248
-218
-241
-372
-489
-570
-613
-613
-721
-805
-824
-863
-958
-1059
-1073
-1084
-1084
-1108
-1026
-901
-745
-503
-237
-22
57
10
-30
127
356
605
864
1274
1738
2119
2251
2322
2404
2500
2395
2137
1858
1569
1261
879
599
439
380
279
252
224
162
-1
-186
-349
-544
-810
-1088
-1268
-1351
-1450
-1529
-1486
-1308
-1091
-891
-682
-483
-309
-212
-205
-240
-347
-354
-413
-482
-587
-705
-766
-770
-724
-754
-793
-886
-989
-1022
-1007
-944
-800
-556
-321
-136
33
152
240
277
262
371
590
830
1030
1338
1712
2030
2266
2343
2426
2458
2378
2180
1897
1607
1230
875
562
356
240
167
157
136
138
52
-81
-313
-609
-871
-1096
-1259
-1409
-1515
-1526
-1462
-1306
-1150
-897
-613
-368
-245
-214
-165
-213
-328
-507
-600
-650
-714
-765
-766
-810
-833
-909
-972
-966
-931
-924
-884
-795
-655
-476
-317
-161
17
154
183
144
46
75
190
357
614
1010
1448
1835
2146
2291
2349
2389
2265
2038
1749
1421
1048
738
470
225
41
-1
77
192
236
152
38
-139
-361
-642
-911
-1108
-1264
-1418
-1448
-1379
-1245
-1068
-861
-630
-469
-341
-280
-285
-249
-258
-296
-325
-322
-379
-441
-549
-647
-720
-767
-788
-824
-835
-803
-700
-617
-483
-309
-89
55
128
155
174
147
104
-18
3
141
359
628
1001
1443
1836
2092
2148
2175
2131
1990
1753
1512
1253
970
645
456
373
369
401
380
393
360
210
-65
-290
-499
-748
-970
-1152
-1248
-1310
-1312
-1210
-1060
-931
-825
-697
-559
-485
-422
-386
-304
-293
-284
-299
-332
-351
-412
-464
-540
-614
-661
-686
-634
-629
-596
-501
-463
-385
-301
-227
-201
-176
-144
-139
-205
-298
-387
-266
-5
244
522
893
1344
1662
1864
1916
1907
1848
1688
1479
1305
1141
997
886
787
645
503
420
374
319
171
-16
-205
-352
-571
-733
-833
-935
-1028
-1119
-1172
-1215
-1237
-1225
-1088
-864
-630
-451
-305
-153
-28
54
103
119
45
-104
-206
-317
-418
-477
-490
-477
-442
-403
-417
-412
-372
-427
-461
-497
-520
-581
-596
-598
-561
-547
-524
-429
-242
91
430
753
977
1269
1470
1594
1592
1639
1757
1770
1700
1573
1525
1360
1157
935
753
592
423
312
252
222
86
-41
-125
-231
-401
-606
-782
-933
-1089
-1192
-1194
-1122
-1006
-813
-589
-408
-237
-75
114
232
287
234
136
26
-99
-205
-317
-398
-484
-522
-558
-578
-648
-723
-827
-943
-1025
-1113
-1110
-1134
-1041
-947
-809
-670
-512
-345
-207
-117
67
264
428
613
870
1150
1357
1552
1703
1900
1989
1963
1804
1666
1398
1145
863
644
511
430
334
292
287
204
110
7
-40
-217
-413
-616
-794
-904
-952
-898
-803
-641
-482
-322
-138
12
154
254
271
225
149
55
-88
-201
-313
-430
-567
-688
-828
-900
-960
-1087
-1193
-1247
-1293
-1314
-1290
-1183
-1058
-896
-759
-608
-480
-408
-373
-324
-245
-172
51
271
486
716
1013
1346
1561
1760
1925
2029
2004
1879
1693
1562
1374
1143
917
738
596
450
395
366
395
344
307
228
177
18
-163
-304
-434
-561
-639
-634
-596
-523
-500
-457
-393
-284
-214
-119
-29
59
38
17
-86
-225
-424
-625
-830
-1014
-1112
-1223
-1282
-1332
-1307
-1289
-1235
-1191
-1058
-968
-901
-806
-731
-656
-597
-532
-502
-411
-300
-185
-44
203
431
679
928
1233
1465
1656
1776
1836
1891
1840
1713
1580
1510
1418
1309
1144
1044
877
742
655
606
584
546
490
376
238
88
-27
-136
-274
-466
-597
-707
-763
-785
-752
-681
-528
-420
-339
-253
-193
-205
-319
-436
-545
-675
-841
-968
-1061
-1165
-1262
-1354
-1374
-1332
-1287
-1238
-1176
-1116
-1114
-1098
-1036
-928
-800
-680
-542
-361
-209
-111
-25
152
340
543
778
1010
1236
1433
1593
1753
1898
1964
2014
1995
1909
1753
1557
1362
1181
1062
972
900
818
760
663
573
448
284
106
-89
-267
-452
-585
-702
-762
-792
-782
-748
-675
-640
-683
-686
-674
-646
-637
-619
-597
-563
-589
-628
-687
-728
-814
-894
-979
-1036
-1119
-1198
-1225
-1289
-1268
-1216
-1125
-1001
-876
-757
-561
-389
-248
-115
-10
140
269
406
569
783
957
1139
1288
1432
1526
1635
1743
1819
1894
1880
1910
1870
1811
1713
1551
1379
1153
956
712
519
332
192
45
-35
-139
-237
-307
-333
-391
-471
-550
-670
-764
-877
-957
-1002
-1047
-1077
-1072
-1016
-930
-849
-760
-666
-580
-523
-497
-541
-609
-701
-840
-973
-1059
-1166
-1255
-1265
-1240
-1179
-1106
-982
-864
-694
-554
-364
-170
46
240
442
640
817
921
937
909
872
843
882
941
1103
1245
1385
1534
1672
1750
1752
1720
1648
1519
1321
1068
821
606
351
145
-28
-84
-83
-61
-75
-69
-99
-146
-223
-348
-478
-617
-782
-931
-1014
-1075
-1123
-1152
-1115
-1049
-990
-922
-871
-772
-679
-585
-527
-457
-428
-457
-500
-576
-670
-765
-879
-941
-908
-859
-764
-637
-452
-216
-4
230
443
636
780
875
910
903
876
795
712
629
614
604
577
634
749
851
971
1062
1190
1267
1304
1264
1177
1108
975
826
682
575
450
323
216
136
38
-63
-136
-188
-217
-281
-308
-395
-437
-514
-618
-727
-848
-1016
-1156
-1199
-1186
-1135
-1081
-936
-764
-593
-445
-295
-164
-137
-180
-291
-368
-472
-555
-627
-611
-562
-539
-456
-325
-205
-141
-77
-37
24
58
79
93
122
142
143
148
195
224
211
223
256
245
231
246
328
435
533
608
766
909
1002
1061
1080
1061
972
834
689
513
336
163
50
33
65
92
118
131
124
67
5
-80
-181
-284
-406
-535
-646
-691
-724
-684
-590
-460
-338
-265
-210
-162
-111
-79
-20
39
65
9
-85
-157
-199
-301
-401
-453
-458
-496
-529
-518
-446
-377
-345
-303
-253
-206
-219
-221
-220
-206
-189
-161
-119
-71
-90
-115
-85
5
130
232
377
536
634
710
752
800
861
876
876
830
770
706
635
546
507
479
424
368
357
406
387
375
349
360
309
239
175
102
-2
-134
-216
-262
-298
-320
-303
-319
-301
-245
-166
-94
-6
32
4
-64
-195
-312
-400
-504
-585
-654
-676
-758
-841
-858
-878
-843
-814
-731
-632
-569
-565
-543
-509
-490
-484
-491
-423
-375
-315
-252
-180
-107
-35
39
103
153
217
273
397
519
657
821
949
1024
1025
1013
968
950
915
889
865
822
764
748
744
690
677
663
647
599
533
429
320
207
56
-47
-98
-176
-303
-389
-455
-513
-585
-637
-634
-585
-596
-649
-663
-652
-698
-752
-763
-746
-779
-847
-877
-849
-863
-921
-948
-955
-962
-917
-836
-743
-670
-599
-525
-412
-338
-231
-123
-104
-64
-45
15
61
166
277
369
462
572
680
743
853
975
1112
1245
1370
1439
1480
1516
1521
1483
1451
1418
1361
1255
1174
1075
949
813
708
615
492
343
237
152
64
-35
-170
-274
-379
-508
-645
-713
-724
-781
-816
-853
-869
-859
-894
-881
-816
-782
-775
-770
-751
-731
-776
-821
-873
-918
-959
-1010
-992
-960
-925
-891
-835
-742
-667
-586
-446
-327
-188
-52
81
187
298
382
424
480
541
576
619
682
754
823
905
966
1031
1076
1127
1182
1194
1222
1225
1174
1122
1050
980
855
740
617
468
358
275
148
13
-81
-143
-225
-311
-358
-418
-442
-526
-603
-682
-722
-805
-880
-917
-974
-1048
-1115
-1097
-1074
-1046
-981
-917
-851
-787
-744
-684
-582
-539
-532
-537
-527
-550
-560
-566
-472
-373
-306
-197
-59
62
138
244
362
483
547
645
755
831
820
808
795
786
731
689
705
726
733
722
779
821
803
812
838
873
863
814
784
727
642
543
480
445
334
264
222
178
124
53
-24
-85
-167
-271
-354
-438
-504
-594
-674
-732
-756
-798
-794
-775
-760
-757
-706
-669
-642
-618
-550
-461
-388
-332
-298
-236
-203
-177
-144
-106
-58
-57
-85
-87
-98
-119
-110
-56
-14
51
82
108
131
135
166
188
217
228
254
276
296
311
290
264
230
213
225
211
190
199
194
169
212
272
336
367
401
435
446
421
390
369
353
315
274
245
206
135
69
-1
-49
-111
-156
-213
-251
-276
-296
-298
-298
-301
-314
-290
-298
-297
-320
-335
-358
-387
-382
-344
-324
-291
-262
-226
-187
-180
-145
-124
-139
-165
-228
-281
-327
-396
-445
-478
-466
-476
-462
-450
-401
-339
-303
-238
-158
-112
-92
-73
-51
-52
-48
16
63
119
160
199
242
300
330
395
475
523
570
618
668
676
698
727
763
776
771
796
769
723
672
634
606
561
506
475
459
431
381
320
279
211
104
17
-31
-83
-164
-207
-266
-327
-356
-424
-415
-395
-399
-365
-365
-399
-449
-488
-490
-513
-535
-545
-559
-607
-649
-667
-683
-683
-692
-693
-661
-614
-567
-538
-481
-388
-311
-293
-222
-146
-91
-76
-54
6
79
133
208
317
397
457
455
514
602
668
712
741
774
788
762
748
776
778
762
748
706
657
553
447
376
339
288
225
194
146
73
-19
-81
-131
-185
-246
-300
-320
-357
-433
-479
-511
-531
-553
-565
-526
-504
-519
-541
-498
-474
-476
-483
-451
-468
-510
-526
-511
-493
-523
-536
-543
-495
-475
-420
-338
-269
-207
-148
-83
-28
2
43
87
151
243
338
432
502
538
575
611
611
620
630
612
592
591
574
578
584
581
560
498
428
377
336
314
283
245
223
231
240
199
164
152
110
56
38
10
-25
-82
-132
-188
-213
-278
-343
-351
-376
-386
-425
-412
-406
-400
-430
-450
-454
-459
-457
-435
-376
-332
-303
-249
-176
-102
-80
-82
-61
-43
-40
-38
-10
1
19
27
49
111
143
197
234
277
289
263
251
235
242
228
218
208
211
219
205
174
153
121
97
88
85
51
5
-74
-112
-132
-130
-98
-110
-93
-96
-119
-139
-153
-120
-134
-158
-200
-217
-194
-197
-172
-134
-76
-55
-44
-43
-9
29
55
84
116
148
142
138
170
189
191
166
159
165
129
125
154
212
284
318
321
311
271
214
161
131
143
108
90
90
92
56
5
-19
-29
-27
-59
-88
-138
-195
-272
-322
-378
-409
-445
-472
-503
-515
-524
-528
-525
-570
-583
-595
-599
-578
-588
-561
-504
-438
-383
-367
-319
-259
-202
-143
-95
-16
77
121
168
243
330
373
419
469
553
576
543
567
647
701
730
770
828
868
844
820
807
766
702
644
574
531
461
418
402
355
338
301
256
213
188
153
112
75
-4
-87
-177
-261
-351
-372
-397
-423
-454
-484
-502
-565
-618
-653
-665
-707
-752
-765
-775
-764
-784
-792
-758
-740
-724
-694
-658
-635
-622
-587
-519
-454
-390
-321
-248
-189
-148
-91
29
152
243
308
383
467
512
559
596
649
663
666
689
719
763
792
831
876
913
939
941
942
928
868
773
697
620
538
447
383
319
249
171
103
67
34
-28
-45
-35
-86
-126
-198
-282
-384
-480
-564
-644
-721
-787
-831
-857
-881
-907
-900
-896
-890
-881
-882
-890
-896
-894
-875
-811
-783
-735
-693
-647
-573
-541
-479
-396
-292
-218
-136
-11
94
187
250
303
393
428
463
530
614
667
649
697
747
814
846
916
965
1009
1020
1000
981
945
904
835
796
759
716
639
584
572
552
527
471
399
364
272
186
120
83
11
-79
-119
-162
-206
-309
-408
-451
-498
-557
-605
-634
-658
-702
-737
-748
-747
-762
-782
-773
-773
-770
-779
-784
-760
-770
-780
-764
-721
-664
-623
-545
-430
-320
-217
-130
-39
20
44
62
96
119
129
172
222
277
316
378
428
463
477
483
520
552
561
529
547
532
513
530
536
555
532
507
500
467
437
398
368
329
346
354
347
321
302
247
207
187
144
100
42
6
-72
-119
-166
-217
-280
-300
-310
-334
-379
-409
-422
-429
-418
-413
-397
-389
-408
-441
-459
-492
-523
-518
-461
-398
-349
-319
-267
-227
-185
-163
-166
-169
-160
-147
-159
-130
-93
-85
-74
-32
-9
23
78
101
108
97
77
78
107
169
208
241
276
268
254
268
287
327
349
354
370
385
400
409
412
425
425
419
396
380
362
336
299
284
283
220
161
105
114
82
69
31
4
-44
-77
-104
-145
-152
-173
-155
-148
-140
-147
-141
-131
-150
-162
-179
-212
-238
-258
-265
-303
-316
-320
-306
-313
-318
-327
-314
-315
-344
-337
-315
-293
-284
-263
-232
-205
-207
-224
-198
-174
-192
-169
-129
-84
-31
-3
48
90
84
55
66
77
81
66
90
109
116
108
122
158
162
192
231
273
264
260
254
293
300
287
313
340
335
284
276
280
253
211
173
176
194
200
205
219
226
190
143
114
78
36
16
5
-18
-54
-60
-98
-111
-135
-123
-124
-114
-106
-112
-111
-110
-119
-147
-144
-143
-169
-209
-269
-306
-337
-337
-334
-302
-277
-270
-255
-222
-199
-199
-212
-204
-173
-141
-114
-98
-79
-78
-68
-40
-18
-3
24
32
61
77
94
113
124
141
151
170
178
174
150
146
177
202
227
254
292
288
270
253
285
309
296
283
297
281
234
200
191
188
165
159
137
151
146
114
83
48
18
-18
-38
-47
-44
-77
-131
-159
-174
-167
-198
-194
-185
-187
-205
-220
-206
-197
-225
-259
-252
-278
-319
-356
-350
-334
-326
-327
-305
-273
-257
-249
-238
-195
-167
-141
-117
-99
-88
-119
-113
-94
-69
-76
-30
-5
20
52
85
102
104
134
166
180
173
184
189
182
165
140
141
168
168
188
204
210
210
202
182
202
218
208
233
241
242
206
177
164
146
142
146
143
157
156
128
114
104
87
46
41
42
36
24
20
19
5
-38
-64
-77
-93
-130
-136
-124
-116
-148
-155
-119
-77
-78
-86
-92
-118
-145
-159
-155
-132
-128
-142
-139
-137
-151
-164
-161
-134
-104
-80
-69
-28
-16
-16
-6
0
-12
-62
-66
-87
-99
-133
-132
-138
-111
-66
-19
22
48
61
73
85
82
86
62
63
42
29
13
13
18
13
10
35
58
56
105
141
182
177
199
180
159
130
101
123
114
96
75
74
85
95
67
54
28
14
-38
-41
-4
18
7
7
40
37
16
-26
-3
-4
-5
-18
-29
-47
-66
-95
-101
-94
-93
-105
-119
-126
-150
-165
-188
-202
-192
-196
-190
-185
-192
-204
-220
-226
-193
-173
-140
-103
-60
-15
19
33
29
47
17
17
22
31
39
39
74
100
114
118
117
131
129
161
165
181
192
196
181
201
209
221
212
179
161
126
102
86
102
130
145
134
142
160
156
126
116
103
82
23
-47
-54
-77
-82
-88
-42
-18
-14
-44
-56
-76
-81
-96
-100
-88
-95
-128
-149
-152
-145
-150
-162
-152
-154
-147
-144
-152
-161
-152
-150
-129
-96
-76
-57
-66
-79
-75
-79
-96
-78
-35
-17
5
27
31
43
44
30
41
55
26
-3
-15
-5
9
13
32
72
80
91
101
95
93
73
64
83
106
121
108
83
65
52
60
66
92
90
90
102
92
89
77
61
25
24
24
26
0
-9
-16
-12
-44
-15
-14
8
-5
5
-2
-24
-49
-75
-37
-37
-27
-42
-16
-51
-81
-105
-106
-103
-97
-89
-64
-31
-39
-41
-62
-70
-90
-104
-108
-107
-102
-67
-70
-59
-49
-52
-43
-20
-8
-3
-18
-53
-58
-42
-41
-24
-1
23
1
3
8
17
0
8
40
63
87
67
106
121
143
154
164
159
146
131
103
100
95
103
98
103
121
133
165
184
191
205
201
194
173
146
130
103
75
63
53
21
6
-14
-22
-45
-65
-84
-76
-72
-80
-85
-95
-94
-113
-108
-122
-107
-106
-104
-135
-123
-109
-131
-164
-180
-140
-147
-157
-152
-143
-157
-195
-200
-198
-206
-225
-215
-182
-142
-105
-93
-61
-49
-56
-63
-64
-48
-37
-50
-29
3
-2
-6
22
43
68
81
100
105
114
123
127
129
143
138
131
120
98
88
84
74
81
86
103
94
66
56
92
124
128
131
126
120
75
81
94
127
109
87
65
65
47
58
87
99
99
89
58
31
-13
-41
-45
-50
-58
-83
-89
-97
-105
-101
-75
-74
-113
-143
-144
-139
-123
-131
-106
-99
-125
-139
-131
-94
-73
-68
-36
-37
-44
-46
-21
12
14
17
35
57
32
46
47
62
73
62
89
107
78
57
44
38
46
46
63
82
80
77
102
105
124
108
119
121
99
78
59
88
72
68
49
44
35
-17
-37
-33
-38
-35
-49
-32
-59
-96
-115
-119
-123
-145
-166
-183
-151
-137
-120
-102
-85
-83
-107
-120
-94
-69
-53
-40
-30
-20
-57
-78
-55
-20
3
10
47
46
64
58
75
96
74
65
54
60
47
36
28
25
47
50
57
65
55
35
15
-2
6
23
28
30
34
33
26
16
18
23
2
-16
-12
-1
-13
-38
-41
-40
-39
-63
-69
-52
-49
-43
-46
-32
-50
-54
-60
-40
-38
-56
-67
-66
-64
-58
-36
-27
-4
15
28
31
23
4
7
5
21
36
47
45
71
91
101
115
102
101
86
84
83
96
80
95
83
89
51
48
55
41
38
29
26
22
32
27
58
70
52
34
38
48
40
21
12
9
-12
-24
-31
-57
-58
-61
-32
-25
-21
-75
-106
-124
-126
-136
-130
-98
-78
-66
-55
-40
-52
-86
-121
-95
-83
-79
-67
-45
-48
-39
-24
8
43
30
3
-20
-14
-32
-42
-38
-17
3
16
36
61
58
40
42
57
49
41
43
56
50
9
-9
-5
21
27
42
54
76
70
51
63
60
42
38
53
79
60
37
11
-9
-19
-22
-34
-39
-54
-55
-29
-33
-28
-21
-38
-37
-9
-6
-41
-81
-96
-81
-64
-41
-4
5
3
-18
-5
-3
2
6
25
36
42
13
-5
-18
-10
-4
-11
6
6
-3
-19
-25
-42
-25
-13
-27
-42
-31
-19
-38
-42
-15
2
-22
-32
-50
-48
-57
-75
-83
-43
-3
-4
6
53
80
85
72
104
112
83
62
72
112
102
74
58
81
57
45
65
88
103
90
83
88
97
69
81
100
119
110
93
79
78
63
45
49
34
10
-23
-36
-37
-8
-13
-30
-39
-55
-69
-83
-83
-87
-106
-125
-148
-142
-139
-147
-155
-157
-133
-144
-130
-137
-144
-148
-159
-142
-111
-89
-88
-84
-77
-53
-56
-27
10
33
23
-8
-26
-25
-1
11
35
54
64
58
47
56
85
95
73
67
85
88
79
85
101
144
154
151
155
178
179
169
172
174
171
135
109
89
98
77
89
90
103
74
35
7
-18
-47
-74
-77
-70
-68
-80
-84
-100
-92
-122
-137
-175
-198
-214
-201
-195
-189
-171
-171
-180
-172
-149
-122
-126
-124
-117
-106
-108
-106
-80
-53
-31
-32
-17
-6
2
0
15
31
24
7
21
35
42
51
73
114
140
142
146
170
179
179
171
141
116
93
89
89
114
116
103
68
54
60
58
66
59
58
20
-15
-25
-47
-19
-16
-8
1
11
3
2
21
23
32
36
29
17
17
13
1
-22
-48
-50
-49
-35
-20
-11
-22
-25
-24
-26
3
15
37
11
5
4
-1
-15
1
4
-2
-22
-45
-40
-53
-56
-70
-54
-55
-46
-64
-50
-30
-29
-16
-13
-21
-38
-67
-88
-84
-79
-76
-70
-57
-56
-31
-14
-7
-15
-10
-12
-8
-10
15
28
42
42
45
49
53
42
48
69
82
86
92
95
85
56
26
19
28
30
21
23
21
44
53
53
43
31
2
-11
-38
-27
-36
-28
-14
23
28
10
-25
-30
-58
-102
-98
-81
-75
-92
-88
-76
-66
-78
-75
-65
-34
-49
-38
-33
-20
-47
-62
-69
-80
-104
-107
-93
-93
-73
-82
-82
-59
-39
-24
-19
-5
5
-13
-11
-5
8
28
52
59
77
81
89
79
91
108
116
114
112
112
120
158
158
188
205
187
148
128
116
125
112
109
128
134
114
114
136
137
137
120
88
50
39
6
0
7
18
19
18
28
22
-14
-31
-52
-73
-100
-129
-151
-190
-184
-180
-185
-173
-163
-158
-151
-144
-140
-137
-149
-167
-172
-161
-153
-157
-160
-153
-128
-121
-66
-23
11
-6
-25
-33
-43
-32
-2
36
58
65
37
22
0
-13
-8
35
71
82
79
90
87
85
96
113
108
105
107
96
95
89
66
46
63
54
58
64
78
84
88
81
57
28
10
-8
-33
-47
-56
-44
-14
-17
-2
-17
-37
-60
-64
-39
-30
-30
-50
-55
-52
-51
-23
-1
13
19
-6
-28
-62
-83
-90
-58
-60
-30
-12
-16
-34
-47
-35
-16
-4
20
34
31
23
14
6
1
-2
3
1
1
8
11
15
11
27
53
49
55
64
46
30
18
4
15
22
13
28
25
34
8
-3
1
8
-8
-19
13
40
40
22
51
70
71
50
56
63
62
25
35
53
24
-5
-13
-1
-17
-18
-21
18
29
18
16
27
24
-15
-37
-30
-16
-34
-61
-43
-23
-12
-6
-2
4
23
-2
-10
-12
-33
-69
-74
-57
-27
-47
-49
-26
-31
-65
-88
-58
-64
-72
-80
-68
-64
-69
-94
-82
-79
-59
-66
-20
11
23
11
24
41
27
20
49
56
27
8
18
35
30
46
78
127
136
117
109
101
70
52
50
73
75
59
44
59
76
63
74
74
73
40
10
5
3
-21
-40
-45
-23
-22
-7
0
2
-3
-33
-63
-61
-65
-100
-108
-105
-97
-96
-104
-104
-111
-121
-115
-105
-97
-85
-111
-108
-102
-95
-84
-75
-28
-28
-24
-15
1
7
6
22
41
46
33
20
24
52
47
55
62
64
64
82
97
90
62
46
36
25
19
38
50
47
48
36
55
35
30
41
63
71
64
78
79
80
75
56
50
51
53
20
10
23
35
38
33
48
24
-5
-35
-37
-49
-68
-80
-70
-65
-50
-54
-51
-56
-61
-63
-40
-42
-36
-9
-24
-32
-46
-55
-64
-61
-21
8
27
42
44
23
8
-17
-14
-17
-1
15
5
-1
7
4
-10
0
15
17
1
-6
-6
0
-1
3
5
-3
-11
-27
-34
-5
2
13
16
6
-6
-15
-21
-19
-12
0
9
13
9
1
-7
-14
-21
-8
5
15
23
25
23
15
7
-8
4
-9
-26
-21
-17
-34
-37
-32
-18
-2
12
11
-15
-56
-70
-46
-29
-29
-9
-1
-3
-24
-18
-19
-20
-24
-6
43
54
50
22
17
22
4
-9
13
15
23
10
23
32
17
-6
2
27
34
37
40
36
18
-7
-7
34
58
67
71
71
57
41
20
17
8
-4
-32
-11
0
-12
5
34
43
53
56
61
55
46
29
26
18
13
11
25
43
28
42
43
50
53
53
51
60
41
29
11
-14
-46
-50
-52
-60
-68
-75
-64
-47
-45
-38
-38
-54
-70
-81
-77
-74
-87
-127
-118
-98
-88
-93
-68
-55
-63
-71
-68
-53
-44
-26
-10
14
18
-2
-22
-30
-13
-25
-22
-21
-3
-4
-25
-16
-4
25
42
57
73
91
89
64
60
60
65
47
46
53
56
28
11
1
0
8
-7
-15
6
19
-6
-33
-43
-46
-41
-43
-28
4
15
5
7
12
18
1
-11
-7
-12
-27
-37
-21
-9
-3
5
20
39
55
55
66
66
56
42
30
17
16
18
28
25
25
18
18
19
32
32
43
27
31
37
19
23
-3
-26
-30
-21
-16
-5
-12
-22
-43
-80
-63
-31
-9
0
-1
-4
-4
-39
-54
-50
-12
-13
-21
-12
-8
-26
-37
-16
18
32
30
18
-2
2
-1
10
13
28
17
3
5
18
-2
-19
-17
-10
-2
2
17
-3
-13
10
10
1
7
-10
-20
-29
-17
5
5
-2
-19
-25
-30
-36
-50
-47
-28
-9
-11
8
4
-19
-42
-33
-6
-5
-11
-8
-9
-28
-51
-62
-36
-34
-23
-5
-5
-31
-40
-27
-19
-13
9
36
37
25
6
-6
-7
-19
-16
1
13
7
-10
-7
-19
-13
-12
37
62
72
62
59
42
33
25
44
55
62
49
47
35
18
18
26
41
62
58
57
63
46
28
16
28
48
66
63
41
41
36
-2
-2
6
6
-8
-2
1
-2
2
12
16
3
-5
-28
-28
-35
-36
-44
-16
-3
10
13
13
22
13
12
18
34
34
36
23
12
-13
-19
-24
-11
6
14
5
-9
-12
-30
-35
-41
-52
-31
-26
-3
-14
1
5
13
9
4
3
0
-7
-24
-23
-38
-38
-32
4
13
12
11
12
2
-14
-38
-43
-59
-54
-38
-23
-21
-29
-53
-62
-89
-108
-108
-100
-80
-59
-61
-75
-83
-86
-68
-58
-58
-80
-69
-58
-55
-57
-45
-43
-27
-25
-17
-14
-14
-25
-44
-41
-21
-6
-4
1
14
36
43
58
78
84
76
76
72
74
71
64
65
83
103
107
112
120
114
113
110
95
82
68
60
82
92
86
78
81
77
73
58
47
38
11
-1
-16
-12
-17
-40
-49
-45
-51
-64
-67
-60
-50
-43
-24
-16
-24
-47
-55
-50
-30
-23
-23
-22
-34
-52
-67
-61
-61
-46
-22
4
27
21
30
37
45
45
38
35
32
34
25
25
38
53
53
48
59
55
40
39
49
56
36
19
22
26
24
29
35
37
32
23
13
13
6
-13
-32
-30
-25
-42
-45
-43
-36
-30
-39
-39
-53
-62
-77
-59
-35
-25
-26
-38
-42
-53
-73
-95
-82
-73
-81
-78
-63
-69
-82
-74
-58
-40
-46
-48
-37
-36
-50
-47
-23
-8
-10
-12
-3
-8
-16
-26
-20
-8
-4
-3
17
30
35
39
35
31
13
12
20
34
28
39
50
42
19
29
35
40
37
43
54
49
17
-3
11
24
15
10
22
13
4
12
28
29
15
12
12
13
17
14
14
17
13
18
25
26
21
21
26
19
5
-6
-18
-6
-2
4
20
21
17
27
24
28
27
32
45
46
57
61
68
66
57
51
48
27
9
6
14
4
16
27
20
17
14
15
17
19
13
6
-2
-9
-14
-16
-29
-37
-46
-56
-59
-52
-33
-39
-41
-45
-51
-51
-60
-64
-51
-41
-31
-28
-32
-44
-60
-57
-63
-50
-48
-53
-51
-48
-29
-24
-10
-4
-6
-19
-19
-22
-12
-11
-12
-8
-13
-12
-29
-25
-28
-12
-16
-12
-17
-15
-8
-19
-12
-12
-24
-26
-16
-13
0
9
5
4
2
3
-10
-24
-31
-21
-8
-1
3
2
16
13
15
16
16
16
4
4
14
23
23
27
31
41
43
35
54
70
81
85
87
84
79
61
49
45
48
52
47
45
36
41
51
60
64
74
79
79
62
48
35
20
5
4
7
11
10
0
-2
-9
-15
-16
-13
-11
-9
-22
-23
-26
-21
-24
-31
-32
-26
-25
-28
-22
-25
-29
-45
-43
-41
-36
-28
-33
-32
-43
-47
-46
-43
-33
-23
-23
-12
-11
-15
-20
-12
-5
-7
-11
-9
-3
-15
-21
-32
-26
-19
-10
0
6
12
5
4
-1
-2
2
3
0
0
-6
-9
-19
-12
-7
-11
1
12
21
8
-8
-15
-14
-22
-23
-29
-33
-40
-37
-26
-11
0
-2
-1
-4
-7
-7
10
19
23
19
-1
-14
-20
-23
-20
-23
-25
-16
-16
-15
-1
9
7
5
0
-5
-19
-21
-20
-3
-4
-3
-6
-10
-8
-3
14
16
21
17
23
21
18
23
28
31
31
40
39
33
23
17
19
21
23
22
29
39
32
29
38
38
31
25
37
38
36
31
32
30
25
23
20
30
24
21
18
24
6
-2
-6
1
-3
-1
3
6
-1
-6
-6
-6
6
4
8
13
8
-9
-10
-9
-20
-19
-22
-19
-25
-33
-30
-22
-26
-33
-28
-27
-22
-21
-16
-19
-19
-33
-34
-37
-36
-42
-42
-37
-26
-22
-22
-15
-12
-8
-14
-9
-12
-7
-15
-16
-16
-10
-9
-8
-4
5
16
19
12
9
17
17
18
18
24
19
20
19
29
29
27
11
14
12
15
5
14
13
14
10
-5
-2
-5
0
-9
-2
-1
6
-2
-7
-5
-4
-14
-11
-13
-11
-19
-19
-19
-15
-5
-2
2
3
4
0
-6
-19
-19
-30
-33
-26
-19
-8
-2
1
3
14
15
10
18
20
18
6
8
5
1
6
6
13
26
30
32
29
24
16
13
10
16
23
8
8
4
5
3
1
6
21
25
24
13
9
-1
-4
-2
10
14
6
-3
-15
-18
-26
-24
-17
-6
-5
-10
-15
-16
-19
-21
-18
-11
-11
-13
-17
-19
-16
-16
-15
-9
0
0
4
3
0
3
0
5
4
6
5
4
5
7
10
7
9
5
11
9
1
-7
-1
0
1
7
7
8
2
0
0
7
6
0
-2
2
-4
-9
-6
-2
-10
-9
-4
-4
0
-3
2
3
8
1
-4
-4
-2
1
-2
-8
-7
-14
-18
-21
-15
-4
6
21
21
19
13
6
2
3
9
11
11
12
14
12
12
8
8
6
0
-1
4
3
2
4
-6
-15
-22
-20
-24
-18
-13
-5
1
-2
-5
-11
-18
-23
-17
-14
-7
-7
-11
-16
-18
-23
-18
-20
-14
-18
-12
-12
-17
-19
-19
-4
-5
2
4
9
11
19
22
9
8
9
6
12
17
20
22
17
19
24
28
28
29
34
26
25
21
16
17
19
18
18
17
18
15
20
19
16
9
1
1
-3
4
9
7
7
3
0
-7
-9
-12
-15
-23
-28
-27
-25
-17
-8
-1
2
4
5
4
12
11
5
0
0
-5
-11
-18
-19
-18
-21
-17
-19
-15
-11
-2
1
3
3
1
-7
-6
-4
-7
-13
-21
-26
-30
-27
-29
-23
-11
-6
-5
-7
-5
-2
-5
-2
-3
2
2
-1
-5
0
2
-2
-1
11
13
9
9
13
14
3
-3
-3
0
-3
-6
-2
7
9
23
25
27
26
20
15
12
8
9
8
10
16
11
13
13
9
4
-2
-3
1
3
8
14
10
5
1
-2
-3
-4
1
0
0
0
-14
-20
-18
-14
-10
-8
-7
-6
-9
-15
-15
-13
-15
-17
-21
-22
-14
-14
-11
-13
-11
-8
-11
-8
-4
-5
-10
-9
-7
-3
-2
-4
0
3
-2
3
5
8
10
11
25
26
28
29
28
26
21
30
35
36
31
25
22
21
16
10
10
11
11
12
15
18
12
10
4
8
6
-2
-6
-3
2
-2
-6
-7
-8
-14
-16
-17
-14
-20
-25
-24
-23
-17
-15
-12
-6
-6
-15
-25
-28
-29
-30
-29
-19
-13
-15
-18
-19
-15
