SAMPLES:	8409
BITSPERSAMPLE:	16
CHANNELS:	1
SAMPLERATE:	16000
NORMALIZED:	FALSE
-3
0
0
-2
-3
-3
-3
1
1
-1
-3
-7
-3
-4
-5
-7
-6
-1
3
7
9
10
8
13
10
11
8
6
8
9
12
9
6
6
8
10
12
15
11
8
4
-1
-6
-2
3
9
15
17
19
17
12
8
6
3
7
10
7
2
-5
-6
-7
-2
4
14
19
19
20
20
12
11
17
19
16
7
5
3
3
10
15
19
25
25
22
19
15
12
8
8
10
7
4
2
-1
-9
-12
-15
-19
-21
-18
-14
-16
-19
-16
-19
-22
-22
-20
-21
-22
-23
-25
-27
-28
-25
-21
-16
-14
-18
-24
-29
-30
-29
-29
-26
-19
-11
-7
-2
-2
-2
-8
-3
-1
-2
-2
-10
-11
-7
-7
-4
-1
0
8
16
20
19
15
17
17
16
16
21
18
11
12
14
14
18
18
17
13
12
14
13
11
9
14
9
11
10
3
-3
-8
-7
-4
-7
-10
-14
-19
-23
-21
-21
-28
-26
-24
-21
-16
-7
-7
-6
-8
-16
-17
-9
-5
-11
-13
-13
-19
-17
-13
-8
-3
0
6
7
8
9
8
12
15
26
25
19
18
18
20
29
39
48
56
62
63
67
70
67
65
67
65
65
65
57
41
26
13
-2
-11
-18
-33
-43
-59
-76
-87
-96
-103
-104
-100
-103
-102
-95
-93
-96
-86
-77
-69
-58
-49
-43
-40
-41
-39
-39
-37
-31
-32
-39
-32
-24
-5
-16
-28
-85
57
442
447
146
-87
27
281
521
770
465
-91
-359
-92
556
699
326
-157
-397
-186
76
223
73
-275
-519
-511
-168
-25
-224
-376
-474
-435
-314
-190
-85
-133
-223
-310
-219
35
126
180
133
0
-20
38
239
325
255
88
-40
40
102
147
120
-13
-114
-192
-126
-80
-111
-155
-222
-205
-174
-91
-23
-35
-12
-39
-8
99
145
169
178
166
152
182
252
266
269
407
345
175
1
-28
181
247
293
41
-349
-494
-449
-21
178
-70
-434
-663
-424
-156
3
-20
-289
-403
-340
-74
120
86
-19
-185
-114
63
167
233
104
-21
-88
22
231
251
101
149
612
804
506
180
197
465
822
1177
952
126
-508
-289
573
972
501
-248
-721
-574
-159
122
23
-446
-861
-902
-485
-147
-353
-604
-660
-586
-392
-188
-18
-68
-201
-301
-205
188
381
374
239
102
104
388
799
604
195
-79
60
306
243
263
-202
-657
-722
-540
-161
-477
-783
-868
-833
-551
-564
-484
-458
-563
-516
-414
-173
-95
-159
-184
-193
-75
-11
173
320
157
-70
-210
-87
113
678
1510
1276
291
-194
345
1233
1865
2065
1072
-152
-535
213
1586
1799
787
-332
-741
-114
495
709
288
-540
-970
-819
-127
40
-442
-816
-1070
-909
-562
-329
-223
-437
-643
-812
-484
174
457
473
102
-278
-179
241
679
628
242
-294
-560
-205
131
114
-289
-764
-984
-930
-611
-495
-726
-967
-1071
-956
-700
-424
-386
-469
-350
-249
-22
368
532
527
571
693
863
906
1561
2595
2504
1527
761
1259
2092
2758
3148
2008
223
-898
-86
1839
2054
616
-1126
-1750
-1127
-332
61
-715
-1888
-2530
-2098
-906
-600
-1365
-2110
-2122
-1517
-1010
-649
-497
-694
-851
-865
-379
220
459
603
531
355
204
395
891
1051
737
95
-155
58
122
75
-197
-715
-1226
-1336
-885
-764
-1097
-1554
-1787
-1609
-1226
-845
-614
-694
-776
-741
-312
297
539
472
445
1699
3001
2709
1600
1048
1809
2803
3777
3994
2317
452
-198
1182
2757
2216
401
-1228
-1374
-554
1
-197
-1330
-2350
-2643
-2102
-1190
-1344
-2099
-2560
-2488
-1843
-1193
-539
-301
-683
-956
-731
280
1277
1526
1123
449
390
927
1729
1997
1326
402
-246
23
575
412
-216
-930
-1277
-1385
-1373
-1392
-1748
-1927
-1796
-1440
-1295
-1487
-1507
-1224
-727
-272
-245
117
1479
2477
2178
1432
1513
2315
3305
4382
4229
2535
889
664
2172
3281
2601
841
-587
-711
-242
271
92
-1112
-2362
-2831
-2220
-1570
-1796
-2416
-2954
-2805
-2265
-1739
-1258
-1154
-1300
-1344
-749
271
775
852
816
877
1091
1437
1751
1612
1352
1083
882
998
924
481
-36
-476
-816
-1053
-969
-1144
-1574
-1859
-1901
-1756
-1617
-1476
-1299
-1430
-1088
202
1022
836
169
359
1430
2638
3614
3306
2091
1057
1274
2884
3687
2911
1500
600
740
945
989
424
-624
-1451
-1857
-1552
-1407
-1890
-2584
-3013
-2773
-2400
-2021
-1688
-1797
-2060
-2178
-1612
-685
-56
211
92
24
337
963
1665
1758
1386
874
582
930
1269
1198
674
-33
-477
-593
-488
-443
-501
-711
-1169
-1471
-1420
-1139
-898
-1225
-1143
128
1044
840
216
325
1117
1958
3001
3149
2199
1055
909
2381
3375
2842
1641
720
653
784
895
642
-280
-1187
-1545
-1144
-934
-1486
-2200
-2664
-2586
-2239
-1916
-1604
-1749
-1997
-2014
-1460
-443
83
170
-75
-138
331
986
1560
1431
924
455
454
1092
1305
895
171
-386
-483
-429
-375
-795
-1267
-1431
-1411
-1316
-1412
-1448
-1464
-1434
-612
673
1029
622
287
718
1641
2501
3286
3083
1995
1140
1601
3007
3473
2639
1532
990
1118
1263
1229
608
-498
-1135
-1101
-744
-948
-1813
-2595
-2784
-2398
-2113
-2129
-2288
-2577
-2506
-2112
-1488
-985
-854
-697
-489
-152
242
569
854
925
932
908
940
1164
1133
870
453
41
-49
-84
-239
-717
-1126
-1166
-1044
-993
-1205
-1434
-1432
-1400
-568
733
904
79
-529
122
1404
2538
3181
2520
1356
855
1594
3080
3496
2705
1529
1018
1395
1716
1643
809
-303
-970
-999
-534
-618
-1436
-2419
-2916
-2602
-2119
-1827
-1946
-2303
-2461
-2233
-1511
-819
-509
-327
-366
-352
26
631
1175
1333
1172
722
588
1018
1283
1107
602
162
-47
-55
66
-191
-641
-1001
-1110
-929
-868
-956
-1486
-1276
144
888
471
-303
-230
585
1646
2769
2624
1497
663
965
2583
3425
2703
1425
788
1195
1586
1711
1109
-21
-775
-871
-358
-351
-1155
-2122
-2692
-2485
-2070
-1878
-2006
-2373
-2620
-2564
-1944
-1158
-850
-769
-745
-610
-219
240
574
679
801
768
622
775
934
995
936
644
226
-131
-199
-151
-224
-414
-774
-979
-1039
-926
-893
-959
-65
650
314
-297
-348
578
1470
2401
2605
1623
642
407
1707
3055
2726
1484
583
883
1514
1829
1568
502
-496
-838
-322
186
-245
-1419
-2427
-2553
-1898
-1381
-1297
-1727
-2370
-2558
-2071
-1111
-673
-824
-1172
-1270
-759
-110
346
397
98
-110
-36
397
773
766
455
21
-265
-279
-48
36
-150
-222
-503
-734
-594
-296
-389
-253
798
1220
699
114
500
1366
2131
2854
2407
1332
731
1083
2470
3194
2498
1127
408
879
1318
1423
834
-237
-936
-963
-447
-405
-947
-1694
-2336
-2202
-1660
-1275
-1281
-1633
-1925
-2017
-1443
-711
-545
-555
-666
-524
-76
333
448
228
222
300
345
492
387
132
-106
-213
-349
-454
-451
-781
-937
-765
-721
-810
-829
-716
-786
-31
1317
1477
683
119
670
1675
2716
3353
2486
1339
810
1376
2777
3098
2154
833
446
938
1151
1059
295
-692
-1203
-1102
-722
-1031
-1718
-2383
-2785
-2553
-2123
-1843
-1828
-2196
-2511
-2397
-1593
-813
-712
-765
-889
-728
-131
448
563
312
75
-12
259
647
571
277
6
-202
-199
-40
18
-335
-499
-453
-462
-491
-473
-550
-469
715
1512
1012
391
583
1274
2016
3021
2905
1695
967
1199
2440
3174
2445
1201
560
982
1348
1412
980
-106
-899
-918
-375
-292
-973
-1757
-2301
-2218
-1696
-1444
-1584
-1946
-2236
-2352
-1856
-932
-668
-875
-1129
-1167
-641
116
629
493
113
-90
-59
541
874
398
-265
-597
-548
-403
-95
-145
-601
-910
-955
-717
-433
-430
-376
530
1241
843
327
788
1707
2263
2969
3027
2008
1134
1275
2423
3070
2339
1162
564
983
1308
1192
799
-11
-743
-998
-625
-510
-1091
-1699
-2184
-2348
-1983
-1604
-1544
-1778
-2027
-2177
-1793
-915
-485
-513
-622
-716
-359
375
819
717
468
225
-6
228
465
307
-26
-419
-810
-1080
-966
-815
-851
-999
-1228
-1408
-1349
-993
40
1004
889
-12
-373
620
1727
2569
2977
2246
1066
749
1929
3351
3308
2177
1057
846
1328
1781
1691
802
-246
-940
-797
-283
-558
-1495
-2231
-2488
-2430
-2108
-1680
-1649
-2007
-2332
-2264
-1525
-782
-571
-604
-686
-610
-261
309
744
787
698
524
494
637
623
460
149
-77
-347
-543
-458
-422
-503
-699
-985
-1216
-1376
-497
930
1088
80
-827
-263
1085
2347
3016
2122
808
345
1383
3247
3594
2343
947
661
1366
1917
1949
951
-240
-665
-392
138
-50
-960
-1912
-2267
-1907
-1424
-1244
-1521
-2138
-2462
-2286
-1617
-957
-885
-929
-1098
-924
-326
115
271
71
-36
17
296
690
567
215
15
41
41
-168
-282
-426
-535
-509
-499
-535
-853
-718
520
1306
820
-265
-296
719
1701
2701
2621
1322
194
486
2184
3158
2509
1187
352
709
1353
1801
1446
212
-705
-748
5
372
-395
-1516
-2187
-2109
-1610
-1179
-1175
-1711
-2207
-2346
-1810
-938
-710
-889
-1037
-1041
-734
-214
190
84
-222
-343
-279
56
146
-106
-408
-560
-588
-642
-542
-409
-582
-821
-876
-657
-535
14
1259
1554
812
48
382
1505
2522
3189
2511
1186
512
1148
2788
3324
2174
817
390
921
1396
1526
801
-428
-1090
-913
-311
-281
-1013
-1893
-2303
-2104
-1607
-1216
-1164
-1549
-1925
-1853
-1200
-464
-257
-451
-752
-674
-36
551
648
176
-240
-221
79
535
519
-139
-738
-872
-674
-639
-752
-932
-1088
-980
-931
-900
-941
46
1432
1428
449
-250
452
1748
3100
3591
2411
1047
652
1949
3850
3968
2465
892
691
1375
1807
1661
482
-838
-1378
-929
-291
-507
-1411
-2459
-2840
-2409
-1905
-1629
-1773
-2284
-2618
-2360
-1404
-628
-506
-716
-976
-733
-29
663
697
247
-71
-178
258
816
669
-56
-682
-795
-722
-590
-429
-776
-1120
-1316
-1239
-1079
-654
702
1212
634
-200
-97
979
2158
3260
2909
1575
666
916
2730
3912
3239
1777
832
1126
1567
2041
1645
272
-671
-937
-462
-237
-756
-1679
-2519
-2596
-2155
-1704
-1569
-2018
-2614
-2784
-2139
-1188
-803
-832
-1149
-1287
-723
174
634
354
-54
-331
-212
438
717
282
-396
-755
-775
-759
-473
-442
-705
-832
-987
-1015
-859
354
1487
1151
289
-119
583
1774
2895
3179
2156
1164
988
2123
3670
3559
2395
1400
1304
1569
1817
1854
909
-151
-748
-692
-314
-537
-1242
-1927
-2292
-2236
-1925
-1459
-1450
-2052
-2508
-2181
-1209
-642
-622
-815
-987
-701
-96
432
469
131
-245
-426
-116
125
-124
-483
-769
-932
-1053
-937
-749
-962
-1361
-1594
-1649
-1315
120
1353
1019
-132
-386
619
1872
3111
3170
1979
1071
1146
2424
3751
3500
2139
1310
1610
1916
1991
1773
770
-181
-423
-69
117
-453
-1312
-1915
-2059
-1847
-1634
-1523
-1644
-2060
-2352
-2038
-1145
-674
-699
-748
-873
-575
153
726
574
188
-1
-191
-32
198
-34
-614
-1053
-1225
-1343
-1091
-879
-1196
-1568
-1852
-2035
-1610
61
1026
193
-992
-1066
101
1581
2930
2689
1215
386
833
2541
3771
3100
1619
1097
1756
2211
2305
1968
817
-120
-120
393
392
-281
-1143
-1842
-1885
-1463
-1239
-1235
-1484
-2013
-2294
-1739
-841
-531
-604
-709
-708
-226
498
739
420
162
68
67
347
454
77
-408
-665
-823
-908
-731
-824
-1149
-1224
-1310
-1713
-1078
688
1169
114
-934
-656
333
1745
2896
2247
925
291
1024
2814
3569
2599
1331
1220
1772
1976
2082
1535
333
-296
93
579
306
-505
-1341
-1854
-1612
-1181
-1092
-1210
-1641
-2135
-2053
-1173
-542
-607
-796
-994
-956
-325
420
491
-69
-366
-355
-135
133
-77
-594
-959
-1000
-1096
-1084
-972
-1251
-1588
-1603
-1617
-1468
-153
1039
538
-651
-897
-22
1165
2461
2640
1408
442
627
2065
3410
3092
1780
1165
1796
2423
2457
1971
885
67
112
572
680
-75
-1107
-1691
-1631
-1209
-1011
-1026
-1281
-1843
-2199
-1671
-670
-355
-657
-870
-810
-330
392
686
306
-224
-371
-93
348
357
-310
-953
-1104
-941
-833
-886
-1107
-1388
-1467
-1639
-1853
-975
514
826
-216
-1015
-621
348
1673
2512
1825
533
-71
947
2723
3235
2221
1122
1257
1814
2103
2119
1395
336
-98
324
752
421
-387
-1258
-1617
-1316
-1047
-962
-994
-1313
-1822
-1817
-968
-255
-166
-362
-696
-582
119
811
791
219
-234
-340
227
757
320
-585
-1132
-1078
-882
-657
-592
-989
-1335
-1436
-1529
-667
780
996
-8
-763
-413
335
1638
2716
2004
595
-51
720
2440
3047
1946
579
630
1363
1706
1732
971
-78
-574
-180
479
370
-491
-1375
-1749
-1451
-998
-844
-963
-1284
-1748
-1745
-1004
-387
-371
-381
-378
-395
88
767
884
461
43
-240
50
525
296
-413
-965
-1155
-1154
-987
-845
-1221
-1622
-1695
-1770
-979
435
871
-48
-824
-350
449
1719
2639
1855
569
15
818
2430
3085
2098
620
607
1414
1810
1923
1299
204
-402
-39
544
344
-572
-1544
-1923
-1447
-903
-847
-1039
-1381
-1886
-1957
-1068
-233
-231
-348
-362
-287
244
999
1210
817
441
165
291
816
691
-116
-799
-1095
-1160
-892
-545
-856
-1532
-1889
-1891
-781
710
776
-398
-1186
-651
181
1520
2574
1656
148
-268
821
2377
2790
1905
658
581
1269
1614
1796
1294
317
-293
-65
514
420
-274
-1096
-1653
-1376
-779
-578
-716
-1164
-1672
-1727
-920
-95
-37
-118
-284
-314
154
817
1097
787
388
30
152
626
540
-1
-596
-1060
-1140
-857
-470
-874
-1480
-1900
-1645
-44
843
307
-785
-963
-260
645
1968
1996
677
-345
-162
1372
2320
1868
795
264
674
1052
1291
925
139
-287
-193
185
104
-420
-867
-1188
-1255
-983
-737
-688
-902
-1141
-1189
-779
-222
-198
-198
-83
-115
46
406
772
837
738
558
332
531
601
263
-146
-517
-777
-862
-580
-534
-1006
-1385
-1522
-448
835
810
-238
-926
-205
568
1530
2041
1087
71
-234
788
1938
1869
1041
251
540
849
807
619
-2
-526
-674
-252
-94
-630
-1142
-1367
-1341
-1173
-983
-854
-883
-1013
-1114
-944
-365
-32
-117
-14
119
290
634
857
826
674
624
387
417
662
357
-125
-422
-512
-612
-521
-403
-831
-1033
-1221
-644
818
1188
288
-796
-200
916
1534
2331
1869
630
-49
584
2061
2272
1354
284
206
873
858
641
71
-602
-933
-650
-153
-481
-1315
-1834
-1834
-1464
-1084
-878
-1010
-1293
-1352
-1151
-512
92
3
-123
62
250
496
819
1045
756
508
450
476
772
614
29
-509
-839
-789
-568
-291
-633
-1314
-1592
-1094
604
1510
776
-490
-881
104
1373
2563
2372
795
-215
139
1745
2549
1773
610
58
583
949
829
91
-914
-1309
-1046
-508
-622
-1479
-2193
-2297
-1915
-1485
-1235
-1170
-1291
-1390
-1340
-957
-378
-44
83
310
316
369
707
1022
1086
942
720
372
454
741
580
225
-250
-587
-485
6
51
-569
-1190
-770
919
1730
982
-120
-169
583
1579
2629
2307
1006
57
363
1968
2673
1772
523
234
739
939
839
-25
-1102
-1477
-1116
-654
-850
-1658
-2414
-2500
-2036
-1602
-1516
-1702
-1954
-1924
-1425
-653
-203
-317
-379
-49
399
819
1077
975
714
697
734
690
697
472
194
70
-114
-448
-564
-250
-226
-554
-1093
-531
1112
1612
639
-431
-97
893
1985
2778
2039
681
64
1058
2801
2933
1532
228
270
995
1222
833
-188
-1265
-1606
-1077
-536
-988
-2074
-2873
-2920
-2376
-1965
-1998
-2201
-2447
-2471
-1859
-918
-417
-637
-724
-391
191
901
1257
1147
818
777
912
979
1037
682
183
-48
-16
-126
-294
-150
-214
-570
-749
190
1352
1286
491
49
416
1138
2198
2766
1997
847
536
1753
3131
2833
1539
729
892
1327
1526
1103
55
-839
-964
-649
-624
-1138
-2038
-2602
-2616
-2278
-2016
-2226
-2599
-2861
-2669
-1891
-1089
-846
-1088
-1081
-725
1
738
889
679
479
567
729
865
760
276
-72
-239
-242
-215
-208
-354
-648
-845
-381
992
1624
947
49
64
784
1731
2714
2450
1211
324
870
2652
3329
2411
1152
843
1375
1895
2079
1185
-202
-872
-576
-69
-330
-1312
-2271
-2609
-2306
-1852
-1734
-2204
-2760
-2941
-2437
-1611
-1071
-1110
-1320
-1180
-692
62
564
565
309
270
515
679
726
283
-311
-458
-382
-352
-393
-479
-812
-1220
-1081
353
1469
1076
-29
-273
427
1293
2298
2447
1430
445
494
1940
3274
2851
1476
853
1333
1905
2229
1684
549
-208
-64
358
271
-596
-1686
-2173
-2129
-1780
-1605
-1934
-2498
-2927
-2758
-2012
-1256
-1130
-1434
-1435
-1113
-337
432
434
-24
-178
202
569
804
591
0
-353
-344
-236
-287
-329
-503
-919
-1101
-62
1149
1146
179
-270
287
1007
2022
2591
1832
671
391
1638
3174
3080
1780
972
1334
1888
2225
1937
827
-168
-123
582
661
-148
-1333
-1989
-1910
-1526
-1308
-1557
-2156
-2784
-2760
-2045
-1270
-1118
-1454
-1483
-1183
-606
57
247
-33
-317
-203
161
602
588
-103
-612
-574
-459
-402
-397
-651
-1283
-1381
90
1226
939
-18
-308
297
1079
2136
2437
1594
554
309
1735
3158
2850
1651
1070
1436
1883
2336
2014
634
-442
-147
761
748
-241
-1405
-1919
-1699
-1369
-1285
-1535
-2148
-2807
-2679
-1819
-1229
-1320
-1667
-1662
-1204
-398
311
425
108
-101
72
396
674
434
-102
-380
-534
-649
-514
-434
-690
-1280
-1200
43
866
574
-310
-397
118
804
1770
1894
1132
303
463
2024
3029
2497
1353
1087
1578
1984
2343
1826
663
-209
43
877
911
-30
-1243
-1762
-1551
-1072
-898
-1379
-2151
-2715
-2487
-1682
-1123
-1064
-1340
-1534
-1261
-307
473
427
115
16
224
624
1016
730
90
-229
-213
-73
34
-277
-803
-1343
-652
665
964
210
-619
-406
157
1169
1964
1452
298
-266
625
2261
2649
1740
795
945
1495
1954
2117
1383
256
-196
354
784
533
-347
-1326
-1672
-1530
-1170
-1175
-1617
-2288
-2659
-2239
-1536
-1099
-1075
-1179
-1278
-1036
-172
496
464
149
58
271
651
998
695
117
-123
-62
166
255
-11
-744
-1045
167
1052
672
-324
-574
-172
368
1281
1517
677
-200
-181
1185
2310
1933
992
710
1227
1497
1788
1613
674
-47
124
710
533
-270
-1002
-1417
-1386
-1245
-1168
-1322
-1749
-2289
-2301
-1762
-1341
-1347
-1403
-1323
-1210
-826
-224
91
26
29
325
527
639
584
312
174
123
104
188
148
-132
-820
-512
829
1224
534
-356
-221
323
1036
1706
1255
249
-352
255
1798
2232
1373
473
667
1249
1559
1659
851
-147
-338
291
646
168
-619
-1305
-1420
-1290
-1171
-1219
-1563
-1932
-2159
-1942
-1510
-1309
-1321
-1241
-1174
-1038
-483
25
76
74
178
392
722
962
819
559
475
387
503
634
509
39
-338
472
1307
1243
444
111
413
777
1495
1890
1311
401
29
934
2027
1883
1060
628
951
1153
1436
1319
476
-336
-386
154
213
-415
-1143
-1476
-1429
-1383
-1411
-1653
-1956
-2155
-2131
-1811
-1652
-1689
-1595
-1315
-1149
-933
-530
-330
-239
-66
125
296
483
581
548
534
389
178
273
427
452
31
-358
507
1461
1437
493
148
456
910
1757
1961
1087
184
93
1258
2219
1881
842
349
835
1233
1434
986
54
-543
-375
208
110
-689
-1453
-1724
-1571
-1372
-1458
-1878
-2212
-2287
-2161
-1853
-1604
-1660
-1627
-1374
-1148
-788
-370
-251
-194
-4
278
381
506
528
430
425
418
276
271
485
533
121
-222
571
1415
1296
531
416
761
1108
1806
2043
1218
359
341
1464
2381
1983
971
576
967
1295
1463
1146
287
-336
-161
293
83
-697
-1540
-1803
-1555
-1256
-1288
-1748
-2168
-2384
-2270
-1902
-1727
-1751
-1640
-1470
-1360
-982
-450
-346
-347
-143
187
418
520
468
308
350
449
390
406
500
587
278
146
936
1541
1287
592
668
1079
1217
1755
1978
1300
438
457
1696
2391
1835
964
841
1312
1500
1471
1060
316
-170
50
442
18
-783
-1401
-1505
-1307
-1220
-1507
-1979
-2248
-2399
-2298
-2101
-2101
-2120
-1993
-1762
-1615
-1231
-830
-835
-831
-527
-158
58
189
97
-15
116
236
304
380
458
453
374
248
841
1687
1562
700
473
1035
1277
1663
2014
1496
590
498
1469
2425
2155
1177
726
1216
1657
1557
1137
291
-306
-80
557
439
-319
-1137
-1467
-1286
-1033
-1223
-1655
-1979
-2242
-2194
-1885
-1691
-1716
-1770
-1728
-1702
-1353
-820
-690
-823
-796
-567
-236
99
225
87
28
24
151
357
451
310
170
110
450
1442
1755
1053
447
779
1280
1661
2122
1849
858
449
1064
2195
2407
1505
707
910
1563
1812
1600
768
-134
-208
488
726
93
-792
-1328
-1291
-910
-814
-1208
-1768
-2160
-2195
-1857
-1640
-1706
-1880
-1988
-1833
-1381
-874
-793
-1106
-1144
-814
-383
-93
-101
-307
-365
-100
143
271
56
-188
-30
319
281
513
1281
1416
787
494
952
1323
1554
1794
1522
820
499
1141
2184
2176
1179
647
1008
1524
1667
1444
599
-133
71
751
853
64
-851
-1270
-1069
-784
-818
-1240
-1869
-2262
-2074
-1616
-1425
-1607
-1990
-2152
-1854
-1196
-749
-883
-1242
-1221
-802
-336
-130
-302
-576
-540
-150
211
188
-250
-372
43
417
400
301
915
1307
1109
759
841
1146
1226
1636
1776
1191
706
1036
1998
2288
1604
935
915
1446
1795
1659
977
270
286
849
1116
477
-408
-821
-754
-517
-495
-942
-1588
-1886
-1712
-1368
-1270
-1578
-1889
-1840
-1458
-1166
-998
-1071
-1170
-1058
-667
-399
-486
-570
-469
-251
-23
21
-119
-193
-196
77
243
270
-31
148
978
1374
1052
466
601
986
1382
1855
1642
826
380
891
1877
2009
1315
763
1023
1614
1663
1465
862
333
428
850
905
324
-399
-748
-596
-486
-764
-1239
-1562
-1635
-1450
-1341
-1516
-1765
-1734
-1519
-1382
-1361
-1338
-1333
-1213
-983
-841
-873
-857
-620
-422
-380
-319
-255
-159
-103
-92
4
18
-3
-36
121
805
1146
822
180
319
865
1052
1273
1282
755
241
538
1395
1802
1347
797
817
1367
1738
1736
1237
474
313
837
1263
787
-10
-533
-587
-378
-276
-598
-1149
-1417
-1333
-1141
-1141
-1372
-1604
-1586
-1432
-1260
-1095
-1109
-1117
-984
-779
-746
-660
-538
-518
-529
-381
-212
-160
-144
-192
-295
-199
12
189
89
-30
418
815
701
87
20
342
663
1116
1180
595
99
449
1412
1814
1263
679
844
1550
1894
1858
1349
733
732
1289
1489
796
0
-280
-96
86
4
-423
-880
-1001
-844
-674
-858
-1221
-1342
-1164
-981
-1027
-991
-982
-1024
-896
-701
-530
-500
-444
-382
-321
-296
-286
-197
-118
-284
-347
-133
72
32
-171
-446
-155
552
689
15
-526
-294
254
868
1162
541
-222
-163
766
1715
1566
775
520
1050
1688
1952
1681
762
230
720
1430
1383
500
-300
-445
-163
122
7
-417
-921
-1122
-816
-541
-643
-946
-1068
-1054
-981
-809
-676
-915
-1196
-1133
-732
-389
-349
-523
-632
-467
-213
-68
-155
-480
-619
-351
-95
-130
-472
-741
-820
-330
329
268
-351
-648
-163
418
687
645
195
-67
218
919
1500
1238
712
682
1223
1737
1705
1367
858
718
1030
1296
1119
458
4
64
409
527
249
-194
-558
-609
-369
-303
-546
-868
-942
-767
-628
-554
-640
-852
-980
-788
-469
-403
-569
-704
-762
-685
-528
-428
-511
-658
-627
-467
-432
-572
-668
-576
-535
-608
-241
70
69
-347
-383
60
370
598
683
470
129
202
849
1396
1232
807
735
1171
1596
1739
1448
896
694
998
1528
1560
1037
424
239
611
814
517
41
-384
-381
-124
-13
-293
-715
-852
-747
-565
-543
-778
-1019
-1098
-889
-702
-688
-840
-1110
-1092
-852
-670
-793
-1111
-1234
-1106
-828
-769
-923
-955
-950
-873
-772
-496
-118
-107
-357
-454
-90
178
278
484
435
167
135
601
1285
1341
1032
924
1244
1743
1922
1804
1464
1238
1425
1768
1871
1464
896
696
942
1214
968
528
231
98
151
247
82
-323
-533
-504
-467
-545
-708
-961
-1223
-1327
-1139
-1038
-1179
-1419
-1520
-1341
-1110
-1031
-1142
-1329
-1357
-1153
-897
-825
-1007
-1076
-950
-695
-574
-539
-333
-291
-476
-521
-219
-33
-50
177
495
488
371
542
1202
1563
1358
1270
1532
1915
2040
2003
1818
1607
1701
1941
1999
1781
1353
1126
1243
1347
1188
857
556
351
223
95
-182
-548
-775
-774
-798
-977
-1226
-1447
-1507
-1499
-1488
-1573
-1689
-1717
-1611
-1486
-1440
-1500
-1513
-1460
-1327
-1102
-1019
-1064
-1119
-1051
-924
-854
-860
-985
-768
-276
-45
-272
-532
-247
233
610
795
615
432
491
1028
1758
1868
1550
1426
1889
2525
2711
2462
2031
1860
2039
2265
2278
1870
1300
983
1099
1306
1014
440
-14
-209
-230
-241
-413
-800
-1261
-1420
-1325
-1240
-1433
-1813
-2067
-2009
-1804
-1717
-1760
-1931
-2044
-1888
-1564
-1321
-1311
-1482
-1488
-1267
-949
-839
-944
-1071
-1039
-878
-646
-545
-589
-381
-123
-27
16
241
536
756
1029
1280
1301
1206
1247
1709
2133
2142
2041
2130
2387
2644
2660
2472
2221
2086
2073
2092
1953
1548
1092
881
962
923
499
21
-282
-383
-480
-738
-1068
-1315
-1408
-1466
-1562
-1650
-1792
-1908
-1923
-1921
-1912
-1960
-1937
-1792
-1666
-1643
-1612
-1462
-1287
-1231
-1214
-1129
-991
-857
-770
-718
-641
-572
-509
-348
-153
101
504
803
825
628
724
1065
1377
1578
1565
1489
1476
1672
2099
2303
2132
1961
2034
2246
2277
2097
1862
1664
1580
1489
1357
1165
879
553
250
82
-32
-171
-385
-745
-1079
-1275
-1281
-1250
-1412
-1712
-1968
-1998
-1783
-1630
-1740
-2033
-2189
-2020
-1764
-1625
-1692
-1738
-1667
-1402
-1092
-1021
-1100
-1041
-880
-662
-489
-377
-269
-179
25
239
327
383
524
818
1138
1231
1139
1019
1020
1176
1358
1433
1389
1315
1236
1244
1412
1625
1689
1638
1577
1468
1437
1472
1421
1182
844
631
602
614
451
94
-228
-398
-451
-473
-531
-669
-892
-1060
-1142
-1099
-1072
-1176
-1337
-1433
-1499
-1483
-1385
-1378
-1496
-1599
-1547
-1390
-1172
-963
-838
-864
-838
-615
-320
-131
-34
96
215
347
500
611
642
625
573
626
748
881
882
767
692
731
905
986
869
682
608
641
793
880
748
501
398
495
667
754
726
557
392
377
427
411
261
115
95
159
224
188
54
-140
-248
-277
-315
-385
-522
-670
-767
-883
-975
-981
-916
-849
-898
-985
-1021
-900
-675
-524
-509
-514
-408
-247
-109
-17
-26
-44
13
151
308
317
193
112
166
252
280
241
164
130
213
252
224
86
-65
-81
-33
-47
-31
-63
-154
-119
15
32
-96
-184
-140
11
89
134
133
66
7
89
252
329
292
291
360
371
293
181
108
78
86
134
166
193
169
140
150
148
115
137
178
200
197
255
305
304
299
318
358
396
431
368
216
83
53
58
23
-50
-86
-125
-215
-250
-239
-251
-337
-399
-488
-550
-528
-522
-496
-520
-605
-637
-495
-336
-341
-386
-336
-268
-185
-145
-140
-185
-220
-214
-160
-141
-195
-241
-176
-67
2
24
-5
-11
6
36
94
146
172
212
307
457
586
605
619
679
737
826
876
827
750
703
697
652
572
477
363
325
339
392
320
117
-83
-149
-122
-111
-68
-93
-193
-284
-259
-241
-283
-341
-401
-363
-316
-379
-499
-574
-578
-556
-537
-575
-618
-635
-635
-619
-601
-649
-684
-688
-689
-686
-657
-681
-716
-707
-558
-372
-269
-163
-83
4
90
185
238
217
183
184
242
312
369
376
372
367
416
466
450
412
419
419
423
428
426
430
391
409
521
580
589
620
664
658
631
618
561
480
420
400
377
373
356
320
247
167
110
76
25
-71
-130
-148
-178
-291
-410
-446
-441
-452
-497
-518
-519
-472
-429
-430
-483
-519
-485
-411
-373
-377
-375
-363
-310
-254
-264
-293
-321
-321
-280
-267
-237
-242
-237
-255
-234
-171
-115
-99
-41
105
239
340
390
397
399
433
470
500
478
481
514
560
568
555
593
614
584
516
466
464
453
381
303
209
164
202
199
203
198
155
129
133
77
-31
-88
-137
-151
-174
-213
-272
-331
-347
-318
-288
-298
-333
-371
-394
-391
-401
-478
-522
-531
-545
-499
-434
-415
-436
-479
-440
-339
-238
-237
-285
-251
-194
-124
-99
-106
-103
-43
79
141
101
56
94
207
322
335
311
252
266
364
365
253
144
143
210
312
317
267
161
94
98
72
1
-45
-32
-37
-99
-170
-203
-206
-206
-219
-273
-331
-326
-293
-325
-399
-418
-358
-256
-172
-187
-209
-192
-145
-80
-75
-84
-75
-52
-10
70
107
92
90
184
332
413
452
448
445
417
442
452
406
347
361
413
432
438
452
458
412
399
394
397
424
372
277
215
179
217
250
174
59
-9
-30
-59
-130
-223
-342
-432
-477
-470
-488
-557
-658
-692
-674
-696
-714
-695
-699
-707
-666
-575
-514
-480
-476
-484
-432
-282
-93
-21
-52
-58
22
137
266
283
256
270
327
470
590
665
675
687
731
794
858
863
764
693
697
708
747
772
702
617
594
623
605
523
385
258
207
181
140
36
-86
-209
-228
-226
-307
-419
-521
-582
-607
-681
-809
-872
-859
-809
-822
-841
-876
-883
-875
-823
-749
-740
-703
-608
-529
-491
-498
-483
-418
-339
-241
-163
-92
-28
31
131
206
251
298
391
481
524
478
479
557
605
628
592
561
528
549
579
573
511
442
419
454
448
385
317
260
191
122
69
50
25
-63
-110
-145
-192
-289
-375
-414
-410
-395
-406
-383
-372
-398
-412
-427
-468
-499
-470
-433
-438
-417
-391
-351
-277
-195
-134
-53
-5
34
120
157
136
112
160
267
375
407
451
521
554
564
538
455
370
377
369
346
345
345
342
317
277
242
206
174
150
100
19
-43
-134
-234
-291
-336
-345
-334
-326
-320
-334
-349
-382
-461
-497
-524
-545
-515
-516
-517
-466
-438
-411
-354
-296
-253
-208
-155
-74
-3
9
17
56
105
169
259
380
447
463
477
510
584
636
633
621
651
692
740
760
745
710
668
669
682
612
529
466
403
365
355
290
167
20
-104
-181
-252
-315
-369
-417
-472
-543
-637
-712
-723
-732
-755
-754
-742
-724
-745
-789
-815
-765
-699
-610
-576
-559
-524
-493
-434
-375
-298
-217
-158
-112
-32
54
102
116
125
177
275
342
399
468
523
534
577
646
653
680
718
768
808
808
789
759
721
693
679
655
632
568
485
414
324
217
119
20
-70
-145
-244
-311
-358
-414
-508
-568
-651
-722
-750
-762
-785
-803
-805
-756
-688
-676
-678
-668
-630
-592
-500
-441
-425
-394
-323
-274
-242
-239
-230
-122
15
100
176
240
284
349
405
426
441
448
461
493
521
559
575
615
644
655
680
686
652
639
598
503
413
336
310
280
225
160
103
40
-8
-69
-171
-276
-341
-337
-330
-365
-428
-501
-542
-532
-536
-586
-642
-646
-578
-533
-541
-537
-547
-526
-488
-432
-403
-407
-386
-324
-261
-217
-156
-73
-3
60
157
254
320
363
420
441
457
513
546
595
610
626
654
673
659
616
567
548
503
458
467
435
408
381
358
320
247
180
166
107
43
29
-38
-120
-191
-225
-234
-259
-290
-318
-344
-385
-409
-401
-396
-430
-496
-532
-531
-519
-499
-440
-410
-395
-363
-358
-365
-371
-370
-347
-285
-227
-162
-95
-62
-30
31
81
144
196
230
243
268
290
317
338
347
388
441
454
421
405
380
354
340
336
319
292
254
237
246
244
221
197
180
164
123
79
37
-21
-69
-94
-100
-96
-78
-70
-72
-97
-101
-105
-124
-169
-202
-219
-202
-186
-196
-211
-232
-219
-157
-130
-138
-167
-203
-236
-218
-174
-179
-159
-117
-80
-52
-56
-97
-122
-101
-80
-82
-75
-64
-76
-73
-75
-77
-42
4
23
10
-14
-33
-18
-28
-56
-77
-68
-37
-3
12
-32
-17
14
62
102
118
99
63
56
73
87
65
48
74
109
114
122
94
71
113
138
127
90
69
73
83
116
126
102
120
137
157
167
122
113
132
104
57
14
10
16
50
51
25
-4
-15
2
-11
-30
-61
-77
-73
-49
-90
-135
-144
-177
-148
-55
-33
-7
12
24
30
-15
-5
-6
20
64
89
124
112
60
38
28
24
13
3
-13
-31
-49
-82
-88
-78
-77
-31
32
64
78
79
46
8
0
-21
-44
-22
34
74
82
56
46
13
8
25
27
23
-14
-56
-94
-110
-139
-150
-79
-43
-31
-20
-28
-57
-62
-96
-124
-86
-38
-15
-19
-7
4
14
73
114
122
116
95
78
54
26
-7
-40
-43
-16
0
1
-40
-78
-82
-79
-83
-86
-104
-129
-125
-125
-118
-125
-151
-142
-111
-98
-86
-87
-127
-171
-195
-186
-160
-114
-65
-86
-77
-52
-59
-46
-42
-46
-45
-25
16
54
50
68
95
142
175
213
240
216
187
207
240
247
241
227
236
251
283
271
243
206
163
150
164
166
138
114
97
95
103
101
93
76
76
60
33
-11
-64
-97
-147
-152
-114
-102
-113
-144
-153
-152
-177
-180
-152
-173
-197
-204
-211
-196
-180
-183
-179
-133
-55
10
47
32
-1
-15
-1
40
72
91
117
169
192
210
232
228
218
222
231
225
192
141
98
96
110
114
76
67
70
72
72
49
-5
-61
-105
-140
-135
-116
-126
-169
-204
-260
-273
-256
-248
-257
-282
-327
-371
-360
-359
-360
-357
-360
-324
-286
-274
-293
-288
-236
-173
-119
-70
-37
-19
19
54
104
169
221
265
323
360
338
284
258
272
305
338
360
364
337
347
346
345
362
373
367
339
297
234
206
152
119
104
58
26
7
-1
-21
-49
-65
-105
-145
-171
-240
-287
-330
-370
-391
-433
-448
-447
-455
-434
-397
-403
-413
-431
-421
-383
-412
-419
-386
-312
-194
-105
-40
3
11
17
79
138
193
243
248
234
254
294
334
361
413
467
494
520
505
490
469
430
435
470
439
403
393
402
429
431
402
357
335
296
243
203
143
76
9
-28
-61
-83
-121
-171
-223
-279
-307
-331
-350
-396
-410
-408
-427
-442
-453
-504
-509
-490
-462
-437
-439
-458
-459
-396
-343
-288
-243
-158
-105
-78
-72
-88
-75
-43
2
49
112
115
115
162
204
216
201
249
294
315
308
319
346
329
319
334
358
354
355
354
292
226
151
98
91
43
9
-27
-55
-82
-90
-128
-201
-222
-283
-341
-354
-379
-397
-378
-371
-374
-342
-315
-286
-266
-258
-271
-286
-299
-274
-245
-207
-149
-118
-100
-78
-56
-35
-11
22
61
94
143
176
235
276
292
319
370
393
390
413
420
394
377
373
372
402
405
407
402
376
376
383
359
295
243
205
153
109
61
-33
-120
-185
-235
-274
-284
-298
-331
-341
-384
-407
-399
-385
-370
-329
-281
-264
-282
-318
-322
-281
-281
-289
-244
-186
-157
-133
-116
-100
-75
-49
4
29
40
51
89
135
152
183
221
272
323
367
408
398
381
372
384
403
405
382
365
322
304
290
248
244
256
238
194
140
85
30
-4
-26
-35
-80
-114
-168
-248
-314
-353
-379
-394
-381
-364
-351
-366
-384
-415
-413
-381
-335
-298
-263
-235
-214
-228
-258
-248
-196
-145
-110
-99
-73
-45
-27
-5
1
8
38
103
146
198
232
248
263
274
272
242
235
267
324
381
373
318
269
244
237
240
271
253
225
192
150
110
53
4
-21
-20
-45
-70
-100
-156
-200
-240
-232
-254
-258
-251
-269
-286
-279
-289
-314
-315
-305
-284
-262
-239
-255
-276
-257
-204
-164
-139
-116
-104
-111
-85
-36
-20
-5
8
51
76
100
105
108
139
183
230
268
315
318
278
242
243
239
268
294
293
304
302
263
245
214
191
184
177
188
180
133
82
79
62
20
-17
-40
-57
-59
-62
-74
-89
-122
-126
-140
-144
-140
-157
-164
-168
-196
-206
-188
-184
-206
-212
-182
-174
-150
-113
-67
-61
-38
8
14
-8
12
25
7
33
58
95
126
137
145
143
120
119
71
50
52
61
81
63
35
21
41
48
85
110
80
22
-9
-40
-89
-102
-128
-133
-83
-59
-62
-40
-31
-62
-88
-103
-125
-135
-114
-92
-91
-102
-132
-160
-191
-159
-144
-135
-84
-58
-68
-72
-56
-20
8
51
71
81
110
120
113
98
102
77
92
102
106
134
148
155
174
184
191
197
188
177
155
103
68
28
12
25
5
1
15
19
33
36
14
5
6
11
1
-24
-54
-89
-91
-120
-155
-154
-165
-181
-168
-161
-189
-169
-169
-104
32
2
-81
-138
-241
-342
-338
-276
-190
-158
-145
-142
-74
47
113
120
147
151
135
159
102
59
41
46
82
153
241
269
284
275
262
216
182
147
137
167
172
163
167
167
190
203
180
172
140
115
105
67
12
-45
-71
-75
-99
-74
12
55
42
5
-32
-97
-151
-170
-194
-215
-217
-193
-193
-181
-167
-188
-180
-154
-142
-162
-178
-158
-145
-149
-118
-81
-98
-94
-71
-29
-19
-25
0
-4
22
38
36
32
7
-23
-50
-56
-2
27
11
37
58
74
80
90
104
106
132
179
193
160
138
113
68
81
129
138
131
135
106
69
40
30
10
-28
-79
-91
-51
-34
1
14
-12
-45
-59
-70
-68
-88
-135
-136
-116
-141
-150
-158
-152
-112
-103
-65
-36
-24
-25
-49
-25
-33
-35
-26
-38
-39
-38
0
40
46
85
134
115
90
84
119
156
175
213
193
173
165
190
188
153
130
115
96
84
112
99
87
82
65
86
76
53
389
517
-96
-457
-69
185
-220
-213
238
-130
-789
-726
-244
-33
-285
-469
-244
-55
-210
-399
-407
-99
-42
-583
-542
-27
-37
-557
-566
22
91
-65
138
387
296
-10
-321
196
723
98
-122
560
605
-196
-221
865
656
-288
199
964
284
-613
-22
628
-7
-372
719
738
-342
-484
270
557
-44
-10
369
136
-289
-192
132
209
-126
-357
185
417
-360
-482
37
146
-174
567
1205
-238
-753
-110
-464
-821
-277
78
-829
-1460
-1255
-1235
-720
153
153
78
126
-73
-471
-337
596
969
587
225
572
594
18
109
650
919
541
175
65
-8
-224
-439
294
681
246
-92
-207
56
-84
-71
253
317
199
-312
-375
-156
-335
-114
233
203
75
85
122
250
349
140
-17
277
360
57
-156
-247
-517
-707
-524
-192
226
17
-569
-390
-63
-543
-587
181
375
-125
-390
-57
-94
-120
78
323
747
483
9
175
206
-46
111
575
515
212
112
-99
-5
271
71
29
328
144
-338
-265
-74
-157
29
205
32
-227
-344
-386
-272
89
270
95
-61
-218
-140
-202
-340
63
380
2
-418
-280
-353
-574
-281
67
2
-119
-365
-817
-677
-239
-267
-35
503
207
-290
-187
-128
158
548
485
258
511
312
-489
-150
586
281
-42
257
73
-406
-504
1
542
406
-8
-126
-44
-383
-442
314
597
304
307
266
-33
-230
3
628
623
302
242
136
-55
-153
190
394
13
-149
-13
-201
-451
-483
-217
49
50
-112
-148
-276
-415
-339
-49
300
152
165
357
85
-213
-147
32
-108
-105
-16
-127
-57
56
168
167
155
178
-14
58
70
-24
-68
-205
46
44
-148
-40
84
187
133
127
248
286
236
192
377
375
181
239
243
35
54
203
179
134
68
-287
-508
-210
-6
-76
-89
-226
-443
-397
-314
-267
7
166
26
20
-27
-307
-351
-54
256
339
194
-63
-333
-420
-442
-328
36
273
170
-6
-184
-362
-324
97
380
310
163
-124
-392
-376
-165
-37
7
180
223
7
-191
-247
-94
63
179
275
234
17
-162
-142
-62
13
48
118
144
-51
-293
-275
-177
-199
-170
52
123
-62
-140
-103
-118
-175
-86
127
244
25
-102
12
40
-44
-17
72
66
124
146
142
145
74
-34
82
234
37
-30
43
12
16
106
71
21
137
92
36
215
220
71
97
140
35
18
157
174
69
-26
-85
-32
7
-71
-77
10
-50
-66
60
85
-76
-234
-205
-126
-163
-237
-111
120
146
81
128
77
-31
40
172
156
15
-123
-231
-217
-18
123
129
88
7
-63
-60
-12
52
173
199
74
0
-4
-62
-57
0
33
131
237
136
-44
25
76
53
131
145
37
-43
-58
-100
-116
-71
-71
-31
-7
-61
-187
-236
-142
-65
-86
-54
68
116
76
75
58
-55
-52
-11
50
25
-51
-43
-31
0
20
45
72
17
36
104
48
-43
-92
-45
32
81
95
109
66
-83
-120
-21
62
89
64
-43
-168
-203
-139
-67
-3
23
-9
-11
-8
7
65
121
46
-23
-18
-55
-103
-175
-226
-247
-247
-193
-120
-85
-178
-253
-215
-120
25
166
244
198
33
-63
4
104
214
206
120
-4
-138
-163
-78
64
159
172
199
166
-2
-81
-29
94
186
205
149
59
-54
-122
-54
67
145
210
216
68
-104
-164
-118
-39
50
94
-30
-176
-177
-124
-91
-16
113
158
104
42
7
-39
-150
-160
5
97
61
-84
-208
-301
-348
-211
40
185
68
-124
-211
-190
-62
150
260
233
120
-50
-148
-90
66
185
244
234
112
-93
-175
-52
158
294
306
265
57
-222
-305
-157
103
192
140
15
-145
-241
-197
-1
211
287
215
109
29
-40
-34
97
204
167
65
-43
-175
-257
-197
-79
37
106
42
-61
-124
-191
-195
-49
53
20
-69
-138
-95
-49
-48
-13
28
15
-72
-62
14
19
21
52
74
58
45
-2
-61
-133
-165
-59
20
-9
-80
-90
-66
-21
16
52
71
19
-7
5
12
73
116
32
-29
-25
-16
-18
41
115
86
94
92
11
-71
-103
-83
-57
23
80
18
-66
-151
-133
-30
-10
33
120
145
56
-107
-146
-111
-69
79
226
212
11
-101
-62
-38
34
151
199
153
21
-125
-133
-88
-33
55
119
100
-18
-160
-193
-180
-137
41
276
335
223
158
69
-22
-25
111
228
233
152
23
-72
-153
-165
-69
63
107
84
14
-94
-152
-174
-46
148
179
132
86
-72
-233
-250
-135
2
103
120
-19
-144
-176
-172
-113
-16
34
35
12
-30
-90
-133
-166
-136
-66
12
21
-32
-120
-142
-118
-102
-38
21
69
83
67
-5
-49
-18
38
89
114
103
76
22
6
75
158
191
215
167
66
-8
-21
41
66
88
77
-18
-99
-113
-110
-158
-158
-76
15
22
-27
-58
-126
-172
-156
-65
-1
11
-19
-54
-68
-70
-41
32
155
167
46
-68
-130
-203
-175
-71
38
68
16
-4
-3
37
98
187
254
208
142
91
48
2
35
128
122
70
55
55
52
49
61
112
120
103
107
99
66
-35
-82
-66
-46
-36
-12
31
7
-32
-36
-5
3
29
70
40
-57
-136
-153
-150
-153
-85
-1
-41
-123
-120
-109
-163
-109
28
82
14
-40
-77
-98
-115
-131
-110
-35
63
71
20
8
-5
-99
-84
29
103
85
20
13
28
56
114
181
172
90
4
-7
-19
-55
-93
-130
-154
-206
-191
-116
-40
1
13
45
55
39
47
97
90
65
28
-22
-46
-44
-81
-93
-5
62
41
-25
-16
-10
-73
-86
8
12
-31
-42
-12
26
10
49
81
52
-30
-60
36
69
80
122
91
25
-10
-17
27
29
38
77
84
76
62
88
57
36
69
117
110
24
-39
-20
-14
-7
52
83
45
-22
-2
36
50
72
32
-52
-89
-60
-1
88
149
86
10
25
59
85
50
9
-29
-86
-112
-78
-33
20
41
38
33
-20
-63
-107
-91
-13
25
42
14
-84
-217
-249
-150
-11
58
121
109
-17
-143
-145
-49
2
-3
1
12
-35
-38
14
66
35
16
55
66
25
15
27
-8
-3
12
44
56
52
78
96
63
55
57
32
23
44
39
-6
-55
-99
-115
-113
-107
-92
-62
-65
-88
-91
-98
-127
-145
-98
-70
-81
-100
-101
-125
-150
-134
-113
-69
-31
-7
-57
-143
-197
-301
-344
-247
-125
-40
-9
-19
-28
-48
-38
49
174
226
214
224
203
104
60
119
162
168
195
222
197
117
95
120
132
149
203
187
138
122
97
72
75
119
180
206
173
148
79
20
8
36
76
51
-34
-129
-196
-226
-188
-132
-73
-39
-61
-60
-84
-88
-40
25
40
78
82
11
-27
-89
-117
-88
-30
3
44
52
22
-11
-16
8
38
55
32
6
-28
-9
34
46
56
54
74
75
48
5
-44
-93
-96
-36
-1
17
36
10
-54
-76
-56
-17
17
33
23
-30
-76
-104
-127
-113
-80
-23
3
-6
-29
-75
-113
-109
-69
-10
3
-21
-17
-16
-39
-58
-66
-24
7
-39
-28
-30
-90
-98
-12
54
51
56
56
69
28
1
-2
-42
-54
-62
-56
-30
-7
24
63
71
52
22
-1
-28
-32
-8
-6
-15
8
10
-27
-34
-19
6
0
-25
-53
-76
-85
-86
-48
14
14
26
85
75
11
-25
-20
-22
4
17
43
63
41
15
-16
-29
-9
-27
-12
49
40
20
-13
10
49
56
77
99
126
90
66
54
46
27
13
40
43
-4
-11
4
8
41
104
172
130
136
189
130
60
49
56
51
35
43
43
32
10
27
60
48
33
22
30
14
2
22
45
42
27
25
0
-51
-78
-28
-22
-57
-40
-51
-102
-98
-62
-46
-45
1
25
0
-22
-69
-99
-95
-66
-27
-7
-13
-20
-43
-48
-79
-138
-122
-82
-58
-36
-20
-53
-69
-97
-105
-65
-44
-41
-29
2
13
-16
-29
1
-15
3
-4
-15
-9
-44
-53
-23
-20
-28
17
56
43
33
61
33
-1
0
21
29
-4
-18
-36
-34
-26
5
8
-48
-75
-79
-96
-80
-47
-53
-80
-102
-110
-114
-111
-65
-20
-4
-7
-8
-14
-62
-68
-38
-19
21
42
17
-44
-81
-103
-111
-97
-62
-6
26
-11
8
43
26
27
53
127
159
155
178
184
172
150
170
187
193
207
205
169
142
135
132
161
177
176
135
63
8
-2
9
32
81
110
92
42
22
6
-2
8
26
21
4
15
55
43
-9
-5
-2
-22
-23
-17
-59
-99
-127
-108
-56
-30
-23
17
28
7
2
5
10
-19
-29
-21
4
-9
-24
-10
4
-10
-26
-30
9
28
21
25
11
-3
-8
-26
-71
-68
-69
-55
-23
-10
-21
-84
-138
-131
-140
-139
-127
-124
-119
-143
-137
-104
-124
-144
-113
-105
-123
-125
-137
-148
-134
-90
-55
-33
-44
-54
-25
-6
6
2
-4
-13
-25
-30
-36
-32
-29
-40
-45
-18
16
12
23
68
96
116
114
118
111
88
90
124
145
144
135
113
106
109
122
113
97
53
16
11
2
3
41
49
54
70
54
37
23
8
-9
-16
-22
-35
-75
-94
-87
-78
-45
-28
-51
-72
-93
-102
-85
-49
1
-14
-54
-66
-62
-41
-16
21
51
70
72
81
96
93
78
92
124
122
110
103
102
81
47
51
77
82
99
145
171
143
