SAMPLES:	9211
BITSPERSAMPLE:	16
CHANNELS:	1
SAMPLERATE:	16000
NORMALIZED:	FALSE
-2
-3
-1
-1
-1
0
-1
-2
-3
-5
-4
-1
-1
-4
-5
-5
-5
-4
-3
-3
-3
-4
-5
-4
-6
-6
-7
-6
-2
-5
-3
-4
-4
-1
0
1
3
2
2
3
2
2
2
3
4
6
7
9
9
6
4
3
2
1
0
2
4
3
2
1
-1
1
1
3
2
4
5
1
-1
0
0
0
1
2
0
-4
-4
-3
-4
-3
2
3
3
5
4
4
2
1
1
-1
-3
-2
-2
-2
-2
-2
-1
1
4
4
4
0
-1
-3
-6
-7
-7
-7
-4
0
3
3
3
1
-4
-6
-5
-5
-4
-5
-3
-5
35
54
35
-8
-38
-5
12
4
-10
-7
-12
-30
-45
-29
-13
-16
-30
-26
-28
-23
-17
-2
13
-10
-19
-14
11
33
28
23
26
21
26
33
50
44
29
26
33
42
31
17
5
0
-10
-14
-11
-10
-18
-29
-30
-25
-29
-22
-12
-7
-10
-19
-8
5
8
4
3
3
8
11
11
13
2
-12
-15
-17
-24
-30
-31
-25
-24
-25
-29
-22
-11
-3
-1
1
0
3
8
15
17
15
15
24
33
39
41
34
32
32
36
39
38
32
26
22
18
12
5
4
5
9
5
1
-1
-1
-6
-13
-19
-22
-21
-15
-6
-5
-14
-16
-11
-11
-11
-11
-10
-14
-16
-17
-24
-23
-15
-9
-9
-18
-31
-35
-30
-21
-17
-16
-17
-14
-9
-10
-6
-6
-11
-16
-17
-6
-3
1
1
4
11
12
21
20
24
25
23
28
29
30
33
33
34
29
24
17
12
7
-2
-5
-12
-10
-6
-1
-3
-16
-18
-20
-17
-10
-11
-13
-16
-13
-7
-3
-3
-6
-1
-2
-3
-3
-5
0
1
-4
-5
-11
-3
-1
-3
-3
-12
-14
-19
-10
-6
-1
-2
-5
-8
-2
9
16
27
33
42
54
60
66
64
58
56
51
59
62
56
41
29
14
0
-7
-19
-29
-43
-53
-60
-65
-70
-73
-80
-71
-57
-51
-45
-41
-22
-15
-9
-3
8
6
26
48
27
1
-26
-3
13
-4
-24
-25
-17
-28
-47
-43
-33
-35
-44
-44
-36
-33
-35
-37
-7
-3
-3
11
45
81
103
115
126
121
113
121
140
144
122
99
79
66
38
10
-1
-15
-41
-75
-96
-94
-94
-97
-100
-99
-94
-84
-63
-43
-33
-37
-36
-16
13
21
6
1
13
34
41
38
32
16
5
-7
-23
-38
-57
-74
-96
-109
-112
-117
-108
-105
-114
-128
-126
-118
-100
-84
-81
-78
-67
-79
-73
-62
63
410
533
364
101
81
315
450
389
358
360
219
59
30
134
219
97
-58
-92
-201
-220
-180
-104
-104
-253
-360
-281
-150
-118
-167
-220
-240
-203
-109
28
117
55
20
55
218
331
296
215
156
107
58
47
78
64
-53
-158
-199
-225
-234
-200
-194
-224
-292
-304
-218
-130
-93
-80
-56
5
73
146
219
242
219
208
257
273
254
209
183
168
105
29
-17
-41
-60
-87
-128
-172
-206
-176
-118
-105
-142
-169
-167
-104
-38
-18
-17
-15
21
77
129
149
129
102
109
128
131
119
125
126
107
87
49
20
27
46
44
-12
-84
-105
-88
-88
-101
-121
-147
-127
-86
-50
-43
-81
-100
-78
-58
-64
-93
-66
3
35
6
-34
-54
-42
1
54
51
75
48
-23
-50
-27
49
71
36
55
148
146
89
10
8
32
30
51
105
45
-84
-171
-158
-81
-61
-58
-59
-64
-107
-153
-171
-145
-167
-184
-177
-135
-103
-109
-91
-24
-2
-19
-28
67
230
280
365
470
535
532
477
477
532
510
457
445
383
242
117
73
98
47
-67
-106
-147
-195
-279
-346
-380
-387
-365
-317
-266
-281
-336
-365
-320
-226
-87
5
11
-28
-11
98
232
254
185
127
111
82
10
-51
-120
-219
-352
-439
-460
-478
-538
-586
-598
-591
-587
-541
-471
-415
-407
-359
-260
-180
-96
-10
54
134
134
241
375
509
379
637
1373
1542
1060
336
437
957
1093
790
769
812
530
186
154
374
498
159
-2
-53
-320
-397
-371
-180
-331
-608
-709
-480
-237
-350
-635
-709
-619
-462
-329
-60
29
-34
-91
1
394
522
423
249
167
122
60
41
58
-76
-287
-444
-452
-509
-530
-551
-620
-692
-773
-706
-540
-446
-475
-468
-309
-77
82
225
259
239
208
304
410
406
301
148
80
59
67
2
-60
-111
-156
-145
-121
-56
345
674
734
487
405
669
875
895
888
1032
986
776
657
781
962
825
572
457
236
63
-62
-126
-264
-541
-709
-728
-640
-647
-767
-860
-936
-958
-876
-613
-413
-398
-425
-418
-223
-1
108
161
106
7
-86
-47
57
-37
-263
-424
-388
-376
-465
-579
-609
-601
-645
-587
-494
-466
-525
-612
-546
-387
-269
-176
-128
-34
7
22
148
318
262
498
1567
2251
1906
798
478
1239
1936
1879
1661
1548
1187
697
499
791
904
404
-99
-251
-404
-475
-638
-628
-905
-1330
-1519
-1284
-951
-994
-1339
-1590
-1521
-1267
-820
-371
-240
-406
-531
-319
444
855
750
391
296
468
474
453
405
286
36
-190
-251
-357
-480
-675
-850
-871
-970
-873
-821
-721
-675
-693
-600
-504
-233
-68
25
-13
75
220
390
239
714
1922
2460
1933
938
923
1724
2184
1921
1889
1810
1297
704
669
1037
1105
500
82
-129
-367
-490
-569
-614
-959
-1328
-1434
-1076
-885
-1041
-1375
-1490
-1389
-1213
-886
-494
-344
-264
-140
157
561
892
1028
873
648
386
298
361
442
196
-200
-475
-570
-668
-729
-864
-1063
-1274
-1347
-1316
-1318
-1394
-1431
-1268
-1044
-733
-563
-425
-334
-338
-154
-9
576
1782
2403
1976
1119
1098
1884
2457
2232
1985
2080
1835
1290
852
888
1127
913
512
218
-160
-452
-504
-408
-633
-1159
-1645
-1493
-1090
-1110
-1431
-1813
-1867
-1651
-1317
-951
-919
-995
-848
-388
199
458
460
373
477
600
522
391
392
355
54
-156
-290
-471
-542
-658
-786
-993
-1265
-1293
-1105
-1071
-1318
-1477
-1167
-575
-207
-250
-452
-558
-368
369
1758
2711
2464
1484
1151
1905
2749
2853
2608
2552
2297
1831
1590
1721
1911
1681
1133
816
504
327
158
-50
-503
-1100
-1361
-1242
-1035
-1240
-1694
-2029
-2044
-1828
-1591
-1379
-1340
-1414
-1321
-938
-322
102
190
102
91
177
275
355
373
197
-192
-428
-422
-511
-721
-845
-902
-1079
-1272
-1338
-1214
-1138
-1287
-1422
-1356
-961
-600
-380
-288
-175
-234
318
1601
2473
2298
1570
1667
2359
2690
2564
2699
2913
2545
1787
1338
1571
1812
1527
1143
676
121
-249
-355
-250
-542
-1220
-1717
-1676
-1486
-1552
-1798
-1971
-1964
-1909
-1691
-1308
-1060
-933
-902
-645
-133
186
274
327
424
430
267
228
291
222
-83
-388
-545
-643
-812
-973
-1064
-1171
-1416
-1595
-1559
-1420
-1370
-1385
-1196
-985
-841
-776
-622
-364
610
1801
2303
1953
1510
1832
2712
3200
3049
2879
2686
2449
2222
2111
1940
1636
1264
1204
1086
718
388
104
-274
-710
-1119
-1322
-1363
-1457
-1736
-2010
-2067
-2029
-1838
-1551
-1281
-1209
-1158
-1061
-760
-214
250
401
355
250
226
279
383
333
-9
-424
-652
-752
-862
-928
-1113
-1359
-1581
-1589
-1329
-1274
-1350
-1384
-1302
-1089
-884
-787
-559
-460
-106
1091
2055
2188
1930
1949
2132
2458
2571
3013
3296
2756
2050
1843
1805
1704
1427
1286
1365
953
350
-60
-282
-629
-883
-1079
-1135
-1272
-1579
-1783
-1744
-1792
-1916
-1840
-1497
-1160
-972
-776
-553
-270
-25
139
224
378
399
349
340
351
164
-93
-258
-299
-523
-774
-875
-995
-1165
-1274
-1367
-1422
-1549
-1626
-1361
-998
-985
-1199
-1217
-830
-491
19
1041
1808
1707
1183
1376
2216
2784
2520
2320
2605
2599
2154
1888
2002
2042
1698
1370
1172
919
540
243
78
-277
-772
-1225
-1209
-1027
-1210
-1665
-1926
-1983
-1938
-1725
-1484
-1346
-1236
-1187
-944
-505
-140
47
28
157
287
414
477
415
192
-75
-271
-321
-355
-523
-670
-840
-1053
-1281
-1441
-1452
-1419
-1416
-1415
-1338
-1219
-1216
-1136
-1219
-860
298
1402
1608
989
815
1511
2429
2565
2619
2794
2819
2464
2079
2296
2690
2556
2041
1690
1498
1322
1092
944
668
-5
-799
-1029
-995
-1080
-1510
-1950
-2140
-2169
-2053
-1880
-1692
-1577
-1501
-1364
-983
-576
-450
-504
-322
-34
265
312
415
401
228
38
-44
-130
-335
-529
-646
-708
-879
-1047
-1152
-1172
-1212
-1137
-1044
-1029
-1236
-1265
-1096
-270
685
1039
926
608
1002
1775
2271
2339
2379
2520
2334
1880
1710
1978
2396
2173
1785
1378
1151
1026
705
464
-35
-494
-908
-1069
-1033
-1300
-1683
-1985
-2078
-1975
-1892
-1644
-1492
-1425
-1466
-1350
-856
-424
-176
-235
-347
-351
-60
348
488
311
-43
-281
-237
-133
-67
-228
-458
-646
-768
-777
-798
-699
-622
-583
-663
-898
-928
-821
-511
430
1200
1318
809
726
1400
2012
2081
1873
2225
2503
2245
1811
1615
1782
1644
1402
1392
1307
1139
635
236
-97
-383
-584
-780
-776
-1107
-1550
-1822
-1791
-1650
-1764
-1851
-1800
-1647
-1383
-1190
-884
-621
-430
-307
-167
-47
-62
122
364
500
254
-232
-358
-243
-117
-206
-456
-600
-794
-883
-934
-890
-785
-666
-502
-524
-761
-880
-832
-2
961
1540
1440
1059
1360
1973
2402
2237
2197
2309
2297
2149
1875
1831
1725
1467
1380
1219
1069
825
646
310
-352
-764
-909
-798
-946
-1419
-1841
-2074
-1916
-1721
-1709
-1822
-1900
-1630
-1242
-840
-692
-741
-733
-655
-381
-205
-133
-95
57
113
-125
-276
-272
-278
-358
-525
-636
-705
-708
-776
-913
-1081
-1078
-795
-485
-445
-565
-823
-497
573
1380
1484
1031
925
1438
2055
2196
2210
2404
2423
2139
1770
1641
1814
1729
1501
1322
1054
832
635
599
317
-200
-695
-871
-758
-895
-1295
-1758
-2001
-1984
-1814
-1567
-1511
-1620
-1607
-1416
-1041
-670
-457
-391
-434
-529
-519
-285
28
140
-62
-329
-469
-444
-288
-273
-460
-712
-822
-671
-405
-363
-416
-484
-361
-179
-89
-225
-203
596
1357
1647
1236
1052
1596
2161
2348
2260
2378
2338
2104
1885
1784
1845
1547
1257
1194
1087
877
520
308
42
-313
-580
-771
-731
-933
-1360
-1711
-1871
-1728
-1700
-1685
-1661
-1675
-1576
-1438
-1118
-896
-827
-817
-827
-814
-743
-502
-335
-381
-608
-775
-649
-523
-480
-527
-609
-581
-610
-599
-494
-381
-356
-293
-58
16
-58
-310
186
1332
1927
1673
1103
1302
1899
2241
2164
2297
2498
2258
1913
1642
1604
1650
1443
1157
944
670
490
467
376
-36
-551
-846
-839
-772
-957
-1318
-1711
-1852
-1676
-1394
-1283
-1433
-1541
-1439
-1163
-882
-761
-745
-804
-809
-790
-719
-648
-614
-661
-837
-974
-1013
-1019
-1007
-1075
-1201
-1287
-1220
-969
-693
-559
-571
-475
-171
92
154
91
894
1761
2136
1818
1489
1940
2477
2697
2561
2729
2753
2304
1851
1715
1983
1878
1388
1043
772
701
586
468
122
-410
-752
-911
-655
-645
-962
-1344
-1628
-1534
-1346
-1061
-986
-1166
-1174
-1006
-618
-372
-315
-431
-513
-471
-569
-554
-576
-579
-672
-978
-1281
-1473
-1427
-1257
-1285
-1475
-1685
-1713
-1502
-1133
-855
-807
-716
-662
-439
-365
278
1290
1768
1744
1473
1757
2235
2525
2508
2767
2989
2606
2220
1934
1925
1983
1668
1422
1037
770
711
699
405
-347
-918
-1092
-867
-809
-1117
-1443
-1784
-1791
-1505
-1217
-1070
-1220
-1251
-1062
-612
-171
-33
-86
-216
-104
-61
69
127
74
-105
-474
-750
-940
-981
-1094
-1276
-1398
-1520
-1616
-1650
-1403
-1180
-1230
-1199
-1127
-836
-792
-394
625
1338
1540
1075
1283
1956
2497
2439
2320
2693
2690
2466
2147
2024
2005
1734
1670
1429
992
545
321
454
86
-510
-1100
-1175
-1000
-1201
-1413
-1807
-1965
-1871
-1500
-1086
-1126
-1304
-1395
-1008
-420
-156
-98
-203
-64
63
200
297
256
224
31
-105
-321
-560
-666
-750
-835
-1161
-1514
-1587
-1387
-1072
-1054
-1072
-1162
-1070
-1070
-770
297
1037
1143
636
790
1651
2199
2152
2139
2560
2615
2391
2107
2060
2119
1833
1647
1589
1367
1046
753
664
389
-180
-675
-815
-766
-1020
-1366
-1715
-1902
-1857
-1661
-1383
-1296
-1354
-1346
-1056
-628
-347
-188
-169
-98
-52
-65
41
106
134
4
-219
-392
-516
-594
-676
-780
-939
-1175
-1233
-1118
-926
-939
-1017
-1044
-951
-931
-664
367
1035
1038
596
923
1691
1936
1755
1844
2534
2600
2162
1802
1863
2013
1721
1633
1576
1337
986
686
712
335
-226
-649
-727
-741
-1076
-1360
-1655
-1798
-1936
-1913
-1679
-1640
-1512
-1410
-1222
-943
-883
-762
-693
-404
-231
-301
-291
-241
-140
-139
-145
-278
-489
-566
-666
-651
-731
-903
-1093
-1137
-955
-914
-710
-627
-588
-857
-648
586
1327
1377
928
1114
1781
2135
2090
2182
2654
2599
2363
2099
2018
2217
2064
1857
1591
1219
1002
916
890
497
-105
-661
-787
-721
-1033
-1444
-1774
-1888
-1979
-1968
-1785
-1725
-1637
-1593
-1338
-926
-696
-614
-619
-414
-283
-210
-105
-50
29
22
16
-137
-335
-474
-580
-568
-669
-782
-898
-878
-900
-961
-806
-682
-606
-681
5
978
1330
1025
795
1294
1857
2013
1905
2320
2778
2595
2259
1941
1962
2000
1929
1874
1460
1007
675
661
525
-18
-625
-1115
-1115
-1170
-1400
-1722
-2097
-2273
-2273
-2063
-1942
-1921
-1881
-1825
-1505
-1144
-873
-804
-781
-604
-443
-213
-189
-212
-218
-224
-189
-265
-299
-384
-492
-612
-707
-688
-703
-662
-732
-655
-551
-560
-699
-306
782
1367
1142
687
1058
1915
2293
2004
1934
2434
2669
2485
2262
2118
2030
1935
2010
1931
1479
1001
775
785
469
-26
-507
-751
-906
-1280
-1587
-1890
-2120
-2144
-1988
-1801
-1837
-1908
-1838
-1480
-1007
-854
-858
-892
-681
-512
-361
-155
-108
-135
-202
-91
-52
-165
-230
-432
-583
-746
-850
-724
-469
-527
-648
-630
-556
-474
-311
600
1268
1329
900
1057
1676
2152
2134
1843
2274
2632
2653
2378
2065
1953
1967
1892
1681
1403
1250
1018
766
370
-34
-395
-751
-806
-1044
-1501
-1914
-2164
-2131
-2045
-2066
-2124
-2130
-1984
-1799
-1441
-1146
-994
-1018
-949
-767
-672
-505
-386
-350
-405
-422
-420
-467
-482
-510
-632
-783
-933
-973
-888
-806
-810
-774
-822
-837
-704
342
1314
1385
864
613
1414
2291
2543
2174
2237
2580
2672
2653
2457
2441
2355
2173
2173
1947
1575
1262
1108
856
301
-125
-442
-539
-841
-1286
-1655
-1962
-2113
-2127
-1941
-1960
-2141
-2159
-2017
-1613
-1283
-1092
-1031
-958
-782
-780
-607
-413
-295
-346
-415
-433
-568
-599
-611
-648
-783
-1009
-1110
-1064
-902
-796
-722
-755
-833
-852
-124
1015
1391
988
638
1016
1830
2407
2295
2333
2533
2650
2792
2796
2727
2506
2327
2281
2137
1806
1548
1459
1218
717
220
-200
-312
-512
-917
-1314
-1677
-1911
-2012
-1843
-1822
-1974
-2082
-2037
-1731
-1358
-1147
-1130
-1056
-900
-892
-841
-779
-657
-571
-591
-627
-770
-777
-728
-677
-819
-1041
-1154
-1151
-991
-890
-772
-827
-1058
-1297
-496
797
1310
771
253
782
1786
2357
2078
1963
2290
2501
2522
2534
2508
2491
2283
2201
2073
1796
1617
1442
1243
714
219
-76
-56
-114
-654
-1192
-1545
-1633
-1667
-1777
-1822
-1927
-1913
-1813
-1515
-1263
-1302
-1377
-1296
-909
-759
-781
-762
-684
-489
-465
-572
-742
-831
-799
-860
-895
-951
-1061
-1153
-1131
-1067
-983
-893
-909
-975
-148
836
1074
575
338
1026
1884
2177
1843
2023
2400
2514
2557
2505
2551
2491
2374
2300
2092
1864
1666
1587
1317
849
450
88
25
-122
-622
-1188
-1602
-1696
-1576
-1489
-1675
-1933
-1877
-1652
-1308
-1073
-1076
-1235
-1174
-818
-615
-622
-777
-836
-812
-691
-582
-662
-794
-915
-934
-935
-1016
-1159
-1190
-1068
-876
-831
-881
-1141
-997
188
1139
1113
294
231
1132
2054
2149
1873
2103
2386
2493
2478
2579
2516
2329
2242
2244
2030
1693
1603
1658
1396
728
146
-37
-115
-395
-872
-1355
-1701
-1838
-1646
-1501
-1668
-1909
-1892
-1634
-1349
-1142
-1151
-1347
-1283
-1075
-908
-794
-784
-852
-870
-752
-728
-791
-894
-983
-990
-1007
-1185
-1340
-1328
-1247
-1087
-932
-828
-1067
-681
475
1074
808
309
691
1510
2034
1968
2005
2337
2401
2446
2545
2664
2587
2405
2477
2326
1826
1487
1479
1455
1008
533
150
-24
-157
-485
-865
-1223
-1480
-1649
-1566
-1466
-1635
-1747
-1680
-1458
-1178
-1048
-1077
-1091
-835
-656
-583
-582
-621
-655
-705
-570
-544
-732
-929
-988
-966
-970
-1023
-1179
-1363
-1378
-1258
-1061
-1068
-1046
-266
545
780
357
455
1226
1889
2063
1891
2091
2384
2534
2553
2510
2585
2606
2620
2562
2222
1810
1474
1499
1279
825
410
34
-104
-387
-813
-1284
-1598
-1741
-1754
-1670
-1782
-1926
-1934
-1715
-1311
-1042
-1016
-1229
-1122
-807
-589
-526
-665
-707
-687
-548
-381
-366
-582
-846
-1078
-1131
-1063
-1075
-1159
-1227
-1237
-1270
-1159
-1126
-244
518
638
187
131
1087
1798
1975
1672
1913
2176
2438
2676
2628
2644
2517
2562
2773
2618
2165
1747
1585
1316
909
533
122
-118
-467
-841
-1247
-1613
-1801
-1893
-1859
-1905
-2063
-2169
-2084
-1787
-1539
-1392
-1389
-1403
-1171
-923
-731
-706
-652
-648
-620
-543
-528
-504
-594
-829
-1066
-1199
-1142
-1051
-965
-987
-1216
-1347
-1267
-167
778
827
107
-165
670
1610
1994
1733
1896
2120
2239
2470
2720
2780
2514
2421
2672
2740
2462
2033
1825
1560
1104
683
396
280
-77
-552
-1082
-1458
-1689
-1762
-1719
-1847
-2064
-2110
-1884
-1505
-1340
-1400
-1481
-1362
-1061
-826
-649
-582
-529
-604
-598
-567
-515
-490
-460
-513
-780
-1022
-1064
-854
-646
-730
-1054
-1265
-1232
-263
721
893
185
-229
558
1672
2190
1817
1787
1981
2206
2361
2354
2538
2605
2604
2590
2443
2240
1998
2007
1769
1170
578
181
170
39
-338
-1003
-1511
-1670
-1634
-1555
-1756
-2081
-2314
-2227
-1849
-1560
-1549
-1709
-1708
-1424
-1054
-788
-795
-774
-802
-802
-748
-721
-650
-660
-751
-948
-1182
-1233
-1107
-883
-824
-931
-1192
-1177
-248
492
563
-13
-180
437
1297
1669
1515
1743
1865
2021
2236
2343
2474
2542
2620
2678
2553
2245
2004
2097
1930
1532
1031
657
538
272
-152
-655
-1064
-1338
-1337
-1313
-1498
-1702
-1887
-1917
-1694
-1481
-1428
-1520
-1501
-1435
-1416
-1264
-1098
-952
-905
-871
-903
-902
-827
-745
-767
-950
-1150
-1242
-1128
-807
-759
-911
-1180
-984
17
725
802
148
51
662
1374
1605
1550
1766
1852
2071
2192
2331
2439
2394
2504
2573
2457
2258
2127
2132
1867
1503
1200
967
655
293
-77
-432
-734
-989
-1062
-1205
-1456
-1627
-1628
-1564
-1521
-1506
-1529
-1576
-1582
-1537
-1438
-1369
-1306
-1179
-1123
-1102
-1127
-1101
-1042
-1054
-1105
-1233
-1344
-1339
-1217
-1101
-1138
-1118
-1203
-545
341
612
292
13
459
1054
1422
1261
1470
1828
1973
2049
2085
2151
2248
2444
2616
2541
2236
1957
2031
2046
1631
1212
882
873
687
277
-221
-629
-828
-842
-799
-1064
-1444
-1600
-1443
-1228
-1238
-1410
-1574
-1458
-1204
-1211
-1288
-1327
-1258
-1220
-1193
-1189
-1264
-1256
-1140
-1067
-1145
-1317
-1412
-1331
-1166
-1132
-1235
-1399
-1094
-163
338
223
-282
-84
719
1370
1385
1276
1592
1853
2164
2205
2185
2253
2314
2451
2492
2410
2118
1968
2042
1924
1668
1151
870
804
571
217
-292
-696
-977
-889
-866
-1016
-1282
-1484
-1279
-1064
-1074
-1314
-1516
-1373
-1200
-1085
-1155
-1231
-1184
-1070
-909
-935
-997
-1103
-1049
-1023
-1205
-1445
-1462
-1250
-1064
-1103
-1258
-1406
-725
188
455
64
-275
243
903
1334
1167
1246
1500
1720
2021
2129
2248
2232
2295
2551
2623
2458
2067
2009
2046
1868
1505
1038
883
681
523
183
-173
-521
-775
-649
-640
-832
-1168
-1323
-1142
-918
-897
-1194
-1310
-1199
-1082
-1036
-1097
-1163
-1285
-1244
-1174
-1247
-1448
-1506
-1369
-1328
-1536
-1730
-1643
-1377
-1357
-1452
-1645
-1290
-441
-36
-72
-562
-377
318
1050
1064
903
1157
1326
1707
1864
1970
1976
1949
2144
2333
2311
1935
1735
1801
1775
1711
1288
1039
856
547
259
-29
-205
-414
-461
-530
-633
-781
-1026
-978
-767
-667
-798
-970
-835
-758
-721
-858
-886
-885
-960
-957
-1069
-1111
-1206
-1265
-1293
-1406
-1461
-1475
-1215
-1052
-1220
-1534
-1417
-544
26
86
-300
-285
238
822
1026
989
1090
1160
1532
1858
1929
1838
1859
2075
2265
2251
2003
1769
1768
1732
1638
1368
1035
767
520
333
62
-266
-488
-466
-539
-651
-761
-824
-794
-688
-679
-744
-793
-735
-681
-648
-726
-795
-750
-767
-774
-902
-1011
-1063
-1099
-1118
-1244
-1462
-1554
-1455
-1330
-1289
-1421
-1475
-753
-207
-61
-404
-519
-100
433
740
732
1034
993
1165
1502
1723
1808
1689
1765
1978
2131
1970
1753
1648
1362
1266
1179
966
780
458
246
6
-221
-407
-416
-434
-642
-727
-749
-670
-561
-538
-598
-734
-708
-589
-471
-536
-670
-705
-790
-767
-823
-948
-1054
-1143
-1176
-1298
-1463
-1582
-1508
-1389
-1335
-1430
-1578
-1031
-457
-243
-329
-411
-185
179
551
695
1055
1102
1035
1310
1572
1731
1788
1870
1919
1982
1990
1884
1873
1648
1406
1270
1041
918
698
462
213
37
-266
-394
-327
-377
-394
-434
-448
-272
-137
-239
-398
-382
-332
-357
-328
-346
-354
-430
-493
-605
-801
-1017
-1143
-1095
-1175
-1371
-1597
-1623
-1492
-1424
-1414
-1553
-1179
-678
-403
-587
-757
-494
-38
227
301
635
856
905
1036
1234
1454
1646
1713
1866
2026
2008
1787
1697
1655
1517
1303
1086
929
719
474
229
13
-233
-428
-462
-427
-433
-530
-659
-568
-416
-329
-364
-346
-270
-180
-109
-208
-276
-378
-449
-457
-553
-787
-989
-1030
-1041
-1169
-1419
-1552
-1460
-1426
-1459
-1651
-1258
-796
-653
-863
-973
-557
-260
-17
-20
316
548
589
790
987
1196
1231
1454
1762
1887
1818
1611
1592
1546
1413
1309
1017
778
611
525
366
143
-107
-325
-346
-445
-459
-490
-531
-424
-300
-253
-393
-390
-207
-80
-54
-169
-113
-56
-109
-161
-212
-318
-535
-584
-606
-750
-1037
-1243
-1199
-1191
-1305
-1538
-1258
-753
-576
-697
-851
-608
-298
-101
-112
96
409
458
657
854
1060
1176
1346
1566
1745
1764
1602
1554
1560
1527
1403
1163
923
720
528
320
122
-42
-261
-323
-363
-425
-486
-588
-567
-466
-376
-432
-471
-357
-256
-191
-222
-193
-170
-143
-80
-110
-250
-487
-519
-499
-572
-763
-1004
-983
-935
-901
-1137
-1173
-790
-560
-562
-833
-627
-386
-205
-257
-177
169
365
596
699
785
902
1093
1386
1534
1456
1307
1282
1389
1429
1423
1136
808
586
468
370
157
-16
-201
-284
-408
-494
-526
-695
-781
-724
-596
-567
-594
-491
-404
-333
-399
-305
-183
-130
-101
-164
-205
-289
-314
-304
-303
-424
-651
-733
-733
-785
-893
-1026
-665
-360
-366
-721
-793
-473
-264
-110
-171
53
189
329
525
598
691
718
990
1346
1485
1444
1249
1231
1288
1286
1163
855
616
458
492
331
101
-173
-416
-428
-480
-562
-645
-669
-607
-516
-446
-549
-549
-458
-398
-343
-292
-171
-161
-137
-151
-211
-282
-272
-153
-139
-251
-415
-472
-340
-367
-494
-770
-648
-253
-49
-196
-509
-386
-293
-108
-39
83
213
285
409
505
621
654
814
1079
1301
1411
1355
1312
1351
1278
1160
941
817
694
625
486
209
-84
-394
-467
-444
-542
-703
-795
-775
-654
-610
-730
-821
-668
-579
-472
-401
-403
-354
-282
-231
-251
-305
-356
-262
-193
-265
-272
-469
-440
-380
-517
-689
-738
-299
47
57
-506
-624
-342
-170
-72
-147
-22
34
224
456
589
618
580
789
1117
1255
1142
1019
1143
1183
1147
948
739
677
607
545
293
17
-234
-296
-267
-334
-543
-829
-885
-690
-608
-671
-815
-760
-597
-465
-381
-416
-408
-392
-307
-224
-135
-139
-145
-80
-122
-272
-351
-266
-63
-52
-219
-540
-480
47
277
28
-500
-539
-193
236
217
-9
-52
-73
159
366
450
436
508
755
989
1029
872
861
1045
1152
1134
860
617
540
522
365
136
-108
-303
-253
-216
-340
-555
-779
-813
-650
-585
-679
-782
-732
-656
-552
-511
-473
-372
-351
-296
-252
-244
-220
-91
-30
-166
-323
-255
-47
168
102
-148
-453
-360
213
509
297
-322
-371
0
425
317
23
95
235
514
672
706
635
593
768
1009
1081
995
999
1146
1081
893
641
595
649
591
442
188
-68
-234
-205
-237
-459
-730
-838
-731
-611
-683
-928
-1087
-984
-851
-758
-766
-741
-692
-600
-529
-557
-527
-510
-413
-357
-392
-450
-436
-270
-164
-246
-429
-513
-475
-44
321
128
-402
-540
-26
573
587
-127
-284
315
851
862
546
410
686
1099
1172
1082
1055
1052
1298
1391
1142
843
723
769
774
533
123
-12
-36
-78
-201
-488
-713
-679
-546
-481
-545
-761
-922
-809
-613
-593
-612
-689
-625
-504
-496
-575
-621
-449
-328
-325
-391
-390
-324
-284
-229
-286
-334
-394
-393
-279
8
80
-130
-202
-70
180
285
181
21
217
545
718
813
725
693
838
1091
1188
1172
1145
1182
1259
1224
1086
905
843
839
698
433
128
-45
-88
-127
-267
-495
-579
-639
-682
-659
-666
-766
-920
-905
-754
-667
-733
-816
-851
-770
-668
-521
-437
-509
-639
-599
-446
-324
-377
-537
-570
-483
-347
-320
-454
-636
-384
-75
-26
-216
-222
45
297
172
64
364
572
608
735
906
921
1024
1146
1376
1427
1288
1243
1429
1499
1265
1073
900
753
584
506
380
123
-179
-309
-269
-333
-544
-753
-820
-711
-698
-827
-984
-1059
-1064
-1018
-971
-997
-979
-926
-793
-683
-697
-766
-759
-660
-564
-589
-646
-733
-664
-505
-443
-566
-740
-776
-488
42
99
-201
-331
46
542
674
451
454
775
1023
1072
1055
1110
1200
1435
1622
1731
1626
1499
1596
1749
1633
1369
1190
1189
1153
920
600
364
191
9
-64
-150
-313
-533
-634
-600
-615
-767
-948
-1020
-916
-861
-915
-988
-964
-893
-871
-839
-825
-797
-769
-757
-789
-873
-932
-877
-801
-762
-830
-862
-801
-685
-663
-619
-351
-257
-330
-341
-74
204
313
181
256
686
972
1064
1071
1129
1219
1395
1528
1537
1513
1463
1498
1583
1447
1244
1033
899
817
714
462
253
187
67
-57
-248
-447
-562
-646
-746
-796
-835
-952
-1027
-942
-919
-964
-975
-934
-809
-821
-882
-884
-871
-940
-931
-834
-735
-707
-760
-803
-806
-783
-758
-687
-592
-584
-585
-271
26
88
-81
-41
288
564
638
619
867
1112
1215
1213
1167
1274
1425
1480
1488
1484
1436
1386
1427
1322
1127
1006
973
926
742
489
288
141
-37
-208
-285
-383
-574
-777
-925
-964
-948
-890
-873
-893
-899
-749
-700
-761
-808
-853
-854
-838
-811
-798
-712
-813
-928
-913
-852
-750
-691
-654
-614
-591
-583
-580
-571
-546
-280
100
319
255
226
445
637
662
621
815
1083
1200
1170
1200
1355
1515
1553
1512
1548
1617
1691
1696
1543
1225
1077
1086
1094
915
596
353
252
176
30
-125
-311
-507
-577
-587
-629
-794
-1006
-1092
-1038
-901
-881
-934
-998
-1061
-1082
-1128
-1126
-1136
-1186
-1213
-1233
-1186
-1160
-1114
-1097
-1126
-1153
-1102
-899
-721
-680
-746
-725
-501
-99
135
106
-47
164
617
858
789
638
820
1093
1252
1215
1245
1304
1438
1571
1617
1647
1646
1603
1539
1435
1235
1146
1089
970
741
543
445
404
289
64
-201
-360
-426
-515
-650
-764
-852
-923
-919
-860
-859
-1014
-1195
-1251
-1170
-1148
-1235
-1380
-1397
-1296
-1181
-1113
-1135
-1174
-1111
-945
-831
-797
-784
-713
-599
-411
-331
-312
-234
59
384
433
381
346
660
924
925
800
864
1178
1297
1310
1316
1357
1472
1617
1702
1666
1611
1579
1523
1454
1325
1209
1123
1034
899
689
527
372
244
91
-65
-159
-262
-426
-577
-631
-638
-730
-864
-991
-1038
-1009
-1031
-1105
-1292
-1364
-1333
-1228
-1103
-1119
-1215
-1241
-1103
-945
-909
-947
-967
-829
-668
-601
-522
-450
-377
-320
-197
-129
30
312
368
309
262
417
649
704
569
536
813
1040
1065
971
929
1052
1145
1177
1175
1171
1170
1165
1131
1040
947
860
801
740
578
411
223
33
-66
-129
-231
-414
-580
-682
-731
-781
-873
-978
-1035
-1044
-1010
-1005
-1052
-1137
-1156
-1134
-1125
-1091
-1032
-889
-833
-810
-749
-671
-582
-522
-444
-360
-308
-241
-135
-28
-9
-53
29
134
264
440
546
502
353
433
651
782
694
631
863
1081
1144
1038
955
1062
1153
1156
1151
1169
1224
1196
1085
928
833
817
799
770
639
431
250
205
111
-103
-365
-528
-512
-589
-737
-874
-992
-1034
-1054
-1019
-934
-938
-1004
-1009
-968
-924
-885
-846
-785
-672
-606
-655
-670
-578
-506
-462
-416
-367
-277
-166
-110
-49
33
103
111
166
229
238
289
354
390
351
273
317
455
575
576
585
694
768
795
799
852
904
907
914
937
988
943
851
780
725
670
570
464
365
228
71
-101
-234
-335
-441
-522
-579
-646
-727
-779
-806
-846
-929
-1027
-1046
-967
-923
-933
-937
-876
-824
-792
-760
-729
-703
-657
-577
-538
-528
-524
-455
-325
-273
-252
-174
-65
22
88
118
135
169
198
259
308
338
437
514
490
461
510
607
680
687
678
721
748
785
893
971
1017
1032
1000
928
904
911
874
804
702
617
560
455
317
172
43
-6
-52
-76
-165
-286
-433
-558
-610
-623
-637
-645
-646
-630
-642
-703
-754
-719
-654
-642
-648
-593
-547
-533
-489
-449
-437
-432
-385
-320
-282
-303
-274
-178
-98
-125
-116
-26
-14
1
74
172
214
157
99
74
105
148
233
260
238
259
324
380
397
415
404
437
482
462
436
412
357
365
427
466
437
349
285
283
258
159
108
88
73
56
-32
-131
-165
-199
-272
-282
-249
-216
-190
-191
-220
-242
-231
-186
-170
-175
-178
-221
-216
-184
-173
-196
-230
-223
-154
-66
-79
-182
-229
-245
-223
-193
-204
-221
-222
-155
-127
-147
-174
-201
-173
-135
-105
-95
-126
-154
-181
-174
-152
-164
-149
-98
-16
25
-6
-12
58
110
114
104
107
135
175
172
143
162
232
306
350
388
379
324
344
403
376
333
340
398
454
480
457
406
365
336
315
276
217
205
218
256
266
252
210
180
176
132
47
-18
-79
-96
-66
-92
-155
-234
-288
-301
-284
-300
-335
-351
-381
-431
-491
-534
-554
-532
-509
-519
-513
-486
-474
-476
-454
-467
-485
-476
-429
-318
-240
-210
-196
-150
-80
-24
3
41
50
43
120
211
218
224
253
322
393
465
503
504
513
517
550
564
535
482
471
506
569
606
543
474
471
470
446
410
355
298
269
239
208
159
55
-34
-77
-93
-147
-252
-337
-415
-484
-523
-548
-560
-529
-506
-527
-569
-621
-686
-720
-717
-657
-577
-547
-553
-543
-523
-491
-436
-399
-347
-275
-202
-120
-24
10
-18
-6
32
108
209
264
263
272
306
350
385
413
431
451
526
582
607
586
513
501
540
557
548
543
530
507
457
429
401
345
322
316
255
168
66
23
20
-31
-99
-194
-274
-340
-337
-353
-422
-474
-506
-501
-470
-465
-505
-548
-539
-503
-478
-438
-407
-366
-336
-299
-254
-215
-217
-203
-177
-107
-30
57
104
99
100
99
113
152
207
215
247
296
352
342
323
310
326
368
407
407
381
350
328
349
376
390
370
369
369
342
306
213
118
86
101
134
99
15
-43
-82
-104
-127
-175
-248
-314
-325
-313
-333
-400
-470
-508
-479
-440
-419
-383
-372
-373
-351
-295
-279
-291
-285
-252
-202
-150
-81
-65
-68
-72
-39
4
29
32
30
60
88
131
157
164
184
203
206
210
200
192
173
156
175
197
200
205
180
141
166
180
153
121
127
102
46
20
-36
-59
-64
-60
-77
-72
-65
-122
-172
-201
-219
-215
-255
-275
-245
-227
-184
-155
-179
-201
-175
-139
-120
-87
-54
-43
-58
-69
-81
-68
-33
21
94
137
163
192
231
247
235
235
225
228
254
265
282
295
332
379
388
384
342
299
267
271
277
268
248
253
298
304
284
243
187
142
104
27
-17
-31
-64
-82
-90
-104
-123
-152
-149
-160
-174
-205
-299
-368
-390
-414
-438
-435
-410
-376
-367
-352
-334
-316
-305
-289
-275
-233
-212
-201
-164
-131
-104
-92
-58
-27
-1
15
37
56
93
122
120
117
124
174
228
261
294
312
267
231
225
226
224
168
106
84
64
39
36
36
46
20
-4
31
15
-52
-124
-150
-165
-159
-172
-197
-192
-216
-216
-201
-226
-255
-247
-254
-264
-251
-261
-262
-259
-205
-139
-93
-108
-149
-131
-78
-31
11
65
96
149
187
219
219
220
228
239
267
293
322
345
360
346
334
292
253
277
291
250
208
158
112
75
61
94
96
72
40
22
6
-27
-60
-78
-126
-179
-173
-154
-143
-179
-244
-258
-221
-175
-125
-116
-111
-116
-138
-140
-138
-109
-60
-44
-14
12
-1
-39
-49
-45
-9
23
39
66
76
117
148
169
201
269
314
333
339
319
307
300
314
331
320
317
297
249
231
176
135
107
69
52
49
47
23
-24
-119
-203
-278
-299
-293
-311
-325
-366
-384
-367
-385
-431
-456
-458
-449
-446
-424
-429
-472
-446
-388
-336
-329
-339
-335
-302
-279
-252
-204
-168
-154
-111
-54
-11
28
67
128
157
176
224
264
292
321
333
347
378
440
478
496
527
533
528
519
499
473
474
473
485
465
397
367
338
279
238
192
140
106
73
17
-68
-178
-233
-264
-325
-363
-401
-438
-441
-448
-440
-437
-491
-509
-491
-482
-498
-513
-509
-488
-448
-399
-351
-329
-293
-257
-261
-266
-269
-256
-203
-89
23
85
150
192
236
267
293
301
326
389
440
481
500
530
544
568
600
625
618
608
594
542
488
449
446
429
421
436
418
359
313
245
164
102
61
18
-33
-57
-93
-166
-222
-258
-302
-343
-399
-403
-412
-423
-442
-481
-508
-532
-536
-493
-462
-469
-489
-516
-492
-478
-461
-442
-431
-383
-321
-281
-223
-186
-150
-109
-73
-13
12
46
81
82
128
184
252
313
341
344
322
334
345
356
356
368
368
374
379
355
303
262
276
279
238
202
165
114
47
14
5
-5
-15
-14
-14
-38
-70
-114
-164
-209
-230
-252
-261
-269
-270
-304
-359
-374
-383
-371
-370
-366
-358
-363
-358
-355
-313
-278
-229
-185
-141
-88
-54
-25
-15
30
69
108
159
189
253
293
301
343
408
456
476
471
449
440
412
388
379
364
355
324
306
287
247
227
202
183
145
113
89
45
15
3
-22
-32
-54
-79
-65
-53
-66
-101
-131
-133
-140
-133
-147
-168
-199
-201
-182
-218
-246
-279
-302
-291
-291
-251
-197
-198
-175
-130
-106
-94
-38
-22
-23
0
47
75
98
117
116
141
170
206
212
212
220
215
222
225
214
160
121
110
77
75
63
30
-15
-44
-72
-118
-157
-172
-167
-164
-145
-132
-139
-153
-133
-122
-133
-162
-195
-217
-232
-224
-200
-179
-129
-94
-71
-41
-68
-98
-120
-109
-122
-146
-140
-126
-118
-83
-25
8
23
40
74
108
100
95
127
110
106
128
130
159
165
161
172
151
157
178
205
239
229
180
146
94
44
18
-1
-11
12
17
-17
-36
-59
-94
-110
-92
-54
-20
0
-24
-78
-97
-86
-71
-33
-7
-25
-32
-34
-37
-22
-24
-45
-29
7
5
0
1
-2
-2
11
33
32
60
87
84
80
77
95
112
104
97
108
120
118
132
164
165
139
119
112
98
84
84
87
81
53
46
21
3
4
-13
-26
-63
-108
-117
-72
-63
-68
-82
-95
-94
-121
-153
-182
-193
-152
-102
-86
-72
-88
-115
-133
-160
-145
-138
-139
-119
-118
-103
-99
-106
-80
-39
1
45
69
56
46
30
33
55
97
146
172
182
204
203
156
159
157
134
141
160
137
109
111
106
103
88
101
123
109
78
47
-17
-62
-122
-179
-198
-256
-306
-315
-301
-297
-295
-253
-222
-199
-189
-229
-250
-273
-317
-348
-333
-302
-278
-245
-210
-170
-154
-158
-160
-162
-121
-69
-39
1
0
21
83
136
189
220
241
270
274
274
294
324
361
376
400
456
484
479
463
457
458
428
387
346
339
323
281
269
207
152
138
98
70
59
29
-33
-70
-91
-126
-161
-169
-189
-197
-185
-235
-272
-315
-354
-361
-350
-337
-340
-340
-340
-320
-291
-257
-231
-221
-190
-148
-127
-131
-119
-102
-81
-34
22
78
125
137
146
174
180
173
213
260
295
347
368
369
373
383
369
357
352
348
337
308
276
229
183
134
137
156
125
100
72
36
-29
-89
-143
-164
-162
-172
-190
-242
-296
-351
-387
-423
-443
-448
-466
-477
-498
-526
-532
-534
-549
-513
-447
-407
-380
-370
-330
-298
-299
-255
-212
-186
-170
-139
-98
-49
2
79
133
154
194
243
288
318
323
318
338
345
381
413
445
461
483
497
501
491
469
452
422
397
362
307
277
250
204
174
164
129
86
67
24
-13
-22
-46
-75
-97
-147
-204
-254
-282
-292
-307
-309
-330
-353
-362
-372
-348
-316
-317
-329
-324
-314
-303
-285
-270
-242
-226
-202
-143
-67
-5
24
47
68
69
85
109
134
157
211
276
325
328
317
335
319
327
361
389
415
393
365
328
298
291
305
295
290
267
221
178
121
74
32
-11
-9
-9
-30
-56
-87
-123
-150
-185
-209
-232
-266
-274
-290
-294
-301
-309
-320
-331
-329
-301
-276
-265
-259
-252
-231
-197
-160
-143
-140
-126
-114
-124
-119
-87
-58
-36
4
34
62
92
97
125
139
146
156
196
226
243
244
220
194
172
182
206
200
184
141
98
69
38
27
17
-22
-41
-53
-65
-75
-88
-121
-134
-139
-155
-160
-186
-228
-266
-270
-299
-301
-273
-243
-231
-211
-174
-169
-169
-192
-200
-179
-185
-182
-162
-157
-114
-47
-3
50
121
144
125
114
136
153
165
186
202
241
280
298
312
334
359
360
325
308
339
375
381
365
329
305
281
280
293
290
251
189
149
113
57
24
4
-30
-55
-53
-78
-109
-126
-136
-164
-209
-212
-200
-202
-210
-247
-263
-257
-272
-265
-259
-235
-234
-234
-212
-184
-176
-164
-126
-101
-71
-56
-37
1
34
52
63
89
102
132
190
209
210
193
181
177
185
204
224
240
222
241
250
227
200
176
150
139
137
119
92
48
4
-17
1
-3
-27
-56
-86
-132
-207
-257
-259
-273
-278
-248
-230
-245
-269
-298
-288
-279
-296
-289
-287
-288
-289
-279
-253
-241
-234
-200
-164
-150
-125
-104
-86
-68
-72
-59
-29
5
33
34
15
16
59
65
79
113
140
168
150
144
154
152
168
197
240
267
250
233
214
171
149
128
111
144
149
118
97
69
33
2
-14
9
38
52
26
-24
-54
-71
-84
-89
-71
-54
-40
-27
-11
-22
-29
-30
-49
-58
-43
-51
-47
-36
-51
-74
-66
-36
-11
24
62
62
23
5
-8
-5
40
94
108
149
171
176
148
119
106
103
100
129
163
156
150
168
165
135
121
104
89
65
57
51
47
71
45
24
45
11
-8
-29
-69
-73
-60
-80
-74
-74
-69
-117
-147
-135
-126
-88
-88
-111
-115
-149
-155
-134
-119
-104
-68
-97
-117
-124
-139
-141
-167
-156
-113
-65
-51
-27
-9
-26
-58
-40
-30
-19
20
56
81
72
62
59
25
25
44
61
79
63
27
-1
-17
-49
-64
-21
2
-10
21
38
16
-34
-40
-36
-72
-85
-80
-61
-73
-96
-107
-112
-128
-126
-126
-104
-56
-40
-68
-99
-90
-70
-75
-64
-48
-72
-90
-111
-84
-40
-11
17
50
57
48
66
89
96
55
65
101
116
165
222
227
216
204
204
241
272
283
247
198
167
160
182
170
166
162
157
162
171
161
159
149
113
76
74
55
12
-25
-16
-5
-7
4
23
1
-35
-60
-117
-104
-86
-90
-76
-44
-38
-59
-107
-121
-119
-113
-126
-157
-130
-154
-191
-193
-172
-164
-145
-96
-66
-34
-19
-35
-80
-72
-52
-35
-48
-59
-39
-35
-54
-72
-53
-47
-13
12
29
47
27
-2
-4
-8
-13
-7
7
15
51
48
2
-11
-10
1
11
51
49
31
47
13
-36
-39
-47
-46
-4
0
-29
-21
-48
-69
-43
-48
-82
-71
-51
-60
-81
-55
-46
-31
-21
-50
-62
-75
-64
-66
-58
-75
-90
-111
-122
-79
-36
-12
25
53
42
34
32
31
43
59
83
131
165
178
179
137
97
100
110
102
127
166
185
182
196
198
189
163
110
112
105
70
74
29
-1
13
3
5
16
10
0
2
-9
-43
-44
-38
-35
-45
-50
-82
-117
-107
-76
-55
-55
-31
-22
-66
-82
-100
-92
-99
-63
-5
44
99
162
139
157
110
514
1143
309
-914
-640
7
-338
-569
14
529
325
-412
-844
-217
276
366
860
631
-93
-383
-297
-325
-39
266
426
855
515
-798
-1129
-318
144
75
-39
-11
-158
-502
-949
-362
106
296
582
-53
-932
-954
-343
-200
353
754
670
262
-286
-339
197
237
179
716
399
-220
-546
-427
-152
359
279
0
258
-114
-679
-505
97
17
-12
270
-30
-430
25
181
270
770
394
-26
209
-24
-197
276
282
169
398
62
-624
-298
-10
-43
70
167
-245
-486
-337
-565
-173
292
-37
8
189
-407
-612
-175
173
98
170
16
30
-72
-216
288
412
-89
-134
282
-43
-260
222
452
132
182
66
26
176
-267
70
551
126
-185
317
347
12
93
183
237
87
132
137
-86
-212
-3
314
65
-35
215
327
-211
-286
311
142
-25
81
-33
-261
-559
-316
354
117
-363
18
263
-586
-618
53
189
47
-487
-246
-94
-205
-266
130
185
-49
70
-225
-427
-508
-92
149
1
-288
60
26
-202
-41
125
-6
22
382
-183
-477
-226
273
303
4
-176
142
176
-136
-15
114
242
390
328
-117
-185
-80
109
123
-105
142
361
-3
-165
-117
-117
13
458
332
-261
-344
115
227
-19
-18
43
474
197
-453
-273
382
77
-220
432
155
-392
-151
85
-64
83
85
155
426
-195
-615
-46
233
-116
31
234
2
-138
-146
47
231
224
148
15
-91
-165
-282
-111
264
356
64
-27
89
-206
-261
182
77
118
247
-88
-148
11
-19
-137
268
194
-155
-135
2
-7
-111
-4
86
54
13
-62
50
146
29
-64
63
103
-102
-70
-12
123
14
-132
18
3
-175
-209
62
203
48
-17
-16
25
-243
-352
45
260
275
109
-156
-306
-245
-257
-116
402
493
43
-288
-300
-280
-212
-60
324
482
-114
-603
-263
-13
-145
41
426
318
-194
-389
-160
-39
61
431
436
84
-309
-432
-252
-16
155
428
508
-26
-552
-565
-301
-76
171
471
367
-188
-429
-509
-363
180
446
283
-61
-346
-502
-342
-197
-24
302
297
-36
-438
-467
-175
140
503
332
36
-177
-436
-293
76
234
272
383
28
-314
-221
-294
-84
461
519
225
-124
-347
-217
55
259
416
496
201
-88
-108
-176
2
418
556
267
-10
-93
-61
162
298
351
305
15
-222
-194
-117
-35
164
405
259
-130
-231
-100
159
277
405
282
28
-160
-360
-173
92
207
312
259
-1
-245
-227
5
124
161
132
136
-87
-403
-226
96
192
158
137
13
-275
-362
-194
-32
41
82
37
-190
-252
-113
-62
8
77
61
-106
-245
-260
-165
-143
-182
-169
-183
-269
-258
-215
-186
-18
-20
-121
-176
-156
-235
-139
70
-2
-118
-64
7
37
99
147
64
-51
-91
-2
125
200
199
218
153
-78
-230
-157
208
301
166
-2
-159
-184
-136
-6
165
290
277
115
62
-38
-226
-124
192
292
108
91
117
13
-47
-1
163
258
68
-96
-77
-97
-332
-312
35
207
58
-111
-130
-112
-82
-104
-69
-73
-44
27
-50
-120
-69
36
147
221
136
32
118
145
84
35
2
83
117
11
28
115
95
63
105
154
52
-86
-1
158
68
18
122
99
57
-63
-116
-65
-26
-91
-12
139
-17
-41
57
-82
-220
-117
51
157
101
-5
32
-44
-170
-114
-24
-42
-87
26
70
-23
-120
-90
14
-31
-26
46
119
80
-57
-31
28
-2
42
142
110
26
49
-2
-49
-5
11
49
42
75
117
79
-66
-50
99
85
-24
-38
3
-104
-125
-71
-138
-134
-31
67
117
51
-60
-95
-68
-87
-8
109
93
26
-89
-223
-259
-84
-34
-152
-76
7
-88
-178
-138
-117
-75
-40
-87
-54
-4
-134
-70
74
38
-36
-14
98
59
21
3
52
41
-57
-80
-58
-74
-77
-13
85
77
-14
17
16
-2
25
58
95
66
76
48
-22
-26
39
94
31
-59
-87
15
36
-30
6
1
11
18
7
-7
76
156
151
85
-25
-57
2
5
-14
4
-4
5
4
62
101
115
94
13
-59
-81
-93
-7
82
57
21
4
-39
-81
-11
169
214
150
82
-42
-88
22
156
199
172
128
68
-29
-88
2
161
129
13
-39
-63
-149
-115
90
122
83
82
39
-52
-167
-175
5
191
237
162
-2
-179
-228
-90
84
177
219
120
-80
-234
-302
-282
-96
130
161
91
-29
-201
-283
-213
-36
115
113
0
-103
-174
-148
-80
-7
119
188
106
-1
-124
-245
-241
-78
76
82
60
14
-66
-123
-98
-36
12
41
-13
-141
-233
-216
-80
64
97
10
-93
-211
-237
-174
-48
83
81
-13
-93
-200
-263
-156
83
206
184
80
-24
-52
-124
-86
6
128
167
155
142
50
7
95
243
239
163
113
43
21
63
144
198
202
123
50
-8
-88
-30
114
157
154
159
76
-54
-158
-166
-85
68
159
162
118
-5
-63
-47
-38
-15
74
113
71
19
-79
-163
-197
-141
-59
3
25
-10
-89
-126
-144
-131
-33
132
202
143
85
54
10
-25
98
176
110
67
56
-8
-73
-55
-11
14
-9
-10
-72
-146
-129
-52
53
68
21
32
45
-61
-110
-46
7
79
95
2
-64
-82
-58
35
131
125
60
4
-62
-168
-154
-5
126
207
131
-56
-197
-164
-58
27
120
192
97
-96
-193
-217
-191
-94
8
59
19
-92
-177
-226
-193
-123
-43
-1
7
-58
-170
-196
-173
-103
-51
-43
-91
-101
-110
-109
-84
-103
-70
-61
13
88
104
118
108
75
6
-57
-67
7
84
96
158
141
6
-13
19
61
141
182
134
114
97
51
53
113
170
174
150
88
31
-13
-20
73
126
85
92
104
-11
-89
-36
29
75
43
24
9
-74
-118
-83
-29
26
39
1
-80
-150
-119
-7
62
24
-5
5
-84
-174
-104
-12
-11
16
65
38
26
67
107
79
-5
-8
26
26
-9
37
130
88
49
62
40
22
19
88
184
183
91
48
41
36
52
121
143
79
10
-92
-100
-64
-23
34
76
24
-123
-158
-79
-11
-24
1
17
-77
-210
-226
-158
-112
-44
16
6
-72
-129
-123
-73
-46
-9
19
6
-82
-213
-270
-223
-106
-50
-51
-65
-62
-82
-104
-38
17
61
24
-42
-12
-8
-48
0
115
115
63
49
-33
-60
-29
32
104
82
14
-1
7
43
82
68
84
44
-49
-59
-52
-19
54
39
-7
22
58
51
69
114
90
42
14
-31
-85
-96
-33
13
52
19
-65
-88
-83
-40
17
81
87
23
-43
-58
-23
29
47
6
18
7
-12
-27
-17
28
63
114
104
50
2
-37
-18
32
87
100
107
81
21
0
16
79
143
156
125
79
-21
-92
-83
-32
27
69
85
70
22
-13
20
41
17
32
118
103
13
-21
-60
-87
-58
-20
-3
38
37
-23
-55
-91
-78
-63
-41
12
41
29
19
26
20
-13
-49
-26
-79
-167
-151
-114
-52
11
78
112
100
29
-65
-131
-117
-68
-43
-25
-35
-41
-44
-33
-4
-19
-10
70
85
46
14
-23
-73
-93
-48
-23
17
27
2
-14
-62
-57
-48
-48
-38
-47
-111
-189
-141
-70
-13
46
63
43
-35
-95
-75
-11
38
81
105
50
-75
-149
-150
-87
44
64
68
58
-68
-112
-53
4
52
109
126
83
-8
-67
-95
-63
41
100
135
116
73
69
49
30
137
213
193
147
79
1
-59
-83
-83
-23
49
59
88
89
1
-59
-57
-24
-7
-1
23
14
-36
-42
-37
-9
56
101
124
63
-8
-17
-7
-23
-58
2
42
10
-27
-20
-17
-39
-20
60
89
81
81
122
131
46
41
54
53
71
81
56
9
0
-41
-34
27
68
74
73
55
34
45
14
-43
-63
-44
-44
-39
-40
-53
-97
-119
-71
-26
8
16
8
-27
-85
-163
-190
-174
-151
-116
-60
-17
-47
-78
-138
-166
-100
-69
-80
-80
-63
-77
-109
-83
-35
7
22
31
17
-44
-83
-53
-18
-9
15
48
54
19
6
31
5
-24
26
73
72
59
65
42
15
19
48
65
66
68
39
28
5
-7
-2
-9
29
30
-15
-40
-6
4
-42
-65
-99
-84
-97
-76
-47
-30
-30
-55
-5
16
4
22
43
36
38
45
37
20
19
4
-15
-3
-15
-1
-9
-9
27
80
87
103
107
88
117
129
135
131
106
82
72
37
22
36
12
11
23
42
67
91
106
89
73
63
13
16
42
28
27
5
-9
-13
21
60
32
-14
-43
-28
-22
-46
-52
-49
-42
-59
-71
-36
-4
-23
-62
-29
27
17
-12
-20
-7
-8
-17
7
15
-6
-12
22
17
-27
-39
-31
-40
-30
0
-2
0
5
-8
-11
-5
-25
-29
-9
-14
-41
-59
-73
-64
-26
-48
-84
-70
-78
-106
-114
-96
-63
-69
-75
-78
-99
-127
-105
-55
-36
-46
-36
-46
-56
-61
-86
-66
-23
19
69
106
81
50
22
-11
11
79
92
52
21
7
13
44
58
68
69
57
54
37
25
8
20
52
78
74
57
51
55
38
2
-8
3
-16
-29
20
51
36
21
22
12
16
-2
-22
0
0
-23
-40
-24
-47
-54
-53
-37
-29
-23
-13
-3
2
-3
13
15
18
12
27
27
35
36
40
43
26
38
45
33
19
15
56
88
116
115
92
76
71
83
99
100
79
56
29
20
18
11
7
21
7
5
12
-15
-24
-41
-51
-46
-27
-12
3
16
-4
-34
-61
-82
-82
-61
-73
-86
-87
-89
-98
-125
-116
-93
-64
-51
-48
-24
-40
-74
-63
-35
-34
-55
-51
-47
-45
-14
9
13
9
4
2
-11
-18
28
54
81
94
82
54
28
10
22
37
39
45
36
28
9
-3
-9
-2
12
6
-10
-36
-42
-67
-81
-76
-73
-56
-33
-18
3
-9
-28
-15
-28
-40
-50
-56
-65
-74
-80
-69
-60
-60
-55
-47
-23
-8
-22
-31
-22
7
39
26
17
25
10
8
28
65
69
47
49
65
39
6
21
25
46
81
108
106
94
85
51
21
13
22
38
84
82
56
58
37
20
34
53
64
59
51
29
0
-29
-38
-14
25
47
16
23
26
7
9
8
10
4
-5
-11
0
12
4
4
-1
-6
-15
-14
5
16
9
0
2
13
17
21
31
30
38
18
-1
-15
-21
-25
-32
-21
-4
5
25
29
28
