SAMPLES:	7049
BITSPERSAMPLE:	16
CHANNELS:	1
SAMPLERATE:	16000
NORMALIZED:	FALSE
-88
6
-40
73
-10
57
42
5
-80
-9
14
-1
22
-7
61
-37
-33
35
-21
64
-30
58
20
2
7
17
24
16
7
16
66
-106
57
-71
60
-26
-9
73
46
15
8
-77
-9
3
-128
110
7
138
-20
-42
27
-8
-112
41
-39
114
16
-34
109
-98
8
-30
6
57
100
-29
119
-74
57
-8
11
62
24
39
-27
1
9
39
-29
35
-43
134
-38
62
14
-98
8
-23
-75
58
23
-9
73
-121
-15
-39
-20
61
-17
-35
31
-108
-70
-74
9
67
7
8
-61
-147
-17
-18
42
97
-26
5
-85
-79
-31
-23
-33
65
4
-10
24
-32
-32
9
-89
0
45
47
3
-7
-68
-8
-4
-25
74
-18
-24
0
38
-97
94
-139
81
56
-3
41
4
-33
-65
-6
-59
126
-85
66
55
-32
-15
27
-68
36
107
-30
112
-4
29
-73
-77
7
67
-56
73
35
-61
115
-112
75
-33
83
36
-6
-48
61
-137
-37
13
-34
129
-24
77
-137
-52
-89
-4
26
35
33
90
-60
-2
-107
-83
56
-70
95
118
-44
62
-113
35
68
-62
18
98
-92
143
-105
70
15
-123
72
-11
55
61
-58
72
49
-65
150
-90
102
3
-94
88
-27
-88
-57
-68
142
170
-30
239
-70
-86
-120
-123
184
71
60
60
-30
-49
-49
-157
91
-61
36
140
14
-91
-69
-155
75
20
47
162
-104
-71
-100
-121
95
100
27
61
-89
-61
-65
-124
211
28
-28
23
-93
36
-56
-13
20
-26
-41
10
-62
75
27
-35
0
31
-3
-146
-12
-13
-61
42
32
2
64
-147
106
-49
38
99
-18
-6
-80
-82
-47
0
44
126
60
132
-72
-73
-106
8
10
-28
124
27
43
-40
-154
-33
64
7
123
-34
14
76
-203
14
8
-25
-42
14
42
-46
-116
63
-55
-54
46
-53
37
-99
28
-51
-54
48
0
4
42
4
-35
-76
32
-4
-47
90
76
14
-14
-5
-61
-8
0
127
63
24
74
-19
-86
55
66
81
66
25
72
18
74
-84
51
63
42
44
19
27
24
-46
-10
16
11
108
47
8
-39
-68
0
-82
55
-3
78
42
-10
-32
-89
-15
91
-117
25
29
-48
57
-110
-44
12
-53
33
2
-40
83
-47
-40
34
-98
55
-18
-4
56
-54
16
-94
-51
-29
-49
88
73
-28
91
-115
-88
-39
-54
104
22
-12
31
-111
5
-74
-23
40
-26
19
30
-57
23
-67
-1
23
-91
86
2
-103
-27
15
5
58
-37
48
-80
-63
33
-124
44
44
66
27
-23
17
-1
-45
24
-13
-100
36
-19
52
-12
16
-43
17
20
37
-6
-26
-38
-35
-34
2
41
-52
39
67
-30
18
48
-5
43
-27
62
-55
-26
18
27
-52
-1
42
26
7
-3
49
-116
38
52
-5
48
59
16
21
-2
127
6
11
82
-6
20
20
72
-23
48
9
28
11
93
55
74
-9
53
14
-52
91
10
-116
121
-41
0
6
37
70
-39
-43
-15
26
-82
-16
10
5
65
-50
-97
-30
-11
-84
98
-23
-66
16
-119
4
-38
13
76
-39
-99
3
-46
-2
52
-75
37
17
-168
32
-64
13
54
-49
42
-8
-71
6
-67
-60
88
-50
-30
25
-47
54
-47
3
5
-11
-1
-45
36
-84
-41
-16
-1
63
65
-94
27
-77
-75
-20
-40
47
14
-65
-25
-34
-59
128
-131
6
6
-16
89
-37
-32
54
-74
-17
62
29
115
-4
12
109
3
5
44
23
89
-11
42
5
-33
103
-12
74
74
96
111
-5
24
33
-72
-27
31
29
21
-23
-4
-8
-38
-53
13
23
58
-24
40
-66
-7
-61
14
-8
-93
4
7
-52
-49
-27
41
-25
-95
-2
3
-49
-7
25
31
-14
-106
34
25
30
-2
24
32
-72
-74
15
22
113
76
91
125
5
2
2
-80
52
92
21
55
-72
1
-106
-10
94
68
55
-6
11
-84
-71
3
65
0
133
-14
-9
-51
-136
28
22
80
60
10
-79
12
-202
-124
-51
-31
64
-15
77
62
-67
-56
-40
-63
-11
-90
-48
-1
-144
-120
-43
-78
-81
-109
-70
63
-61
2
-4
-70
26
-16
-30
80
58
55
54
-25
44
-12
65
154
148
109
73
20
35
-41
11
87
43
88
19
-18
23
32
-34
64
-41
40
66
22
24
-30
-70
-39
12
-1
27
-92
-55
-19
-36
7
-5
-53
-72
-52
-88
-40
-85
5
26
-42
68
52
17
20
58
2
11
10
43
42
104
146
21
19
13
79
94
174
150
121
63
58
46
93
132
155
72
12
2
-97
-9
23
-1
11
39
2
-29
-97
-55
-39
-111
-73
-96
-161
-148
-127
-99
-102
-156
-229
-215
-164
-167
-148
-47
-84
-77
-48
-93
-85
-110
-130
-54
2
19
71
62
39
80
8
47
132
78
81
98
135
77
97
130
151
153
113
148
83
86
102
106
147
159
210
170
131
64
16
8
37
68
65
43
-31
-130
-237
-250
-170
-68
-135
-100
-176
-299
-352
-420
-376
-300
-250
-192
-121
-139
-161
-254
-288
-280
-252
-137
-32
-32
-65
-192
-257
-261
-139
65
177
236
102
-122
-268
-283
-112
387
726
1052
1094
864
678
616
707
1092
1376
1438
1323
901
469
176
120
289
512
677
526
99
-412
-855
-1087
-975
-756
-540
-494
-766
-1183
-1528
-1682
-1634
-1214
-937
-670
-690
-883
-1052
-1196
-1111
-816
-555
-471
-376
-671
-928
-1417
-1213
146
1275
2276
2583
2080
1216
445
503
2039
2871
3778
3753
2501
1242
128
-23
393
1290
2278
2491
1620
258
-1344
-2274
-2296
-1351
-391
-124
-580
-1731
-3034
-3456
-3133
-2129
-1152
34
368
-151
-893
-1552
-1808
-752
437
1302
1202
-179
-1471
-2837
-2935
-2099
-1196
-924
-611
-1759
-1675
-974
-165
785
1619
2210
2008
1314
1433
2481
2655
3657
3822
3222
2374
1989
2074
2094
2364
2970
2534
1878
1163
195
-1138
-1778
-1635
-1668
-1649
-1884
-2695
-3462
-3621
-2954
-2394
-2049
-1615
-1572
-1531
-1318
-1099
-830
-206
138
120
-493
-982
-1313
-1635
-1321
-858
-960
-1336
-1606
128
1433
2232
2422
2071
1408
959
1125
2712
3522
3853
4022
2682
1566
745
991
1880
2749
3368
3277
1890
341
-1040
-1479
-1601
-869
-216
-702
-1468
-2797
-4133
-4101
-3448
-2286
-1041
-895
-1155
-1787
-2420
-2028
-1418
-270
1075
1013
175
-1259
-2375
-2738
-1962
-729
-192
-371
-1101
-2064
-895
410
1550
2412
2489
2105
1395
916
2046
3009
3480
4175
3409
2335
1349
1334
1947
2536
3282
3373
2127
717
-614
-1325
-1841
-1433
-798
-1046
-1727
-2702
-3823
-4134
-3557
-2413
-1389
-1006
-1152
-1725
-2203
-1925
-1211
-355
950
1089
292
-960
-2046
-2341
-1797
-595
-12
-267
-1177
-1452
228
1416
2317
2600
2337
1809
1241
1373
2807
3302
3798
3898
2883
1744
986
1358
2048
2716
3254
2813
1264
-316
-1395
-1637
-1769
-1084
-765
-1484
-2424
-3452
-4251
-3956
-3011
-2119
-1427
-1508
-2070
-2177
-2250
-1538
-683
71
764
671
-494
-1337
-1925
-2154
-1257
-461
-479
-882
-1824
-2087
-124
1537
2712
2922
2367
1461
850
1074
2938
4038
4376
4205
3014
1588
974
1625
2639
3508
3829
3133
1429
-369
-1323
-1317
-1190
-422
-371
-1404
-2709
-3937
-4290
-3658
-2529
-1741
-1279
-1706
-2550
-2783
-2437
-1231
-59
593
938
158
-1299
-1980
-2084
-1457
-633
127
-601
-1414
-2311
-2004
479
2354
3258
3064
1875
511
52
811
3181
4510
4978
4097
2266
694
254
1522
3114
4043
4118
2776
636
-1211
-1779
-1190
-418
261
38
-1449
-3281
-4571
-4601
-3382
-1704
-809
-995
-1968
-3089
-3245
-2505
-1046
203
880
725
-291
-1670
-2468
-2241
-1403
-364
277
-509
-1763
-2813
-2251
489
2672
3493
3124
1674
217
-160
1036
3436
4878
5250
4156
2026
316
198
1653
3570
4595
4270
2430
13
-1669
-1731
-757
153
500
-269
-2079
-3862
-4863
-4418
-3016
-1327
-609
-1486
-3053
-4126
-3616
-1893
-46
939
914
-241
-1492
-2115
-1916
-1009
28
346
49
-1366
-2417
-2981
-1648
1443
3509
3814
2620
784
-625
-453
1804
4626
5691
5171
3037
645
-505
471
2598
4471
4755
3510
1073
-991
-1893
-1206
289
1108
757
-931
-3168
-4503
-4470
-3108
-1207
-241
-893
-2659
-4143
-4283
-2712
-575
921
784
-263
-1561
-2352
-2042
-1002
19
415
-85
-1047
-2367
-2721
-2362
-249
2690
3715
3035
1349
-241
-582
617
3202
5490
5359
3912
1657
-42
-9
1722
3814
4721
3903
1933
-295
-1504
-1348
-62
1229
1166
-248
-2389
-4055
-4426
-3299
-1839
-849
-914
-2479
-4088
-4107
-3030
-880
868
970
-235
-1449
-2142
-1337
-19
601
805
-113
-1349
-1950
-2217
-1786
-709
-38
1466
2044
1472
493
287
376
1455
2688
3928
4239
3373
2302
1423
1361
2344
3549
4043
3215
1831
607
18
290
635
943
-200
-1401
-2549
-3380
-3161
-2738
-2426
-2167
-2532
-3246
-3709
-3436
-2676
-1395
-458
-515
-1168
-1820
-1583
-397
417
510
221
-1009
-1492
-1223
-668
-446
-116
-701
-179
1212
1745
2063
1970
1395
1386
1616
2373
3710
3854
3538
2699
2003
1736
2330
3145
3273
2720
1895
914
479
120
0
-189
-857
-1592
-2295
-2823
-3115
-3175
-3038
-2823
-2885
-3306
-3486
-3421
-2688
-1663
-1130
-1058
-1550
-1419
-947
-343
-113
-98
-606
-761
-729
-497
-549
-516
-869
-414
1539
2354
2463
1848
1260
992
1517
2460
3946
3955
3324
2315
1533
1529
2334
3163
3430
2648
1691
944
719
603
666
479
-528
-1251
-2111
-2573
-2623
-2621
-2368
-2251
-2636
-3155
-3470
-3107
-2556
-1509
-1242
-1420
-1916
-1664
-925
-34
50
-291
-945
-1507
-911
-339
-45
-195
-394
-1232
-424
1157
2069
2299
1969
1176
1009
1078
2136
3742
4051
3684
2559
1425
1011
1841
2916
3313
2788
1830
766
383
156
496
283
-464
-1275
-2222
-2738
-3054
-2956
-2557
-2323
-2636
-2969
-3240
-3355
-2614
-1871
-1462
-1257
-1623
-1277
-915
-746
-552
-514
-771
-563
-57
-190
-232
-339
-501
-615
941
2090
2288
1909
1157
682
861
1526
3109
4179
3812
2817
1513
755
1109
2448
3414
3317
2421
1274
522
467
508
797
145
-771
-1514
-1952
-2183
-2183
-2208
-2163
-2391
-2816
-3090
-3252
-2946
-2132
-1756
-1581
-1768
-1974
-1440
-879
-163
227
71
-373
-321
-207
-249
140
37
-36
-156
1042
1924
2076
1669
1161
833
801
1413
2782
3629
2916
2011
770
208
902
2246
2959
2538
1610
695
402
657
746
742
-267
-1130
-1704
-1898
-1834
-1791
-1979
-2179
-2622
-3096
-3135
-2902
-2516
-1762
-1752
-1877
-2034
-2086
-1160
-294
79
45
-348
-601
-306
267
415
533
117
108
158
457
1719
1967
1964
1493
1183
661
939
1853
3185
3202
2438
1060
73
340
1889
3153
3192
2185
744
190
584
1129
1382
620
-707
-1551
-1814
-1460
-1439
-1570
-1976
-2519
-3055
-3180
-3009
-2684
-2158
-1679
-1680
-1836
-2199
-1783
-898
-266
197
162
-249
-375
129
600
876
880
533
500
97
166
1390
1811
1883
1348
827
318
620
1518
2629
2441
1526
400
-189
669
1957
2825
2682
1729
796
475
1048
1591
1561
982
-5
-823
-1063
-922
-1049
-1230
-1762
-2537
-2969
-3026
-2779
-2203
-1696
-1697
-1981
-2191
-2238
-1346
-566
-99
-23
-324
-516
-243
528
948
1087
702
173
13
103
51
493
1387
1218
1017
419
-154
-176
406
1097
1844
1608
612
-31
28
902
2118
2722
2108
1170
647
857
1673
2308
1992
958
-241
-945
-954
-713
-929
-1336
-1870
-2465
-2687
-2549
-2376
-2088
-1800
-1909
-1844
-1735
-1529
-715
-153
-73
-112
-168
-12
427
991
953
685
145
-153
150
409
585
17
-103
-9
130
227
-34
-278
-353
-95
129
778
780
733
726
787
1018
1554
1846
1970
2036
2039
2008
1922
1742
1258
593
68
-279
-325
-447
-793
-1216
-1747
-2010
-2075
-1832
-1660
-1427
-1351
-1343
-1200
-1108
-957
-402
-18
298
572
427
140
223
426
560
685
433
34
-34
-74
59
-112
-668
-1287
-1204
-686
-205
-29
-162
-419
-610
-376
125
663
799
975
938
1038
1286
1719
1985
2091
1841
1399
1083
1139
1092
1035
547
-111
-558
-619
-625
-544
-562
-833
-981
-833
-833
-767
-612
-607
-456
-236
-227
-461
-433
-346
-83
192
202
-34
-203
-305
-377
-331
-468
-572
-562
-795
-978
-1063
-1062
-1036
-712
-786
-957
-841
-737
-331
108
308
205
319
438
761
963
1065
840
766
810
1037
1172
1079
983
850
883
885
891
788
621
554
506
417
274
212
28
-95
-91
-99
-155
-218
-337
-425
-448
-515
-506
-450
-522
-733
-823
-794
-623
-450
-486
-651
-816
-850
-774
-504
-527
-652
-747
-661
-366
-160
0
-101
-196
-104
57
89
90
115
170
248
286
248
223
397
623
744
718
672
604
763
1091
1272
1178
1007
825
838
914
959
796
494
277
167
139
-10
-117
-192
-286
-468
-630
-692
-738
-640
-391
-369
-528
-682
-791
-685
-428
-346
-400
-413
-477
-395
-242
-121
-26
-10
29
51
79
0
-16
131
156
109
18
-15
-40
87
231
197
110
84
176
344
443
407
385
327
323
275
144
-34
-224
-183
-153
-162
-232
-325
-386
-452
-525
-484
-470
-458
-348
-184
-125
-147
-125
-93
-25
91
116
97
198
205
280
358
297
167
183
210
227
306
375
305
228
280
320
278
197
19
-151
-17
57
164
265
229
113
204
302
265
241
92
-106
-192
-266
-331
-467
-681
-780
-808
-753
-850
-949
-967
-909
-842
-787
-680
-634
-529
-392
-326
-333
-316
-174
-22
202
345
371
402
435
528
580
619
645
709
829
925
932
884
841
927
1040
1058
948
724
623
638
801
925
875
656
443
278
158
158
74
-62
-139
-175
-343
-499
-617
-758
-771
-721
-747
-861
-984
-1121
-1111
-1024
-848
-682
-650
-674
-761
-775
-714
-545
-326
-354
-356
-362
-342
-184
-80
-13
-109
-105
44
269
470
585
615
576
619
751
874
911
922
891
905
980
983
975
929
761
586
497
351
232
209
175
-22
-147
-281
-340
-330
-318
-441
-659
-807
-826
-702
-554
-456
-432
-512
-627
-644
-646
-589
-469
-324
-380
-430
-469
-481
-424
-292
-195
-173
-149
-147
-109
-14
122
187
339
471
459
497
546
574
707
945
1015
920
835
726
668
655
618
483
339
258
190
152
108
-76
-226
-270
-334
-379
-467
-559
-612
-568
-581
-564
-490
-497
-494
-468
-459
-483
-397
-298
-251
-280
-374
-477
-474
-404
-278
-233
-246
-206
-154
-41
98
188
195
213
269
326
333
350
379
456
576
708
636
602
571
578
615
645
545
390
330
203
235
320
269
170
71
-66
-122
-147
-160
-253
-337
-391
-413
-385
-383
-415
-447
-436
-393
-289
-208
-176
-167
-196
-260
-329
-285
-193
-174
-183
-135
-115
-40
45
117
138
175
204
207
277
349
357
335
365
377
380
350
297
222
195
158
131
122
58
49
64
149
146
126
19
-139
-194
-162
-57
-49
-102
-222
-349
-429
-367
-263
-256
-236
-274
-269
-167
-89
-75
-119
-216
-321
-320
-228
-134
-1
93
75
85
162
207
289
319
336
291
298
317
292
330
311
285
200
173
16
-103
-117
-150
-112
-43
21
2
-35
-105
-196
-210
-192
-135
-114
-178
-295
-371
-344
-317
-216
-171
-245
-341
-404
-393
-286
-160
-138
-150
-198
-250
-235
-148
-68
-10
99
145
164
200
208
214
313
379
372
400
434
431
498
575
538
541
536
455
385
292
184
169
183
187
219
164
17
-66
-30
12
15
-23
-151
-325
-422
-461
-388
-315
-299
-282
-328
-389
-455
-441
-361
-283
-218
-204
-278
-342
-335
-292
-194
-76
-19
65
143
202
250
303
370
434
494
521
517
488
430
431
464
437
381
297
233
195
209
240
262
283
273
208
120
43
-40
-75
-99
-138
-200
-302
-438
-498
-485
-472
-450
-451
-512
-612
-665
-737
-723
-629
-553
-519
-523
-579
-629
-580
-431
-257
-175
-117
-89
-80
-71
48
207
366
482
545
590
543
526
590
645
614
551
501
437
447
502
551
517
532
518
449
439
396
377
347
255
171
110
70
32
-20
-70
-167
-241
-326
-400
-473
-563
-650
-708
-722
-736
-708
-702
-730
-769
-715
-639
-560
-424
-381
-370
-386
-345
-224
-49
132
267
324
315
312
375
463
528
553
566
480
431
395
398
550
637
697
668
621
531
473
500
509
502
454
358
301
268
222
206
170
102
-1
-127
-208
-236
-232
-252
-327
-394
-535
-604
-613
-613
-682
-743
-762
-747
-654
-547
-495
-498
-442
-410
-296
-152
-98
-11
62
105
154
225
271
265
290
295
328
365
431
487
501
474
402
359
349
375
457
477
417
351
245
170
137
160
184
114
12
-125
-181
-194
-191
-171
-131
-160
-259
-342
-437
-532
-576
-604
-634
-671
-688
-684
-672
-602
-516
-470
-468
-424
-348
-221
-65
20
82
121
161
216
239
245
217
209
265
351
436
500
507
454
431
456
468
450
460
414
305
209
168
165
193
208
140
33
-39
-25
40
130
114
24
-83
-225
-278
-328
-388
-445
-495
-522
-497
-486
-484
-436
-381
-283
-287
-282
-292
-237
-99
38
141
139
112
105
148
212
303
367
365
470
565
586
582
523
471
496
562
592
557
451
341
264
208
200
227
230
178
129
86
18
13
26
3
-61
-111
-200
-237
-256
-322
-401
-506
-560
-600
-579
-558
-533
-499
-497
-503
-503
-534
-517
-432
-286
-160
-74
-18
-25
-8
50
71
72
119
169
271
342
386
371
362
351
367
416
448
410
317
244
175
175
230
282
259
189
110
43
46
92
83
19
-73
-195
-285
-320
-332
-371
-433
-450
-469
-468
-477
-520
-486
-460
-465
-445
-417
-407
-330
-218
-147
-78
-51
-40
10
71
110
163
277
349
437
478
464
411
368
384
440
493
499
458
382
320
249
229
256
315
347
319
232
129
79
91
135
153
52
-126
-246
-279
-250
-198
-233
-334
-459
-578
-613
-599
-547
-496
-418
-403
-421
-452
-442
-327
-171
-64
-50
-105
-164
-130
-7
128
205
287
328
346
359
337
321
375
448
511
526
499
459
450
487
509
524
477
413
341
293
244
198
188
196
200
117
-10
-128
-230
-242
-254
-308
-409
-514
-535
-562
-575
-595
-592
-579
-534
-505
-521
-484
-460
-401
-320
-256
-240
-270
-218
-161
-93
-5
61
132
177
217
244
236
249
290
331
378
378
323
294
320
390
445
492
504
478
452
435
427
400
410
427
354
270
143
61
-24
78
16
-59
-178
-409
-529
-623
-657
-576
-480
-450
-333
-421
-463
-511
-524
-474
-373
-321
-282
-254
-195
-190
-118
-89
-10
55
121
179
192
151
103
52
31
61
69
107
152
237
261
305
331
372
292
279
284
278
313
356
347
296
264
179
132
103
75
11
-74
-167
-260
-292
-264
-241
-219
-238
-283
-331
-313
-304
-266
-205
-200
-212
-182
-140
-97
-40
30
135
189
234
245
237
232
257
281
267
249
156
96
62
100
167
186
196
147
127
95
101
137
150
162
122
70
-26
-86
-82
-72
-57
-39
-73
-119
-202
-286
-295
-305
-291
-272
-235
-290
-325
-306
-262
-188
-132
-82
-120
-122
-91
-38
-15
44
94
156
182
223
267
266
298
350
354
303
229
169
156
166
206
172
107
51
26
14
27
53
95
97
76
39
-42
-102
-153
-159
-195
-221
-268
-280
-282
-338
-348
-356
-390
-382
-364
-348
-344
-328
-293
-225
-203
-196
-193
-198
-147
-47
15
48
93
124
168
245
304
313
349
377
376
364
361
333
355
326
371
344
334
292
297
295
250
198
111
89
68
52
50
35
32
-5
-48
-100
-193
-249
-301
-309
-354
-335
-327
-277
-241
-262
-287
-313
-341
-320
-291
-223
-228
-206
-182
-162
-110
-107
-62
-44
23
61
101
181
195
258
328
321
340
309
297
290
305
353
295
264
288
306
290
334
305
323
201
153
131
58
101
18
49
-6
-96
-186
-198
-231
-220
-268
-189
-185
-121
-137
-130
-151
-216
-208
-266
-223
-153
-179
-155
-103
-162
-111
-173
-130
-108
-106
19
-6
37
23
-2
71
53
4
152
15
115
170
99
111
168
103
218
252
212
221
168
146
105
98
134
80
1
-33
-153
-71
-187
-115
-145
-287
-192
-247
-344
-109
-232
-120
-138
-283
-86
-226
-260
-122
-252
-38
-82
-148
-47
-28
-87
-12
21
-31
13
-39
-4
59
-15
33
66
35
47
193
112
207
160
-35
284
94
339
268
221
237
205
-190
193
-67
-13
184
-125
109
53
-84
-23
152
-213
153
-119
-82
40
25
-65
178
-43
9
141
-17
39
18
-124
62
-111
94
-7
-11
-23
-48
-29
-163
1
49
74
153
26
-85
166
-300
194
77
6
252
-69
-194
311
-291
315
81
23
132
-17
-91
65
26
-47
151
-198
-31
26
54
-245
212
-307
47
-137
-136
61
-117
57
-131
84
-116
303
-38
91
70
-85
32
22
-33
60
-26
13
82
-196
69
-37
-138
88
-194
-65
115
-243
-75
6
-260
68
-77
-44
327
-19
-26
66
-345
-149
-102
-271
129
-77
-153
175
-479
138
-262
-116
183
-218
130
-44
14
21
-6
-55
141
-150
193
-83
133
25
160
53
138
10
177
-116
236
106
104
238
-128
140
-80
-12
55
-84
148
-66
53
61
39
-171
101
-99
64
7
-49
49
-212
-64
-214
5
-223
101
-182
50
-87
18
-135
-15
-127
28
135
-84
113
-14
97
51
218
53
320
26
219
102
130
193
140
177
160
124
116
150
19
164
142
-46
176
-3
189
129
-17
-48
-12
-302
-18
-116
-32
114
-26
-50
36
-115
-22
-105
-200
14
-82
-88
-128
-174
-288
-88
-434
20
-193
-11
-114
-7
-154
24
12
-46
296
38
110
47
-144
-152
132
-206
157
41
-150
175
-108
-19
131
-72
157
-27
-49
-41
29
-103
254
-80
177
-93
-36
-224
161
-115
87
115
-112
243
-258
206
-301
202
-337
221
-166
64
17
-161
26
-191
117
-257
176
-213
305
-222
141
4
-162
193
-115
32
135
85
33
205
-105
134
-65
-112
13
-135
91
25
-79
32
-57
27
40
-209
207
-224
73
87
-53
44
-11
27
-84
-140
85
-31
118
18
-8
-26
54
-361
347
-276
137
170
-23
72
159
-43
106
31
-99
159
-195
70
77
-115
341
-28
200
-22
18
92
176
-62
321
-35
31
95
-95
-46
211
-134
142
-70
-18
-62
-59
-140
-12
-143
38
-69
5
-85
-73
37
-116
77
-62
-38
-154
-48
-219
-7
-28
6
85
-63
34
-3
15
-107
163
-127
137
-138
4
-12
-154
115
2
-13
118
-152
117
-36
96
128
148
-214
340
-157
24
125
-122
83
-70
53
-32
84
-82
114
-46
-170
59
-271
48
-200
156
52
70
-79
101
-123
105
-238
93
74
-77
109
-157
55
-355
39
-230
188
-34
25
157
-233
143
-207
219
-157
234
-58
47
142
-229
95
-113
194
-42
191
-83
153
-84
-24
-14
-8
-1
176
-70
63
-81
-19
-129
-148
-28
58
-192
104
-125
110
-135
170
-217
273
-189
106
-31
-6
78
-30
91
-100
287
-71
215
112
-35
113
148
-169
481
-67
156
117
-184
195
88
-74
398
-6
-43
211
-154
12
181
-282
288
-150
-95
253
-316
100
-126
-91
-105
42
-209
194
-225
-42
-69
-175
63
-73
-53
186
-191
76
-36
-87
103
-46
-67
96
-266
-5
-126
24
32
244
-53
178
-195
45
12
10
121
131
76
-13
-153
-38
-38
-234
162
-148
195
-102
113
-221
147
-403
128
-503
89
-178
-57
-251
67
-285
45
-130
16
-55
-183
-103
-86
-202
152
-77
-68
1
-110
71
-162
168
140
34
-89
348
-211
165
96
146
59
193
11
314
78
209
335
-11
316
83
134
-72
125
-19
155
-156
366
-93
54
20
-209
-33
9
-437
252
-402
-2
-81
-285
59
-202
-161
-136
-177
-288
82
-208
122
-127
37
-48
-51
68
-33
24
30
-124
149
-145
131
44
153
112
254
105
296
62
248
272
261
423
357
110
428
47
168
417
-21
464
-98
202
-47
92
-190
264
-137
222
-142
-4
-110
-109
-224
-8
-270
-36
-279
-134
-302
-69
-425
-218
-297
-205
-114
11
-203
-69
-208
-378
-90
-335
14
-17
-177
-96
135
-439
124
-131
-12
103
-24
115
209
-186
371
-160
292
132
114
128
261
-93
295
-125
182
186
-43
134
135
-24
41
103
-140
262
-379
285
-350
223
-306
55
-278
57
-440
154
-404
159
-305
88
-256
141
-551
171
-370
-44
-48
-142
60
-236
92
-164
83
-241
164
-328
195
-94
225
46
223
44
251
-135
304
4
261
252
11
508
146
307
217
262
107
484
-158
495
-38
154
40
-5
8
315
-420
391
-256
99
-233
-113
-140
-3
-176
-42
67
-361
175
-367
44
-226
-57
-264
-5
-251
90
7
-291
25
-342
-160
-37
-7
-82
289
-190
197
-135
87
5
97
-67
363
-54
171
331
156
234
141
291
214
17
61
254
-77
267
-149
273
-74
139
-166
-50
-2
66
-158
25
-229
-57
-167
-107
-213
-77
-186
-69
-321
-76
-239
-338
-36
-329
77
-355
14
-81
-98
-289
183
-171
19
-60
42
-122
126
-202
235
-57
215
182
108
293
139
139
84
222
23
357
-177
461
-159
176
16
179
-27
409
-144
346
-53
-9
-35
-198
166
-82
133
-175
158
-284
-31
-365
180
-281
232
-230
1
-261
-26
-362
100
-148
91
-64
-203
-69
-142
-135
44
-159
100
-244
59
-105
-47
63
-27
78
-124
246
-257
275
-301
118
-241
131
-302
294
-36
230
-29
137
-63
139
-154
67
72
-5
41
27
-32
-25
-9
66
-61
138
78
164
-129
222
-51
57
36
-86
350
11
160
120
119
-10
300
-36
213
325
55
23
241
-141
163
-35
216
271
17
63
86
71
-216
98
-88
1
-54
19
-67
69
8
-73
-65
-145
-119
-177
-34
-183
15
-476
-76
-278
-267
-63
-116
41
-162
-93
-183
-61
-305
-40
-121
-44
204
-361
344
-424
197
-231
262
-106
321
-112
240
28
23
24
142
44
144
108
115
174
-100
205
-83
362
-152
315
-172
128
-265
235
-332
240
-134
143
-79
136
-342
273
-393
189
-267
-141
1
-234
-122
-219
-30
-274
278
-337
374
-400
349
-330
152
-273
224
-139
-36
-20
-123
50
-213
372
-266
503
-80
448
-193
196
-27
229
-179
300
71
43
293
-146
269
-49
353
-24
130
106
115
-6
33
-101
73
-94
78
-48
-83
122
-65
-115
81
-116
47
-99
-31
92
-164
12
10
-240
67
-246
-67
-100
-27
-182
208
-351
150
-123
-149
89
-134
60
-118
65
-375
338
-415
393
-211
167
-112
110
-197
263
-200
304
20
-6
207
-216
211
-125
199
-76
310
-262
443
-392
259
-158
133
36
163
-52
96
-48
12
42
76
210
-189
199
-215
155
-245
141
-86
269
-275
347
-175
26
101
-257
182
-12
-99
68
-180
-281
71
-231
61
165
-336
277
-469
52
-150
113
-154
184
-212
305
-110
38
195
-231
171
-109
165
-22
116
-298
210
-357
226
-55
40
-23
191
-327
369
-408
350
15
-56
279
-126
38
-164
215
-252
531
-443
702
-507
207
-15
-143
70
140
-179
193
-16
-85
372
-327
316
-18
-156
-133
142
-467
384
-247
94
12
-222
-75
-62
-123
206
-151
-16
148
-207
-22
17
-155
198
-326
102
61
-115
158
-17
8
41
-77
69
-50
143
78
18
179
-75
112
-91
230
-49
280
-11
195
-97
52
-164
218
-114
167
232
-77
165
48
-17
-103
19
-167
116
-126
-9
-110
-21
-213
99
-169
-156
100
-36
-122
166
-152
-113
-115
-203
110
-95
202
90
89
-240
240
-224
-35
134
-72
11
6
-260
-40
-241
-19
88
-114
71
237
-320
180
-124
-38
90
-9
83
-104
99
-67
23
-398
271
-172
-106
93
36
121
-95
-20
-133
-76
-217
112
-246
56
42
-89
34
-119
72
-173
14
-14
106
-215
218
-30
-17
41
99
129
-101
219
-56
142
-100
146
-115
137
-108
253
-153
204
150
-89
288
-4
264
-119
384
-62
237
36
191
69
-47
144
-61
63
20
178
86
-159
174
-99
43
49
168
73
115
8
-35
14
-19
38
-50
-39
181
-68
-24
198
-101
207
-305
325
-250
49
-71
0
-116
-54
4
-215
138
-233
276
-139
55
108
-326
1
-32
-190
10
160
-79
142
-81
-161
34
-221
78
74
-76
-42
72
-628
252
-321
-41
-92
78
-57
29
-207
85
-93
-314
211
-316
130
-344
209
-403
-57
-85
-57
-54
24
45
-90
-83
-176
90
-345
115
40
36
109
27
162
-5
141
71
56
-1
137
-51
102
69
146
158
-152
281
-24
118
26
193
-43
132
86
-109
143
6
-55
26
-131
93
-116
-27
-27
268
-244
202
157
-147
81
-102
-28
-34
-38
-22
112
-235
120
-71
-199
213
17
-131
382
-448
384
-317
22
158
-84
13
182
16
-40
243
-200
435
-276
308
-112
156
-80
179
24
128
153
-179
225
-276
320
-140
127
-31
204
-89
162
-101
-34
183
-378
232
-162
97
15
-106
100
-250
77
-177
63
-174
-28
-120
-42
-121
-145
71
-108
285
-293
43
-78
-129
-200
137
-270
121
23
-300
327
-346
180
-53
100
-74
225
-218
1
207
-215
295
-30
102
10
-63
-116
181
-121
32
156
-212
90
-13
-59
-2
120
-87
1
1
6
99
-86
126
57
24
21
-38
72
-27
-16
165
-151
48
-33
-51
119
-108
-56
212
-158
184
-91
166
-98
-10
-48
133
-59
-6
-92
-72
-154
44
-100
37
128
-153
23
-138
1
-69
-141
-91
10
28
-166
132
-212
-98
-37
-243
29
83
-74
9
125
-216
156
-41
39
380
-212
282
-13
-130
-38
-49
-1
144
3
49
194
-131
124
-60
75
342
-221
449
-161
46
222
-272
109
154
-164
198
-32
-70
250
-328
-20
82
-287
16
120
-209
182
-21
-92
136
-174
144
-64
-172
127
-125
-180
65
-22
-135
224
-198
189
-75
-33
273
-181
160
-9
-9
4
169
-7
164
120
165
-225
178
52
-91
124
14
135
-11
-125
154
-137
25
102
22
-26
297
-191
12
-6
-110
79
-112
-35
258
-306
68
21
-181
80
-12
142
-172
115
-135
-125
-158
-38
144
-324
204
-214
87
-310
111
-118
18
8
-89
6
-95
16
-149
6
19
17
10
-89
192
-16
-71
90
-22
1
157
-230
230
-155
148
-38
76
105
23
87
37
145
-79
134
-51
75
-2
-113
199
-125
102
-64
56
-120
177
-269
9
66
-131
-22
-47
37
-70
-152
-39
11
-113
99
-27
-102
43
-278
140
-246
31
-99
-90
-87
-57
27
-26
118
-188
243
-11
5
49
-83
167
-63
61
201
-11
208
-83
167
38
30
57
-60
254
-202
318
-102
126
71
-6
264
-43
215
45
24
24
112
-77
162
128
-143
147
-125
60
18
-143
142
-100
-99
222
-242
203
-360
110
30
-241
124
-145
142
-178
102
-148
69
-34
-272
58
-283
46
-215
34
-26
12
-133
135
-26
-149
45
-58
-20
-47
14
-26
-7
-40
56
-180
225
-148
33
-69
-2
129
-68
-26
-14
52
-147
139
-92
160
72
11
-8
-59
97
-174
20
108
-18
59
-5
65
-96
7
-67
102
35
-103
128
-93
-115
-30
-66
-95
97
-25
-66
113
-5
-144
119
-177
75
115
-46
262
-22
-62
113
-158
-38
188
-3
184
76
-62
197
-131
27
100
-131
242
-85
-34
113
-26
64
13
-72
316
-154
15
184
-82
106
-39
43
89
-61
-11
108
-141
43
-114
-119
93
-115
25
150
-201
272
-388
105
-97
-149
-30
57
-251
280
-374
108
-90
-256
49
-99
15
-22
48
-108
-4
-92
43
-73
-16
144
-202
-41
111
-234
54
-9
-99
182
-122
151
15
-29
148
41
5
157
141
-70
87
132
-41
-70
16
49
-45
87
-36
184
-158
76
-18
-27
8
-10
185
-150
163
53
-89
60
-20
-93
121
-42
79
55
-137
142
-96
-94
206
-20
21
136
-177
52
39
62
77
209
-12
219
-224
123
74
-132
48
134
78
13
-21
66
72
-287
234
-22
-103
45
-39
28
-135
-34
-8
-19
-156
131
-72
70
-40
-58
-45
-27
-8
-90
-118
24
-206
-31
-122
-25
62
-155
114
-122
-141
-11
-112
-55
58
-73
51
-31
-115
83
29
-242
137
-65
49
-148
92
-78
-100
48
-66
124
-6
159
-87
235
-228
118
51
-164
233
-37
-102
282
-248
165
63
45
35
89
5
88
32
-47
173
-48
-16
19
-42
-62
123
-62
103
-35
29
-29
9
-69
161
-70
-99
223
-133
41
44
-133
108
-132
-53
85
108
-124
258
-117
-94
97
-292
98
-130
-152
116
-199
47
-28
42
-86
148
-201
115
-39
-92
35
-83
-116
25
-236
182
-134
-9
153
-23
17
-39
63
-74
78
-130
191
74
-132
195
-82
-83
72
83
8
207
-109
188
-42
-161
97
-146
2
150
-16
172
96
20
82
-51
6
14
170
-59
224
36
37
79
34
104
94
116
55
172
-24
-102
17
-194
111
-57
-83
172
-160
-58
-9
-30
-3
36
-40
34
-195
-94
33
-118
-143
126
-125
-6
-3
-90
122
-166
50
-103
88
-135
325
-208
54
39
-143
118
-131
166
80
-2
-27
-21
-116
45
27
54
84
54
-93
58
-253
117
-3
31
205
-189
164
-82
-168
-75
-106
3
35
-131
58
-37
-213
-57
-84
-136
115
-55
-87
167
-292
147
-178
-79
47
40
-96
67
-44
-70
80
-214
162
-167
105
-18
41
-79
4
45
-48
-83
184
-181
164
-132
115
171
-152
177
90
-90
76
150
-118
363
-101
72
175
-129
35
13
-108
181
-5
25
58
21
-58
11
49
-44
198
53
-51
47
-23
-185
-7
42
-117
322
-311
207
-119
-35
-135
75
-103
40
-83
39
-38
-141
72
-193
133
-34
9
44
53
-196
313
-264
167
73
-66
-14
130
-147
95
-17
-133
242
-113
142
-29
95
-37
63
54
-41
132
-112
123
-31
44
-35
89
2
36
82
22
218
-170
146
-51
-81
-11
-104
-26
63
-171
114
21
-143
196
-83
-67
279
-241
115
41
-171
74
-19
-126
235
-114
-103
238
-192
106
7
-143
83
-39
-135
92
-232
229
-170
66
92
21
20
27
-116
100
35
-320
382
-405
174
-32
-113
20
206
-300
296
-155
8
51
-148
65
12
-158
203
104
-147
217
-192
83
6
-98
96
84
-19
16
49
-129
225
-151
45
208
-156
85
-105
16
1
-66
-3
21
-74
-138
44
-289
149
-149
-14
185
-188
-11
-42
-145
5
9
-194
114
-80
-167
22
-137
-164
35
-131
-60
268
-275
232
-14
-102
116
122
-137
306
-120
-25
301
-342
404
72
-61
327
-54
68
138
-34
87
200
-173
207
-42
-93
200
-187
109
221
-169
192
32
-134
142
-94
16
148
-173
125
-28
-182
-11
-134
-36
-22
-106
-52
73
-146
72
-280
167
-41
-207
125
-44
-55
49
-341
104
-20
-297
192
-56
57
-102
46
-84
153
-132
118
118
21
82
-26
118
-72
105
103
88
56
45
-13
14
-147
97
-78
17
89
-10
61
71
-16
-77
119
-250
117
-111
-43
4
-58
-124
29
-239
-94
23
-81
-123
182
-179
-8
56
-117
118
-51
-24
92
92
-110
210
10
-60
175
-96
-19
266
-207
147
26
-1
90
17
12
158
63
71
175
-161
260
-98
59
203
-52
130
79
-235
318
-105
-161
299
-184
-82
171
-285
154
66
-174
128
-9
-236
194
-138
-134
115
-128
-77
26
-44
-119
62
-113
-48
-3
-67
-29
32
-147
64
-83
-105
121
-98
19
-91
42
-5
-222
99
-70
-38
24
-83
13
93
-106
68
-14
18
43
33
117
-25
142
-106
-81
88
-140
94
1
82
98
109
-39
9
85
-227
177
41
31
209
-87
54
71
-108
77
17
-9
27
-17
44
-27
-70
68
-113
6
81
-182
175
-2
-45
87
-76
-68
21
-84
-37
138
2
-18
6
-36
-115
2
-106
-45
24
-25
-183
248
-200
11
80
-69
70
-152
176
-167
133
-34
-61
21
81
-120
281
-9
16
268
-198
87
26
3
-86
299
-81
-2
262
-175
91
39
-64
117
-1
-162
217
-194
-72
109
-110
127
-101
170
-71
14
-47
-120
-78
31
17
-49
74
-33
-56
-145
33
-29
68
14
16
114
-102
-54
-41
34
-148
150
-23
-46
114
-138
-69
22
11
-227
117
-67
-60
43
-89
-67
29
-71
-25
48
-71
34
-6
68
-129
3
133
-263
96
47
-186
226
-104
-79
97
-146
-80
96
-222
44
8
-35
19
-73
53
-87
-10
115
-81
119
203
-134
144
113
-163
184
51
-49
198
14
20
229
-155
50
171
-64
44
221
31
46
68
75
-124
77
28
-82
125
96
-90
133
-124
39
79
-37
132
-10
66
-11
-22
-16
24
-81
128
-156
288
42
-180
100
-299
-128
9
-106
-26
125
-59
0
-200
42
-42
15
105
126
-56
93
-273
113
-104
-164
109
-59
-20
259
-280
-58
-77
-288
14
-112
-16
-10
-76
7
-111
-37
17
7
69
25
-41
41
-155
81
-99
-49
136
-123
115
-156
133
-46
160
-28
-53
120
-122
-99
107
-77
-27
-37
-53
123
-76
95
113
-15
71
38
-30
-52
127
72
-17
117
-17
64
52
-112
65
156
-60
142
2
-15
10
-76
-44
11
17
-40
106
8
20
-69
27
-64
-32
41
1
-24
-5
60
-126
148
-25
-148
117
-7
-194
201
-231
-3
-18
-253
185
-65
-195
346
-105
-85
209
-115
42
-60
81
155
1
81
205
-157
196
171
-49
262
47
58
210
-139
170
84
-32
149
78
-7
59
-48
11
-100
2
169
-172
177
-72
-48
41
-289
101
-78
-255
130
-62
-199
91
-218
-36
-77
-297
57
-128
-146
72
-130
-135
31
-237
61
-109
-55
72
-51
-121
102
-123
29
-14
-15
31
-22
38
-41
16
90
-96
79
106
-234
332
-76
-134
154
-157
95
66
-177
211
18
9
143
17
-48
219
6
-51
229
-98
92
-51
-45
-28
32
-101
156
-77
18
78
-57
-28
-24
-11
