SAMPLES:	6176
BITSPERSAMPLE:	16
CHANNELS:	1
SAMPLERATE:	16000
NORMALIZED:	FALSE
11
13
8
30
-18
18
-12
5
-10
28
-9
-14
5
-34
26
-10
4
29
-19
31
-10
-17
-21
-2
20
9
40
-18
43
-18
-15
-13
-42
-3
15
14
14
28
-25
13
-16
-8
-45
24
19
4
-3
-24
25
-23
19
4
18
-7
11
-1
9
3
0
11
-11
-8
-10
-42
8
1
6
21
5
-3
13
27
-41
5
-32
-2
-16
-18
2
-1
26
-39
-11
-48
-7
-56
-9
20
8
22
-24
-2
-62
-19
-35
5
15
-7
24
-15
29
-25
-3
-7
0
-17
-7
-23
-56
-10
-35
-6
1
2
-17
10
-26
-5
26
-22
5
-17
-6
-2
-13
21
23
54
-2
20
-10
-17
12
-9
11
-8
35
2
14
-5
-8
31
41
62
34
42
39
-18
11
-1
-18
18
-2
22
4
13
-8
14
7
1
20
-4
-9
-13
0
-13
42
8
23
38
56
39
10
23
2
16
-29
-2
29
48
30
57
52
26
-5
8
-2
-17
-21
-73
13
-12
-11
-14
20
-15
-13
-15
-14
65
0
-6
-21
-50
-61
-52
-43
-30
15
20
-4
-12
-60
-59
-59
-58
-35
-11
-8
-6
-11
-5
-24
-18
28
1
4
-38
-14
-26
-15
-21
-24
31
-3
14
-15
39
2
-12
11
-12
2
-19
34
21
44
14
50
39
-7
18
-12
-2
-17
-13
-13
-7
-25
-17
20
-13
15
25
20
13
-12
-13
-21
-44
-55
-59
-30
-34
-5
-4
23
3
-18
-16
-30
-9
1
15
22
13
-43
-57
-67
-96
-34
-17
21
40
48
37
48
43
27
66
51
64
34
10
8
5
19
30
62
56
82
99
95
97
78
103
93
84
99
87
84
55
41
28
0
16
-16
-20
-46
-42
-30
-18
-8
-27
-18
-57
-88
-105
-101
-99
-138
-111
-149
-154
-150
-152
-146
-115
-63
-53
-25
-61
-81
-78
-85
-113
-122
-106
-113
-129
-111
-139
-107
-57
6
43
99
192
247
340
373
434
529
555
558
533
515
439
371
302
234
160
101
83
36
6
-8
-24
-25
-96
-158
-254
-338
-423
-483
-494
-520
-515
-518
-480
-482
-464
-416
-359
-298
-281
-255
-243
-267
-288
-291
-308
-336
-393
-403
-383
-374
-429
-420
-383
-416
-333
-87
154
321
559
928
1142
1245
1432
1581
1683
1637
1550
1391
1170
827
508
327
134
-43
-89
-21
3
-53
-122
-165
-230
-344
-441
-583
-718
-870
-1023
-1041
-1036
-1057
-931
-706
-557
-435
-242
-67
51
126
116
57
-134
-340
-551
-767
-965
-1210
-1212
-1175
-1145
-1066
-920
-720
-678
-383
250
651
910
1318
2064
2420
2557
2818
3066
3265
3001
2863
2623
2121
1377
830
509
68
-536
-736
-711
-764
-941
-1043
-1018
-1231
-1446
-1532
-1502
-1537
-1771
-1746
-1582
-1622
-1661
-1486
-1001
-799
-492
-214
75
131
139
289
124
-220
-517
-783
-947
-1379
-1703
-1814
-1890
-1906
-1830
-1523
-1324
-1237
-659
318
772
1249
1930
3051
3435
3768
4141
4541
4644
4256
4034
3527
2751
1657
1021
432
-307
-1222
-1486
-1647
-1807
-2049
-1884
-1779
-1944
-2040
-2026
-1868
-2084
-2212
-2171
-1904
-1855
-1758
-1291
-796
-487
-121
375
720
793
929
964
665
98
-344
-743
-1110
-1554
-1890
-1945
-2161
-2262
-2206
-1898
-1697
-1546
-494
359
978
1565
2679
3620
3822
4290
4618
5071
4877
4552
4208
3630
2633
1581
813
142
-906
-1550
-1793
-2021
-2338
-2587
-2296
-2380
-2364
-2523
-2412
-2541
-2717
-2640
-2322
-2006
-1834
-1338
-616
-248
61
682
1252
1447
1465
1616
1448
914
251
-173
-706
-1271
-1828
-1992
-2114
-2210
-2301
-2147
-1884
-1692
-736
107
956
1619
2774
3781
4077
4546
4793
5284
5092
4842
4470
3800
3083
1841
1068
188
-862
-1641
-2018
-2135
-2674
-2941
-2917
-2916
-2990
-3116
-3083
-3135
-3130
-3042
-2684
-2273
-2040
-1668
-908
-330
134
709
1323
1607
1658
1661
1353
896
232
-295
-897
-1529
-2123
-2511
-2574
-2656
-2782
-2480
-2099
-1714
-762
96
865
1500
2716
3666
4172
4770
5237
5622
5438
5266
4711
3999
3160
2104
1291
428
-672
-1571
-2101
-2344
-2911
-3127
-3132
-3171
-3129
-3206
-3015
-3104
-3055
-2981
-2729
-2299
-2014
-1507
-704
-25
424
973
1692
1987
2096
2158
1862
1319
638
69
-651
-1381
-1920
-2388
-2607
-2703
-2888
-2546
-2313
-1718
-766
163
946
1583
2933
3699
4308
4771
5259
5571
5325
5164
4512
3866
2938
1878
1141
240
-765
-1605
-2080
-2349
-2931
-3122
-3139
-3205
-3278
-3375
-3233
-3361
-3338
-3206
-2900
-2444
-2142
-1518
-746
-76
510
1101
1759
2045
2236
2267
1971
1430
744
-3
-833
-1525
-2175
-2651
-2795
-2971
-3030
-2804
-2433
-1465
-570
360
1253
2316
3416
4004
4593
5017
5408
5314
5115
4737
4013
3282
2397
1616
851
-39
-758
-1343
-1748
-2261
-2752
-2982
-3135
-3218
-3471
-3472
-3542
-3560
-3464
-3226
-2889
-2491
-1890
-1231
-541
86
802
1449
1946
2271
2481
2360
1875
1279
614
-244
-1198
-1913
-2407
-2799
-2971
-2942
-2665
-2477
-1734
-640
262
1119
2116
3409
4031
4563
4905
5326
5335
5011
4659
4057
3396
2446
1658
977
136
-734
-1228
-1568
-1939
-2439
-2660
-2928
-3143
-3436
-3637
-3633
-3654
-3516
-3398
-3011
-2683
-2255
-1600
-901
-346
275
1068
1634
1914
2130
2077
1769
1225
602
-19
-878
-1562
-2205
-2509
-2772
-2973
-2745
-2487
-1805
-953
92
905
1740
3031
3851
4488
4840
5304
5507
5280
4960
4344
3741
2885
2034
1343
489
-271
-905
-1288
-1673
-2241
-2606
-2876
-2988
-3227
-3514
-3537
-3533
-3445
-3409
-3216
-2844
-2588
-1996
-1287
-636
-115
635
1362
1707
1993
1998
1854
1452
875
121
-775
-1613
-2315
-2731
-2820
-3013
-3024
-2890
-2212
-1132
-274
690
1726
3138
3914
4410
4847
5189
5392
5188
4987
4393
3713
2956
2241
1582
694
-44
-518
-853
-1295
-1927
-2191
-2601
-2887
-3169
-3375
-3649
-3805
-3532
-3422
-3230
-2992
-2444
-1799
-1041
-394
143
857
1442
1774
2052
2050
1717
1208
692
20
-959
-1833
-2428
-2809
-3068
-3239
-3100
-2895
-2218
-1166
-261
625
1574
3046
3891
4448
4776
5257
5484
5132
4798
4212
3574
2724
2061
1470
722
-170
-587
-820
-1242
-1897
-2284
-2534
-2889
-3160
-3465
-3678
-3800
-3731
-3525
-3186
-2830
-2341
-1613
-763
-130
511
1182
1752
2057
2208
2176
1768
1272
691
61
-820
-1759
-2372
-2779
-2897
-3088
-3107
-2750
-2172
-1101
-252
721
1719
3054
4041
4533
4926
5176
5393
5102
4730
4114
3462
2714
1958
1261
484
-305
-738
-1026
-1287
-1873
-2305
-2645
-2918
-3209
-3597
-3734
-3829
-3672
-3478
-3152
-2786
-2355
-1704
-954
-306
349
988
1519
1813
2039
1961
1667
1253
720
43
-799
-1558
-2234
-2705
-2927
-3139
-3126
-2867
-2013
-966
-215
772
1815
3202
3898
4559
4969
5353
5490
5127
4667
3938
3213
2265
1611
901
44
-646
-864
-1139
-1489
-1960
-2286
-2602
-2851
-3125
-3386
-3642
-3735
-3686
-3550
-3297
-3022
-2390
-1564
-758
-130
690
1330
1868
2190
2451
2385
1962
1515
919
202
-760
-1590
-2206
-2587
-2807
-3018
-2977
-2633
-1771
-846
-2
997
2145
3355
3996
4665
5075
5434
5345
5019
4488
3660
2879
1922
1253
459
-307
-949
-1185
-1384
-1813
-2188
-2408
-2685
-2994
-3278
-3529
-3741
-3801
-3657
-3413
-3106
-2702
-2063
-1310
-602
-7
726
1445
1910
2249
2407
2330
1970
1486
924
157
-637
-1354
-2010
-2378
-2690
-2983
-2907
-2500
-1562
-778
203
1199
2435
3539
4150
4792
5082
5423
5232
4834
4192
3418
2584
1682
979
258
-588
-1087
-1338
-1580
-2045
-2380
-2536
-2771
-3002
-3359
-3521
-3678
-3620
-3516
-3292
-2971
-2536
-1884
-1150
-463
139
817
1497
1960
2273
2399
2302
2024
1537
896
113
-735
-1437
-2041
-2431
-2725
-2871
-2830
-2490
-1556
-821
102
1018
2440
3486
4095
4665
4986
5388
5051
4770
4062
3380
2464
1547
870
-64
-870
-1400
-1611
-1886
-2357
-2509
-2643
-2828
-3065
-3386
-3471
-3685
-3520
-3432
-3205
-2844
-2368
-1651
-998
-327
240
1004
1674
2061
2389
2482
2314
2017
1578
933
170
-564
-1215
-1713
-2157
-2494
-2669
-2622
-2346
-1552
-831
76
999
2305
3405
4037
4597
4952
5472
5235
4998
4339
3721
2873
1963
1215
239
-607
-1211
-1467
-1870
-2329
-2664
-2852
-3029
-3229
-3480
-3621
-3680
-3613
-3505
-3303
-2969
-2398
-1717
-968
-346
229
893
1560
1990
2229
2436
2310
2060
1634
978
169
-587
-1196
-1772
-2297
-2599
-2818
-2798
-2555
-1847
-1040
-249
682
1784
2975
3587
4156
4618
5157
5182
4856
4436
3809
3018
2136
1434
527
-354
-1019
-1356
-1826
-2391
-2746
-2915
-3079
-3331
-3563
-3720
-3742
-3622
-3524
-3310
-2923
-2442
-1856
-1071
-436
137
895
1586
2105
2354
2524
2496
2250
1756
1097
378
-375
-986
-1454
-2036
-2379
-2637
-2545
-2472
-2083
-1227
-480
421
1252
2570
3277
3858
4394
4977
5304
5037
4773
4188
3528
2670
1838
940
33
-745
-1249
-1675
-2078
-2593
-2809
-3006
-3302
-3613
-3815
-3731
-3639
-3525
-3345
-3002
-2471
-1979
-1274
-523
-5
695
1362
2041
2253
2441
2510
2403
2091
1479
904
185
-511
-1163
-1703
-2203
-2568
-2617
-2580
-2447
-1808
-1020
-180
554
1785
2798
3458
4061
4664
5170
5050
4840
4406
3887
3121
2309
1513
623
-250
-957
-1471
-1915
-2490
-2816
-2932
-3148
-3449
-3722
-3756
-3738
-3620
-3489
-3115
-2604
-2204
-1571
-872
-297
217
1012
1782
2133
2354
2552
2641
2346
1880
1305
644
-88
-813
-1374
-1929
-2442
-2731
-2670
-2634
-2430
-1521
-748
126
873
2072
2961
3506
4116
4583
5079
4787
4578
4028
3516
2691
1762
1074
245
-545
-1188
-1591
-2050
-2622
-2912
-3129
-3359
-3646
-3870
-3725
-3688
-3545
-3398
-2962
-2473
-2069
-1427
-704
-96
446
1202
1879
2119
2387
2547
2549
2245
1778
1283
602
-121
-882
-1378
-1929
-2364
-2557
-2495
-2532
-2183
-1303
-522
267
1086
2358
3100
3749
4256
4776
5030
4868
4633
4086
3569
2577
1696
865
54
-759
-1344
-1741
-2240
-2708
-2944
-3111
-3306
-3570
-3708
-3645
-3524
-3426
-3209
-2790
-2445
-1968
-1351
-664
-131
463
1235
1872
2281
2586
2749
2656
2376
1979
1343
598
-156
-897
-1465
-2059
-2459
-2597
-2485
-2454
-2030
-1103
-444
391
1251
2511
3231
3841
4365
4854
5133
4856
4602
4050
3455
2499
1690
937
83
-752
-1325
-1773
-2252
-2764
-2945
-3114
-3291
-3565
-3665
-3519
-3492
-3404
-3267
-2872
-2538
-2061
-1400
-698
-178
409
1156
1719
2100
2393
2628
2595
2306
1787
1183
470
-309
-1001
-1544
-2100
-2558
-2787
-2753
-2722
-2381
-1538
-780
69
864
2165
3014
3666
4189
4689
4967
4690
4504
4032
3483
2572
1810
1054
171
-690
-1336
-1729
-2188
-2674
-2882
-3016
-3202
-3433
-3408
-3284
-3254
-3211
-2951
-2552
-2266
-1908
-1285
-624
-164
440
1222
1889
2224
2538
2818
2766
2404
1917
1421
692
-97
-830
-1489
-2092
-2642
-2786
-2799
-2771
-2543
-1730
-907
-128
608
1745
2773
3339
3865
4314
4772
4607
4470
4029
3560
2716
1854
1140
348
-611
-1367
-1740
-2195
-2769
-3034
-3074
-3247
-3372
-3325
-3121
-3201
-3060
-2875
-2563
-2283
-1905
-1243
-610
-113
442
1279
1900
2256
2649
2983
2921
2609
2251
1753
1052
271
-399
-993
-1616
-2226
-2472
-2541
-2492
-2550
-1828
-943
-348
362
1385
2693
3114
3784
4241
4847
4845
4659
4438
3915
3111
2096
1441
646
-329
-1193
-1582
-2053
-2620
-3054
-3074
-3239
-3385
-3446
-3271
-3209
-3174
-2984
-2718
-2505
-2287
-1855
-1221
-720
-249
491
1194
1672
2003
2409
2539
2397
2092
1712
1139
352
-408
-1112
-1675
-2282
-2659
-2751
-2790
-2799
-2577
-1608
-957
-206
721
2031
2858
3350
4021
4431
4743
4543
4580
4147
3539
2621
1835
1097
135
-800
-1308
-1688
-2225
-2681
-2723
-2742
-2894
-2966
-2870
-2743
-2843
-2694
-2462
-2218
-2126
-1816
-1269
-706
-290
265
1107
1692
2043
2490
2791
2678
2300
1991
1525
727
-88
-770
-1398
-2099
-2657
-2776
-2801
-2756
-2653
-2039
-1142
-624
111
1013
2226
2810
3412
4018
4452
4629
4401
4352
3819
3141
2338
1726
941
5
-684
-1094
-1532
-2010
-2314
-2339
-2456
-2567
-2558
-2514
-2573
-2615
-2395
-2193
-2067
-1886
-1347
-763
-390
5
629
1376
1748
2173
2552
2645
2408
2073
1745
1055
300
-388
-987
-1640
-2257
-2687
-2773
-2826
-2824
-2683
-1883
-1295
-731
101
1033
1969
2398
3212
3609
4124
4095
4083
3857
3254
2581
1823
1214
259
-466
-1005
-1377
-1790
-2098
-2191
-2227
-2344
-2420
-2384
-2403
-2502
-2430
-2266
-2138
-2126
-1844
-1325
-836
-462
184
973
1543
1922
2305
2554
2481
2150
1796
1271
540
-194
-783
-1364
-2012
-2495
-2742
-2731
-2736
-2582
-2344
-1544
-944
-302
399
1293
2116
2619
3297
3646
4064
3980
4017
3702
3139
2432
1818
1196
423
-233
-715
-1111
-1450
-1644
-1787
-1884
-2015
-2043
-2138
-2201
-2299
-2243
-2138
-2010
-1832
-1526
-1048
-492
-57
531
1171
1686
2035
2355
2481
2324
2063
1581
1034
344
-300
-916
-1443
-1987
-2398
-2621
-2606
-2588
-2474
-2198
-1512
-904
-318
423
1192
2041
2466
3086
3319
3771
3767
3739
3511
3051
2528
1909
1467
763
123
-357
-680
-1036
-1404
-1613
-1758
-1967
-2078
-2198
-2273
-2416
-2392
-2299
-2108
-1901
-1551
-1020
-454
-31
389
939
1382
1619
1818
1998
1911
1645
1262
796
203
-454
-949
-1349
-1828
-2227
-2417
-2495
-2468
-2369
-2232
-1772
-1113
-529
161
793
1639
2104
2708
3048
3445
3705
3725
3686
3241
2901
2264
1741
1102
548
87
-390
-706
-1040
-1377
-1693
-1934
-2099
-2266
-2330
-2384
-2312
-2257
-2199
-2017
-1720
-1331
-869
-370
24
463
837
1131
1348
1559
1523
1304
1073
710
214
-321
-785
-1341
-1797
-2169
-2307
-2383
-2431
-2323
-2209
-2019
-1525
-911
-307
257
899
1643
2183
2687
3031
3602
3868
3927
3848
3577
3196
2593
2161
1506
854
254
-138
-440
-806
-1137
-1401
-1563
-1784
-1905
-1922
-1900
-1835
-1727
-1558
-1454
-1205
-898
-515
-113
126
496
762
1067
1216
1352
1362
1176
997
650
300
-239
-787
-1249
-1662
-1970
-2233
-2426
-2463
-2460
-2404
-2242
-1658
-1120
-550
92
865
1591
2116
2758
3116
3588
3722
3858
3742
3443
2986
2432
1896
1202
550
25
-347
-764
-1102
-1348
-1548
-1738
-1852
-1910
-1945
-1982
-1987
-1871
-1776
-1659
-1505
-1229
-901
-623
-336
135
594
897
1189
1444
1475
1275
1060
708
279
-316
-793
-1237
-1681
-2112
-2295
-2391
-2465
-2470
-2272
-2113
-1555
-981
-471
119
763
1622
2136
2849
3116
3762
4018
4107
3980
3663
3312
2654
2132
1467
905
298
-148
-495
-873
-1269
-1494
-1680
-1776
-1952
-2070
-2215
-2282
-2288
-2305
-2153
-1981
-1658
-1299
-887
-536
-113
371
773
1133
1325
1469
1357
1152
806
455
-110
-670
-1166
-1587
-1882
-2156
-2319
-2408
-2373
-2272
-2221
-1782
-1078
-593
104
805
1750
2329
2948
3395
3875
4200
4196
4275
3989
3616
3005
2547
1935
1286
670
201
-193
-582
-935
-1189
-1400
-1698
-1959
-2164
-2370
-2560
-2649
-2575
-2481
-2372
-2088
-1642
-1207
-758
-191
403
819
1191
1453
1550
1392
1178
858
480
-55
-658
-1156
-1631
-2029
-2380
-2435
-2516
-2482
-2358
-2097
-1872
-1475
-780
-199
545
1139
2034
2638
3248
3617
4077
4405
4337
4298
4028
3715
3042
2523
1920
1292
659
166
-259
-695
-1195
-1618
-1942
-2270
-2542
-2689
-2761
-2851
-2854
-2738
-2534
-2311
-1995
-1474
-910
-533
-62
428
845
1143
1336
1405
1339
1049
619
168
-389
-1047
-1555
-1883
-2214
-2489
-2507
-2404
-2361
-2182
-1943
-1581
-1364
-640
-89
694
1281
2121
2791
3277
3753
4046
4510
4388
4423
4034
3699
3063
2474
1872
1233
621
-32
-558
-1064
-1511
-1932
-2214
-2436
-2573
-2665
-2709
-2639
-2538
-2412
-2195
-1943
-1601
-1156
-620
-207
204
617
952
1223
1290
1328
1162
936
558
159
-339
-875
-1327
-1696
-1988
-2156
-2225
-2116
-2075
-1870
-1659
-1300
-1064
-429
185
784
1501
2067
2900
3235
3798
3944
4386
4390
4314
4114
3646
3095
2345
1708
941
255
-419
-922
-1383
-1770
-2160
-2308
-2455
-2518
-2603
-2604
-2561
-2487
-2364
-2189
-1902
-1675
-1308
-854
-379
12
482
802
1056
1171
1184
1087
867
587
152
-292
-856
-1371
-1796
-2037
-2197
-2241
-2133
-1922
-1717
-1463
-1227
-908
-586
105
632
1307
1875
2516
3085
3460
3834
3951
4276
4074
3971
3553
3025
2310
1616
934
218
-391
-906
-1215
-1489
-1803
-2095
-2227
-2349
-2401
-2449
-2413
-2388
-2287
-2123
-1869
-1669
-1411
-1007
-531
-183
209
617
875
1052
1129
1053
837
536
169
-183
-537
-1016
-1391
-1581
-1699
-1771
-1790
-1658
-1461
-1341
-1099
-819
-639
-419
222
727
1318
1839
2435
3026
3356
3655
3732
3980
3748
3550
3149
2602
1874
1121
600
-60
-572
-1015
-1199
-1393
-1632
-1818
-1895
-1989
-2075
-2014
-1970
-1961
-1959
-1834
-1583
-1410
-1185
-777
-327
-5
266
656
837
1013
1049
1007
872
549
216
-92
-409
-830
-1046
-1173
-1222
-1230
-1167
-1108
-966
-889
-762
-644
-460
-390
-122
448
725
1308
1723
2505
2944
3325
3433
3552
3619
3152
2863
2221
1608
833
320
-215
-674
-1026
-1219
-1325
-1415
-1607
-1675
-1766
-1856
-1883
-1917
-1928
-2039
-1946
-1828
-1575
-1379
-1051
-651
-310
-31
241
559
719
868
910
831
672
448
198
-35
-314
-552
-689
-754
-855
-951
-1044
-1055
-1110
-1104
-961
-893
-721
-562
-234
359
787
1388
1956
2535
2901
3116
3217
3075
3016
2531
2175
1635
1071
558
173
-137
-431
-558
-633
-718
-786
-875
-1035
-1238
-1508
-1669
-1879
-2052
-2198
-2166
-2035
-1787
-1466
-1072
-611
-204
152
512
812
988
1126
1200
1121
907
633
308
1
-346
-589
-855
-1007
-1172
-1239
-1280
-1282
-1171
-1039
-791
-588
-336
-121
-49
294
726
1060
1516
1867
2310
2464
2630
2483
2420
2275
1897
1704
1339
1067
713
562
327
161
-29
-274
-441
-624
-919
-1205
-1520
-1820
-1998
-2102
-2106
-2019
-1731
-1406
-970
-543
-104
301
601
821
1000
1027
899
857
744
503
242
-53
-353
-548
-722
-852
-888
-927
-927
-862
-863
-840
-807
-728
-675
-611
-558
-507
-406
-332
117
360
849
1150
1620
1992
2156
2291
2184
2291
1927
1824
1475
1137
779
438
161
-134
-388
-634
-765
-894
-1089
-1295
-1415
-1486
-1478
-1471
-1267
-1106
-890
-653
-380
-189
-6
184
274
320
337
312
286
253
213
176
113
33
-11
-14
-45
-125
-216
-281
-351
-487
-591
-647
-707
-737
-721
-736
-696
-704
-616
-593
-273
181
460
983
1270
1697
1832
1998
1899
1764
1646
1317
1180
811
440
178
-16
-168
-248
-317
-312
-382
-371
-525
-605
-756
-865
-828
-879
-814
-797
-709
-665
-558
-462
-368
-256
-200
-135
-32
-17
1
92
181
311
375
467
510
513
334
193
34
-199
-362
-533
-692
-798
-878
-871
-861
-790
-742
-558
-426
-346
-320
-82
164
339
681
948
1167
1263
1341
1258
1309
1182
1080
1049
955
816
766
745
694
690
639
542
445
308
79
-140
-418
-659
-853
-1033
-1136
-1126
-1091
-976
-845
-765
-626
-565
-468
-327
-91
46
250
463
615
689
628
464
313
121
-104
-269
-468
-650
-797
-856
-904
-905
-937
-903
-930
-1022
-1077
-1150
-1223
-1228
-1256
-926
-637
-300
156
665
1147
1365
1605
1607
1736
1757
1686
1730
1669
1642
1621
1600
1519
1371
1241
998
730
401
26
-317
-655
-876
-987
-1071
-1117
-1051
-1009
-951
-849
-743
-597
-495
-409
-269
-78
68
230
458
542
560
493
339
126
-73
-325
-531
-671
-781
-882
-982
-1063
-1158
-1281
-1428
-1556
-1669
-1796
-1884
-1778
-1672
-1403
-1257
-773
-206
300
890
1374
1891
2056
2293
2211
2318
2360
2293
2370
2348
2274
2099
1963
1674
1400
1016
692
374
127
-187
-403
-553
-709
-846
-945
-963
-1033
-1023
-1051
-1000
-1019
-935
-805
-663
-502
-190
55
226
385
450
455
302
112
-158
-327
-567
-763
-957
-1171
-1337
-1481
-1639
-1702
-1778
-1832
-1848
-1767
-1651
-1487
-1257
-961
-674
-412
-78
450
941
1292
1753
2147
2441
2579
2670
2673
2748
2640
2567
2474
2321
2051
1803
1513
1183
874
493
249
-29
-294
-628
-815
-1032
-1159
-1275
-1383
-1401
-1473
-1411
-1277
-1106
-963
-747
-599
-486
-345
-180
-123
-91
-43
-71
-155
-348
-548
-752
-956
-1109
-1162
-1239
-1319
-1385
-1408
-1458
-1470
-1455
-1351
-1207
-1041
-823
-618
-427
-237
-4
222
378
699
1204
1574
2018
2425
2811
2958
2986
2881
2705
2527
2153
1937
1709
1398
1138
945
712
474
239
68
-134
-366
-611
-838
-982
-1106
-1092
-1131
-1096
-1037
-1048
-1006
-969
-959
-981
-940
-920
-914
-845
-736
-563
-334
-197
-89
-89
-206
-390
-564
-751
-846
-873
-916
-904
-872
-818
-764
-693
-635
-510
-441
-306
-161
39
223
393
558
609
746
831
1217
1450
1752
1977
2122
2136
1980
1874
1636
1601
1409
1294
1122
989
795
639
444
306
168
58
-96
-256
-437
-700
-795
-987
-1092
-1190
-1240
-1328
-1369
-1392
-1414
-1360
-1251
-1172
-1010
-848
-696
-457
-331
-180
-119
-144
-230
-293
-449
-585
-602
-632
-570
-490
-456
-407
-357
-320
-207
-234
-267
-260
-219
-188
-108
15
95
241
340
408
492
465
695
957
1135
1309
1455
1623
1587
1579
1480
1477
1368
1266
1196
1124
954
863
721
588
438
206
67
-163
-267
-553
-613
-764
-961
-1041
-1150
-1188
-1273
-1267
-1247
-1171
-1058
-992
-846
-754
-715
-552
-446
-347
-282
-227
-153
-97
-93
-56
-10
38
77
88
70
4
-4
-97
-163
-283
-352
-347
-347
-336
-284
-160
-111
-69
-27
50
85
171
227
392
750
926
1286
1477
1654
1608
1528
1406
1317
1265
1143
1189
1108
1043
965
930
750
676
436
263
36
-263
-496
-735
-934
-1201
-1318
-1497
-1552
-1593
-1633
-1564
-1478
-1355
-1130
-929
-757
-565
-373
-154
-25
185
273
312
252
196
111
-8
-75
-120
-104
-127
-148
-193
-278
-400
-474
-541
-555
-564
-573
-553
-481
-421
-356
-230
-111
30
134
217
301
419
754
1000
1268
1540
1735
1808
1784
1654
1492
1420
1207
1060
861
738
527
337
145
-49
-209
-393
-502
-602
-660
-769
-821
-886
-915
-949
-979
-970
-972
-928
-906
-846
-740
-649
-563
-403
-255
-174
-76
97
228
283
240
192
151
68
13
-13
-30
-74
-121
-186
-250
-371
-440
-422
-399
-307
-213
-136
-84
-10
34
57
107
211
283
302
276
254
245
355
522
654
915
1026
1122
1051
974
952
883
862
846
896
949
912
777
625
437
248
50
-62
-208
-336
-436
-583
-724
-882
-977
-1072
-1076
-1033
-986
-909
-856
-742
-574
-445
-393
-314
-216
70
38
196
491
578
620
552
482
463
439
237
218
247
-6
-218
-354
-610
-794
-1010
-1039
-1046
-976
-956
-1004
-930
-836
-833
-750
-540
-359
-125
62
127
262
418
595
766
969
1014
1119
1112
1022
1042
922
971
966
997
946
898
845
653
487
259
108
-40
-215
-325
-427
-480
-583
-688
-677
-656
-655
-580
-514
-345
-189
-37
88
204
318
349
387
419
399
363
293
204
97
-50
-155
-280
-344
-424
-510
-600
-680
-720
-813
-952
-1045
-1097
-1115
-1092
-1048
-942
-827
-733
-600
-459
-297
-178
-33
137
257
394
436
540
596
704
941
1102
1261
1299
1374
1393
1308
1208
1065
1035
1000
976
918
875
787
691
569
393
250
143
81
1
-54
-172
-233
-347
-425
-453
-467
-436
-432
-368
-343
-333
-363
-378
-351
-304
-253
-174
-118
-101
-135
-219
-345
-559
-674
-748
-756
-784
-799
-795
-810
-806
-812
-853
-873
-849
-766
-663
-568
-445
-335
-203
-115
-66
25
150
313
441
548
641
697
702
691
686
653
651
665
726
706
686
630
595
571
523
462
407
380
363
392
389
436
443
441
425
398
337
287
291
213
133
32
-70
-167
-223
-236
-275
-293
-293
-298
-267
-290
-420
-534
-583
-657
-789
-916
-777
-431
-280
-413
-567
-613
-772
-888
-689
-469
-133
127
89
-67
-288
-137
-17
38
186
260
250
57
-119
-12
-49
1
-48
57
74
85
159
165
247
142
201
33
9
80
55
174
302
285
259
423
489
485
561
558
543
536
530
484
464
465
414
367
259
192
147
43
19
-35
-35
-21
-55
-127
-160
-126
-102
-13
44
32
-12
-33
-123
-210
-196
-230
-235
-215
-252
-288
-296
-331
-331
-281
-272
-286
-271
-230
-235
-212
-159
-193
-224
-245
-287
-279
-252
-217
-197
-145
-42
43
129
211
260
277
258
268
277
235
218
220
244
263
278
285
275
259
248
244
225
242
261
227
201
151
93
89
97
88
55
25
-48
-144
-199
-288
-358
-388
-443
-410
-384
-414
-374
-334
-344
-357
-383
-393
-412
-411
-386
-405
-413
-388
-295
-234
-122
26
113
184
239
269
277
299
324
350
349
322
313
325
291
291
254
174
123
82
39
4
25
61
149
193
231
280
239
190
147
58
-42
-37
-15
-5
64
104
110
88
91
75
24
-19
-2
-25
-65
-63
-65
-105
-151
-218
-310
-370
-426
-462
-458
-460
-457
-460
-452
-393
-231
-98
-8
130
256
309
332
359
379
378
383
419
436
417
421
443
415
453
438
377
379
293
184
74
37
-21
-131
-135
-162
-167
-208
-228
-238
-291
-309
-296
-282
-266
-188
-134
-76
-24
1
63
90
98
129
108
30
-28
-87
-115
-91
-70
-93
-102
-126
-201
-255
-294
-298
-300
-306
-262
-217
-178
57
433
677
468
-101
-711
-998
-931
-597
20
624
855
545
8
-336
-258
222
737
989
975
685
259
-175
-450
-404
-229
-12
173
244
77
-149
-317
-503
-574
-549
-335
-85
55
13
-8
8
-71
-181
-232
-203
-69
203
428
614
595
465
56
-205
-173
-15
163
256
440
221
43
-217
-303
-425
-458
-290
97
359
146
95
182
237
9
-239
-245
197
584
723
746
786
658
434
184
16
49
219
536
619
352
-152
-245
-152
-328
-508
-704
-893
-628
-275
-379
-436
-252
-265
-506
-682
-918
-531
-100
-60
-42
-109
-82
39
-61
-241
-217
-219
-146
1
4
-41
148
255
206
-84
-511
-434
-72
172
24
7
163
164
72
-13
-5
105
348
453
398
352
468
628
717
359
198
284
355
463
595
611
586
447
172
-8
-120
-17
56
-63
-200
-217
-407
-429
-248
-256
-339
-510
-727
-830
-655
-441
-212
-24
-77
-382
-449
-397
-269
-113
-98
-23
-68
-207
-378
-173
125
228
165
63
0
-73
-113
27
245
331
214
-97
-114
49
283
483
605
579
384
219
79
123
322
475
482
474
540
448
230
227
237
275
279
254
231
160
125
92
109
108
33
-126
-261
-208
-228
-261
-261
-186
-287
-504
-575
-441
-345
-343
-223
-163
-170
-346
-536
-617
-515
-240
-66
-113
-182
-144
-152
-226
-141
-86
64
407
463
343
143
-35
-153
-96
67
300
415
377
223
9
-148
-98
153
211
224
271
344
186
17
-48
-3
89
132
102
254
400
308
137
55
-26
-165
-173
-76
144
207
204
109
-4
-152
-174
-132
-85
-90
-111
-175
-242
-181
-221
-167
-101
-237
-325
-365
-301
-115
-8
-88
-217
-244
-304
-214
-93
-41
-4
-104
-190
-199
-140
-123
-84
-103
-98
-78
38
162
167
89
79
141
115
244
296
353
238
178
77
83
96
128
23
-43
70
106
248
275
197
12
-69
-112
12
78
62
62
-68
-97
27
104
106
24
-105
-93
93
280
423
422
281
84
-50
-29
68
153
49
-85
-175
-133
-46
47
42
-133
-335
-483
-409
-264
-134
-207
-363
-507
-476
-325
-129
93
117
-7
-177
-175
38
278
362
291
214
215
221
284
395
385
255
126
15
91
251
362
340
176
-29
-139
-93
-30
4
-8
-73
-142
-83
-26
-2
28
-13
-57
8
164
237
203
183
98
-28
-76
-69
50
145
191
167
41
-166
-314
-287
-276
-245
-255
-255
-301
-353
-372
-372
-428
-435
-392
-365
-276
-200
-181
-182
-158
-204
-142
-29
87
152
204
238
250
248
192
141
110
158
257
315
308
259
167
113
33
-27
-37
40
118
135
104
7
-36
9
98
95
94
98
66
38
69
101
132
134
53
-10
30
129
179
170
135
136
95
40
14
-20
-88
-130
-127
-117
-109
-136
-167
-201
-210
-135
-66
-88
-200
-289
-348
-313
-217
-121
-71
-64
-127
-185
-184
-95
30
166
241
187
97
59
24
-45
-51
-11
101
141
92
39
-17
-75
-71
-34
46
157
181
88
-29
-102
-125
-21
159
248
209
123
24
-48
-30
17
94
208
264
246
142
51
-7
-39
34
157
279
307
261
135
-19
-92
-51
9
50
146
191
92
35
65
88
-3
-48
15
42
28
-18
-76
-148
-212
-243
-195
-107
-29
-18
-58
-142
-208
-295
-329
-296
-197
-62
11
-11
-126
-275
-360
-341
-283
-225
-170
-106
-112
-115
-100
-152
-238
-231
-159
-49
97
158
112
-10
-107
-137
-70
29
117
179
190
195
198
210
208
158
158
214
261
340
437
452
376
289
214
200
253
325
375
336
286
210
136
53
-28
-50
-109
-103
-56
-1
7
-55
-168
-285
-359
-354
-332
-295
-289
-356
-356
-343
-296
-277
-286
-300
-315
-319
-290
-199
-193
-171
-135
-116
-107
-92
-98
-98
-71
-52
-19
34
58
46
83
109
142
189
261
312
331
337
316
297
274
275
333
373
400
449
460
453
434
406
407
405
352
297
242
196
141
74
48
1
-71
-94
-88
-90
-127
-228
-320
-388
-391
-340
-270
-234
-262
-365
-452
-485
-484
-401
-347
-298
-267
-241
-243
-255
-252
-260
-230
-179
-99
-40
-9
-38
-88
-98
-96
-40
53
95
80
84
95
145
230
283
315
334
335
336
333
327
314
303
306
350
391
382
364
297
199
154
119
92
107
117
35
-13
-9
8
-1
-45
-73
-151
-216
-237
-210
-183
-207
-249
-290
-325
-316
-268
-248
-287
-303
-326
-365
-340
-281
-265
-221
-221
-251
-259
-249
-242
-242
-252
-238
-165
-94
-64
-7
50
77
127
151
185
191
191
262
330
373
386
396
405
392
375
367
370
366
360
324
292
274
251
245
185
149
115
92
107
89
29
-48
-61
-74
-120
-141
-168
-175
-125
-64
-73
-99
-121
-169
-196
-178
-139
-124
-122
-120
-156
-191
-212
-226
-219
-198
-178
-161
-160
-178
-192
-184
-166
-151
-95
-31
7
33
40
29
37
74
123
191
220
202
154
133
158
164
181
213
234
268
269
246
221
162
131
137
169
166
126
67
12
-27
-63
-88
-124
-137
-134
-129
-81
-74
-63
-57
-82
-64
-52
-67
-103
-105
-109
-128
-127
-89
-81
-99
-110
-120
-123
-125
-108
-97
-125
-177
-213
-209
-176
-171
-144
-134
-157
-165
-142
-101
-84
-44
-11
15
43
54
69
94
91
111
142
180
217
214
185
184
189
195
212
204
202
171
167
184
196
181
126
87
80
52
56
57
-1
-27
-51
-72
-73
-66
-51
-80
-87
-72
-37
-33
-16
-26
-72
-71
-60
-34
-25
-18
-47
-101
-134
-120
-113
-93
-75
-35
-19
-37
-19
-35
-73
-68
-68
-49
-12
7
11
18
2
1
66
111
109
113
93
46
45
72
120
194
231
224
205
166
146
131
99
78
86
77
44
17
-4
-12
-6
-4
0
-26
-59
-98
-143
-176
-177
-157
-150
-156
-157
-160
-146
-143
-143
-139
-136
-129
-127
-113
-106
-81
-52
-27
-19
-2
-2
-3
-2
0
8
0
0
-29
-72
-103
-102
-64
-23
17
57
92
121
121
105
64
31
34
45
43
59
72
52
52
85
134
161
192
207
199
178
141
87
69
47
28
24
9
9
-20
-40
-51
-63
-92
-87
-96
-133
-117
-116
-135
-144
-149
-165
-176
-146
-111
-91
-64
-45
-55
-50
-12
-2
14
39
40
17
-23
-58
-85
-55
16
35
39
-5
-56
-39
7
14
29
74
85
65
50
57
63
81
133
182
199
207
192
200
214
209
215
205
185
182
133
102
102
59
36
9
-42
-61
-43
-40
-47
-50
-54
-41
-78
-93
-101
-112
-117
-110
-87
-89
-64
-33
-13
-14
-18
-30
-54
-82
-107
-89
-57
-39
-37
-47
-57
-72
-75
-83
-75
-75
-91
-64
-33
-25
-23
-18
-39
-32
4
37
64
83
88
38
-4
-26
-27
0
60
102
85
61
1
-32
-58
-57
-50
-67
-47
-39
-32
-44
-70
-102
-152
-162
-97
-44
-17
21
2
-52
-42
-36
-17
44
103
110
96
97
41
4
4
14
27
21
19
-7
-24
-25
-13
27
35
15
20
23
-20
-38
-41
-51
-33
19
61
62
78
78
75
69
65
61
35
16
23
57
68
53
21
-8
-22
-20
-27
-39
-45
-37
-31
-20
2
1
-10
-42
-47
-34
-32
-3
35
52
69
80
97
101
99
92
82
85
84
100
106
94
82
53
43
22
21
22
19
15
17
29
3
0
-2
-4
-5
-10
-14
-13
-9
0
6
32
51
34
29
42
21
6
-29
-40
-35
-43
-27
-33
-50
-67
-83
-111
-116
-105
-79
-66
-63
-75
-94
-106
-119
-125
-123
-115
-99
-73
-49
-32
-65
-110
-95
-63
-48
-15
-8
-16
-13
-6
5
16
5
-20
-15
-14
-14
0
-11
-21
-15
-15
16
36
39
50
31
11
5
-3
13
53
92
110
101
89
56
43
63
78
86
111
117
83
61
32
12
-14
-28
-10
-24
-44
-68
-102
-102
-122
-143
-118
-81
-31
-13
-35
-67
-94
-111
-100
-73
-45
-31
-38
-41
-36
-26
-1
18
28
37
46
19
24
42
27
37
59
99
137
162
148
106
71
73
68
78
133
161
161
148
129
79
26
15
47
81
137
157
108
62
14
14
57
89
89
87
64
8
-5
-34
-54
-76
-83
-77
-55
-28
-39
-39
-78
-92
-89
-92
-76
-43
-44
-59
-75
-99
-98
-67
-60
-28
-8
-28
-23
-20
-25
-23
-7
12
36
49
51
48
14
9
49
52
58
45
-5
-47
-80
-75
-63
-33
8
24
38
40
17
-30
-60
-68
-50
-30
-17
-25
-37
-63
-119
-138
-140
-137
-111
-75
-65
-55
-47
-67
-71
-78
-89
-75
-66
-52
-52
-67
-81
-105
-110
-87
-32
3
24
24
6
3
-1
15
46
86
110
138
113
91
68
25
26
54
62
70
81
64
43
21
18
32
59
55
77
98
101
103
95
82
74
60
48
43
37
22
15
34
42
55
82
55
26
27
21
9
1
-7
-29
-45
-41
-49
-59
-34
-15
5
16
21
16
20
12
3
2
17
46
35
40
40
21
-5
-15
-4
12
39
55
49
27
7
-4
-21
-27
-5
-4
-6
-5
-7
-7
-17
-7
27
24
14
27
15
12
8
-9
1
4
5
15
20
26
19
-7
-17
-11
-25
-35
-42
-64
-47
-42
-40
-60
-94
-124
-121
-103
-86
-51
-38
-31
-64
-75
-81
-101
-95
-84
-78
-78
-57
-32
-6
-21
-35
-33
-27
-20
10
3
-36
-44
-64
-66
-51
-7
21
37
20
-27
-46
-47
-45
-41
-11
13
-2
10
