SAMPLES:	8068
BITSPERSAMPLE:	16
CHANNELS:	1
SAMPLERATE:	16000
NORMALIZED:	FALSE
15
-7
3
15
10
15
28
-5
40
-13
-4
2
-17
28
-16
84
14
53
27
31
39
27
37
17
41
-8
70
-10
35
8
14
33
2
42
13
51
23
4
18
23
21
31
8
21
22
13
32
11
28
2
-4
57
-19
34
7
15
27
-22
30
-11
9
20
-34
22
-37
-20
-28
-12
-20
22
-7
-9
9
-48
-3
-76
22
-29
-13
-3
-48
-42
-60
-61
-41
-40
-22
-21
-21
-29
-45
-83
-28
-62
-33
-45
-23
-32
-18
-32
-22
-15
-22
15
-38
3
-30
-13
-23
-16
-41
-4
-27
-17
8
-36
33
-23
17
-3
-4
19
-10
26
-2
29
20
39
21
11
2
9
23
18
27
35
66
-10
37
-20
-10
10
1
45
18
34
21
6
26
-4
-12
40
3
57
21
49
43
8
16
10
32
-3
49
14
36
13
32
31
-5
36
-15
63
-21
50
27
15
24
-51
23
-30
16
-3
17
10
20
-13
10
13
1
6
-24
-9
4
-6
-13
13
-42
-11
-27
-28
-26
-3
-1
-28
24
-28
-22
-45
-46
-11
-41
17
-24
11
-8
-46
17
-35
-48
7
-32
8
-15
2
24
-20
2
-29
-28
-42
-9
-31
16
-32
12
-17
-19
-14
-10
-21
6
9
-7
-3
20
6
-10
-2
-5
14
-17
25
-15
-20
13
-35
10
-19
28
2
20
1
12
-7
-19
-8
-30
55
-46
65
-6
24
34
-48
39
-8
31
12
-5
28
-8
17
-16
-1
9
24
2
37
7
13
-4
-13
-2
-26
5
1
9
9
16
13
69
-24
64
-15
45
-65
41
9
-28
56
-51
33
-71
38
-25
-7
73
-44
30
-34
7
-37
-34
38
-4
40
18
6
-26
41
-43
-3
-13
-1
13
-3
42
-47
33
13
-5
-28
22
-18
6
12
-9
3
-13
20
-58
16
-4
35
9
27
6
13
39
-51
35
-31
40
-18
10
-11
14
-25
-12
-1
-26
50
-51
56
-62
34
-29
-30
19
-20
24
1
4
-3
-20
10
2
-6
-10
8
-28
38
-45
31
-2
-2
8
-43
9
-26
-2
16
-34
4
-12
-33
26
-76
48
-49
0
-7
-42
27
-46
20
-22
-8
6
-55
-10
-8
-34
-13
-4
-1
27
-39
-1
-22
14
2
-77
19
-40
4
-29
13
2
26
-14
19
29
1
29
-14
41
30
15
33
8
14
26
1
6
27
-7
43
30
19
51
21
20
12
0
3
16
0
48
11
28
26
19
69
-2
9
68
-36
39
24
-42
64
-79
55
-28
27
21
-13
-17
-28
-12
-44
-20
27
13
-35
19
-5
-10
-8
-24
-45
-9
17
-28
-3
24
-26
51
-41
-3
-17
-2
-38
-17
25
-33
9
1
-18
-8
-30
18
-43
37
-17
33
5
-74
63
-79
29
-47
14
53
-48
60
-38
-32
19
-86
-1
-15
-34
28
-42
12
-47
-36
-6
10
-44
25
-59
-2
-34
-24
29
-59
62
7
8
14
-58
6
-40
0
12
2
39
-11
24
-24
-13
11
3
15
2
9
16
-39
14
6
-14
48
14
51
-5
-24
47
-59
68
-48
68
-31
28
-6
4
23
5
78
-41
59
-52
30
-39
10
-44
15
80
-65
137
-90
124
-23
-11
66
-71
127
-62
34
43
-23
24
56
-11
70
2
40
-21
-12
13
1
57
-33
12
0
2
1
-39
23
-35
-13
19
5
17
21
-29
35
-62
48
5
-45
54
-53
31
-50
2
-5
-7
55
-22
31
-12
31
-56
-6
34
-33
19
4
-9
20
-96
14
-41
22
6
-74
92
-50
-13
4
-15
31
-24
37
-34
-25
36
-36
-7
-9
17
22
-43
-40
-15
-32
-37
-94
17
8
-4
39
-71
6
-57
-9
-45
-44
20
-29
21
-5
11
-32
-12
-34
-14
-23
26
33
-20
57
-84
12
-34
-78
-5
-30
19
-18
37
3
13
-27
-11
-34
-23
24
18
55
-15
1
-28
20
-33
6
-14
69
8
-15
61
-35
-2
-41
-10
34
43
12
55
-14
-8
-28
27
46
-75
86
-3
31
31
8
11
-45
27
0
-15
14
38
27
68
-36
45
47
-21
55
-25
58
26
11
48
-25
80
46
31
39
30
19
35
8
34
36
21
45
-5
21
-4
9
58
16
54
24
5
6
-1
-4
5
69
20
5
-45
7
-44
-20
8
-9
-25
16
-35
-25
-26
-55
57
-21
-37
17
-26
7
-50
-65
-3
-43
-16
-82
-18
41
-89
47
-21
2
7
-37
-27
-67
-26
-65
-65
32
-36
-9
10
-56
36
-106
21
-33
-35
42
-87
4
-9
-90
43
-123
1
-15
-88
41
-42
22
-16
-25
-41
-37
-36
-11
-85
-9
20
-33
34
-19
-22
22
-11
-10
-37
2
17
-3
2
63
-36
14
0
9
6
11
58
25
53
8
29
7
79
-25
70
49
-41
63
31
40
-10
42
56
1
36
75
3
42
24
21
69
-12
56
42
22
72
-41
27
34
-25
35
-5
2
-9
48
42
2
44
39
-15
78
18
-12
14
6
30
-7
19
-8
31
74
-37
-2
-7
-18
11
-22
25
35
0
1
-101
-8
-29
-42
33
-21
4
-34
-25
-23
-33
-36
-37
-15
26
-26
-20
-21
-50
-43
-52
3
1
3
-6
-30
-7
-31
-27
-1
17
8
34
8
-5
-26
-14
-39
-22
-20
-18
26
-25
25
11
-4
-17
-53
40
-42
-9
22
31
-21
-37
-63
-75
-33
-72
22
19
68
-27
-13
-13
-36
-26
-21
18
2
16
-47
2
-65
-46
-41
-39
-9
-32
3
-16
9
26
4
-33
38
-28
11
13
-37
23
-1
68
11
16
83
4
34
40
15
17
21
29
43
57
36
2
24
38
26
55
80
41
27
40
3
33
30
31
42
31
40
47
-74
0
-7
16
16
51
67
-1
84
1
-15
69
57
-26
6
29
12
1
33
-13
-22
8
-37
-15
21
24
0
25
45
-9
13
-13
-86
-28
8
-55
-42
-1
-16
-41
-23
-5
-60
-20
-66
-100
-20
-11
-56
-43
-23
-25
-49
-43
-82
-51
-34
-67
-57
-26
9
-1
22
-43
-10
-54
-43
12
-37
-12
-39
-20
-40
24
-1
2
60
60
18
15
43
-13
39
11
26
23
41
56
-18
20
-13
5
-3
51
24
17
7
-68
-47
-47
-36
-65
-4
-5
-41
-76
-23
-44
-67
-41
-56
9
-31
-6
-17
-45
-57
-77
-71
16
-15
12
66
48
23
-25
16
-1
-7
48
7
56
21
30
30
39
68
58
129
65
79
110
123
110
149
169
198
180
194
225
172
226
236
263
317
271
207
151
82
27
-10
-4
9
-17
-30
-45
-143
-185
-203
-199
-176
-168
-177
-223
-283
-317
-334
-339
-304
-313
-298
-297
-392
-349
-377
-356
-337
-307
-225
-195
-210
-235
-226
-267
-213
-148
-167
-108
-88
-96
-118
-61
82
206
397
553
774
932
969
1058
1051
907
798
653
541
369
281
272
218
227
181
213
209
246
296
285
288
100
-95
-124
-304
-484
-606
-669
-686
-784
-780
-768
-770
-706
-593
-440
-343
-393
-365
-359
-355
-510
-596
-622
-705
-766
-744
-773
-909
-871
-793
-633
-518
-237
-141
16
44
83
472
751
1002
1239
1644
1812
1785
1778
1763
1580
1467
1368
1200
1035
771
669
501
525
429
362
521
538
414
275
158
-65
-393
-491
-537
-740
-799
-778
-683
-692
-725
-716
-748
-700
-755
-732
-575
-615
-652
-506
-475
-568
-666
-741
-789
-926
-950
-1086
-1243
-1316
-1438
-1362
-1381
-1142
-979
-778
-389
-431
-282
292
923
1209
1547
2259
2732
2790
2962
2949
2756
2386
1903
1567
943
489
76
-140
-24
-106
-2
230
523
401
136
106
-323
-775
-978
-1049
-1250
-1506
-1399
-1327
-1200
-991
-772
-589
-358
-226
-249
-115
-224
-439
-552
-348
-512
-915
-860
-871
-1199
-1263
-1405
-1351
-1463
-1545
-1363
-1256
-975
-1035
-776
-431
-563
-315
507
1121
1499
2010
3010
3443
3420
3706
3531
3199
2745
2317
1635
887
395
-282
-488
-484
-660
-530
-101
180
37
10
8
-430
-841
-1023
-1316
-1714
-1789
-1706
-1616
-1264
-878
-540
-102
194
199
284
360
71
-169
-195
-440
-882
-1051
-1088
-1334
-1512
-1692
-1784
-1764
-1660
-1569
-1561
-1370
-1146
-1113
-918
-897
-386
610
1194
1809
2374
3471
3645
3692
4096
3809
3689
3282
3007
2180
1253
562
-351
-825
-1058
-1320
-1133
-632
-207
-210
-45
-78
-760
-950
-1057
-1489
-1823
-1675
-1485
-1491
-1154
-883
-569
-84
421
700
935
1030
599
395
206
-316
-985
-1357
-1463
-1919
-2128
-2213
-2437
-2591
-2369
-2091
-1924
-1541
-1316
-1071
-945
-374
596
1040
1603
2166
3316
3982
4074
4389
4395
4384
3887
3553
2760
1676
770
-116
-882
-1354
-1878
-1931
-1424
-887
-810
-649
-485
-841
-1025
-1182
-1538
-2025
-1907
-1535
-1439
-1211
-900
-547
-101
315
634
909
1113
944
728
606
149
-719
-1213
-1377
-1936
-2347
-2580
-2634
-2658
-2550
-2406
-2295
-1991
-1729
-1478
-733
515
1177
1732
2623
3668
4132
4222
4798
4776
4664
4432
4023
3279
2190
1213
231
-510
-1286
-2030
-2198
-1916
-1702
-1524
-1104
-850
-1130
-1199
-1192
-1637
-2167
-2193
-1919
-1815
-1645
-1301
-712
-91
328
794
1341
1695
1544
1475
1353
632
-380
-974
-1270
-2000
-2692
-2964
-3018
-3043
-3035
-2817
-2487
-2151
-1838
-1409
-194
900
1467
2168
3282
4300
4386
4843
5346
5344
5079
4801
4455
3423
2356
1373
524
-316
-1364
-2148
-2292
-2287
-2481
-2524
-2010
-1959
-2071
-1759
-1471
-1858
-2295
-2008
-1770
-1659
-1433
-881
-300
280
669
1045
1596
1812
1640
1769
1696
894
-146
-610
-1069
-2065
-2794
-3087
-3309
-3424
-3458
-3271
-3012
-2757
-2418
-1517
64
937
1688
2838
4364
4940
5022
5530
5495
5309
4872
4559
3778
2633
1630
767
37
-931
-2031
-2593
-2605
-2840
-3178
-3074
-2808
-2945
-2792
-2396
-2385
-2643
-2477
-2004
-1816
-1651
-1280
-632
124
747
1241
1816
2367
2387
2329
2349
1857
771
-60
-561
-1386
-2400
-2996
-3253
-3410
-3487
-3401
-3174
-2897
-2514
-1782
-383
710
1556
2631
4225
5298
5617
5963
6033
5946
5504
5025
4211
3061
1988
980
125
-747
-1829
-2488
-2713
-2888
-3271
-3501
-3384
-3411
-3243
-3004
-2913
-3038
-2929
-2548
-2192
-1940
-1571
-863
24
803
1386
2050
2661
2881
2937
2902
2335
1364
445
-144
-980
-1952
-2745
-3231
-3420
-3484
-3443
-3338
-2960
-2521
-1539
-243
775
1641
2791
4326
5217
5792
6216
6364
6288
6003
5415
4296
3138
1988
816
-74
-957
-2008
-2712
-3008
-3270
-3688
-3692
-3732
-3786
-3600
-3512
-3627
-3660
-3317
-3064
-2749
-2280
-1725
-1034
-85
735
1332
2096
2760
3030
3121
3059
2383
1375
547
-282
-1322
-2226
-2987
-3399
-3575
-3620
-3618
-3565
-3128
-2542
-1285
-88
923
1969
3424
4812
5302
5958
6281
6344
6245
5987
5332
4165
3163
2156
1144
225
-823
-1802
-2358
-2816
-3406
-3852
-3993
-4171
-4098
-3814
-3735
-3843
-3643
-3199
-2895
-2582
-2094
-1469
-710
158
861
1520
2147
2546
2821
3034
2830
2083
1307
607
-433
-1556
-2475
-3146
-3577
-3769
-3635
-3478
-3262
-2803
-1933
-688
186
1099
2375
3882
4765
5338
6028
6275
6352
6131
5834
4961
3924
3013
2018
1100
-42
-1087
-1770
-2195
-2742
-3422
-3683
-3881
-4091
-4008
-4003
-4190
-4081
-3607
-3247
-2897
-2417
-1843
-1186
-306
450
1033
1823
2343
2618
2854
2857
2324
1536
872
42
-1084
-1989
-2723
-3350
-3649
-3682
-3595
-3497
-3150
-2724
-1663
-376
438
1461
2818
4296
4907
5545
6162
6296
6220
6014
5714
4714
3800
2890
1922
961
-126
-1063
-1563
-1877
-2506
-3101
-3332
-3640
-3917
-3884
-3823
-3946
-3827
-3342
-3075
-2764
-2340
-1760
-1047
-263
497
1079
1772
2210
2476
2694
2538
1919
1175
519
-400
-1542
-2404
-3114
-3621
-3789
-3780
-3626
-3428
-3153
-2535
-1250
-199
623
1684
3321
4526
5072
5790
6115
6224
6061
5932
5248
4268
3349
2286
1366
440
-599
-1391
-1634
-1966
-2594
-2986
-3109
-3570
-3726
-3546
-3607
-3802
-3601
-3189
-3098
-2796
-2312
-1679
-970
-243
333
1075
1857
2144
2370
2595
2360
1617
992
304
-849
-1936
-2646
-3349
-3962
-4152
-4096
-3920
-3463
-3087
-2192
-812
221
1103
2394
4101
4881
5401
6148
6436
6333
6099
5794
4904
3959
3164
2212
1295
407
-529
-1176
-1432
-1931
-2587
-2701
-2864
-3253
-3277
-3147
-3271
-3311
-2883
-2616
-2537
-2221
-1775
-1234
-558
17
523
1299
1934
2083
2283
2432
2047
1328
840
65
-1227
-2211
-2942
-3602
-4095
-4241
-4155
-3998
-3603
-3289
-2384
-1010
-109
801
2181
3958
4723
5328
6139
6307
6180
5881
5547
4569
3600
2759
1823
854
-118
-1006
-1498
-1803
-2373
-2950
-2985
-3120
-3443
-3428
-3319
-3476
-3543
-2930
-2611
-2441
-2115
-1463
-739
-259
284
638
1306
1684
1891
2262
2347
2006
1284
801
-92
-1349
-2298
-2966
-3569
-4126
-4257
-4116
-3982
-3682
-3385
-2639
-1260
-292
752
2000
3638
4652
5274
6174
6393
6436
6195
5919
5082
4047
3227
2296
1292
342
-560
-1212
-1574
-2120
-2634
-2809
-2923
-3117
-3084
-2932
-2984
-3077
-2593
-2171
-1984
-1627
-1067
-416
109
655
1151
1655
2177
2363
2555
2702
2379
1751
1129
387
-865
-1944
-2734
-3398
-4007
-4320
-4217
-4050
-3828
-3528
-3213
-2183
-1069
-185
915
2388
3957
4635
5449
6016
6068
6063
5870
5375
4348
3503
2570
1429
431
-564
-1412
-1862
-2199
-2711
-3145
-3207
-3456
-3648
-3485
-3474
-3587
-3316
-2632
-2440
-2205
-1614
-966
-411
19
629
1050
1769
2203
2401
2704
2688
2192
1512
1046
67
-1259
-2181
-2837
-3576
-4072
-4199
-4111
-3938
-3555
-3139
-2831
-1803
-671
169
1235
2627
4111
4839
5631
6160
6269
6290
5955
5404
4480
3621
2508
1404
469
-503
-1434
-1911
-2200
-2761
-3138
-3168
-3257
-3398
-3349
-3258
-3277
-2982
-2564
-2219
-1887
-1508
-864
-298
256
673
1232
2078
2475
2713
2981
2975
2454
1771
1219
201
-1095
-2061
-2753
-3399
-3971
-4233
-4107
-3804
-3545
-3327
-2964
-2130
-1023
-29
1120
2338
3726
4714
5472
6079
6281
6362
6103
5628
4687
3705
2782
1828
838
-219
-1144
-1772
-2207
-2728
-3076
-3244
-3402
-3599
-3494
-3368
-3425
-3242
-2730
-2301
-2015
-1553
-947
-414
-6
545
1072
1714
2223
2514
2762
2784
2485
1801
1258
451
-767
-1833
-2601
-3274
-3892
-4158
-4112
-4066
-3888
-3611
-3210
-2804
-1698
-526
403
1543
2813
4307
4995
5725
6106
6341
6369
5905
5269
4258
3332
2301
1383
432
-633
-1487
-1978
-2391
-2823
-3181
-3290
-3425
-3352
-3188
-3139
-3160
-2925
-2510
-2238
-1791
-1413
-877
-290
285
743
1238
1949
2281
2505
2729
2621
2142
1472
900
-56
-1228
-2225
-3025
-3591
-4136
-4378
-4328
-4021
-3697
-3412
-2946
-2512
-1457
-266
729
1731
2962
4462
5152
5827
6177
6290
6166
5677
5116
4084
3227
2234
1300
409
-575
-1463
-1991
-2400
-2911
-3307
-3427
-3507
-3515
-3318
-3250
-3140
-2900
-2357
-2010
-1615
-1161
-643
-7
470
907
1357
2010
2329
2484
2612
2501
2019
1436
832
-176
-1251
-2099
-2763
-3404
-3999
-4294
-4215
-3925
-3606
-3201
-2763
-2224
-1265
-92
1070
2073
3248
4587
5487
6077
6303
6402
6271
5912
5257
4319
3395
2416
1462
493
-463
-1368
-1939
-2301
-2753
-3211
-3471
-3554
-3527
-3467
-3353
-3182
-2792
-2268
-1790
-1358
-957
-378
210
761
1163
1562
2066
2357
2497
2513
2303
1798
1151
529
-425
-1526
-2480
-3106
-3639
-4148
-4296
-4266
-3955
-3546
-3142
-2668
-2297
-1339
-226
763
1833
2854
4210
4981
5629
5924
6000
5984
5534
5063
4185
3347
2296
1319
423
-614
-1546
-2263
-2722
-3210
-3660
-3932
-4153
-4136
-4026
-3778
-3504
-2970
-2241
-1715
-1259
-816
-190
311
721
1003
1267
1656
1847
1929
1984
1880
1603
1182
687
-196
-1215
-2065
-2743
-3325
-3855
-3957
-3867
-3545
-3146
-2752
-2277
-1851
-1021
137
973
1876
2818
4193
4999
5383
5907
6024
6212
5865
5536
4746
3857
2939
1976
1110
-24
-1101
-1937
-2402
-3039
-3679
-3980
-4100
-4077
-3839
-3431
-3037
-2529
-1853
-1286
-850
-553
-236
229
624
805
891
1231
1447
1392
1533
1532
1347
993
760
251
-640
-1472
-2156
-2668
-3229
-3607
-3744
-3497
-3200
-2929
-2453
-1807
-1356
-550
610
1540
2375
3392
4623
5136
5551
5875
5946
5777
5337
4757
3971
3162
2105
1074
89
-958
-2010
-2617
-3008
-3633
-4051
-3997
-3862
-3780
-3509
-2938
-2484
-2018
-1492
-1096
-860
-657
-343
-82
110
88
253
601
856
939
1076
1243
1152
978
677
122
-609
-1192
-1758
-2416
-2925
-3177
-3176
-3048
-2855
-2522
-2065
-1586
-918
253
1118
1872
2847
4168
5054
5288
5773
5889
5733
5361
4878
4105
3138
2192
1247
293
-652
-1653
-2220
-2530
-2941
-3337
-3397
-3240
-3258
-2987
-2656
-2389
-2126
-1652
-1276
-1213
-1097
-947
-642
-488
-437
-276
131
589
754
1074
1460
1549
1393
1242
840
11
-852
-1437
-2024
-2656
-3118
-3266
-3203
-3047
-2827
-2417
-1828
-1322
-509
560
1442
2237
3281
4467
4918
5087
5383
5388
5127
4571
4003
3222
2384
1601
762
-50
-964
-1644
-1984
-2213
-2558
-2904
-2827
-2785
-2713
-2632
-2450
-2234
-2003
-1659
-1506
-1372
-1299
-1087
-804
-554
-319
-1
554
1022
1337
1676
1854
1874
1711
1484
976
236
-470
-1230
-1928
-2606
-3009
-3163
-3081
-2904
-2600
-2040
-1432
-871
-79
995
1741
2485
3356
4241
4571
4603
4771
4588
4281
3831
3305
2566
1929
1394
794
141
-576
-1148
-1436
-1731
-2163
-2421
-2403
-2481
-2592
-2530
-2454
-2469
-2272
-1973
-1863
-1755
-1551
-1181
-852
-497
-137
374
955
1391
1642
1925
2070
1904
1655
1270
597
-242
-932
-1606
-2331
-2968
-3219
-3171
-3031
-2779
-2386
-1833
-1251
-737
203
1053
1598
2229
3083
3879
3878
3905
3977
3923
3657
3163
2822
2334
1777
1221
644
8
-678
-1100
-1252
-1536
-1980
-2269
-2317
-2475
-2691
-2765
-2704
-2557
-2345
-2031
-1728
-1498
-1153
-672
-30
391
774
1242
1761
2074
2157
2302
2250
2025
1622
1161
478
-350
-1114
-1692
-2267
-2769
-3000
-2848
-2606
-2340
-1913
-1332
-730
-329
411
1170
1619
2019
2527
3249
3289
3309
3406
3427
3306
2921
2782
2328
1952
1423
939
466
-222
-733
-1133
-1466
-2017
-2420
-2656
-2872
-3008
-2970
-2807
-2526
-2167
-1776
-1448
-1059
-664
-249
244
606
1004
1342
1757
1808
1746
1757
1671
1451
1013
538
-90
-724
-1283
-1812
-2292
-2623
-2787
-2692
-2430
-2140
-1861
-1387
-1006
-522
144
615
1148
1600
2304
2685
2876
3157
3258
3411
3280
3064
2611
2120
1659
1139
583
-76
-711
-1108
-1414
-1846
-2273
-2455
-2532
-2600
-2563
-2456
-2248
-1928
-1553
-1190
-874
-507
-118
324
688
981
1201
1532
1792
1829
1851
1801
1670
1361
1004
449
-158
-771
-1267
-1728
-2213
-2530
-2578
-2360
-2183
-1957
-1568
-1125
-823
-425
276
644
1070
1651
2319
2744
2863
3206
3267
3336
3238
3000
2587
2065
1644
1049
507
-178
-848
-1216
-1561
-1961
-2281
-2319
-2370
-2372
-2192
-1970
-1756
-1455
-1061
-762
-564
-314
-72
302
589
696
894
1209
1439
1423
1502
1551
1392
1144
842
442
-123
-686
-1187
-1646
-2037
-2333
-2415
-2340
-2168
-1947
-1580
-1287
-1027
-764
-65
512
945
1456
2067
2626
2741
3056
3059
3079
2849
2603
2258
1794
1306
684
282
-338
-899
-1276
-1403
-1668
-2005
-2080
-2110
-2055
-2003
-1847
-1671
-1409
-1126
-828
-576
-430
-303
-19
267
403
578
849
1038
1018
1113
1149
1087
929
777
524
90
-399
-894
-1354
-1859
-2264
-2396
-2310
-2178
-2011
-1623
-1305
-958
-688
-88
580
896
1362
1895
2547
2637
2747
2856
2818
2663
2361
2126
1690
1285
878
516
19
-568
-862
-1014
-1213
-1501
-1574
-1586
-1675
-1643
-1540
-1469
-1327
-1078
-774
-667
-588
-429
-207
43
174
341
656
1024
1209
1370
1548
1501
1385
1247
921
427
-166
-571
-1028
-1518
-1900
-2064
-2039
-1949
-1714
-1429
-1068
-771
-407
-68
523
928
1166
1564
1952
2365
2357
2512
2431
2328
2276
2132
1929
1520
1264
851
457
49
-263
-508
-798
-1068
-1332
-1478
-1598
-1703
-1648
-1563
-1540
-1409
-1193
-910
-853
-756
-543
-325
-155
-80
205
458
706
870
1072
1216
1143
1085
909
601
107
-373
-783
-1291
-1747
-2065
-2141
-2134
-2034
-1694
-1277
-939
-709
-461
-142
369
656
964
1290
1667
1853
1963
2073
1939
1836
1754
1683
1463
1262
1038
788
530
184
-168
-427
-702
-1044
-1238
-1376
-1575
-1661
-1604
-1576
-1591
-1485
-1255
-1074
-957
-749
-496
-197
8
211
424
693
861
1009
1209
1267
1162
1008
823
459
35
-370
-763
-1169
-1520
-1680
-1665
-1631
-1540
-1317
-1011
-717
-457
-201
-20
373
678
933
1244
1457
1674
1702
1901
1857
1875
1934
1998
1863
1713
1607
1333
1016
614
236
-137
-393
-768
-1003
-1193
-1373
-1475
-1420
-1347
-1361
-1174
-984
-780
-652
-507
-282
-109
96
192
357
509
704
858
1037
1163
1053
932
762
458
48
-327
-719
-1034
-1352
-1503
-1541
-1483
-1388
-1176
-918
-690
-504
-363
-259
-131
179
332
480
659
1009
1183
1288
1469
1642
1839
1968
2000
2030
1844
1530
1220
817
297
-236
-581
-914
-1196
-1445
-1556
-1590
-1543
-1353
-1177
-931
-765
-605
-475
-384
-319
-268
-198
-229
-219
-72
104
234
372
516
583
548
441
227
-51
-361
-697
-932
-1121
-1305
-1448
-1374
-1250
-1150
-980
-851
-776
-759
-696
-702
-416
-133
83
342
672
1081
1312
1587
1784
1994
2096
2077
2053
1953
1633
1243
916
542
106
-232
-444
-654
-757
-790
-782
-755
-677
-523
-376
-254
-170
-100
-112
-270
-407
-472
-458
-441
-384
-211
11
264
507
692
703
616
493
323
114
-151
-408
-595
-831
-1048
-1122
-1094
-1054
-1010
-960
-906
-863
-780
-761
-728
-410
-190
85
382
797
1171
1366
1575
1676
1812
1850
1842
1726
1567
1307
1069
834
469
169
-47
-102
-179
-189
-226
-174
-126
-41
9
-82
-190
-343
-441
-634
-866
-1040
-1012
-952
-926
-722
-434
-98
137
415
624
673
619
504
346
66
-293
-661
-850
-1091
-1316
-1338
-1218
-1086
-972
-880
-813
-830
-884
-908
-863
-637
-480
-318
-54
294
647
973
1272
1473
1659
1781
1773
1737
1603
1392
1174
1080
903
682
580
502
372
291
287
244
168
109
-25
-206
-472
-752
-976
-1132
-1296
-1385
-1306
-1221
-1066
-786
-373
37
344
588
785
856
808
657
430
105
-285
-598
-767
-873
-1026
-1077
-990
-960
-958
-927
-844
-850
-912
-973
-1149
-1157
-1046
-983
-709
-352
163
613
1080
1497
1665
1974
2083
2101
2047
1934
1811
1595
1424
1122
891
788
691
674
636
511
304
113
-82
-455
-792
-1059
-1274
-1390
-1488
-1484
-1460
-1284
-1020
-722
-350
32
355
625
840
891
815
706
524
285
48
-194
-404
-557
-735
-892
-901
-928
-999
-1059
-1137
-1282
-1522
-1650
-1784
-1831
-1528
-1168
-636
-177
434
999
1429
1833
2055
2342
2454
2486
2462
2270
2070
1802
1612
1408
1222
1192
1180
1140
973
654
350
-70
-463
-836
-1246
-1512
-1766
-1846
-1848
-1769
-1628
-1394
-1009
-656
-340
-59
306
562
750
876
877
751
523
314
66
-173
-444
-651
-853
-1105
-1271
-1406
-1565
-1769
-1903
-1978
-2006
-2079
-2085
-2060
-1802
-1287
-866
-301
277
949
1479
1880
2176
2224
2338
2324
2222
2171
1995
1901
1857
1894
1805
1667
1612
1418
1145
839
394
-73
-584
-1000
-1365
-1657
-1813
-1888
-1739
-1521
-1280
-963
-521
-183
15
274
477
595
642
764
841
747
613
409
211
-39
-274
-476
-656
-919
-1235
-1386
-1620
-1855
-1988
-1951
-1869
-1831
-1731
-1624
-1602
-1209
-696
-187
246
762
1366
1749
2074
2208
2391
2467
2487
2435
2385
2303
2202
2212
2172
1890
1539
1339
1065
685
279
-162
-622
-1066
-1429
-1708
-1834
-1823
-1660
-1325
-1009
-843
-649
-420
-283
-200
-56
45
-17
17
168
208
126
73
33
-46
-221
-442
-664
-918
-1251
-1510
-1630
-1813
-2008
-2007
-1912
-1882
-1809
-1723
-1531
-1445
-1124
-614
-218
254
759
1411
1882
2166
2364
2423
2592
2589
2534
2573
2461
2254
2056
1940
1633
1281
1105
846
536
162
-258
-645
-937
-1172
-1337
-1344
-1313
-1282
-1127
-974
-940
-869
-740
-631
-521
-331
-125
17
183
378
441
435
399
307
184
-23
-309
-638
-945
-1214
-1422
-1490
-1583
-1678
-1672
-1623
-1569
-1499
-1437
-1333
-1230
-870
-391
-20
487
977
1644
2064
2385
2540
2579
2630
2531
2445
2400
2336
2189
2148
2003
1783
1406
1120
786
342
-51
-459
-822
-1127
-1310
-1494
-1539
-1535
-1507
-1369
-1173
-1090
-976
-851
-785
-759
-643
-382
-219
20
293
448
508
427
256
37
-221
-522
-797
-1009
-1244
-1481
-1595
-1658
-1739
-1733
-1585
-1428
-1301
-1181
-1046
-996
-858
-419
8
525
1073
1726
2286
2580
2698
2741
2843
2829
2627
2517
2401
2184
2010
1845
1585
1252
1005
651
220
-259
-753
-1164
-1498
-1723
-1851
-1809
-1693
-1554
-1320
-1091
-1060
-1002
-872
-772
-724
-639
-393
-189
18
266
443
553
516
335
171
-132
-535
-911
-1188
-1409
-1570
-1541
-1491
-1434
-1325
-1230
-1178
-1198
-1189
-1212
-1154
-1084
-747
-189
349
1007
1660
2373
2768
2956
2948
2848
2707
2388
2179
2040
1892
1730
1652
1517
1312
1051
741
329
-145
-627
-1146
-1525
-1746
-1818
-1779
-1610
-1417
-1174
-932
-819
-783
-790
-845
-890
-795
-632
-381
-74
280
578
778
876
707
425
72
-301
-683
-955
-1076
-1196
-1201
-1104
-1024
-950
-896
-905
-911
-920
-991
-1020
-887
-717
-296
353
1005
1644
2210
2703
2854
2839
2595
2256
2000
1730
1604
1542
1588
1603
1630
1564
1304
938
479
-58
-535
-963
-1339
-1563
-1631
-1599
-1470
-1251
-1136
-1044
-1009
-1073
-1080
-1161
-1158
-1063
-825
-491
-202
153
452
646
683
585
338
-18
-424
-761
-994
-1059
-1063
-1048
-985
-928
-968
-1020
-1106
-1232
-1266
-1278
-1277
-1216
-978
-706
-225
474
1019
1570
1975
2308
2397
2244
1957
1630
1594
1560
1555
1720
1869
1948
1903
1769
1399
883
419
-156
-575
-936
-1207
-1314
-1277
-1083
-1019
-871
-806
-872
-943
-1098
-1240
-1187
-988
-750
-426
-38
348
631
834
842
726
524
247
-118
-421
-615
-770
-789
-782
-734
-745
-829
-994
-1177
-1409
-1645
-1702
-1568
-1384
-1127
-802
-486
-225
198
707
1081
1429
1700
1946
2054
2031
1897
1793
1880
1878
1927
2001
2023
1924
1705
1386
897
433
48
-247
-461
-678
-857
-914
-956
-986
-1010
-950
-975
-983
-965
-960
-931
-889
-650
-373
-109
178
351
555
654
532
395
181
-62
-377
-575
-722
-880
-994
-1114
-1230
-1390
-1459
-1500
-1538
-1547
-1539
-1409
-1257
-1098
-850
-618
-406
-248
156
623
1047
1443
1759
2089
2259
2282
2122
2071
2054
1995
1935
1895
1784
1598
1386
1045
717
374
58
-233
-430
-617
-778
-812
-753
-708
-680
-621
-686
-703
-686
-671
-685
-662
-493
-274
-30
176
334
457
486
373
177
-96
-423
-684
-862
-969
-1077
-1139
-1197
-1245
-1289
-1388
-1498
-1515
-1493
-1429
-1258
-1075
-899
-712
-557
-440
-369
-69
432
926
1414
1711
2098
2267
2230
2041
1810
1826
1675
1664
1593
1511
1449
1207
1039
767
498
259
-19
-145
-333
-518
-573
-547
-482
-590
-595
-632
-699
-730
-763
-699
-689
-548
-356
-206
9
106
199
199
76
-109
-389
-603
-764
-859
-870
-900
-922
-912
-939
-1021
-1102
-1171
-1225
-1218
-1181
-1126
-975
-801
-698
-560
-409
-241
-49
395
893
1404
1884
2085
2292
2333
2149
1771
1564
1606
1575
1541
1533
1659
1724
1582
1348
1027
714
302
-68
-239
-360
-503
-565
-579
-562
-992
-1190
-691
-944
-1273
-1038
-617
-797
-1049
-848
-555
-278
-478
-481
120
152
-430
-543
-347
-625
-981
-1001
-1007
-803
-853
-1171
-1006
-885
-1127
-1302
-1007
-925
-996
-737
-654
-540
-363
-299
-181
81
497
934
1474
1810
1907
2180
2129
1875
1759
1682
1690
1640
1762
1878
1814
1722
1404
1117
774
342
26
-287
-412
-578
-720
-725
-798
-853
-1013
-1148
-1235
-1331
-1298
-1245
-1131
-1023
-842
-628
-495
-364
-240
-129
-13
-40
-127
-189
-291
-458
-641
-702
-748
-752
-735
-719
-671
-699
-738
-697
-629
-666
-638
-499
-416
-364
-296
-149
8
181
433
1028
1628
1998
2260
2442
2518
2316
2084
1872
1846
1858
1821
1858
1805
1570
1195
889
501
110
-232
-454
-555
-600
-696
-829
-900
-1020
-1190
-1405
-1535
-1646
-1669
-1502
-1335
-1215
-1073
-906
-724
-582
-455
-362
-284
-226
-303
-291
-280
-375
-487
-547
-602
-744
-857
-869
-806
-739
-785
-769
-656
-558
-545
-522
-450
-364
-152
74
341
540
681
906
1329
1744
1988
2128
2122
2174
2093
1961
1802
1606
1589
1584
1461
1270
1109
962
746
381
56
-142
-241
-320
-482
-553
-628
-788
-1013
-1180
-1327
-1422
-1373
-1328
-1172
-985
-834
-773
-698
-548
-405
-271
-222
-196
-63
-59
-146
-221
-340
-419
-510
-594
-632
-643
-641
-566
-439
-415
-466
-512
-568
-568
-517
-408
-262
-86
92
264
432
480
538
681
946
1146
1324
1451
1460
1526
1478
1452
1269
1067
1010
984
932
701
483
428
350
153
-100
-234
-282
-464
-643
-798
-918
-1033
-1091
-1029
-1016
-991
-957
-863
-802
-785
-731
-662
-555
-475
-277
-119
-13
10
20
122
97
10
-123
-266
-333
-347
-278
-246
-230
-128
-54
-28
-146
-270
-265
-219
-195
-146
-41
52
154
236
287
340
383
432
572
799
1045
1164
1196
1240
1218
1199
1024
773
656
620
675
627
493
385
290
307
249
96
-28
-133
-153
-254
-395
-538
-613
-564
-580
-609
-655
-688
-624
-593
-595
-582
-541
-444
-359
-287
-194
-134
-82
-110
-145
-207
-258
-225
-218
-219
-178
-81
-14
36
4
-40
-113
-205
-264
-279
-210
-131
-61
-60
-100
-96
-102
-80
-52
-28
35
98
214
371
537
583
543
486
347
197
78
60
151
327
514
640
682
682
619
477
321
175
106
108
152
177
147
90
-34
-160
-356
-509
-549
-569
-573
-543
-534
-535
-444
-392
-389
-354
-300
-307
-322
-271
-139
55
214
304
306
229
145
90
153
274
304
405
481
279
186
166
-37
-422
-427
-194
-171
-116
-98
-157
-388
-573
-824
-860
-775
-750
-622
-270
61
161
157
92
71
92
112
199
398
537
581
560
516
507
521
533
521
504
542
550
464
332
117
-74
-166
-211
-205
-231
-205
-167
-135
-42
20
13
-26
-7
78
178
260
365
485
535
504
520
515
453
381
250
195
184
64
-57
-200
-329
-435
-631
-798
-921
-860
-831
-922
-902
-862
-791
-710
-646
-584
-506
-343
-172
-83
-26
-24
-37
5
92
154
279
369
424
443
436
428
405
388
299
228
142
50
35
61
70
75
129
186
184
152
122
98
82
94
114
193
279
330
362
434
490
497
486
477
466
384
323
233
139
-16
-200
-288
-256
-297
-375
-411
-425
-413
-467
-452
-475
-507
-498
-468
-433
-424
-360
-306
-347
-383
-353
-262
-108
-40
-7
77
135
199
145
95
70
40
34
18
45
28
14
50
104
156
199
224
224
181
175
162
177
241
239
246
282
311
308
304
335
392
481
558
531
486
435
355
342
342
296
204
160
98
-38
-96
-202
-331
-368
-395
-403
-401
-428
-495
-484
-432
-432
-439
-481
-511
-426
-400
-389
-406
-465
-449
-407
-274
-202
-154
-66
-42
-119
-213
-243
-238
-285
-295
-302
-222
-80
20
159
197
140
155
223
229
184
187
218
243
339
401
403
464
600
612
562
551
524
514
480
398
253
270
389
347
274
284
251
124
14
-56
-135
-138
-110
-171
-238
-265
-251
-284
-330
-299
-350
-349
-298
-162
-107
-173
-317
-527
-600
-645
-631
-481
-250
-130
-69
-118
-290
-374
-426
-516
-410
-105
86
240
382
376
303
295
125
-98
-49
211
515
724
753
706
711
572
268
31
65
217
399
498
424
385
356
107
-174
-116
-6
64
120
194
258
214
99
-197
-303
-291
-221
-77
-8
-25
75
192
152
-43
-339
-469
-491
-435
-424
-422
-301
-308
-360
-443
-569
-731
-784
-734
-585
-388
-162
-7
58
49
131
143
-25
-155
-98
188
331
433
470
371
423
500
470
371
242
295
433
543
512
410
333
260
185
74
7
-31
-156
-152
15
93
98
28
-60
-32
-10
-108
-124
-62
-16
75
189
228
176
130
53
-58
-130
-255
-320
-373
-285
-134
-116
-127
-261
-520
-580
-478
-471
-517
-519
-335
-194
-221
-218
-216
-196
-174
-35
149
198
207
178
152
265
459
541
549
487
451
440
473
396
250
193
222
292
289
112
-147
-227
-133
7
93
1
-152
-198
-162
-174
-271
-305
-250
-128
53
202
103
-49
-164
-188
-117
-41
-60
-213
-239
-145
-29
-1
-30
-134
-241
-328
-276
-117
-158
-297
-345
-239
-87
-86
-183
-146
-46
56
145
191
177
131
181
255
364
431
451
521
641
688
696
652
555
498
429
467
468
343
203
110
50
41
51
-108
-341
-398
-252
-126
-139
-283
-427
-501
-498
-442
-451
-474
-431
-404
-373
-285
-330
-383
-389
-414
-365
-223
-58
-120
-250
-294
-267
-204
-140
-238
-280
-196
-170
-67
-119
-272
-316
-207
-36
101
187
214
276
375
353
326
422
466
512
569
632
790
909
806
694
630
611
620
576
482
372
317
295
246
102
-68
-183
-247
-278
-312
-342
-394
-472
-485
-495
-497
-458
-470
-428
-360
-294
-212
-105
-90
-121
-78
-37
20
74
67
-23
-131
-175
-167
-155
-146
-145
-98
-85
-152
-193
-146
-142
-177
-116
-90
-90
-56
-31
6
77
216
307
449
549
514
455
411
427
491
538
503
532
541
398
172
21
22
83
60
-42
-88
-117
-179
-289
-378
-440
-551
-598
-522
-408
-443
-490
-510
-538
-480
-333
-234
-247
-209
-155
-111
-43
-27
-89
-59
32
43
66
93
36
-33
-20
30
46
-24
-134
-209
-192
-56
-24
-145
-155
10
219
369
417
392
306
267
339
393
486
582
567
601
665
594
432
318
237
231
338
356
303
229
110
-53
-168
-219
-318
-409
-364
-304
-280
-315
-386
-464
-460
-438
-447
-350
-285
-268
-272
-179
-66
-38
-51
-76
-94
-95
-66
-55
-73
-68
-19
-35
-139
-226
-224
-156
-28
42
65
109
65
51
35
44
98
181
254
269
322
417
452
371
335
379
396
413
398
328
241
196
167
121
87
26
26
51
72
11
-135
-293
-368
-339
-275
-168
-109
-98
-146
-198
-179
-196
-255
-261
-221
-86
19
10
-113
-231
-286
-320
-294
-256
-243
-223
-226
-206
-141
-187
-323
-347
-245
-103
-2
58
79
92
149
170
170
179
235
326
427
469
444
462
452
425
399
361
324
317
344
362
331
237
104
27
47
76
102
118
67
2
33
71
57
47
8
-28
28
91
81
43
0
-4
11
-4
-82
-168
-214
-216
-223
-210
-224
-302
-407
-431
-392
-382
-399
-441
-422
-338
-227
-172
-223
-285
-334
-308
-218
-165
-154
-106
-24
20
27
54
43
11
12
31
12
24
74
124
168
172
139
75
-10
-115
-155
-68
26
41
-15
-44
-35
-46
-67
-49
0
29
51
125
211
211
144
92
115
112
56
33
27
33
81
88
64
28
-26
-99
-146
-103
-50
-2
48
31
-33
-68
-50
-41
2
59
111
192
224
212
157
101
106
122
157
231
280
287
266
217
189
182
163
149
134
127
119
85
65
18
-34
-42
4
34
59
80
96
113
40
-37
-92
-118
-75
5
54
56
55
49
55
16
-43
-120
-206
-233
-244
-203
-141
-134
-117
-119
-146
-183
-222
-227
-187
-114
-6
81
89
75
24
-50
-112
-126
-124
-64
26
110
130
82
-12
-116
-165
-177
-149
-64
41
110
136
87
16
-59
-121
-149
-127
-86
-37
-8
41
59
18
-49
-130
-159
-99
-42
21
42
53
84
32
-55
-122
-202
-266
-252
-177
-96
-73
-75
-94
-103
-150
-181
-203
-227
-176
-44
73
165
196
153
115
87
79
73
99
149
219
249
263
252
172
105
107
162
223
255
266
277
240
204
199
191
165
174
173
174
183
159
116
127
190
209
189
114
33
-2
-38
-88
-102
-93
-105
-80
-61
-95
-162
-208
-239
-253
-240
-236
-216
-218
-224
-242
-287
-336
-366
-340
-270
-173
-84
-59
-66
-95
-126
-104
-67
3
72
142
192
189
161
103
117
134
139
191
192
159
187
184
144
122
98
92
119
146
142
130
115
80
51
55
5
-39
-52
-40
25
53
31
-2
-47
-88
-123
-175
-216
-252
-236
-162
-110
-110
-144
-186
-228
-193
-176
-170
-148
-131
-139
-79
-49
-86
-122
-124
-79
0
80
90
85
64
70
100
130
120
145
215
271
324
312
233
166
133
118
131
159
155
133
144
177
162
126
94
89
97
113
134
115
28
-31
-58
-73
-59
-62
-53
-73
-111
-109
-110
-150
-215
-260
-279
-262
-234
-215
-207
-241
-252
-246
-228
-243
-287
-277
-270
-276
-265
-201
-181
-173
-142
-102
-87
-78
-55
-33
2
38
77
137
200
202
175
186
192
200
274
348
383
377
349
319
264
227
255
318
365
404
394
338
272
203
128
92
136
177
194
197
161
94
47
2
-37
-61
-68
-36
-11
-25
-37
-75
-144
-205
-249
-284
-306
-309
-314
-316
-322
-368
-405
-449
-491
-489
-475
-430
-383
-348
-309
-252
-195
-189
-182
-161
-142
-85
-28
8
44
77
95
124
168
186
209
256
321
357
362
354
320
297
276
281
288
265
266
268
286
298
270
221
176
187
200
204
218
226
198
171
151
106
47
18
-18
-58
-87
-112
-130
-194
-242
-262
-264
-273
-291
-318
-314
-286
-278
-300
-317
-334
-337
-281
-230
-224
-234
-252
-275
-265
-254
-189
-127
-86
-15
53
102
122
114
112
118
146
207
236
249
231
231
261
250
251
277
290
303
314
302
294
230
176
169
168
149
119
88
61
63
63
59
43
15
-41
-61
-50
-35
-34
-50
-49
-68
-92
-126
-175
-224
-258
-263
-246
-238
-216
-181
-176
-162
-153
-154
-160
-164
-134
-113
-105
-117
-119
-113
-92
-61
-36
-6
-46
-76
-81
-65
-41
-13
15
53
89
134
164
155
144
126
112
127
178
214
207
173
153
146
127
123
103
96
97
57
23
-14
-54
-94
-108
-112
-113
-129
-159
-148
-131
-127
-98
-96
-98
-88
-52
-22
-17
-15
-4
-11
20
71
47
32
32
53
92
106
107
109
78
68
64
52
33
-14
-43
-47
-34
-15
34
82
142
203
249
262
224
183
175
176
166
156
149
135
100
115
140
129
141
139
104
69
31
-19
-105
-163
-178
-184
-201
-215
-202
-229
-273
-282
-269
-257
-216
-188
-190
-208
-222
-229
-244
-232
-176
-105
-55
-3
-3
-40
-82
-138
-141
-101
-94
-80
-70
-76
-65
-67
-60
-45
-33
-1
51
55
44
59
70
97
129
150
181
232
249
241
223
200
185
178
190
212
230
207
179
161
166
139
106
81
57
52
20
-17
-43
-56
-97
-78
-52
-72
-69
-65
-79
-98
-115
-130
-125
-100
-61
-53
-60
-69
-80
-67
-19
0
19
32
14
23
17
22
17
-16
-52
-42
-13
-6
-21
-51
-69
-60
-19
19
41
36
25
32
52
57
65
80
90
102
100
68
36
-10
-37
5
45
40
12
-2
-34
-53
-62
-56
-58
-65
-76
-80
-84
-106
-135
-174
-185
-216
-211
-175
-143
-122
-94
-66
-24
-14
-9
5
-1
-3
0
20
29
33
41
40
18
1
-6
-31
-54
-55
-36
-37
-27
-16
-20
-13
-2
4
11
25
34
51
60
78
94
72
56
77
91
96
106
115
139
165
174
186
190
188
196
190
170
149
107
76
73
74
83
80
53
27
25
21
26
28
36
53
73
91
93
76
62
45
45
86
105
112
115
80
38
26
9
-37
-32
21
47
56
58
-7
-74
-75
-72
-75
-57
-41
-61
-94
-129
-165
-164
-179
-175
-165
-169
-178
-172
-165
-198
-179
-150
-156
-163
-145
-140
-149
-160
-139
-121
-98
-90
-91
-53
-60
-49
-66
-93
-124
-151
-147
-157
-156
-132
-121
-78
-33
0
31
47
61
77
79
56
31
29
29
60
107
125
147
157
148
127
109
81
41
10
-4
-20
-36
-50
-32
13
64
105
112
96
95
53
-2
-11
-3
20
34
39
52
37
22
39
32
23
30
23
-8
-32
-35
-19
-1
3
23
9
-1
6
13
20
3
-8
16
59
117
157
146
99
65
52
63
91
121
145
168
174
157
116
81
50
42
58
72
91
75
65
55
17
-11
-35
-54
-78
-65
-38
-15
-10
-4
-38
-83
-109
-127
-95
-76
-70
-59
-59
-72
-59
-17
44
62
37
29
-4
-60
-93
-99
-88
-47
-2
25
36
45
20
20
6
-43
-75
-76
-65
-42
-12
19
15
-13
-39
-62
-50
-39
-64
-82
-62
-63
-69
-58
-34
-31
-52
-69
-56
-65
-61
-30
-30
-30
-31
-42
-61
-66
-47
-49
-69
-72
-53
-40
-9
31
47
48
51
54
76
66
52
63
49
41
48
44
59
93
108
81
70
36
-6
-5
9
44
56
65
37
22
18
-16
-36
-38
-26
-7
0
-21
-59
-111
-134
-116
-95
-50
0
34
59
39
2
-29
-55
-73
-86
-74
-66
-61
-78
-63
-28
-5
16
34
47
26
18
35
51
40
43
77
103
103
110
105
83
61
63
55
48
49
43
40
48
55
43
33
15
12
23
30
13
-8
-15
-29
-27
-12
-4
17
48
66
71
57
10
-30
-37
-16
-13
-19
-29
-20
-22
10
40
47
37
-24
-67
-79
-74
-89
-69
-65
-60
-31
3
31
31
28
10
21
6
-15
-21
-44
-32
3
35
42
25
20
0
-3
-7
-35
-53
-64
-66
-20
16
38
44
28
16
0
-29
-30
-32
-40
-17
-19
-19
-26
-49
-67
-68
-65
-45
-22
7
7
-3
-24
-31
-21
-18
-3
20
30
16
12
9
7
35
52
45
34
21
0
-39
-24
5
14
53
93
120
129
119
99
114
122
93
72
48
30
38
61
109
120
85
67
41
19
38
41
0
-21
-25
-30
-20
-17
-36
-64
-116
-148
-164
-163
-150
-138
-118
-99
-88
-109
-118
-114
-96
-81
-64
-42
-31
-25
-36
-58
-62
-49
-52
-34
-28
-25
3
3
8
25
32
25
49
78
81
82
85
69
45
48
37
67
111
120
137
131
122
82
61
51
30
13
19
30
7
-2
-35
-59
-60
-75
-84
-77
-75
-82
-92
-83
-76
-66
-55
-46
-27
-29
-46
-46
-28
-24
-22
-14
-16
-15
-30
-33
0
21
20
31
45
42
35
14
1
2
0
-4
14
32
55
62
79
85
54
29
18
-6
-14
-18
-33
-57
-60
-38
-25
1
18
33
52
43
3
-15
-24
-22
-25
-7
6
2
12
-11
-27
-41
-32
-26
-6
24
13
6
21
43
67
91
108
139
144
123
104
88
61
55
57
51
29
-6
2
1
-13
-43
-56
-50
-34
-13
-14
-10
-21
-20
-12
-15
-22
-35
-40
-37
-49
-66
-72
-87
-104
-88
-78
-68
-55
-54
-30
-40
-67
-81
-97
-106
-76
-54
-45
-62
-65
-47
-18
20
34
40
28
25
45
56
55
95
100
107
143
146
105
80
70
37
28
45
48
48
69
76
51
23
13
3
12
50
57
44
36
46
63
55
63
76
68
67
53
30
31
14
-11
-24
-38
-20
-14
-34
-39
-9
-25
-40
-50
-53
-51
-49
-20
-28
-40
-56
-82
-84
-69
-69
-65
-72
-83
-83
-87
-82
-76
-68
-67
-64
-52
-39
-36
-52
-61
-74
-96
-88
-72
-59
-61
-54
-60
-68
-64
-44
-27
-35
-35
-34
-37
-31
-18
7
11
12
25
22
33
40
42
19
14
35
44
55
41
51
61
50
53
58
50
43
46
43
43
45
46
50
72
93
80
60
33
14
11
20
46
85
119
107
59
25
12
5
29
56
71
86
73
44
42
46
31
46
89
105
103
98
74
51
41
27
13
21
36
26
9
24
14
-15
-21
-10
2
10
4
-2
-10
-38
-57
-51
-59
-66
-54
-24
-40
-70
-63
-66
-62
-73
-83
-96
-130
-151
-145
-137
-117
-87
-74
-84
-118
-146
-157
-159
-160
-137
-116
-84
-49
-27
-5
3
6
-5
-10
-24
-28
-42
-32
-24
-31
-23
2
39
84
131
132
105
74
26
-14
-12
-19
-14
-11
12
55
77
59
49
55
54
44
39
39
21
21
31
43
46
53
55
51
42
54
69
77
83
76
67
53
50
46
49
63
63
62
45
30
25
26
36
44
50
55
67
65
61
49
25
6
12
41
38
18
-2
-8
1
14
49
51
48
37
20
14
19
26
36
50
27
21
41
30
18
16
1
3
2
-1
-8
-3
0
7
16
9
9
0
-17
-42
-51
-85
-91
-72
-78
-88
-96
-105
-121
-119
-118
-141
-146
-140
-156
-176
-181
-203
-215
-189
-155
-131
-110
-101
-100
-113
-137
-146
-138
-130
-115
-106
-109
-105
-102
-120
-133
-113
-88
-82
-55
4
25
29
38
34
10
31
61
108
