SAMPLES:	7263
BITSPERSAMPLE:	16
CHANNELS:	1
SAMPLERATE:	16000
NORMALIZED:	FALSE
-9
-8
-16
-19
-5
5
-4
-9
-9
-6
-11
-9
5
4
2
-4
-4
-7
-7
-8
-8
5
3
-5
0
4
-8
-12
-1
9
11
-5
-2
2
-10
-5
0
1
-2
0
-9
-8
-1
4
-1
4
8
11
3
-1
3
1
-10
-15
-16
-17
-5
4
5
13
5
-8
6
4
1
7
7
6
-6
-5
6
6
-9
-4
5
8
7
27
15
-9
-4
1
8
13
12
17
6
-15
-13
-6
-4
10
14
17
13
-1
2
5
4
0
7
8
4
8
-3
-8
-3
-10
-9
-1
-3
-1
-4
-12
-9
-1
-4
-4
-1
-6
-19
-19
-11
-2
11
12
10
9
2
-3
5
14
19
16
13
14
-3
-14
-3
5
7
9
13
13
9
2
6
7
19
20
13
10
3
8
10
12
12
12
-2
-11
-10
-11
-7
-4
-2
-3
-7
-8
-6
-6
-4
-16
-16
-13
-16
-13
-9
-7
-9
-11
-13
-23
-26
-22
-19
-10
-13
-20
-20
-15
-5
0
6
2
3
2
-1
-4
-12
-27
-37
-28
-22
-12
-5
2
9
6
1
1
3
-2
-10
-9
-3
1
5
13
18
12
-1
-2
-1
3
5
14
14
11
10
15
29
35
25
13
10
2
-12
-19
-15
-10
-11
-14
-4
2
2
2
6
16
20
13
12
13
6
-2
-5
-3
-8
-7
-1
7
6
9
16
19
25
23
21
17
12
1
9
15
18
14
16
20
24
32
46
51
47
34
12
1
-4
-16
-18
-19
-24
-32
-36
-25
-22
-25
-23
-18
-20
-21
-18
-13
-19
-26
-23
-28
-34
-41
-55
-60
-49
-39
-35
-19
-16
-33
-39
-34
-31
-34
-44
-55
-67
-79
-87
-71
-45
-18
7
23
44
56
87
131
217
310
362
396
432
432
384
319
255
174
56
-57
-138
-198
-271
-324
-317
-265
-218
-168
-73
6
28
17
14
7
-33
-86
-99
-114
-138
-170
-200
-215
-255
-313
-355
-351
-355
-392
-424
-416
-438
-474
-492
-437
-373
-320
-303
-273
-250
-151
250
850
1498
1981
2347
2400
2155
1771
1428
1025
485
-206
-789
-1185
-1452
-1585
-1495
-1220
-818
-394
65
560
772
696
558
573
524
463
409
431
364
260
236
208
42
-322
-742
-1050
-1214
-1419
-1570
-1492
-1247
-1079
-889
-646
-485
-591
-707
-701
-640
-629
-629
-548
-292
34
327
544
663
435
279
754
1661
2496
3189
3808
3843
3240
2468
2037
1469
481
-701
-1540
-2084
-2479
-2595
-2213
-1580
-975
-398
414
1150
1331
917
542
387
273
208
256
387
345
243
183
141
-193
-853
-1733
-2276
-2490
-2504
-2454
-2076
-1564
-1226
-943
-542
-166
-149
-335
-514
-531
-586
-723
-812
-712
-511
-285
-162
-172
-377
79
1323
2970
4447
5587
6094
5473
4109
2861
1900
566
-1223
-2963
-3876
-4343
-4379
-3856
-2831
-1800
-963
39
1322
2140
2018
1268
736
483
335
457
829
1036
739
460
450
286
-522
-1569
-2357
-2705
-2854
-2765
-2322
-1659
-1242
-1022
-605
-46
129
-159
-419
-388
-336
-382
-344
-170
-60
-119
-167
-101
-316
-435
420
2002
3633
4979
6140
6231
5072
3441
2287
1099
-495
-2419
-3805
-4468
-4698
-4505
-3525
-2023
-754
170
1180
2268
2635
2120
1407
1134
936
822
805
1072
927
424
-150
-458
-819
-1676
-2417
-2737
-2675
-2555
-2223
-1506
-648
-259
-33
215
428
232
-198
-505
-682
-908
-990
-876
-502
-227
-282
-475
-659
-1043
-808
679
2713
4529
5838
6806
6482
4880
2925
1512
-13
-1868
-3863
-4835
-5088
-4980
-4466
-3170
-1464
-89
919
1997
2949
2977
2174
1268
980
843
717
665
878
644
51
-616
-1118
-1730
-2586
-3196
-3185
-2709
-2207
-1715
-933
-126
194
361
587
635
163
-386
-793
-937
-1062
-1070
-913
-544
-279
-308
-441
-687
-1240
-1157
399
2752
4893
6304
7122
6493
4634
2464
963
-478
-2174
-4089
-5144
-5313
-4888
-4105
-2737
-1039
385
1482
2532
3432
3418
2546
1408
910
665
613
483
545
298
-277
-838
-1191
-1741
-2446
-2985
-2948
-2395
-1800
-1154
-432
237
549
802
883
806
270
-325
-842
-1097
-1317
-1419
-1344
-1152
-935
-748
-725
-871
-1329
-1036
803
3260
5327
6747
7495
6678
4418
2095
671
-756
-2639
-4531
-5361
-5335
-4930
-4173
-2554
-671
654
1609
2856
4003
4061
3010
1918
1402
1005
569
386
469
106
-674
-1365
-1651
-1982
-2596
-3120
-2945
-2360
-1751
-1171
-351
389
616
592
750
833
399
-241
-740
-951
-1225
-1524
-1573
-1329
-1139
-1010
-925
-879
-1240
-1050
786
3389
5804
7278
7905
6957
4467
1726
-69
-1491
-3203
-5119
-6020
-5725
-4970
-3941
-2308
-295
1198
2108
3225
4458
4580
3333
1709
831
282
-116
-266
-105
-359
-1168
-1870
-2026
-2029
-2322
-2690
-2408
-1641
-920
-325
419
1089
1044
580
451
527
79
-699
-1201
-1393
-1659
-1940
-1861
-1458
-1215
-1163
-1015
-692
-761
-956
343
2893
5489
7049
7866
7490
5332
2133
-358
-1866
-3317
-5001
-6174
-5898
-5001
-3946
-2608
-663
1057
2061
2864
4159
4857
4185
2595
1358
702
90
-371
-459
-486
-1145
-1977
-2348
-2101
-2053
-2359
-2206
-1429
-553
10
611
1330
1503
886
441
508
347
-405
-1082
-1275
-1228
-1426
-1512
-1234
-951
-1038
-1149
-935
-670
-905
-913
1013
3865
6269
7444
7833
6826
3916
412
-1767
-2895
-4129
-5671
-6266
-5567
-4585
-3458
-1914
59
1504
2276
3153
4437
4884
3868
2139
954
205
-569
-1203
-1242
-1373
-2073
-2711
-2590
-1882
-1765
-1881
-1334
-307
390
616
1091
1605
1261
433
181
265
-71
-784
-1148
-1038
-1029
-1200
-1058
-622
-528
-854
-953
-752
-719
-1091
-263
2251
4937
6700
7536
7696
5899
2380
-884
-2423
-3416
-4740
-5969
-5799
-4857
-3982
-2939
-1175
793
1992
2702
3785
4887
4626
3082
1363
306
-625
-1391
-1769
-1702
-1920
-2403
-2495
-1911
-1217
-1097
-1023
-489
155
335
533
957
1103
413
-331
-427
-387
-681
-1130
-1158
-919
-942
-1022
-782
-506
-616
-917
-868
-580
-582
-646
718
3408
5989
7389
7750
7025
4368
472
-2320
-3354
-3999
-5121
-5918
-5376
-4244
-3146
-1878
39
1875
2846
3475
4574
5267
4507
2582
908
-214
-1130
-1949
-2337
-2285
-2482
-2669
-2258
-1245
-453
-364
-227
219
439
263
274
586
441
-198
-562
-473
-504
-937
-1322
-1211
-1002
-1006
-994
-633
-380
-624
-858
-699
-496
-738
-866
935
3902
6223
7239
7472
6445
3280
-701
-2978
-3559
-4158
-5251
-5623
-4785
-3783
-2928
-1555
636
2457
3268
3911
4962
5237
3982
1920
398
-704
-1753
-2536
-2533
-2255
-2497
-2690
-2068
-844
-177
-187
-38
394
384
63
183
764
645
-218
-636
-454
-372
-872
-1219
-1022
-812
-958
-912
-536
-299
-711
-1054
-801
-384
-563
-560
1382
4134
6285
7181
7432
6047
2587
-1378
-3289
-3601
-3818
-4503
-4659
-3984
-3364
-2635
-1209
999
2647
3335
3837
4678
4693
3347
1177
-532
-1856
-2855
-3216
-2609
-1797
-1721
-1795
-1303
-287
195
152
262
501
162
-334
-200
332
139
-528
-802
-602
-537
-746
-738
-446
-261
-477
-489
-221
-51
-436
-655
-548
-420
-747
-397
1838
4544
6404
7055
7076
5478
2040
-1516
-3008
-3461
-4078
-4964
-4888
-4115
-3379
-2529
-1018
1045
2497
3185
3826
4726
4464
2734
514
-1162
-2423
-3121
-3127
-2379
-1737
-1587
-1473
-832
51
283
164
227
303
67
-163
-5
69
-472
-984
-1056
-730
-580
-706
-669
-359
-128
-124
31
219
77
-505
-737
-638
-608
-1002
-928
988
3656
5844
6899
7095
5665
2251
-1419
-3207
-3417
-3483
-3981
-4143
-3652
-3093
-2564
-1442
422
1960
2743
3445
4298
4260
2841
691
-1083
-2201
-2611
-2409
-1619
-906
-721
-794
-576
-117
7
-344
-690
-726
-713
-662
-373
67
-36
-482
-693
-364
-114
-150
-132
106
326
178
20
7
-45
-446
-784
-803
-591
-1088
-1120
788
3656
5930
6831
6956
5368
1916
-1749
-3244
-3124
-2980
-3550
-3798
-3419
-2905
-2470
-1488
271
1750
2533
3210
4107
4089
2588
332
-1423
-2434
-2658
-2333
-1282
-388
-119
-167
13
340
188
-421
-753
-606
-525
-507
-315
12
-319
-900
-1004
-459
-123
-69
-19
238
335
154
-75
-222
-416
-986
-1367
-1286
-1063
-1392
-913
1454
4292
6311
7018
6820
4924
1279
-2047
-3150
-2969
-2988
-3677
-3870
-3449
-3083
-2643
-1418
522
2007
2711
3538
4442
4175
2439
322
-1054
-1797
-1957
-1522
-619
-184
-533
-871
-786
-547
-780
-1184
-1155
-853
-658
-547
-180
73
-360
-894
-790
-219
23
-49
119
427
377
-69
-398
-633
-958
-1465
-1594
-1380
-1279
-1589
-905
1629
4435
6372
6909
6510
4302
656
-2330
-3051
-2625
-2599
-3173
-3296
-2969
-2775
-2374
-1212
546
1870
2774
3812
4666
4209
2450
319
-1082
-1749
-1798
-1163
-194
109
-341
-759
-847
-641
-885
-1124
-995
-629
-438
-332
-22
156
-294
-892
-747
-160
98
63
173
334
237
-263
-590
-782
-1056
-1630
-1843
-1584
-1309
-1467
-666
1885
4571
6223
6630
6163
4070
620
-2251
-2816
-2407
-2446
-2943
-3027
-2789
-2780
-2615
-1519
261
1730
2692
3786
4646
4195
2441
480
-747
-1388
-1422
-845
5
175
-383
-981
-1202
-1074
-1101
-1132
-712
-286
-134
32
263
341
-73
-542
-478
-139
-94
-126
-4
180
-8
-502
-765
-994
-1399
-1875
-1855
-1483
-1179
-1319
-630
1618
4023
5722
6264
5890
3901
450
-2358
-2926
-2376
-2058
-2299
-2548
-2699
-3027
-3013
-2073
-341
1208
2308
3485
4331
3948
2393
621
-733
-1508
-1334
-483
314
366
-218
-840
-1312
-1457
-1467
-1287
-802
-322
64
440
681
407
-228
-694
-683
-428
-169
124
419
451
82
-451
-771
-1077
-1340
-1485
-1178
-922
-747
-971
-649
1295
3519
5202
5802
5751
4112
827
-2077
-2643
-2099
-1915
-2241
-2353
-2301
-2710
-3013
-2242
-517
1088
2224
3390
4438
4170
2591
762
-418
-1196
-1313
-652
315
604
28
-560
-905
-1192
-1457
-1329
-780
-188
47
303
623
468
-208
-836
-917
-664
-556
-238
244
443
115
-458
-749
-996
-1252
-1478
-1354
-1112
-1071
-1358
-1167
727
3003
4890
5797
5780
4180
1129
-1552
-2134
-1586
-1177
-1337
-1786
-2324
-3132
-3468
-2824
-1251
368
1775
3154
4211
3973
2627
843
-380
-1000
-789
116
984
1004
179
-712
-1371
-1818
-1980
-1698
-1183
-496
-130
210
279
112
-419
-856
-817
-315
17
356
614
474
95
-512
-835
-979
-1079
-1189
-1112
-1033
-1132
-1412
-1658
-498
1627
3926
5424
5785
4970
2572
-215
-1554
-1154
-548
-591
-1254
-1969
-2937
-3634
-3616
-2514
-917
677
2153
3528
3976
3126
1612
177
-590
-556
293
1174
1453
867
-93
-968
-1619
-2058
-1967
-1649
-1145
-597
-204
106
57
-419
-774
-783
-423
22
375
748
781
427
-119
-618
-995
-1173
-1297
-1202
-1012
-1026
-1135
-1660
-1392
427
2782
4814
5713
5614
3878
1013
-1105
-1173
-562
-313
-805
-1531
-2558
-3713
-4316
-3705
-2053
-214
1458
3081
4079
3562
2077
653
50
122
817
1690
2114
1499
286
-848
-1688
-2232
-2535
-2266
-1488
-780
-282
178
258
-160
-749
-700
-24
513
959
1337
1267
742
-205
-827
-1051
-1206
-1246
-1095
-950
-966
-1384
-1861
-2461
-1710
515
3184
5324
6070
5445
3291
706
-843
-547
2
210
-420
-1494
-2881
-4113
-4710
-4132
-2646
-759
1259
2985
3669
3052
1751
560
202
499
1290
1960
2071
1383
223
-1034
-2109
-2844
-3157
-2738
-1836
-970
-435
-390
-473
-718
-804
-376
322
932
1312
1295
1054
556
-134
-749
-1137
-1221
-1081
-993
-977
-1028
-1500
-2069
-2479
-1128
1427
4043
5678
5926
4905
2732
341
-602
184
777
645
-317
-1540
-3134
-4562
-5010
-4035
-2329
-283
1882
3565
3907
2981
1744
1025
1033
1388
2021
2472
2205
1108
-184
-1441
-2502
-3186
-3367
-2547
-1555
-752
-380
-552
-731
-868
-633
96
936
1546
1884
1777
1408
642
-342
-1213
-1684
-1748
-1514
-1306
-1207
-1395
-1949
-2347
-2619
-1346
1293
3983
5629
5780
4850
2944
777
-211
445
1016
865
-182
-1422
-2967
-4368
-5092
-4477
-2798
-693
1440
3073
3543
2780
1712
1057
1000
1258
1781
2141
1985
1001
-209
-1355
-2342
-3022
-3127
-2437
-1582
-1029
-938
-1061
-1151
-1040
-634
148
1014
1478
1610
1492
1070
337
-601
-1296
-1699
-1806
-1741
-1542
-1445
-1561
-1883
-2146
-2357
-1819
459
3024
5076
5537
4913
3426
1539
343
733
1565
1672
835
-683
-2405
-4102
-5244
-5010
-3242
-907
1328
2931
3532
2886
1679
735
791
1278
1944
2541
2514
1730
491
-783
-1982
-2627
-2804
-2257
-1491
-1019
-937
-1315
-1549
-1465
-948
-164
795
1462
1741
1587
1118
325
-520
-1301
-1505
-1383
-1056
-776
-894
-1284
-1803
-2275
-2406
-2309
-1089
1511
3844
5139
4903
4097
2623
1088
522
1362
2127
1743
463
-1107
-2754
-4198
-4672
-3534
-1460
485
2081
3060
2839
1499
214
-273
178
945
1892
2531
2400
1370
195
-921
-1678
-2118
-2154
-1690
-1062
-833
-1133
-1518
-1668
-1414
-993
-170
841
1545
1494
1060
301
-450
-1242
-1588
-1383
-1110
-880
-891
-1076
-1391
-1825
-2236
-2106
-1908
-656
1759
3884
4868
4369
3412
2248
1172
836
1834
2537
2153
727
-888
-2364
-3433
-3600
-2754
-1161
249
1348
1796
1355
246
-642
-873
-77
1064
2142
2696
2571
1661
632
-364
-1133
-1511
-1704
-1512
-1306
-1140
-1469
-1847
-2046
-1695
-1092
-400
379
818
704
418
-106
-649
-1021
-1211
-1151
-1144
-1051
-1022
-1102
-1338
-1514
-1793
-1718
-1607
-747
1370
3160
3910
3418
2610
1658
755
600
1706
2575
2305
1199
-76
-1296
-2225
-2382
-1751
-626
282
1013
1495
1240
165
-785
-1031
-376
767
1973
2779
2825
1894
830
-36
-726
-971
-1024
-871
-570
-632
-919
-1357
-1775
-1670
-1280
-561
205
678
744
545
23
-500
-946
-1219
-1054
-850
-769
-698
-780
-873
-1133
-1249
-1115
-856
-687
340
1955
3003
3038
2241
1596
1071
973
1764
3081
3308
2169
336
-950
-1725
-1940
-1713
-1016
-267
182
502
413
-274
-1291
-1839
-1308
125
1615
2514
2585
1806
737
-62
-549
-704
-788
-729
-558
-584
-682
-1073
-1641
-1821
-1672
-1087
-536
-102
9
-351
-960
-1582
-1846
-1663
-1242
-785
-363
-179
-119
-243
-397
-532
-689
-878
-883
-930
-402
889
1886
2372
2037
1906
1872
1821
1983
2518
2583
1980
990
159
-322
-552
-612
-605
-319
-188
-148
-350
-756
-1128
-1017
-309
746
1583
1886
1582
842
37
-261
-232
-153
63
172
189
-78
-542
-1073
-1372
-1274
-797
-372
-365
-662
-1148
-1507
-1579
-1417
-1186
-893
-541
-174
7
-99
-415
-816
-1031
-983
-657
-493
-453
-692
-396
968
2027
2616
2451
2063
1620
1143
1351
2413
3024
2677
1777
864
78
-559
-902
-932
-914
-1087
-989
-602
-408
-497
-508
-210
232
416
543
594
413
173
331
616
807
686
345
18
-458
-803
-1008
-1052
-909
-1037
-1317
-1721
-2077
-2001
-1708
-1248
-747
-609
-505
-306
-211
-264
-679
-1069
-1000
-669
-129
327
346
9
-357
-635
-212
873
1632
2028
1994
2030
1915
1643
1933
2779
3178
2699
1715
634
-304
-893
-1074
-888
-429
-236
-163
-93
-259
-773
-1227
-1303
-857
-199
366
797
958
892
836
733
610
346
-53
-267
-472
-755
-1102
-1393
-1330
-1234
-1228
-1230
-1237
-1134
-870
-636
-527
-724
-1124
-1338
-1323
-1140
-832
-476
-81
203
211
45
-276
-714
-992
-1179
-578
930
2049
2757
2656
2281
1733
1246
1635
2709
3095
2269
944
-213
-792
-888
-476
-84
-10
-485
-778
-785
-955
-1287
-1336
-782
137
823
1168
1221
890
403
179
292
308
158
-101
-84
-183
-231
-235
-469
-500
-728
-796
-854
-982
-983
-1102
-1373
-1595
-1714
-1456
-782
-201
184
217
-31
-262
-281
-400
-475
-502
-474
-405
-376
-240
791
1807
2208
2189
1729
1422
1150
1427
2606
3476
2999
1802
478
-379
-659
-515
-206
-142
-491
-838
-831
-818
-999
-1077
-840
-350
-8
101
150
-133
-559
-647
-249
190
487
499
445
263
-261
-636
-783
-732
-728
-920
-1038
-1140
-1205
-1106
-927
-809
-888
-925
-772
-422
-257
-487
-766
-904
-777
-421
-46
145
85
-177
-578
-755
-882
-179
1160
2084
2479
2145
1815
1572
1575
2353
3343
3140
1847
404
-465
-615
-333
117
272
-10
-519
-638
-550
-651
-905
-964
-804
-560
-326
79
376
494
530
593
543
181
-124
-365
-445
-481
-597
-634
-518
-320
-304
-380
-571
-606
-552
-540
-623
-933
-1182
-1275
-1008
-475
-2
104
-57
-262
-456
-576
-673
-711
-737
-859
-744
-540
-288
770
1761
2234
2100
1640
1580
1649
2027
2862
3245
2433
1049
-41
-327
-49
279
443
331
-298
-994
-1222
-1165
-980
-745
-364
57
240
84
-105
-240
-447
-561
-535
-435
-229
-217
-124
-4
-147
-420
-512
-255
-92
-251
-627
-776
-850
-946
-795
-582
-606
-660
-746
-616
-493
-700
-991
-1222
-1168
-990
-769
-648
-624
-723
-811
-722
-584
-511
368
1681
2410
2427
1941
1617
1480
1562
2426
3162
2796
1644
604
215
355
546
632
613
271
-112
-91
199
225
-70
-414
-704
-989
-1237
-1031
-585
-331
-257
-195
-271
-474
-661
-680
-512
-368
-413
-480
-381
-148
-12
211
238
64
-327
-575
-435
-598
-899
-1077
-1100
-1033
-946
-876
-745
-904
-1171
-1228
-1007
-725
-592
-415
-279
-265
-335
-286
282
1351
1912
2043
1642
1274
1344
1715
2300
2932
2842
1929
1148
785
1039
1421
1388
1008
387
-328
-599
-303
-110
-96
-383
-651
-751
-912
-943
-977
-1202
-1455
-1491
-1307
-1132
-791
-464
-57
292
340
344
136
194
223
99
-61
-367
-495
-559
-563
-617
-874
-1166
-1241
-1027
-627
-394
-493
-700
-805
-702
-584
-506
-484
-503
-556
-408
-415
-436
-534
78
1348
2119
2273
1855
1741
1848
2072
2556
3000
2494
1452
666
562
969
1372
1495
1174
627
10
-299
-358
-456
-822
-1309
-1653
-1802
-1894
-1776
-1483
-1157
-979
-909
-826
-883
-837
-777
-500
-242
-111
-175
-44
176
201
125
-163
-292
-340
-240
11
119
-52
-296
-706
-853
-916
-897
-770
-717
-805
-978
-1070
-859
-485
-138
211
421
319
267
126
305
1114
1407
1426
1183
1059
1249
1521
2097
2839
2854
2042
1087
687
852
1283
1491
1215
710
88
-173
-57
62
-265
-795
-1306
-1550
-1615
-1736
-1614
-1502
-1531
-1465
-1319
-1173
-870
-615
-213
-11
-117
-136
48
404
838
925
573
306
-98
-161
-63
-154
-212
-541
-766
-601
-373
-77
90
71
129
29
-75
-172
-284
-413
-438
-605
-720
-840
-834
-680
-320
667
1200
1229
854
664
836
1190
1796
2598
2852
2268
1575
1111
1052
1260
1359
1076
352
-376
-695
-648
-673
-959
-1433
-1908
-2142
-2030
-1739
-1456
-1388
-1357
-1239
-988
-884
-701
-486
-301
-104
-147
-287
-540
-545
-423
-117
31
55
222
401
881
1117
1037
786
405
181
268
312
353
93
-286
-579
-916
-1093
-1069
-936
-925
-899
-966
-990
-1041
-882
-625
173
1156
1555
1565
1282
1348
1537
1839
2253
2575
2150
1470
1054
1069
1227
1344
1102
544
80
-250
-134
17
-29
-259
-665
-963
-1041
-1137
-1201
-1175
-1186
-1258
-1412
-1498
-1540
-1366
-1160
-889
-633
-422
-112
325
768
1001
829
548
683
1042
1398
1449
1143
885
543
243
133
-85
-548
-1027
-1268
-1189
-1213
-1276
-1257
-1106
-758
-543
-538
-619
-672
-684
-466
-311
332
836
869
723
548
770
1011
1233
1684
2079
1705
1174
838
999
1364
1646
1664
1315
867
551
560
467
-11
-605
-1283
-1655
-1732
-1688
-1644
-1718
-1909
-1929
-1648
-1321
-1203
-945
-800
-601
-393
-11
401
749
1012
1141
995
676
362
262
264
226
42
-94
-243
-338
-223
-155
-103
-220
-394
-627
-847
-948
-880
-738
-697
-802
-1048
-1234
-1292
-1301
-1107
-974
-549
369
898
1046
815
706
886
1222
1863
2664
2733
2077
1328
1226
1471
1733
1763
1510
1012
551
497
634
488
-15
-635
-972
-1016
-933
-894
-965
-1109
-1165
-1009
-751
-583
-484
-493
-444
-388
-395
-330
-292
-119
131
313
297
276
317
516
726
671
430
97
-120
-159
-173
-83
-172
-602
-1037
-1258
-1259
-1089
-924
-861
-837
-958
-1056
-1047
-925
-835
-763
-837
-583
143
731
901
672
642
839
1102
1591
2362
2502
1958
1334
1225
1469
1725
1699
1446
1046
690
575
669
642
338
-218
-664
-811
-906
-1002
-978
-999
-1104
-1076
-943
-863
-776
-677
-566
-473
-412
-319
-281
-191
-176
-190
-308
-471
-514
-271
32
104
-77
-162
-103
-132
-87
5
-78
-461
-814
-925
-809
-732
-854
-1042
-1136
-1148
-1036
-779
-502
-428
-558
-779
-668
95
731
1045
897
746
881
1102
1618
2299
2477
1981
1299
1169
1392
1640
1623
1394
924
502
475
678
747
503
72
-351
-570
-638
-669
-628
-666
-888
-1064
-1221
-1193
-1114
-994
-867
-868
-943
-850
-701
-394
-125
-40
-179
-256
-174
-52
156
276
138
-159
-253
-155
-11
69
46
-140
-311
-307
-176
-88
-166
-392
-646
-656
-519
-280
-49
66
-118
-307
-423
-96
653
1091
1092
756
588
654
986
1577
2152
2050
1550
1031
1012
1271
1593
1657
1433
1005
614
431
532
485
232
-177
-523
-767
-904
-901
-752
-790
-986
-1093
-1116
-1093
-1067
-1023
-1045
-1144
-1251
-1202
-1097
-909
-808
-798
-706
-556
-438
-346
-289
-140
-235
-445
-492
-322
-148
-103
-161
-171
-256
-277
-156
45
136
36
-149
-189
-136
-12
101
86
-135
-434
-610
-464
295
945
1087
747
445
502
736
1026
1487
1606
1193
582
387
672
1183
1566
1641
1443
1119
909
964
1047
847
403
-134
-376
-449
-444
-511
-713
-1020
-1184
-1104
-937
-939
-1097
-1223
-1204
-1209
-1210
-1255
-1245
-1113
-972
-815
-693
-720
-641
-419
-102
-12
-57
13
272
475
609
641
479
357
404
589
650
504
291
197
248
396
353
126
-176
-361
-485
-512
-617
-415
93
410
425
269
329
375
508
988
1569
1542
1077
711
873
1197
1453
1507
1459
1258
1056
973
1038
899
566
235
82
-71
-328
-640
-875
-986
-1082
-1143
-1258
-1504
-1777
-1919
-1874
-1802
-1850
-1881
-1702
-1218
-814
-601
-465
-358
-230
-29
327
526
420
353
497
726
779
673
457
385
386
394
325
292
175
57
-12
63
-8
-311
-453
-289
-231
-488
-739
-890
-614
-204
126
84
-253
-371
-160
268
942
1539
1517
1126
852
956
1284
1735
1877
1659
1159
835
733
804
727
508
-26
-506
-787
-928
-981
-969
-1046
-1184
-1144
-1062
-1060
-1096
-1042
-954
-907
-873
-835
-768
-575
-481
-493
-556
-495
-405
-266
-28
257
428
379
416
600
757
753
631
521
494
457
336
223
-30
-387
-627
-718
-697
-773
-860
-869
-823
-845
-840
-798
-647
-107
419
660
467
295
346
634
1113
1722
1868
1426
832
742
1093
1565
1785
1600
1252
985
909
992
1062
948
633
286
102
18
-79
-235
-377
-598
-773
-911
-1023
-1017
-956
-924
-872
-907
-920
-916
-816
-604
-476
-459
-409
-292
-96
48
172
188
66
-34
45
136
140
78
-57
-136
-216
-277
-325
-490
-694
-879
-912
-777
-680
-673
-686
-748
-855
-963
-950
-870
-429
123
441
311
35
-4
222
656
1237
1658
1493
1123
1010
1319
1669
1862
1759
1583
1341
1159
1031
993
857
682
471
331
96
-215
-452
-508
-587
-694
-824
-980
-1194
-1344
-1298
-1153
-1089
-1173
-1285
-1339
-1259
-1098
-871
-656
-474
-411
-361
-279
-160
-125
-78
-10
88
46
-22
-87
-53
-16
-60
-140
-206
-364
-399
-324
-259
-244
-288
-399
-470
-459
-318
-219
-161
-155
130
530
743
628
488
587
736
979
1484
2060
2105
1725
1359
1416
1682
2029
2222
2220
1865
1380
1039
978
1000
833
513
267
-5
-388
-705
-796
-822
-902
-984
-1108
-1324
-1510
-1510
-1290
-1104
-1118
-1330
-1488
-1382
-1146
-881
-746
-645
-779
-839
-689
-396
-238
-185
-95
-47
-75
-118
-170
-160
-159
-113
-76
-92
-248
-464
-535
-489
-382
-330
-288
-247
-174
-82
35
100
90
159
547
913
1056
846
696
726
875
1099
1562
1759
1502
1069
939
1166
1523
1758
1709
1388
987
692
567
563
474
301
45
-101
-342
-638
-944
-1053
-1094
-1094
-1092
-1154
-1372
-1560
-1536
-1341
-1204
-1255
-1405
-1428
-1180
-953
-850
-832
-876
-888
-784
-580
-469
-495
-463
-309
-116
29
67
8
-14
101
286
414
394
259
138
188
347
436
451
416
366
381
449
476
420
318
283
621
966
1077
811
522
462
585
783
1212
1492
1361
996
787
846
1014
1168
1237
1223
1061
823
634
514
356
227
90
27
-145
-464
-810
-947
-1007
-975
-940
-1044
-1297
-1518
-1624
-1512
-1356
-1292
-1278
-1299
-1291
-1278
-1199
-992
-711
-506
-411
-346
-322
-252
-84
88
284
423
404
302
305
465
617
690
694
589
501
399
318
232
112
9
-40
-10
67
19
-149
-278
-325
-121
261
502
494
304
218
288
448
740
1118
1245
1086
821
698
743
929
1136
1296
1292
1055
673
412
320
341
342
319
136
-201
-595
-864
-993
-1085
-1060
-1063
-1107
-1266
-1406
-1497
-1501
-1432
-1289
-1194
-1097
-1036
-996
-888
-678
-451
-311
-285
-194
-115
4
74
122
243
371
503
603
626
542
343
223
266
366
384
293
178
27
-59
-64
-25
-33
-122
-209
-326
-381
-368
-211
149
411
513
397
372
402
555
824
1235
1508
1464
1198
971
910
1019
1202
1352
1427
1358
1050
663
418
301
253
235
234
43
-352
-754
-1019
-1141
-1169
-1159
-1177
-1258
-1434
-1559
-1615
-1617
-1523
-1402
-1163
-943
-872
-847
-754
-603
-401
-145
95
263
258
182
209
295
392
453
473
505
498
409
331
280
224
134
48
-17
-93
-188
-261
-234
-164
-103
-112
-165
-258
-323
-362
-112
272
594
704
656
610
546
584
878
1331
1592
1544
1299
1130
1027
1041
1119
1214
1188
1004
682
415
129
-159
-386
-511
-542
-631
-873
-1201
-1479
-1602
-1544
-1420
-1289
-1272
-1353
-1430
-1414
-1324
-1195
-1033
-838
-600
-406
-276
-187
-165
-128
19
261
527
662
584
466
447
519
590
635
632
488
264
167
166
191
162
83
-14
-116
-222
-250
-206
-120
-40
59
88
96
77
65
227
569
862
946
937
912
866
797
877
1124
1292
1221
1045
903
745
631
628
691
731
637
361
53
-228
-466
-710
-822
-770
-801
-942
-1144
-1358
-1532
-1651
-1556
-1347
-1163
-1063
-1022
-1003
-981
-937
-885
-652
-346
-129
-53
-35
-36
-14
84
261
410
463
439
412
405
381
330
292
280
301
322
316
250
129
8
-44
-29
-58
-69
-61
-79
-75
-11
92
156
146
181
282
385
531
720
817
817
775
775
771
768
773
870
949
908
717
486
258
121
80
97
111
10
-231
-464
-633
-739
-889
-986
-978
-957
-968
-1063
-1149
-1243
-1274
-1201
-1089
-957
-890
-862
-756
-585
-421
-317
-167
-19
136
299
414
480
459
487
563
617
651
565
475
474
507
473
357
233
156
129
153
183
164
103
59
77
135
128
137
206
287
326
319
260
182
99
71
145
189
182
252
359
408
363
285
241
212
215
260
281
203
32
-109
-176
-216
-324
-408
-428
-352
-331
-372
-423
-502
-597
-614
-525
-411
-336
-305
-294
-334
-342
-250
-123
48
252
374
431
436
438
401
361
372
407
397
441
486
486
441
391
340
252
237
263
225
177
78
-101
-229
-258
-246
-214
-230
-264
-325
-397
-406
-327
-259
-233
-183
-125
-70
-29
-18
-42
-65
-93
-73
-28
-64
-160
-168
-133
-134
-146
-185
-218
-253
-291
-230
-161
-185
-242
-275
-229
-109
-30
22
72
163
259
328
361
343
285
263
297
390
430
407
364
294
290
303
283
266
242
206
159
127
55
-55
-146
-173
-209
-250
-264
-306
-371
-429
-484
-523
-484
-455
-452
-450
-440
-467
-527
-467
-346
-250
-187
-99
-5
53
70
48
28
-6
-11
35
102
76
-49
-181
-283
-319
-296
-265
-260
-294
-265
-298
-277
-209
-159
-131
-121
-65
21
97
215
374
500
559
606
692
789
887
966
1029
1042
1035
1039
1008
978
937
834
727
649
607
542
478
414
291
121
-33
-178
-300
-354
-347
-332
-346
-364
-380
-388
-393
-363
-348
-356
-383
-404
-370
-300
-253
-221
-182
-156
-128
-96
-91
-121
-173
-195
-202
-214
-239
-299
-380
-479
-560
-605
-630
-627
-613
-594
-580
-565
-571
-580
-572
-540
-457
-380
-308
-236
-213
-133
14
148
280
370
445
504
586
662
781
858
858
861
882
912
892
871
873
917
913
902
865
744
580
398
262
157
28
-75
-141
-211
-299
-343
-349
-337
-313
-321
-325
-310
-319
-371
-390
-357
-374
-402
-381
-340
-302
-303
-302
-308
-341
-348
-348
-363
-391
-428
-502
-557
-556
-559
-558
-541
-547
-530
-514
-531
-547
-591
-583
-519
-432
-369
-285
-237
-225
-131
-30
55
135
208
301
374
420
507
600
653
701
710
737
756
753
764
768
799
797
772
777
802
821
785
708
643
592
514
473
450
361
254
160
120
115
69
-3
-61
-91
-107
-111
-104
-120
-176
-182
-131
-74
-58
-95
-165
-251
-319
-333
-323
-338
-408
-494
-571
-644
-718
-753
-778
-771
-751
-737
-747
-750
-731
-709
-617
-548
-508
-516
-531
-449
-376
-311
-230
-167
-41
76
186
272
299
319
345
381
493
505
465
484
506
521
548
562
616
617
591
611
636
608
567
577
582
559
493
421
414
423
444
476
496
478
431
384
331
298
228
145
117
65
24
-54
-153
-224
-311
-368
-392
-460
-527
-578
-615
-662
-739
-805
-858
-872
-858
-808
-766
-739
-763
-765
-750
-729
-690
-641
-604
-590
-534
-443
-351
-266
-194
-67
52
131
214
306
317
311
328
370
419
411
407
424
477
471
455
427
413
412
428
446
429
396
410
433
494
570
613
608
577
538
526
496
438
472
495
478
471
411
360
329
269
248
189
124
91
63
23
-12
-44
-84
-113
-176
-228
-299
-394
-485
-556
-591
-620
-648
-677
-669
-659
-633
-607
-561
-571
-510
-425
-380
-353
-374
-374
-401
-424
-410
-338
-300
-268
-224
-213
-189
-180
-178
-172
-59
65
118
159
168
155
148
164
215
254
276
274
368
364
318
256
162
144
166
188
242
234
115
81
85
115
223
316
374
405
377
359
345
288
242
243
205
187
192
200
195
207
207
183
159
171
197
164
114
45
-51
-134
-182
-190
-177
-172
-171
-210
-245
-277
-306
-314
-284
-223
-247
-244
-228
-271
-264
-240
-206
-167
-190
-185
-140
-147
-106
-69
-80
-98
-141
-123
-114
-117
-77
-63
-40
11
72
128
126
90
74
65
46
50
57
55
34
65
39
-68
-94
-105
-166
-134
-101
-52
-9
-13
-63
-8
54
84
206
270
260
214
133
90
87
102
161
233
300
287
247
234
268
267
277
258
223
208
195
178
147
121
83
65
73
69
33
-14
-49
-86
-130
-128
-149
-143
-120
-91
-67
-93
-126
-145
-143
-160
-182
-196
-196
-243
-260
-247
-275
-232
-155
-96
-52
-24
-38
-65
-100
-65
-68
-96
-111
-158
-175
-177
-162
-126
-136
-136
-96
-98
-146
-178
-176
-181
-151
-132
-129
-110
-121
-162
-102
-30
19
60
57
119
170
176
193
223
213
221
241
290
325
347
391
456
459
433
359
336
343
324
322
309
279
212
140
106
82
26
-34
-67
-84
-100
-102
-119
-123
-131
-156
-171
-184
-202
-189
-171
-166
-187
-217
-275
-303
-298
-285
-239
-176
-138
-131
-141
-144
-175
-163
-145
-113
-112
-124
-167
-198
-189
-144
-103
-131
-97
-62
-67
-69
-20
33
43
37
73
71
77
76
112
150
141
117
108
123
197
265
277
293
340
389
399
432
482
483
436
442
442
417
386
364
357
332
288
268
238
173
113
87
83
35
-13
-34
-67
-125
-180
-221
-247
-279
-293
-307
-308
-314
-356
-383
-394
-406
-415
-419
-428
-383
-362
-346
-301
-322
-268
-283
-256
-270
-291
-301
-266
-230
-169
-145
-180
-177
-239
-206
-157
-135
-99
-76
-86
-63
-34
-5
-19
-29
6
37
63
129
181
191
214
241
260
260
248
236
269
323
338
368
400
410
433
456
462
454
410
405
446
433
408
372
317
228
170
115
58
15
-27
-13
4
-21
-66
-106
-170
-191
-214
-220
-250
-262
-269
-291
-321
-354
-372
-350
-292
-246
-220
-237
-284
-286
-215
-156
-76
9
4
-16
-66
-120
-126
-136
-80
-19
3
0
-28
-90
-96
-82
-55
-17
-44
-43
-46
-79
-70
-73
-48
64
70
109
130
123
127
104
85
154
118
102
163
189
204
218
211
205
227
253
296
296
257
205
166
115
145
168
171
148
65
4
-28
-52
-70
-60
-60
-76
-71
-114
-121
-154
-144
-116
-91
-36
-63
-83
-83
-103
-117
-57
-5
26
9
-13
-63
-148
-184
-163
-124
-109
-113
-143
-218
-262
-300
-222
-160
-147
-153
-172
-186
-193
-165
-175
-140
-137
-85
-76
-70
-34
-29
-31
-37
-2
-1
6
-6
45
99
115
116
159
196
250
297
310
331
292
237
238
251
251
269
315
345
322
296
287
249
216
198
165
152
131
113
69
40
25
-1
-29
-21
7
23
3
-48
-68
-92
-109
-154
-151
-212
-209
-224
-227
-206
-238
-268
-241
-199
-259
-240
-191
-146
-143
-146
-124
-134
-152
-146
-85
-67
-86
-74
-44
-19
-6
9
3
23
7
-3
10
54
73
83
64
68
68
57
70
119
130
134
139
130
152
160
139
146
116
40
16
25
85
87
116
121
63
51
44
70
86
75
77
55
11
31
37
-16
28
52
33
18
-10
-35
-104
-129
-121
-121
-140
-196
-231
-256
-255
-246
-210
-161
-170
-160
-92
-54
-36
-63
-108
-70
-65
-53
-36
-20
-24
-44
-52
-39
-30
-28
-11
0
54
77
50
6
-13
-6
-28
-25
-8
-26
-40
-51
-4
20
-5
-8
19
12
30
29
74
104
87
117
122
106
109
86
112
154
172
143
113
94
96
85
121
178
182
225
181
174
170
114
102
131
121
92
41
18
29
-5
5
40
30
-11
-25
-14
-17
-17
-22
-23
5
13
22
35
17
-20
-60
-76
-66
-81
-102
-96
-69
-29
-10
16
32
23
-17
-38
-55
-89
-84
-76
-103
-129
-111
-143
-103
-151
-161
-146
-182
-230
-222
-177
-126
-86
-72
-24
-28
-45
-61
-11
32
50
41
63
12
-38
-44
-47
2
45
45
44
51
51
64
60
83
95
73
65
82
52
54
59
73
47
15
-33
-106
-129
-131
-102
-31
30
11
2
-35
-52
-29
-7
60
84
112
105
51
71
86
27
33
39
20
29
17
48
76
28
-3
-40
-77
-108
-92
-47
-30
-27
-77
-135
-155
-114
-110
-114
-122
-154
-205
-228
-201
-119
-79
-38
2
6
-12
-23
10
87
114
133
156
158
109
107
116
154
157
142
136
177
205
192
198
185
166
186
165
152
152
93
110
110
103
119
110
56
29
33
10
34
62
65
28
20
9
-13
1
-15
-23
-40
-80
-104
-108
-55
-23
-31
-52
-105
-123
-146
-162
-128
-87
-65
-55
-61
-95
-120
-137
-151
-150
-161
-169
-203
-181
-137
-152
-137
-115
-79
-80
-65
-17
49
62
67
99
122
99
77
148
208
207
191
159
114
92
40
11
59
49
42
42
22
-4
-36
-36
-1
12
45
79
64
13
-58
-113
-91
-76
-48
-16
-22
-68
-111
-121
-111
-98
-54
-2
22
7
-36
-73
-79
-61
-70
-52
-31
-25
-93
-96
-77
-57
-50
-65
-48
-31
-74
-122
-99
-69
-67
-82
-98
-85
-80
-82
-36
18
47
-11
-25
-30
-42
10
62
105
144
167
165
210
209
225
220
198
224
233
216
181
209
193
175
147
136
122
116
83
72
51
11
-40
-57
-18
13
36
35
14
-4
-17
-9
6
-12
-1
36
37
9
21
-11
-18
-36
-85
-124
-112
-79
-79
-96
-95
-103
-139
-169
-181
-188
-215
-205
-138
-56
-68
-69
-122
-167
-207
-204
-134
-49
-31
2
49
6
-9
10
44
74
105
112
123
78
44
63
107
88
110
110
101
111
93
88
84
58
46
51
52
33
12
-9
-39
-24
13
51
47
35
12
6
-3
-60
-18
-10
-31
3
39
27
-12
-21
-41
-25
-32
5
26
26
10
-22
-60
-104
-102
-109
-87
-49
-63
-82
-89
-94
-109
-120
-110
-116
-119
-113
-92
-71
-72
-81
-56
-25
-18
-11
-20
-14
22
4
15
50
88
102
111
121
137
129
141
179
199
192
149
110
102
48
23
58
95
117
119
96
82
81
57
73
90
46
51
30
25
56
38
19
24
-5
-15
13
-7
49
57
20
27
23
-12
-26
-57
-67
-60
-54
-63
-74
-66
-52
-55
-59
-55
-89
-136
-146
-142
-166
-171
-147
-163
-168
-136
-121
-109
-102
-102
-108
-117
-109
-80
-56
-37
-30
-26
-58
-58
-63
-97
-78
-81
-85
-39
-19
22
39
-9
-11
-38
-50
-16
7
4
27
39
24
14
30
55
70
96
113
122
131
135
165
177
178
180
212
218
224
213
159
140
120
129
193
227
228
246
219
165
135
126
110
93
99
88
26
-23
-49
-71
-77
-68
-51
-59
-108
-162
-189
-190
-189
-159
-129
-137
-122
-132
-158
-151
-150
-124
-119
-117
-111
-141
-189
-218
-223
-213
-173
-139
-81
-39
-12
-58
-77
-74
-125
-108
-76
-52
-12
20
29
39
34
33
20
43
112
156
133
105
81
66
102
146
192
217
205
164
161
183
188
175
172
154
133
112
92
91
85
85
78
68
50
36
24
7
9
9
-24
-33
-41
-57
-43
-43
-61
-70
-57
-54
-40
-36
-65
-90
-93
-77
-71
-60
-52
-63
-68
-103
-129
-120
-114
-154
-158
-108
-96
-112
-87
-53
-58
-67
-65
-72
-77
-61
-53
-12
15
24
25
51
59
47
32
25
24
13
21
44
49
29
34
53
67
79
88
93
83
73
68
43
30
22
31
38
2
-38
-55
-60
-54
-26
12
26
40
56
56
49
55
53
71
75
59
64
58
40
17
5
-2
-2
-23
-7
23
54
64
49
33
7
-23
-34
8
15
6
-3
-10
-18
-32
-42
-71
-123
-174
-208
-205
-182
-133
-107
-115
-136
-159
-183
-187
-159
-114
-70
-36
-24
-69
-109
-120
-96
-81
-62
-40
-21
15
17
-7
-3
18
51
88
117
144
142
111
91
80
80
108
113
135
151
137
141
139
148
186
232
224
207
213
185
170
166
174
195
186
185
179
151
119
99
93
80
65
64
47
45
45
34
6
-15
-36
-46
-55
-74
-105
-128
-126
-158
-184
-226
-264
-274
-278
-255
-229
-189
-148
-142
-158
-165
-167
-186
-195
-166
-153
-143
-119
-116
-124
-113
-102
-97
-105
-127
-122
-112
-99
-68
-9
33
59
84
92
79
32
20
56
83
122
135
142
137
141
133
138
177
214
243
257
274
286
273
253
225
207
178
153
161
132
103
74
31
15
-3
-28
-27
-29
-37
-42
-54
-55
-59
-86
-114
-132
-154
-166
-164
-167
-168
-173
-192
-217
-234
-235
-210
-197
-166
-130
-112
-100
-108
-106
-110
-89
-61
-43
-12
9
8
-25
-36
-27
-24
16
35
34
12
-14
-15
-12
5
35
54
63
72
70
79
89
120
149
158
164
162
151
168
193
197
174
155
135
119
126
138
132
106
90
63
64
60
22
4
1
9
46
60
51
31
-14
-55
-74
-87
-94
-105
-116
-112
-118
-107
-89
-55
-42
-39
-65
-96
-112
-130
-136
-116
-96
-102
-89
-75
-83
-88
-88
-62
-45
-38
-12
13
21
15
1
-10
-13
-9
14
35
19
17
19
3
-4
-6
-1
6
32
55
78
95
76
57
46
52
45
49
59
70
67
68
77
79
89
101
110
102
97
72
16
-2
11
6
37
78
79
56
37
32
24
16
10
-6
-8
-15
-10
-3
-15
-13
-21
-17
-11
-26
-39
-49
-61
-54
-54
-70
-73
-71
-71
-88
-99
-107
-107
-110
-116
-117
-103
-96
-96
-80
-61
-72
-74
-95
-113
-126
-140
-152
-155
-141
-112
-82
-82
-57
-54
-56
-41
-30
-3
21
49
65
51
42
23
23
36
47
65
72
70
62
53
67
92
106
112
112
99
94
91
95
94
110
110
114
127
133
130
111
96
64
65
68
46
48
51
53
55
59
38
12
2
1
1
15
53
56
29
4
-7
-18
-31
-26
-10
7
17
14
2
-11
-27
-51
-64
-55
-64
-58
-56
-66
-89
-112
-100
-99
-73
-30
-10
-18
-22
-40
-51
-59
-58
-58
-54
-43
-35
-25
-30
-30
-30
-25
-17
-18
-28
-41
-56
-56
-24
0
36
72
79
95
118
104
106
111
107
87
71
75
73
73
79
70
53
32
18
32
41
38
30
20
7
0
-3
5
5
