SAMPLES:	7882
BITSPERSAMPLE:	16
CHANNELS:	1
SAMPLERATE:	16000
NORMALIZED:	FALSE
-5
58
7
58
-15
-13
-25
-34
26
-18
39
7
22
-37
-6
-83
-32
7
-14
21
-9
-98
77
-126
7
19
-90
74
-55
-69
-21
-28
-55
42
-89
1
-16
-135
7
-34
-66
11
-82
-14
-9
-44
-35
-20
11
14
-43
-11
13
-50
-10
-18
-30
35
-17
22
-38
30
-44
15
-7
-2
27
8
55
7
-26
-18
77
-51
53
24
-2
19
-4
-49
64
-78
110
-17
12
75
-71
61
-32
34
35
-1
31
15
-69
74
-13
22
51
22
-8
-52
40
18
-18
71
55
-19
81
-27
130
41
-49
149
-25
60
59
-39
26
116
15
92
77
36
126
-41
91
32
71
10
59
-14
52
28
60
34
46
50
-10
-18
51
40
-26
17
-4
-44
-9
-39
-29
6
-52
-3
-66
-54
-10
-80
-34
-24
-76
-56
-115
18
-78
-21
-49
-83
-66
-84
-77
-15
-47
-46
-12
-144
-21
-37
-75
-27
-26
-23
-45
-51
-17
-44
-82
48
-82
-5
13
-80
-17
-45
-15
-13
-55
11
8
-52
1
-6
-60
42
-31
-13
10
-50
114
-82
87
-2
45
13
34
29
14
33
-10
30
16
91
4
-7
14
76
-15
113
-35
67
-48
49
49
-13
58
-28
40
-19
38
2
24
52
-3
-45
90
-21
77
50
26
96
-18
-19
73
-92
75
30
26
36
-40
49
27
5
32
61
-49
102
-73
58
21
-16
36
-31
-16
-37
26
42
38
-31
124
-65
19
-15
-67
18
-94
33
-11
-29
-39
51
-72
40
-88
34
-86
15
24
-87
14
-71
-40
-34
-55
-5
-15
-35
-27
-1
-81
10
23
-39
12
39
-23
-41
11
-96
-11
-21
39
13
37
-8
2
-24
49
-40
56
17
36
57
-47
50
30
-11
63
58
-18
46
19
35
-31
86
-45
37
-21
73
-1
16
60
-36
95
-61
60
-7
-6
-42
41
-106
10
3
18
86
-24
-55
-51
-15
-59
35
-51
63
-67
-30
-106
-33
-40
-32
19
-85
-1
19
-73
-19
-9
-57
13
-26
-52
57
-53
-66
-16
-155
47
5
27
32
-74
-21
-17
-117
39
16
68
-27
-54
-33
72
-80
98
-9
31
103
-125
75
33
58
14
52
-39
85
-20
41
32
89
-13
122
-61
75
7
62
63
-14
54
4
90
-2
11
20
94
-28
29
39
39
75
-68
-20
78
-42
87
-4
19
58
37
12
18
32
12
-20
25
15
32
47
-53
115
-78
68
-83
49
5
91
-151
44
-75
-72
-44
-19
65
-80
-22
-19
-11
-7
-64
-32
-15
-114
-6
-91
-51
-15
-95
13
-74
-45
67
-116
-31
-27
-47
68
-8
-96
115
-95
-47
125
-135
94
-37
-50
112
-60
41
78
-53
17
7
-36
81
-46
-1
48
-89
57
-76
22
-31
-21
-22
-60
16
-117
35
61
-109
75
-60
-35
-22
-40
-51
91
-90
-46
55
-159
13
16
-23
68
-21
-40
12
-36
-13
36
-43
76
31
-37
92
-17
-117
200
-243
180
-61
81
192
-170
149
79
-53
100
86
-20
112
-95
75
1
-34
100
-43
93
25
26
11
14
63
147
-148
166
-89
17
-25
-2
38
-13
61
-9
25
12
119
-41
183
-104
60
-34
0
68
-60
55
133
-49
7
73
-117
114
-33
100
-33
18
21
5
-71
175
-14
120
-50
8
7
-133
-18
-10
34
-20
-8
-73
-68
-85
-61
-144
157
-17
-92
67
-176
-83
-54
-235
175
-48
-116
187
-234
-141
28
-217
151
56
-58
170
-204
-106
-117
-89
92
120
-15
43
-90
-34
-172
-28
85
-107
64
-16
-62
24
-103
-62
68
-87
70
38
-73
135
-172
12
-57
16
12
-15
8
46
-168
68
10
-31
150
-87
146
-41
-60
56
-41
-17
81
-42
118
81
-27
134
-128
66
-8
-106
196
-24
81
107
-13
14
30
-36
147
-36
179
64
-86
108
-45
35
15
61
220
3
-63
108
-47
126
33
-14
148
4
47
44
-91
179
-28
-1
162
25
95
-5
-28
2
9
0
169
-80
81
40
-90
41
-16
114
-53
79
-30
-8
-7
-94
-34
-32
-140
112
-51
-137
156
-286
-12
25
-236
86
7
-132
16
-139
-52
-126
-136
-53
152
-169
27
-101
-44
-167
56
-7
-63
147
-237
73
-93
64
-53
194
-140
150
-155
35
175
-131
168
-82
22
-22
24
24
24
-93
129
-120
-63
39
6
-59
27
-66
64
-128
-18
-45
-14
-57
39
-55
-104
64
-160
147
-146
33
-122
52
-43
4
15
72
-5
50
18
-143
180
-39
94
23
26
-53
95
-168
214
-61
13
90
16
-7
42
-36
95
104
-121
255
-88
130
-76
-113
74
-159
-31
190
-92
115
-27
-159
99
-133
29
14
8
37
-40
-80
2
-146
50
-34
-33
118
-40
-61
-33
-29
35
-94
18
66
-23
105
-76
71
38
-65
56
130
-59
133
-63
4
102
-19
90
59
133
89
36
56
89
20
101
101
92
50
155
59
-14
-28
123
98
79
130
99
38
50
35
-117
110
78
30
52
16
35
-51
-17
63
52
141
35
-24
107
-13
-73
51
-78
41
-8
-165
13
-67
-153
43
-268
-145
-9
-126
-291
-22
-165
-214
-167
-259
-49
-128
-271
-44
-134
-253
-51
-288
-128
9
-170
-203
-80
-262
-24
-249
-32
65
-147
-4
-95
-46
-120
11
-107
20
139
-12
15
20
-97
172
-23
76
331
-51
83
275
-238
206
171
-99
327
157
95
302
-1
171
181
3
235
198
91
176
14
21
29
-20
182
-12
143
246
9
144
127
49
91
129
182
153
100
80
42
-31
21
133
-43
-31
-4
-85
-30
-89
-87
-274
-115
33
-102
-26
-38
-172
-211
-84
-105
1
-58
32
-34
-182
-95
0
-100
99
108
-93
96
224
0
-5
39
-61
113
-42
152
280
-62
121
112
-184
142
103
30
264
46
49
-115
-204
64
4
115
325
-46
-17
-14
-57
-77
-10
93
47
-107
-36
-67
-290
-159
29
-153
-171
44
-215
-259
-226
-208
-252
-231
-216
-120
-383
-275
-146
-346
-272
-200
-295
-293
-192
-122
-137
-159
22
-120
-132
-38
-45
-91
23
-21
11
7
136
199
54
199
220
58
129
309
199
229
369
312
215
288
312
260
285
412
411
385
364
408
155
179
393
270
255
381
242
109
206
124
60
70
100
82
53
1
-18
-215
-238
-134
-212
-183
-94
-189
-283
-357
-393
-400
-376
-289
-303
-419
-342
-354
-476
-332
-256
-334
-204
-140
-176
-183
-229
-215
-238
-281
-114
-108
-130
36
-22
-48
99
218
263
329
409
430
477
579
695
741
838
834
740
806
837
836
906
900
885
701
446
313
121
64
101
38
-182
-377
-699
-1070
-1113
-1104
-1022
-874
-931
-1103
-1351
-1503
-1472
-1215
-970
-780
-736
-840
-1103
-1136
-1152
-921
-500
-238
-49
-158
-340
-736
-795
-915
245
1336
2064
2442
2210
1595
1064
779
1729
2745
3164
3638
2814
1733
633
134
219
806
1689
2499
1948
1073
-551
-1915
-2577
-2197
-1277
-464
-298
-833
-1973
-2846
-3021
-2704
-1834
-851
-101
-92
-382
-989
-1513
-1729
-823
-170
381
589
42
-900
-1642
-1925
-1710
-1306
-463
-409
-597
-1376
-1241
-370
521
1741
2434
2301
1910
1510
1495
2497
2894
3683
3444
3047
2337
1770
1444
1492
1576
2127
2214
1777
639
-814
-2005
-2537
-2303
-1796
-1423
-1640
-2374
-2937
-3349
-3232
-2499
-1754
-983
-549
-469
-775
-942
-1138
-498
118
646
865
539
-164
-674
-877
-896
-630
-316
-110
-416
-981
-1716
-834
261
1500
2254
2431
1845
1218
863
2022
3107
3833
4169
3676
2748
1826
1427
1461
1665
2281
2626
1977
1144
-594
-2017
-2795
-2675
-2115
-1631
-1853
-2360
-3560
-4062
-3872
-3555
-2785
-1891
-1420
-1221
-1299
-1255
-1269
-990
-67
434
704
666
292
-415
-634
-740
-658
-730
-362
-690
-968
-1661
-1395
3
1068
1902
2052
1599
942
716
1214
2948
3682
4256
3863
2965
1971
1528
1674
2183
2530
3032
2469
1397
155
-1384
-2179
-2398
-1850
-1469
-1654
-2316
-3272
-4255
-4084
-3583
-2608
-1650
-1121
-1114
-1219
-1169
-873
-443
586
1264
1265
1049
473
-98
-321
-34
274
360
81
-144
-932
-1452
-1814
-1173
620
1828
2313
1807
939
269
145
1240
3522
4330
4603
3700
2187
977
974
1720
2653
3288
3372
2241
717
-1045
-2199
-2504
-2168
-1271
-1210
-2035
-3085
-4380
-4801
-3989
-3021
-1951
-1433
-1482
-1860
-1973
-1706
-943
-111
933
1463
1224
740
238
-167
88
719
949
615
43
-802
-1566
-1682
-1599
-145
1541
2195
2026
1140
371
113
461
2458
4337
4612
4161
2482
1013
499
1348
2679
3345
3468
2768
873
-471
-1655
-2153
-1922
-1364
-1086
-1668
-2952
-4261
-4957
-4686
-3309
-2267
-1876
-1885
-2436
-2768
-2181
-1342
-180
635
1300
1138
485
-27
-202
-11
757
1239
936
83
-1062
-1589
-1869
-1059
-763
287
1510
1688
1187
615
321
632
1421
3101
4737
4396
3617
2281
1277
1320
2537
3635
3975
3298
2257
527
-276
-1025
-1241
-1141
-1078
-1494
-2384
-3585
-4237
-4579
-3880
-2869
-2324
-2324
-2514
-2658
-2389
-1458
-464
330
510
632
413
172
390
846
1187
1445
1257
474
-459
-1186
-1269
-906
-261
-544
-487
325
371
604
642
829
1142
1488
2414
3648
3531
3162
2365
1696
1882
2797
3386
3281
2728
1943
919
180
-132
-752
-1072
-1317
-1904
-2616
-3288
-3899
-3765
-3392
-2826
-2522
-2771
-2912
-2723
-2212
-1161
-389
53
38
94
300
202
779
1041
1069
1085
743
70
-566
-1008
-942
-704
-360
-753
-1468
-587
141
755
1017
946
768
799
1200
3007
3781
3641
3241
2308
1975
2469
3125
3374
3161
2589
1575
548
10
-690
-928
-1161
-1439
-2016
-2817
-3412
-3666
-3587
-3206
-2847
-2725
-2778
-2477
-2178
-1559
-876
-284
-141
59
426
400
707
1013
934
895
647
291
-233
-611
-991
-799
-588
-660
-1283
-1560
-442
266
689
799
623
323
531
1655
3320
3658
3410
2529
1813
1923
2749
3391
3461
2934
2119
1042
418
53
-365
-672
-1005
-1614
-2501
-3069
-3493
-3410
-2961
-2583
-2358
-2568
-2785
-2536
-2141
-1221
-332
62
28
99
240
183
655
889
934
939
478
-17
-521
-846
-989
-591
-456
-806
-1680
-2009
-908
95
1024
1183
805
309
461
1428
3032
3658
3699
2938
2256
2111
2564
3050
3233
3057
2334
1531
695
76
-316
-555
-716
-1294
-1964
-2449
-3004
-2942
-2554
-2468
-2190
-2401
-2505
-2292
-1812
-985
-175
207
11
99
113
132
699
982
1039
801
302
-159
-511
-727
-693
-570
-547
-995
-1584
-2234
-1135
143
882
975
457
-24
55
906
2484
3521
3401
2776
1814
1577
1962
2801
3147
3056
2307
1291
310
-96
-303
-400
-584
-1131
-1936
-2527
-3023
-2999
-2700
-2588
-2567
-2666
-2841
-2610
-2120
-1450
-714
-370
-474
-551
-247
-104
538
977
761
376
73
-236
-245
-203
-468
-777
-760
-962
-1067
-1537
-1242
-52
478
873
547
325
108
612
1682
2924
3283
2921
2056
1605
1766
2502
3280
3408
2791
1649
814
372
558
717
410
-361
-1393
-2148
-2279
-2325
-2064
-1965
-2139
-2208
-2300
-2231
-1908
-1339
-694
-96
84
-276
-341
-98
271
921
1032
775
491
387
294
404
212
-213
-410
-385
-653
-547
-1155
-1124
-286
375
643
646
298
94
489
1203
2326
2728
2520
1714
1195
1254
1968
2557
2611
1897
1137
492
363
534
326
-343
-1103
-1757
-2071
-2123
-2224
-2341
-2412
-2600
-2404
-2425
-2405
-2185
-1668
-1080
-724
-635
-844
-740
-397
10
379
434
386
470
373
365
226
93
-203
-113
-153
-111
-202
-546
-915
-459
265
791
961
842
612
553
1011
1638
2432
2450
2112
1322
1029
1187
1930
2419
2404
1785
1012
303
126
222
303
-15
-663
-1533
-1935
-2093
-2010
-1582
-1486
-1798
-1995
-2155
-1938
-1380
-854
-467
-377
-552
-699
-316
-9
399
709
656
481
473
340
294
397
245
198
187
58
-221
-301
-455
-493
-564
14
365
699
774
634
449
350
455
1015
1476
1516
1202
738
611
999
1553
1793
1343
731
74
66
319
390
117
-669
-1417
-1723
-1429
-1170
-1033
-1320
-1615
-1730
-1564
-1277
-1066
-1089
-967
-793
-587
-415
-302
-174
-70
136
292
381
376
460
543
533
468
283
82
-93
-9
128
181
151
68
-225
-311
89
310
649
550
162
-329
-267
49
972
1363
1223
611
113
179
839
1372
1389
1128
665
411
429
667
685
549
335
55
-218
-306
-510
-526
-561
-543
-675
-718
-848
-774
-582
-393
-352
-392
-528
-422
-200
4
234
238
88
64
93
64
146
67
-50
-106
-105
-190
-262
-436
-544
-590
-582
-719
-963
-1003
-738
-495
-312
-295
-613
-829
-625
-154
370
649
472
158
78
239
614
902
974
955
933
774
756
758
591
590
491
266
105
58
-43
-179
-261
-411
-486
-466
-371
-285
-210
-194
-247
-227
-170
-80
132
192
211
224
102
156
223
126
49
-74
-282
-379
-361
-467
-558
-525
-603
-700
-689
-733
-859
-719
-619
-391
-234
-157
-142
-2
137
342
587
694
939
1054
1041
919
877
870
1022
1275
1276
1116
905
672
658
675
809
758
563
362
189
175
198
163
74
-49
-224
-218
-191
-132
-126
-77
-130
-192
-277
-346
-373
-462
-527
-656
-810
-974
-1067
-1082
-1062
-1083
-1147
-1144
-1149
-1025
-877
-904
-964
-1038
-993
-745
-476
-269
-181
-206
-175
-88
96
175
251
339
333
396
430
442
453
420
444
334
485
577
584
616
621
605
540
599
706
756
829
738
670
645
726
818
717
676
421
309
276
211
173
-30
-221
-379
-534
-535
-513
-571
-686
-719
-748
-713
-617
-629
-657
-633
-550
-407
-240
-115
3
65
194
222
235
214
255
323
369
329
168
52
11
114
139
71
-35
-21
10
127
100
-19
-205
-322
-239
-66
64
54
123
245
392
522
505
393
288
247
327
372
260
37
-161
-186
-183
-133
-147
-230
-254
-289
-272
-239
-238
-226
-175
-112
-87
-71
-57
-14
148
305
377
375
311
252
279
342
402
320
141
-8
-105
-103
-110
-135
-136
-202
-268
-353
-356
-342
-306
-247
-269
-389
-506
-489
-402
-202
-96
-104
-186
-255
-204
-121
-99
-122
-239
-279
-312
-287
-278
-283
-281
-296
-285
-267
-214
-147
49
146
132
91
57
115
353
591
697
698
616
616
764
975
1015
1000
841
583
471
363
388
396
408
367
311
236
96
66
105
91
110
79
-80
-188
-242
-268
-299
-271
-273
-294
-296
-351
-430
-498
-571
-604
-620
-725
-846
-906
-916
-809
-634
-498
-454
-483
-487
-399
-280
-182
-85
-91
-130
-135
-69
7
122
294
412
471
554
656
704
744
731
636
521
491
475
494
437
273
91
-13
64
177
334
360
258
142
40
-11
-37
4
-17
-16
-80
-181
-254
-323
-314
-369
-427
-494
-462
-450
-444
-414
-384
-328
-230
-158
-126
-142
-108
-54
26
131
199
277
273
320
373
464
561
658
717
694
640
601
546
609
624
519
411
234
132
111
144
175
187
86
31
-9
-52
-56
-34
-66
-128
-180
-247
-346
-438
-492
-564
-564
-513
-492
-593
-745
-947
-1095
-1085
-1030
-918
-853
-807
-711
-546
-362
-207
-180
-304
-359
-258
-109
28
135
197
234
279
385
509
634
724
795
845
823
684
602
574
560
516
410
270
110
31
27
46
53
84
118
157
139
56
12
-18
-101
-206
-272
-276
-288
-321
-331
-365
-409
-400
-322
-158
-38
18
-43
-175
-326
-447
-478
-479
-430
-327
-210
-66
45
173
308
331
419
500
609
662
651
632
535
525
565
614
704
738
662
561
538
528
510
521
479
320
124
-62
-115
-100
-16
23
7
-99
-219
-266
-302
-292
-304
-298
-392
-412
-470
-532
-599
-656
-718
-694
-636
-621
-527
-476
-509
-501
-442
-407
-383
-409
-410
-379
-309
-220
-40
129
278
421
533
600
649
699
730
852
918
915
829
741
646
516
428
388
411
426
386
291
177
101
65
43
-5
-127
-270
-376
-444
-460
-454
-497
-573
-587
-565
-581
-617
-656
-676
-636
-640
-620
-580
-559
-596
-594
-580
-564
-485
-409
-398
-469
-557
-619
-567
-387
-122
63
197
288
329
361
390
489
631
716
729
669
597
591
610
673
741
711
598
469
436
467
475
452
407
282
110
31
-10
-23
12
48
37
-41
-191
-314
-376
-322
-259
-200
-140
-156
-162
-183
-135
-64
-12
10
21
0
-69
-125
-140
-198
-240
-211
-166
-93
-17
42
85
175
242
313
384
425
418
371
365
286
229
211
210
298
358
390
341
295
261
224
196
146
29
-150
-275
-374
-426
-449
-414
-440
-494
-516
-558
-547
-489
-368
-289
-305
-344
-413
-458
-420
-313
-193
-144
-148
-183
-167
-94
-43
-3
37
47
28
43
94
137
226
313
384
425
441
363
289
243
224
295
394
436
457
378
284
247
204
207
194
167
138
131
56
-66
-191
-266
-340
-360
-308
-289
-270
-316
-345
-357
-384
-401
-406
-410
-375
-322
-282
-184
-120
-64
-17
-21
0
25
29
23
-3
-52
-108
-71
24
103
147
181
227
233
265
289
235
187
166
174
214
234
225
168
158
186
232
243
223
152
35
-27
-55
-68
-99
-98
-106
-143
-181
-209
-249
-260
-211
-165
-142
-151
-175
-194
-193
-142
-84
1
96
132
101
33
45
39
70
115
137
117
90
65
83
110
85
109
143
147
158
144
123
105
95
131
170
169
125
106
85
111
154
165
141
123
61
-3
-67
-125
-198
-248
-295
-339
-318
-298
-228
-205
-143
-97
-89
-58
-77
-92
-115
-143
-135
-128
-88
-35
49
134
235
255
238
240
211
202
195
185
167
123
74
-1
-24
-23
-6
-3
12
13
34
71
104
122
75
43
16
28
48
63
48
23
-10
-54
-120
-150
-158
-215
-235
-228
-251
-256
-238
-250
-287
-306
-294
-281
-268
-232
-198
-192
-180
-169
-147
-83
-26
-19
10
56
104
80
82
121
122
161
226
299
362
322
203
145
116
112
166
250
304
303
292
262
201
149
181
217
259
304
277
203
155
128
113
117
66
21
-11
-59
-113
-158
-184
-193
-209
-225
-275
-317
-375
-457
-507
-493
-478
-436
-352
-284
-219
-189
-211
-250
-197
-115
-30
53
51
12
6
6
38
121
146
117
83
72
147
207
176
127
151
195
198
182
181
205
249
261
269
271
270
282
315
386
442
389
281
230
199
186
166
148
146
126
13
-124
-199
-239
-263
-233
-194
-152
-170
-240
-243
-242
-250
-286
-305
-256
-240
-233
-204
-197
-190
-183
-171
-173
-166
-132
-118
-137
-173
-241
-250
-216
-205
-149
-144
-134
-155
-174
-150
-103
-57
-65
-43
-86
-135
-72
-16
70
197
285
313
297
263
266
288
261
213
169
107
39
73
150
191
261
328
364
359
242
181
194
216
196
92
0
-53
-84
-93
-68
-9
-8
-21
-31
-69
-101
-175
-220
-240
-248
-248
-186
-95
-73
-90
-90
-109
-97
-49
-19
-26
-102
-172
-215
-214
-177
-114
-47
23
63
51
3
-21
-19
-47
-90
-67
28
110
183
222
213
191
236
263
271
230
203
234
300
314
290
238
165
138
195
294
342
305
270
264
238
201
160
129
104
108
101
43
-49
-89
-84
-83
-107
-123
-178
-223
-261
-276
-300
-309
-284
-242
-200
-178
-170
-174
-160
-131
-129
-151
-175
-205
-256
-263
-249
-244
-229
-186
-119
-48
20
32
7
-55
-74
-42
43
100
74
36
-10
-8
18
24
55
55
44
68
81
82
42
-11
-30
-2
17
31
52
64
112
144
124
83
14
-27
-31
1
21
-6
-63
-91
-67
-69
-82
-31
2
9
24
-26
-141
-188
-213
-209
-118
-58
-45
-33
6
18
44
16
91
132
-18
-99
-183
-289
-294
-198
-49
162
188
175
50
-90
-145
-50
52
179
262
240
175
122
38
-67
-63
-20
129
213
255
179
59
8
17
67
142
207
226
243
202
106
4
-103
-141
-142
-93
-25
-11
0
25
52
90
108
89
51
51
75
53
-1
-44
-95
-159
-204
-169
-204
-32
157
56
42
-56
-214
-243
-244
-50
200
162
247
202
42
58
41
118
282
326
372
409
342
225
125
91
111
162
208
171
91
-20
-144
-192
-226
-211
-95
-23
96
226
163
-33
-248
-488
-655
-646
-394
-131
67
78
-56
-254
-373
-415
-281
-74
87
141
35
-140
-358
-519
-534
-402
-161
109
240
213
66
-112
-258
-302
-190
-30
104
225
275
248
163
88
5
6
24
10
46
34
19
19
26
38
52
-11
-62
-97
-35
8
-8
-4
-84
-152
-216
-280
-265
-142
-46
112
199
223
230
148
92
61
54
106
111
127
146
194
172
174
187
252
349
426
430
368
245
176
137
127
170
178
189
165
214
254
276
238
212
220
209
195
213
180
159
86
-3
-76
-167
-181
-156
-107
-69
-28
-65
-82
-153
-200
-252
-273
-301
-288
-281
-280
-297
-303
-275
-283
-260
-208
-225
-261
-309
-334
-324
-310
-286
-261
-206
-198
-199
-204
-208
-259
-270
-266
-194
-191
-159
-151
-194
-173
-111
-62
-50
-19
-11
36
81
101
76
96
105
119
140
100
100
117
145
193
227
249
305
307
335
384
395
415
425
440
429
332
312
320
329
323
303
240
170
65
17
-8
-20
-6
-53
-56
-85
-154
-170
-195
-241
-228
-239
-209
-185
-203
-203
-248
-274
-224
-202
-155
-148
-117
9
48
196
222
211
162
34
-34
-54
15
101
139
179
170
161
107
63
138
187
254
320
325
312
275
216
198
186
174
185
240
235
233
171
86
-15
-92
-95
-92
-35
-58
-92
-127
-236
-280
-275
-296
-220
-196
-194
-204
-207
-285
-323
-296
-261
-224
-194
-146
-141
-189
-107
-101
-191
-230
-321
-307
-265
-198
-89
-114
-75
-101
-136
-59
-3
6
19
6
83
-15
-50
-5
4
70
11
73
59
66
107
53
152
101
70
12
-119
-5
26
-98
85
-20
-47
84
-75
-6
-11
-64
7
-136
-153
-9
-85
36
55
59
110
70
37
108
-51
86
-26
25
19
13
31
66
-86
9
45
-38
151
65
256
292
234
213
245
229
240
275
257
347
235
216
7
-15
-28
-79
65
8
112
38
-171
-44
-212
-206
-56
-111
-1
-49
-191
-210
-519
-319
-144
-261
124
-85
22
-42
-231
-111
-21
-189
87
-82
-222
-40
-239
-170
-217
-90
-6
192
55
104
65
-18
16
67
91
265
295
142
249
293
197
291
246
368
333
271
238
282
137
228
155
21
248
135
265
112
242
-68
-7
-113
-78
81
-3
285
114
96
-18
27
-367
-60
-299
22
75
-33
121
-128
-287
-153
-252
-79
-24
-150
-88
-495
-264
-214
-282
47
-68
-149
149
-297
103
158
-32
250
105
-84
203
-118
6
5
-173
-38
-59
-168
-21
29
-131
14
-42
-79
-54
-180
-181
-151
-165
-184
-174
-164
-220
-13
-245
-265
-54
-231
-333
-126
-114
-14
165
-84
382
-134
41
114
81
223
161
171
24
173
-131
122
135
236
1
104
126
-35
62
-33
206
-37
206
-39
157
-163
-98
30
-63
-81
178
-61
-78
-72
-262
-208
-85
-297
-27
-141
-34
15
65
-14
165
-160
-45
-21
-22
-72
-50
75
-44
56
208
-59
241
114
122
198
106
89
417
-69
296
365
-4
509
-31
72
216
-83
170
320
-10
382
244
84
222
70
138
163
99
98
234
-157
46
-73
-120
-128
-231
-122
-209
-250
-241
-190
-255
-293
-189
-157
-127
-234
38
-393
40
-329
-215
-44
-317
35
-146
-35
-77
23
-128
253
-80
269
184
116
213
178
246
162
214
248
206
197
371
60
323
219
53
180
143
-45
284
-18
130
123
62
-71
127
-168
87
-32
-206
-102
-143
-267
-281
-249
-302
-257
-292
-302
-402
-341
-346
-272
-160
-272
-89
-212
-403
-151
-256
-187
-155
-61
-188
-17
-87
-55
-14
-88
13
-24
13
197
191
184
293
80
137
103
39
205
144
177
115
16
143
43
-18
352
171
201
140
22
105
-166
48
-38
66
-81
-2
-47
-3
22
-95
33
-95
123
-74
-28
-165
-106
-333
-120
-179
19
82
140
88
78
174
34
59
76
66
85
105
31
159
26
132
168
157
269
241
246
146
109
63
36
67
102
138
177
249
126
148
109
-52
130
-277
39
-214
-236
-82
-157
-138
40
-233
-94
-146
-303
-86
-288
-250
-113
-355
-265
-245
-353
-145
-91
-198
-21
-48
-138
1
-139
-49
72
-144
101
5
53
7
152
97
99
163
183
35
79
108
67
95
78
167
-5
146
70
86
121
175
95
84
25
21
-36
-38
31
34
36
56
-12
75
-33
-29
62
-90
63
-53
-16
-40
73
-75
72
-108
127
49
49
173
73
4
-105
48
-56
32
183
47
153
193
-1
183
129
230
211
162
188
48
15
100
35
-32
-104
80
-195
118
-9
63
-43
-88
-96
-137
-201
-71
-94
-174
-72
-226
-184
-162
-82
-111
-71
-161
-48
-148
-117
-20
-46
7
-86
-57
-64
-27
-12
-104
46
-53
27
-135
50
-61
21
-17
63
186
-16
179
-23
8
109
23
124
81
97
89
66
-7
11
48
-21
2
-1
18
64
-15
-32
32
-160
-127
-147
-243
-145
-180
-174
-156
-250
-144
-99
-159
57
-103
25
-140
-96
-25
-47
126
60
131
105
-30
62
-65
-41
-7
36
28
-64
38
-22
-79
94
83
-57
156
-125
-1
-5
-18
62
90
-67
10
1
-99
123
20
96
122
41
-4
-29
-64
-77
-3
-53
79
-100
-17
-88
10
46
-22
106
29
83
148
48
53
41
23
-71
69
-22
105
26
88
150
20
99
117
126
172
97
96
174
77
169
131
195
138
160
136
123
162
100
183
120
94
139
23
139
-10
108
8
110
28
145
45
67
-12
32
-74
-67
25
-108
-25
-74
-92
-32
-184
-81
-44
-193
-94
-81
-205
-145
-219
-282
-114
-211
-263
-180
-192
-297
-134
-270
-147
-271
-299
-295
-367
-298
-310
-267
-206
-211
-178
-106
-284
-92
-121
-105
-58
-149
-14
-81
-66
-42
60
-2
251
99
146
241
26
254
127
126
132
164
75
197
203
153
319
187
274
309
70
218
144
65
100
108
71
56
143
15
141
175
153
119
177
7
154
60
7
98
-38
-62
93
-104
-58
86
-191
30
-98
23
29
97
-92
158
-46
16
63
-4
13
74
9
68
24
-1
66
141
147
81
102
-11
-34
35
-100
188
40
13
55
-1
5
24
10
17
115
15
51
84
-23
25
-25
-82
-71
-158
-99
-38
-15
-106
-76
-151
-136
-130
-111
-51
-14
-76
-135
-87
-251
-201
-196
-148
-201
-101
-181
19
-152
11
-34
-11
32
65
23
77
178
51
84
-95
49
-104
-14
-3
136
81
107
25
142
19
91
56
180
-66
73
14
46
95
127
49
128
-78
15
-32
-53
106
-97
91
-78
-34
-4
54
-54
76
-46
-50
-10
3
-63
29
-75
-137
27
-161
-2
-29
-88
-8
-128
47
-74
-36
6
11
14
-53
117
-28
-20
52
42
-30
40
13
18
-32
-111
34
-123
-68
-125
-136
-87
-146
-61
-69
-59
65
48
11
-33
39
-100
-104
-88
13
-143
40
-152
-120
-86
-234
32
-109
127
-44
128
-42
0
-87
-1
-71
-78
-31
-58
-24
-108
-106
-85
42
-19
132
125
6
273
11
211
91
59
81
52
45
164
147
22
313
-25
208
80
74
202
79
137
130
49
-20
34
3
25
217
-21
172
147
38
147
25
65
32
7
-34
77
13
36
60
-51
-104
128
-131
37
-40
-90
6
-69
-36
-41
30
-83
59
-127
-60
51
-158
128
16
87
183
-24
-1
14
-118
-7
57
-109
37
-58
-33
22
72
-65
80
-22
34
44
1
115
-49
-39
-60
-82
6
-142
-3
-117
-138
-42
-116
-213
-82
12
-54
50
-98
119
-156
18
-84
-147
-74
-141
-122
3
-79
-12
-33
-124
27
-128
-102
-61
-9
-37
87
34
-51
40
49
-26
3
-9
-78
3
-27
79
112
41
5
64
-55
12
47
-83
27
-66
27
-47
-9
-18
112
10
149
99
54
186
68
23
62
50
-26
60
-79
97
-44
4
-12
56
-32
77
3
96
149
69
42
-10
-31
-137
-79
-31
-80
5
-42
-19
45
-38
83
-8
78
33
-4
-35
95
-11
128
27
-72
38
-200
-25
-22
-55
58
-23
-54
-79
20
-52
146
49
151
135
-9
-85
-37
-211
-105
-114
-162
34
-37
-62
5
55
5
168
26
101
93
-74
16
-123
-93
-11
7
53
120
80
138
10
53
105
64
148
75
-25
102
-54
19
-14
-103
133
13
-46
205
-15
76
-7
50
-24
141
-47
138
-46
35
11
-5
89
-8
123
-3
182
65
69
-71
120
-9
9
48
-18
99
-146
8
-86
-139
-29
-104
-109
-50
-57
-33
-46
-171
-101
-94
-101
-16
-13
-81
0
-206
-220
-60
-187
27
-39
0
1
-96
-26
-36
-48
-86
30
41
2
2
8
84
-133
19
-138
-19
-4
5
-19
49
-11
12
15
72
53
116
56
-59
127
-31
41
-4
44
27
47
25
-30
-49
-159
-41
-40
4
13
-46
-51
-131
-8
-131
50
-33
67
-6
111
-91
82
-7
3
57
26
225
23
94
62
24
28
138
96
214
176
61
242
-62
141
76
77
105
83
-63
-16
-167
-33
-115
44
-25
-37
-35
-115
-74
-107
-59
-139
-82
-131
-38
19
-125
8
-73
-255
-50
-255
-67
-183
78
-192
9
-133
-122
-107
-76
-27
42
-75
-139
-51
-287
-51
-60
-147
-122
-125
-189
-40
-113
-71
94
49
3
151
-11
37
7
-50
27
96
85
69
166
97
165
87
213
5
205
71
112
110
164
130
178
61
277
137
190
105
224
148
38
292
85
316
14
206
-35
225
-48
226
52
137
69
-129
11
0
-5
-96
88
-136
-3
-59
-27
143
-127
4
48
-174
8
23
-110
34
-56
-29
-79
-110
-125
-89
-239
11
-72
-9
-163
-42
-179
-47
30
49
-36
53
-104
37
-120
102
-17
-5
-172
113
-220
241
37
244
13
183
-29
-2
115
20
181
38
72
12
38
-118
147
-30
105
124
21
118
69
70
91
-75
100
-130
39
106
1
-112
-128
-212
-99
-87
-57
-23
-40
-43
-7
-55
9
52
-181
-171
-121
-184
-163
-159
-137
-153
-153
-46
-67
-13
-153
-13
-251
-49
-303
-35
-144
50
-41
-121
-47
-59
-33
26
-21
84
15
30
-55
62
-69
-29
-24
-6
58
121
-10
-146
143
-220
47
17
19
47
48
-43
43
-158
-58
27
-109
154
-76
70
-77
8
62
17
47
39
53
-108
54
60
91
156
79
163
26
128
142
71
209
154
281
140
274
25
92
-19
117
107
130
226
86
150
18
192
-109
44
91
-42
44
116
102
168
63
138
72
177
-1
288
25
156
47
-61
-135
-5
-97
36
40
-128
14
-241
-44
-95
-154
-119
-86
-253
-160
-133
-229
-60
-174
-100
-181
-93
-144
25
-213
-56
-86
-232
-37
-282
46
-155
-28
-100
-75
-13
-43
-19
48
-73
35
7
0
78
-40
37
120
39
48
170
-193
117
-105
0
69
-5
108
82
1
-52
127
-103
161
-81
177
86
79
-26
-11
-101
35
-130
34
16
-97
65
-167
-58
-201
-129
-194
2
-102
57
-41
-35
-57
-63
58
-48
143
-149
9
-120
-48
-59
-10
-139
23
6
-161
77
-158
13
54
-53
74
13
3
160
79
34
227
7
201
34
127
229
40
105
92
121
110
162
81
73
-56
49
53
-87
80
34
171
29
116
-3
-10
71
-91
120
36
-25
6
-3
-52
-44
-212
196
-104
112
-156
268
-208
159
-120
48
53
-114
108
-59
89
-101
97
-130
153
1
37
12
81
-11
64
-161
171
-62
57
68
-22
-13
62
-175
84
-97
80
0
60
-45
321
-295
210
-103
-116
80
-85
106
-66
-38
-183
182
-296
151
-100
97
73
-1
-152
80
-83
-13
161
-90
302
-242
102
-40
27
55
-51
14
-139
-4
-176
227
-107
242
-13
45
88
-177
108
-168
75
-33
76
-110
95
-236
113
-59
72
209
158
-45
162
-290
22
-50
-114
194
-181
13
-128
-120
-220
19
-169
85
-156
-64
-27
-231
-126
-202
-243
-141
-165
-224
72
-254
-53
-67
-225
-7
-138
-178
-19
-180
-86
31
-152
95
-68
-68
136
-23
104
124
131
111
78
10
187
60
229
144
113
264
101
58
213
202
99
347
85
326
136
-43
167
-63
178
134
184
151
180
37
92
57
69
193
47
112
-31
-6
-165
-80
-157
-66
-54
19
13
75
-37
-12
-114
-71
-23
-133
112
-158
-10
-230
-22
-184
-2
-102
-66
-118
-85
-164
-125
-148
-58
10
-135
-82
-126
-201
-102
-152
88
-47
-4
-180
-131
-157
-110
-132
106
48
64
185
-102
73
-72
41
66
137
-139
237
-154
-4
21
-26
73
134
62
75
159
-131
264
-150
-2
121
16
117
37
-14
-27
-55
-95
91
-139
89
-105
-41
-100
-28
-29
9
-104
-103
125
-148
73
-39
60
-13
-62
-186
70
-43
-28
0
32
-1
-14
-67
112
-47
166
26
161
-3
165
20
91
73
150
130
180
114
139
135
121
159
263
112
114
173
-1
216
33
149
80
75
-123
86
-24
33
27
-80
61
47
80
5
-9
-122
-52
-108
-71
41
-95
-37
-256
-169
-195
-77
-93
-5
-137
-57
-235
-236
-127
-195
-41
-61
112
-190
-81
-277
-115
-88
-108
50
71
-31
-17
-36
-88
65
-53
67
67
178
26
-132
19
-115
28
1
46
95
-61
-48
77
-19
-30
199
-59
95
130
-54
107
-66
-78
-60
-57
-37
257
73
69
162
-161
-49
-43
22
156
194
62
98
-65
-106
19
-102
47
128
235
-63
170
-134
39
1
-86
191
92
117
0
-32
-60
130
-21
43
204
78
75
49
-19
24
-19
63
-46
26
-80
-40
-109
-93
16
-4
122
-96
31
-44
-67
57
-90
13
-93
-80
-30
-29
-45
-38
-78
-183
-70
-12
-39
38
-51
-10
69
-53
29
98
-91
86
76
-47
157
-113
44
-44
-58
217
80
96
40
-63
-144
55
32
149
98
67
31
-148
-66
-40
39
174
141
22
99
-157
-15
53
-42
288
51
6
150
-100
-45
-37
-4
-8
65
-181
49
-164
42
-77
-87
19
101
8
-58
17
-93
3
-296
-62
-51
-110
7
-24
-87
67
-166
-167
-67
-214
-86
-106
-115
45
-233
-202
-30
-171
-4
-44
-29
5
27
-173
-1
-111
-132
-35
-210
-71
-119
-98
-108
-185
-119
-86
-138
-168
-48
-147
48
-157
32
33
-4
5
-9
2
130
77
138
132
41
84
-14
155
134
142
235
202
234
94
147
210
191
160
318
283
212
229
79
264
167
313
316
301
277
244
197
70
140
112
89
220
64
164
113
199
-23
62
53
178
120
37
75
-22
-120
-98
-137
-78
-57
-61
-214
-162
-299
-129
-270
-230
-71
-236
-171
-227
-281
-177
-283
-217
-143
-177
-168
-141
-239
-121
-179
-106
-214
-91
-25
-172
-5
-156
103
107
-45
58
-33
-51
49
-138
77
135
-45
57
-161
-118
27
-170
184
-4
38
101
-34
-161
78
-110
113
42
-62
212
-289
60
-70
39
190
169
1
268
-121
75
49
-193
265
52
11
383
-45
229
109
-138
217
28
63
233
-65
77
125
-240
244
-111
144
73
52
164
182
-106
150
-146
-75
62
-119
151
-56
-27
101
-205
55
-78
-87
41
-91
-94
188
-300
4
-274
-309
75
-193
23
315
-145
17
-51
-379
267
-212
108
162
-41
-125
90
-430
305
-111
40
174
-61
-90
-133
-255
18
-49
-19
201
56
-55
-7
-54
77
110
96
57
-74
-30
-112
48
8
160
136
120
152
197
-84
193
-50
103
191
245
38
208
-187
84
-107
-49
161
29
40
86
-33
-110
110
32
70
20
46
-92
-26
-161
96
-80
-84
36
-89
22
23
-40
-152
-154
-109
-71
89
-21
42
-104
-187
-90
-128
141
-53
134
-80
75
-222
84
-199
218
5
5
89
132
44
96
59
-52
259
-218
281
-67
105
-25
103
-25
148
47
60
67
42
153
-40
13
79
-47
-7
-51
-81
16
-122
3
12
-51
-48
-45
-284
-19
-234
-44
-17
-86
-95
-171
-201
-28
-105
-91
222
-173
-62
-199
-39
-162
-170
-112
13
20
-77
-172
-129
-74
-175
118
-68
106
94
-186
29
-59
-177
123
50
-8
162
-102
60
52
-181
132
21
-96
165
-99
143
43
33
-2
36
-73
167
107
22
231
-109
146
-95
109
-60
165
-88
214
-62
195
-123
-5
30
-9
200
-17
189
-6
16
-209
64
-195
116
81
-29
265
-116
70
103
-85
-10
184
-24
271
-34
112
82
-38
-20
139
-165
375
-18
76
-50
-62
-18
-91
-109
83
15
37
26
-91
-130
74
-211
138
-48
39
49
-82
-44
-62
-176
-66
56
-128
186
-193
121
-237
70
-216
42
-222
183
-174
58
-53
-59
42
-134
48
-101
-2
-28
71
-119
308
-140
97
-55
21
88
139
-142
269
-98
116
146
-99
142
34
-80
79
-33
-31
201
-192
106
179
-53
179
185
-112
217
-68
218
59
-5
42
103
-150
44
-40
28
-44
-70
47
90
88
26
98
19
26
-147
-20
-41
42
-32
-202
42
-203
37
-156
48
15
100
19
-56
-104
-85
60
-348
171
-97
61
24
-121
-30
-112
-175
96
-13
-93
-8
-158
-62
-39
-172
-8
26
-12
53
-194
0
-115
-125
25
-3
149
66
-99
57
16
-183
208
-139
71
251
-29
183
84
-4
14
16
-74
244
-171
196
-56
27
-102
39
39
18
155
56
234
-69
153
-118
143
-77
82
-95
83
-71
58
-6
23
-54
97
-269
39
-87
-88
68
-136
-173
2
-35
-64
10
-143
63
-14
-150
58
-53
-29
37
-76
11
-10
128
-101
52
30
57
96
64
32
72
-94
-6
166
-74
119
63
54
95
99
85
118
26
183
-18
4
85
59
25
141
-108
144
-33
-54
216
-130
174
22
-78
37
-6
-136
58
-124
17
37
-150
178
-160
-6
-110
-209
-77
42
-207
43
-209
-146
103
-261
133
96
18
-13
-61
-173
89
-113
-42
163
-175
98
-131
-122
-129
-40
-133
30
36
-155
-23
-174
-140
-39
-129
48
28
-32
-221
-57
-115
68
30
15
26
43
-205
-80
45
-27
159
-48
12
111
-161
-88
93
29
48
169
40
94
78
-57
127
163
44
175
50
193
6
42
14
156
43
179
109
145
81
-3
48
-38
136
9
38
121
137
-191
125
-217
77
-77
-57
120
-135
70
-15
-140
-23
-7
-282
78
-89
-111
138
-311
-11
-116
-250
170
-108
-27
71
78
-144
71
-141
134
-102
61
57
-20
48
42
72
15
10
-27
38
-172
87
-68
-106
110
-57
4
18
65
91
26
1
19
-5
-57
89
-99
116
-151
79
-46
-31
85
-41
132
-56
182
-132
175
-28
97
92
-22
205
-41
138
-12
42
-77
36
48
-5
160
-32
207
-119
17
-31
-62
107
-24
-4
-6
48
-92
65
2
27
72
-95
132
-13
60
50
59
-139
161
-46
71
65
-40
140
-5
23
61
9
63
13
-44
2
59
-77
22
-145
22
55
-169
137
-83
-115
-42
-185
-196
33
-342
39
-110
-238
253
-281
-76
-40
-145
-139
63
-118
-68
-10
-245
33
-235
-116
73
-145
80
-48
33
-17
54
-3
-44
88
70
150
-92
70
90
-17
267
53
236
247
131
38
-12
36
197
223
-38
238
92
-104
175
-88
35
187
-38
165
-15
-61
-76
-109
-135
-39
103
-133
128
-158
-33
-1
-182
-6
-81
32
-30
-167
-96
-123
-163
-144
-74
0
-47
-83
-83
0
-120
27
-20
-55
41
62
-58
-12
36
55
-54
30
93
134
25
125
57
107
50
106
143
-70
170
-99
-31
130
-28
96
48
79
147
-78
-109
36
-50
-37
45
-37
-65
4
-221
20
-204
35
111
-262
57
-123
-212
-9
-198
-92
-46
-174
116
-128
-194
114
-210
-138
-18
-120
65
-99
-12
-34
-12
-96
85
-61
83
195
-95
133
-169
-20
148
-78
218
131
150
158
-72
66
109
162
83
164
246
117
28
-66
-13
182
4
128
76
73
163
-65
-29
19
69
-11
62
19
146
-42
-87
-126
-35
-47
61
123
-18
174
-229
-50
49
-127
172
66
-68
45
-159
-89
20
-195
148
31
-69
155
-167
90
93
-147
90
-22
-81
125
-122
-140
143
-267
18
71
-15
230
-73
-101
57
-205
64
28
18
162
-51
-29
20
-68
17
-9
40
34
-67
-68
-119
-34
-45
10
-92
-76
-146
-5
-200
6
-24
-157
-32
-169
-67
-66
-117
-46
72
17
58
9
-201
13
-32
-1
154
84
4
107
-33
56
142
-78
70
-33
-4
81
164
99
136
15
11
11
24
25
47
192
-18
139
-54
24
77
-111
39
10
15
61
56
-68
113
-93
-89
159
-222
165
-16
-100
145
-31
-5
122
-75
3
160
-121
162
-8
-100
72
58
-124
128
-6
85
-18
-58
92
84
121
90
19
76
-54
77
-23
-34
84
-32
-77
51
-49
-60
-55
-141
133
-70
88
46
-105
-51
-94
-97
-62
29
-12
32
41
-68
100
-73
-40
86
96
44
53
-54
-167
-53
-160
-58
144
-100
116
39
-156
89
-54
-121
161
-185
46
74
-142
121
17
-144
72
-59
-119
155
-98
64
25
-120
-20
-150
-144
-17
-124
-30
15
-35
31
-112
-135
-9
-141
19
6
-67
43
-70
-93
75
-59
65
110
-89
163
-116
-52
37
-90
87
81
-26
206
-58
-83
117
-191
95
43
-86
141
-119
-12
74
-227
104
30
-205
128
-118
-70
85
-250
115
37
-93
202
-15
-89
104
-96
53
34
-61
126
-36
-51
97
-14
71
115
-14
166
76
201
123
-1
177
50
23
68
102
-8
178
8
110
119
65
144
18
63
159
68
38
37
10
-20
-62
42
28
-67
108
-7
-78
71
-85
-21
-15
-81
88
-24
-24
109
-118
-52
1
-191
4
45
75
63
-91
-107
-98
-312
-4
-44
-98
204
-66
-29
10
-86
7
26
-51
120
-62
-135
129
-246
-123
-1
-267
58
-95
98
76
-76
-50
1
-221
-87
-112
-178
-57
-137
3
-138
-21
62
-16
-34
121
-37
38
7
-79
92
-112
109
94
46
62
38
-107
73
26
-51
72
-134
-22
-117
-123
30
-35
-9
28
105
-4
110
-6
