SAMPLES:	5965
BITSPERSAMPLE:	16
CHANNELS:	1
SAMPLERATE:	16000
NORMALIZED:	FALSE
-2
-2
-1
0
-1
-1
-3
-3
-5
-5
-4
-1
0
0
-1
-3
-5
-6
-3
-1
-1
0
-2
-2
-4
-6
-4
-2
-1
-3
-1
1
1
0
0
0
-2
-2
-1
2
0
0
-1
-4
-4
-3
-1
0
0
-3
-5
-4
-5
-2
1
1
0
0
-3
-4
-6
-6
-6
-3
2
3
4
4
1
1
1
0
2
2
1
2
2
0
-3
-3
-4
-3
-2
0
-2
-3
-8
-11
-9
-7
-2
2
3
1
3
3
-1
-3
-3
-4
-1
5
8
9
8
7
2
1
3
3
5
7
6
5
6
5
8
11
12
10
7
5
4
-1
-1
-1
-4
-2
2
4
8
7
6
3
7
8
2
1
0
-2
-3
0
2
4
3
2
0
1
-4
-7
-7
-6
-4
-1
3
2
3
4
4
4
5
5
5
6
4
0
-3
0
-2
-1
4
2
2
-2
-4
-7
-7
-8
-9
-7
-5
-4
-3
-2
-1
-1
-2
-7
-8
-10
-13
-13
-13
-18
-15
-12
-11
-8
-7
-6
-6
-9
-10
-12
-16
-14
-12
-13
-10
-7
-11
-10
-11
-13
-8
-5
-1
0
1
2
1
0
3
3
3
6
8
7
9
12
13
15
20
23
23
28
26
19
17
18
16
14
14
16
18
21
23
20
20
22
22
21
19
14
7
-2
-7
-7
-9
-7
-6
-11
-15
-18
-21
-23
-21
-16
-13
-13
-18
-24
-28
-31
-28
-22
-17
-14
-13
-12
-11
-14
-16
-13
-9
-2
3
7
12
9
7
5
2
1
1
3
8
10
11
11
13
13
13
19
20
17
19
20
20
15
17
18
18
15
11
6
2
-1
-1
2
5
9
11
10
9
9
7
5
10
11
12
13
5
0
-4
-5
2
108
187
108
-75
-223
-228
-131
-13
103
209
207
59
-155
-290
-271
-167
-30
59
162
232
107
-127
-338
-342
-218
-87
-7
45
94
53
-92
-265
-272
-146
0
75
48
24
42
34
-6
-30
56
188
197
158
117
139
174
132
144
218
267
272
215
157
181
200
167
99
48
91
108
101
93
62
49
4
-50
-86
-138
-169
-169
-163
-122
-135
-159
-173
-212
-229
-255
-240
-221
-247
-245
-234
-222
-208
-207
-184
-176
-163
-160
-175
-155
-128
-108
-86
-56
-36
9
9
22
23
45
159
211
302
354
426
492
491
508
468
506
526
514
529
558
567
574
581
550
455
358
243
73
1
-84
-228
-330
-394
-506
-618
-726
-839
-909
-911
-956
-992
-960
-948
-891
-722
-583
-511
-440
-399
-366
-300
-198
-193
-142
-102
-107
-97
-100
-47
-109
-47
-78
-70
-168
45
297
382
681
811
1058
1098
1136
912
833
972
1005
1106
1348
1476
1481
1665
1622
1552
1276
1136
776
550
429
95
-81
-253
-400
-648
-797
-1145
-1462
-1639
-1719
-1977
-2068
-1992
-1934
-1661
-1317
-1064
-1002
-784
-633
-608
-606
-665
-736
-640
-394
-119
212
546
657
471
305
20
-292
-359
-320
-303
-303
-236
117
729
1036
1333
1347
1439
1325
1248
1164
870
1123
1181
1518
1952
2147
2133
2088
2102
1788
1368
1134
701
279
216
-51
-305
-477
-618
-1006
-1260
-1484
-2159
-2458
-2675
-3021
-3103
-2808
-2596
-2290
-1721
-1416
-1354
-1154
-993
-1128
-1197
-1288
-1244
-1027
-717
-487
-267
-196
-288
-241
-226
-511
-716
-1209
-728
130
344
1224
1756
2612
2529
2779
2586
2041
2419
2281
2355
2660
2809
2810
3201
3565
3233
2607
2575
1895
1149
679
-134
-878
-1322
-1310
-1617
-1829
-1950
-2383
-2635
-2787
-3185
-3533
-3488
-3332
-3134
-2638
-2052
-1797
-1178
-452
-274
-338
-469
-563
-900
-1006
-1093
-1323
-1372
-1114
-882
-555
-659
-589
216
546
1060
1139
1911
2286
2445
2542
2494
2986
3068
3345
3576
3663
3524
3698
3788
3453
3041
2782
2412
1879
1449
546
-273
-1032
-1621
-2118
-2518
-2601
-3039
-3206
-3381
-3674
-4029
-3992
-3898
-3726
-3090
-2576
-2280
-1864
-1064
-755
-498
-233
-259
-324
-313
-413
-728
-658
-726
-771
-594
-479
-659
-387
811
968
1259
1715
2286
2513
2606
2847
2466
2917
3241
3247
3460
3544
3406
3544
3811
3692
3098
2923
2624
1882
1473
631
-274
-1055
-1537
-1925
-2508
-2856
-3416
-3605
-3718
-3875
-4003
-4053
-4007
-3999
-3532
-3034
-2623
-2110
-1401
-1011
-707
-471
-321
-384
-537
-714
-752
-508
-594
-577
-558
-527
-723
-463
760
1047
1406
1716
2343
2745
2722
2931
2674
3112
3318
3328
3606
3560
3476
3510
3766
3616
3114
3072
2791
2051
1395
554
-386
-1173
-1608
-2177
-2745
-3018
-3521
-3728
-3897
-4183
-4433
-4268
-4047
-4006
-3481
-2931
-2581
-2052
-1350
-913
-699
-472
-182
-118
-72
-54
-137
-61
-198
-240
-246
-169
-295
-459
694
953
1217
1588
2341
2815
2770
3160
2847
3123
3231
3181
3222
3434
3454
3428
3695
3633
3097
3101
3051
2440
1846
1178
225
-776
-1404
-2127
-2942
-3243
-3561
-3922
-3880
-4148
-4282
-4210
-3939
-4061
-3858
-3396
-3179
-2730
-2064
-1424
-1118
-679
-287
-168
-299
-256
-199
-35
-124
-283
-258
-228
-123
-355
681
1081
1251
1794
2428
3033
2831
3232
2918
3044
3324
3172
3194
3225
3265
3207
3448
3554
3106
3074
2983
2424
1755
1140
380
-640
-1230
-1882
-2657
-3116
-3410
-3786
-3971
-4254
-4184
-4210
-3948
-4028
-3810
-3216
-2974
-2556
-2235
-1745
-1664
-1319
-824
-567
-571
-432
-204
-9
-59
-153
-161
-108
-89
-396
455
905
1054
1523
2283
3047
3106
3634
3623
3678
3820
3657
3522
3420
3329
3224
3362
3422
2998
2990
3032
2590
2010
1505
741
-283
-1033
-1838
-2666
-3356
-3762
-4096
-4101
-4318
-4239
-4057
-3894
-4003
-3808
-3354
-3084
-2667
-2342
-1857
-1674
-1382
-998
-685
-626
-510
-205
-30
-78
-235
-226
-180
-156
-482
124
616
771
1286
1881
2631
2788
3337
3501
3641
3954
3883
3781
3708
3412
3234
3226
3196
2845
2767
2874
2562
2188
1740
1237
373
-241
-999
-1835
-2686
-3325
-3814
-4118
-4425
-4431
-4221
-4013
-3884
-3643
-3022
-2783
-2463
-2266
-1857
-1725
-1561
-1237
-1132
-1060
-912
-547
-303
-314
-408
-303
-233
-223
-557
121
504
716
1072
1644
2432
2589
3152
3272
3551
3848
3842
3909
3702
3493
3331
3214
3216
2824
2819
2743
2363
2121
1699
1322
462
-65
-781
-1558
-2274
-3018
-3599
-3964
-4425
-4548
-4332
-4154
-3995
-3640
-3022
-2767
-2335
-2064
-1787
-1614
-1551
-1514
-1332
-1212
-1209
-901
-580
-584
-580
-351
-256
-208
-418
158
587
818
1204
1723
2298
2487
2959
3167
3491
3827
3832
3965
4020
3814
3603
3544
3306
2764
2735
2713
2336
2080
1693
1296
477
-56
-785
-1453
-2175
-2922
-3381
-3814
-4132
-4380
-4270
-4193
-4196
-3904
-3229
-2844
-2477
-2064
-1581
-1387
-1245
-989
-975
-944
-882
-792
-669
-667
-844
-671
-478
-335
-544
351
697
972
1342
1831
2304
2354
2972
2933
3350
3601
3740
3790
3900
3667
3514
3430
3295
2793
2818
2786
2318
2083
1726
1409
474
49
-781
-1485
-2184
-2839
-3414
-3812
-4147
-4364
-4289
-4135
-4157
-3760
-3137
-2859
-2449
-2112
-1703
-1664
-1360
-1231
-1132
-1161
-1069
-984
-838
-895
-990
-712
-529
-542
-577
393
593
921
1396
2101
2326
2515
2892
2892
3248
3409
3452
3510
3613
3346
3431
3479
3233
2814
3007
2801
2357
2161
1852
1310
559
58
-785
-1352
-2015
-2576
-3134
-3516
-4022
-4234
-4088
-4230
-4239
-3735
-3121
-2816
-2323
-1825
-1475
-1349
-1100
-1061
-1065
-1196
-1104
-1064
-1018
-1172
-1190
-910
-699
-663
-352
597
687
1099
1623
2344
2453
2821
3051
3170
3380
3480
3475
3492
3546
3348
3470
3455
3323
2935
3146
2784
2474
2152
1913
1261
525
11
-759
-1441
-2204
-2704
-3232
-3626
-4035
-4023
-4004
-4059
-3984
-3503
-3081
-2691
-2283
-1808
-1528
-1286
-1028
-838
-851
-1105
-987
-1047
-1051
-1333
-1177
-1074
-825
-943
-189
356
698
1143
1754
2340
2342
2820
2700
3064
3056
3177
3123
3403
3213
3230
3305
3288
2969
3003
3119
2605
2320
1870
1518
665
196
-624
-1277
-1901
-2411
-2874
-3362
-3767
-4019
-4029
-4054
-4235
-3935
-3332
-2899
-2486
-2003
-1481
-1380
-1048
-882
-779
-883
-886
-877
-911
-978
-1093
-1030
-795
-780
-549
324
652
1120
1610
2462
2625
2933
3176
3232
3520
3383
3424
3285
3302
3050
3184
3171
2989
2811
2958
2747
2268
1920
1510
975
254
-258
-1041
-1560
-2261
-2788
-3366
-3757
-4202
-4191
-4058
-4102
-4026
-3528
-3064
-2751
-2212
-1706
-1321
-1178
-815
-819
-779
-927
-820
-884
-826
-1013
-956
-784
-675
-711
-96
550
709
1325
2044
2728
2709
3318
3312
3595
3637
3596
3387
3375
3223
2987
3144
2865
2495
2508
2748
2293
2078
1844
1514
656
100
-695
-1479
-2145
-2743
-3273
-3615
-4054
-4260
-4143
-4079
-4110
-3814
-3185
-2850
-2347
-1826
-1291
-1161
-871
-690
-576
-704
-651
-661
-739
-900
-977
-910
-766
-809
-457
347
622
1160
1749
2546
2750
3029
3161
3335
3516
3434
3362
3337
3052
2768
2900
2831
2524
2476
2715
2358
2075
1766
1458
906
417
-274
-978
-1552
-2272
-2834
-3362
-3864
-4396
-4335
-4204
-4258
-4061
-3383
-2873
-2389
-1786
-1193
-957
-757
-585
-599
-646
-771
-813
-833
-875
-989
-879
-670
-738
-687
158
482
951
1441
2360
2651
3028
3331
3423
3688
3570
3477
3283
3224
2680
2730
2633
2392
2127
2462
2377
2063
1891
1637
1204
577
19
-715
-1264
-2019
-2615
-3190
-3684
-4259
-4394
-4375
-4313
-4207
-3629
-3144
-2689
-2167
-1571
-1096
-1005
-750
-707
-626
-755
-759
-899
-988
-1178
-1173
-1024
-942
-945
-125
488
799
1317
2117
2675
2758
3160
3238
3505
3456
3405
3212
3193
2857
2706
2765
2620
2321
2359
2465
2083
1901
1669
1366
748
291
-393
-1013
-1642
-2347
-2958
-3382
-3921
-4226
-4298
-4271
-4176
-3686
-2981
-2661
-2015
-1416
-792
-515
-187
-86
-79
-177
-348
-647
-799
-1063
-1159
-1028
-767
-753
-202
532
823
1368
2006
2765
2860
3254
3202
3510
3459
3391
3187
3192
2901
2641
2752
2501
2270
2118
2307
1899
1791
1504
1272
657
121
-667
-1235
-1915
-2647
-3222
-3638
-4063
-4516
-4363
-4511
-4422
-4181
-3358
-2952
-2340
-1672
-977
-633
-290
-100
-96
-120
-278
-437
-650
-722
-975
-861
-732
-733
-561
267
631
1202
1740
2618
2794
3184
3237
3372
3482
3321
3194
3005
2969
2533
2766
2598
2405
2155
2360
2015
1757
1517
1197
695
149
-541
-1216
-1636
-2350
-2941
-3461
-3784
-4399
-4353
-4401
-4347
-4261
-3563
-3102
-2663
-2034
-1329
-763
-464
-55
-18
9
-122
-231
-512
-620
-802
-844
-723
-625
-549
144
643
1198
1731
2570
3038
3181
3330
3425
3540
3352
3269
3158
3144
2869
2907
2711
2454
2144
2174
2091
1809
1541
1279
888
266
-300
-976
-1528
-2213
-2786
-3350
-3772
-4224
-4413
-4440
-4419
-4296
-3850
-3227
-2697
-2096
-1395
-768
-447
-192
-12
-11
-196
-240
-378
-599
-796
-860
-819
-738
-532
176
578
1278
1674
2497
2922
3348
3377
3472
3768
3464
3373
3086
3140
2611
2819
2577
2493
2145
2227
2073
1870
1579
1182
887
301
-297
-1061
-1504
-2355
-2914
-3564
-3907
-4519
-4528
-4610
-4501
-4328
-3873
-3315
-2754
-2106
-1641
-990
-594
-189
-72
183
4
-35
-242
-318
-666
-730
-690
-577
-486
142
710
1161
1738
2430
3049
3274
3593
3436
3792
3631
3509
3180
3212
2759
2634
2644
2427
2218
2154
2220
1915
1885
1396
1019
385
-191
-1181
-1626
-2349
-3037
-3601
-4016
-4533
-4763
-4639
-4784
-4537
-4195
-3619
-3168
-2416
-1971
-1351
-938
-577
-403
-173
-163
-191
-189
-278
-444
-659
-539
-538
-437
-82
627
909
1531
2032
2824
3028
3419
3382
3591
3679
3430
3350
3114
2971
2579
2873
2541
2472
2273
2384
2061
1848
1535
1134
663
60
-567
-1230
-1701
-2571
-3093
-3649
-4050
-4600
-4475
-4541
-4431
-4129
-3569
-3169
-2627
-1987
-1457
-913
-649
-305
-96
60
-52
-22
-138
-211
-389
-325
-276
-217
-139
508
875
1205
1721
2402
2875
3121
3466
3402
3682
3532
3452
3280
3223
2875
2782
2792
2399
2234
2197
2207
1871
1726
1372
926
317
-264
-1033
-1618
-2302
-2900
-3426
-3887
-4402
-4631
-4534
-4575
-4414
-4042
-3408
-2998
-2455
-1888
-1272
-978
-606
-298
-128
-180
-164
-311
-421
-604
-635
-606
-503
-511
-182
544
782
1394
1778
2648
2618
3140
3038
3355
3310
3291
3289
3128
3101
2718
2980
2542
2530
2257
2437
1975
1807
1408
1138
638
154
-388
-962
-1510
-2336
-2780
-3401
-3841
-4383
-4314
-4453
-4309
-4185
-3595
-3186
-2690
-2158
-1518
-1056
-796
-409
-182
-50
-136
-39
-254
-243
-488
-341
-386
-247
-358
159
621
850
1376
1849
2440
2521
3027
2933
3268
3196
3267
3100
3080
2855
2709
2797
2450
2320
2180
2254
1874
1685
1307
1067
441
-26
-635
-1121
-1755
-2293
-2694
-3211
-3698
-4052
-4160
-4283
-4212
-4003
-3463
-3070
-2557
-2040
-1338
-977
-547
-178
95
130
173
152
-16
-86
-352
-269
-351
-197
-302
277
583
855
1284
1817
2295
2419
2879
2784
3093
3004
3168
2906
2963
2689
2602
2553
2318
2101
1932
1911
1467
1353
971
778
131
-132
-711
-1129
-1701
-2098
-2635
-3157
-3524
-3893
-4013
-4162
-4129
-4050
-3537
-3214
-2643
-2020
-1235
-860
-331
89
338
328
338
264
63
56
-175
-138
-270
-187
-357
58
459
649
1111
1561
2070
2207
2649
2638
2785
2971
3006
2925
2853
2775
2475
2443
2196
1916
1699
1674
1332
1095
888
646
232
-77
-425
-910
-1302
-1782
-2282
-2837
-3251
-3766
-3932
-4108
-4092
-4011
-3568
-3178
-2771
-2131
-1593
-1045
-691
-157
63
268
233
285
169
84
-124
-248
-259
-331
-312
-199
383
467
988
1308
1889
2152
2554
2788
2844
3146
3055
3158
2957
3015
2645
2658
2364
2133
1782
1690
1436
1180
1034
768
495
171
-91
-583
-889
-1459
-1836
-2381
-2742
-3277
-3512
-3749
-3849
-3873
-3619
-3233
-2829
-2241
-1698
-1127
-726
-170
74
258
254
330
218
95
-61
-259
-387
-455
-466
-520
-225
207
355
876
1245
1788
2020
2528
2557
2713
2992
2955
2880
2746
2714
2291
2247
1830
1554
1242
1192
915
753
726
514
326
109
-129
-606
-901
-1381
-1840
-2441
-2906
-3378
-3559
-3716
-3810
-3706
-3414
-3013
-2586
-1947
-1401
-872
-418
66
253
362
422
345
190
-75
-180
-504
-469
-571
-585
-538
-173
122
323
1016
1216
1871
2124
2669
2590
2925
2996
2920
2845
2729
2603
2220
2222
1771
1619
1328
1300
968
999
787
746
546
437
90
-256
-629
-1167
-1620
-2254
-2610
-3190
-3371
-3614
-3580
-3538
-3165
-2798
-2406
-1801
-1269
-729
-312
42
143
208
168
90
-78
-310
-522
-682
-723
-788
-747
-725
-490
-138
82
584
970
1529
1838
2351
2426
2591
2771
2717
2669
2485
2418
2017
1971
1613
1367
1132
1107
965
969
1011
943
872
768
450
-63
-428
-967
-1495
-1951
-2314
-2854
-3064
-3224
-3260
-3208
-2879
-2624
-2228
-1721
-1233
-792
-371
-18
44
176
153
82
-126
-238
-485
-640
-739
-742
-863
-732
-637
-209
20
433
848
1200
1798
1969
2338
2273
2635
2502
2551
2355
2173
1958
1747
1612
1261
1222
1109
1184
1076
1155
1016
1013
818
605
176
-118
-540
-982
-1402
-1884
-2257
-2574
-2712
-2925
-2916
-2755
-2434
-2162
-1728
-1356
-930
-672
-383
-231
-159
-214
-244
-282
-427
-566
-748
-777
-909
-873
-955
-824
-765
-396
-184
236
612
1013
1464
1728
1961
1925
2282
2225
2268
2063
2104
1873
1708
1591
1428
1380
1312
1362
1218
1260
1165
1097
900
694
254
0
-399
-776
-1240
-1570
-1888
-2146
-2242
-2359
-2406
-2378
-2130
-1959
-1668
-1432
-1056
-821
-591
-532
-373
-314
-278
-328
-449
-596
-744
-772
-876
-906
-1025
-956
-886
-622
-362
-113
342
627
1075
1350
1659
1802
2006
2216
2212
2289
2128
2118
1857
1839
1595
1506
1467
1430
1405
1327
1359
1154
1141
873
663
311
127
-321
-650
-1002
-1384
-1677
-1902
-2061
-2247
-2221
-2251
-2084
-1979
-1706
-1538
-1231
-1051
-815
-678
-581
-498
-448
-487
-551
-611
-735
-835
-1043
-1019
-1059
-963
-1012
-676
-464
-238
165
539
1080
1313
1713
1826
2059
2144
2183
2150
2091
2039
1848
1848
1657
1563
1482
1475
1357
1350
1324
1241
1101
1027
861
627
431
85
-265
-705
-1092
-1499
-1822
-2139
-2372
-2475
-2411
-2345
-2209
-1997
-1744
-1509
-1264
-1034
-880
-736
-606
-576
-568
-637
-709
-854
-995
-1166
-1193
-1262
-1189
-1172
-1018
-587
-333
178
493
1076
1283
1681
1881
2135
2261
2296
2310
2176
2200
1969
2002
1755
1709
1522
1607
1495
1520
1492
1498
1430
1335
1225
992
789
424
110
-350
-721
-1286
-1683
-2062
-2369
-2598
-2582
-2568
-2470
-2234
-1955
-1688
-1499
-1198
-997
-780
-704
-619
-677
-777
-886
-1038
-1158
-1253
-1341
-1367
-1321
-1189
-1062
-770
-324
-46
381
895
1330
1687
2006
2186
2220
2389
2373
2360
2312
2277
2096
2037
1925
1758
1768
1745
1766
1728
1757
1613
1506
1295
1082
753
496
106
-324
-726
-1280
-1706
-2136
-2426
-2743
-2760
-2724
-2642
-2491
-2265
-1992
-1713
-1421
-1186
-970
-813
-722
-743
-825
-917
-1065
-1159
-1181
-1242
-1224
-1114
-992
-916
-706
-513
-57
230
657
1040
1457
1746
1961
2173
2141
2338
2321
2458
2397
2460
2292
2263
2128
1971
1846
1712
1651
1504
1449
1302
1088
826
614
307
27
-324
-706
-1116
-1499
-1927
-2189
-2394
-2575
-2672
-2618
-2561
-2525
-2357
-2185
-1967
-1762
-1502
-1306
-1086
-958
-829
-806
-731
-705
-707
-710
-708
-692
-711
-561
-449
-275
-72
194
527
830
1157
1466
1770
2035
2270
2433
2489
2623
2677
2699
2583
2548
2356
2184
2023
1784
1581
1391
1225
948
818
594
459
294
155
-94
-291
-526
-848
-1159
-1474
-1769
-2053
-2225
-2447
-2564
-2614
-2609
-2567
-2414
-2213
-1985
-1722
-1459
-1178
-959
-785
-682
-624
-579
-535
-513
-449
-421
-428
-429
-356
-184
-13
201
430
685
985
1232
1519
1754
2001
2153
2250
2350
2310
2315
2176
1988
1731
1575
1376
1208
1104
905
798
645
570
378
349
289
218
149
26
-143
-417
-644
-986
-1215
-1475
-1712
-1918
-2048
-2154
-2222
-2232
-2195
-2096
-1943
-1705
-1487
-1217
-969
-788
-645
-482
-348
-250
-143
-87
-57
-44
-42
-1
44
107
190
324
512
685
855
1106
1253
1374
1505
1578
1592
1556
1484
1347
1278
1228
1081
928
831
680
565
519
459
409
433
387
400
360
332
256
143
-19
-155
-310
-471
-587
-798
-960
-1137
-1266
-1447
-1544
-1645
-1624
-1532
-1429
-1304
-1143
-926
-799
-581
-363
-177
-79
62
153
159
179
205
238
245
271
345
382
390
403
437
439
483
496
551
669
610
638
607
664
531
518
441
423
401
394
433
415
476
372
446
339
349
277
329
247
249
262
171
121
41
12
-133
-158
-276
-320
-412
-511
-659
-700
-793
-847
-883
-854
-828
-732
-667
-556
-436
-354
-237
-171
-64
-46
26
19
82
118
197
159
133
91
38
-58
-168
-254
-333
-349
-405
-358
-341
-247
-320
-188
-103
6
95
245
306
280
382
314
336
265
339
253
310
327
344
399
444
485
485
587
609
728
752
806
743
724
688
597
476
342
209
18
-155
-346
-515
-615
-682
-684
-642
-608
-545
-455
-283
-182
-125
-61
-66
-110
-145
-187
-283
-417
-571
-681
-789
-816
-852
-850
-846
-775
-665
-571
-416
-310
-65
-7
111
132
185
159
89
67
-25
13
-30
98
132
313
331
515
684
867
1096
1317
1500
1583
1718
1657
1625
1505
1435
1228
1096
860
624
356
129
-74
-171
-212
-313
-373
-429
-453
-543
-569
-616
-634
-687
-711
-799
-827
-882
-972
-1064
-1133
-1202
-1249
-1214
-1148
-1028
-911
-814
-750
-670
-587
-508
-534
-555
-612
-578
-644
-585
-641
-637
-596
-496
-375
-239
113
297
650
790
1079
1208
1475
1594
1762
1858
1814
1764
1637
1688
1560
1541
1434
1429
1299
1265
1154
1078
980
850
671
480
267
1
-202
-405
-658
-907
-1043
-1244
-1342
-1443
-1496
-1594
-1547
-1504
-1378
-1248
-1069
-993
-968
-967
-1040
-1041
-1113
-1160
-1242
-1227
-1292
-1321
-1341
-1267
-1164
-969
-753
-577
-349
-205
68
234
466
657
886
1042
1076
1116
1133
1241
1277
1415
1452
1512
1533
1654
1810
1894
1941
1892
1877
1797
1756
1727
1647
1433
1165
866
617
421
258
59
-159
-345
-432
-592
-800
-958
-1022
-1054
-1097
-1151
-1201
-1259
-1360
-1391
-1458
-1494
-1563
-1525
-1548
-1588
-1615
-1602
-1547
-1434
-1247
-1118
-940
-767
-574
-452
-277
-96
75
121
171
215
296
363
463
568
612
707
793
923
991
1098
1154
1278
1336
1404
1432
1447
1438
1467
1537
1497
1414
1246
1124
1032
1029
988
935
827
721
549
448
301
107
-69
-302
-522
-765
-960
-1192
-1333
-1517
-1578
-1642
-1677
-1724
-1728
-1673
-1591
-1486
-1481
-1425
-1386
-1250
-1179
-1104
-1038
-927
-858
-738
-634
-482
-285
-166
-23
160
322
422
589
710
786
855
858
851
832
815
729
683
659
644
625
660
734
808
917
993
1090
1199
1281
1304
1293
1244
1198
1133
1021
852
685
555
405
254
134
12
-106
-210
-341
-395
-489
-557
-668
-724
-784
-861
-870
-948
-1044
-1182
-1243
-1302
-1305
-1283
-1213
-1117
-1008
-915
-789
-610
-487
-359
-279
-157
-35
63
149
254
302
338
416
484
517
504
457
404
428
462
518
547
538
515
517
454
444
399
398
385
382
300
243
244
199
279
285
333
313
351
335
321
339
386
409
375
351
297
199
61
-23
-105
-183
-300
-396
-531
-665
-720
-747
-762
-787
-815
-838
-853
-808
-740
-675
-639
-571
-488
-446
-395
-393
-327
-309
-243
-132
-46
3
63
125
146
197
191
208
247
248
223
208
213
221
196
152
90
16
-46
-29
-44
-27
-53
-70
-100
-62
-43
18
56
73
169
275
390
455
562
623
738
794
851
831
837
779
780
762
685
617
567
526
449
423
372
331
201
119
2
-75
-213
-269
-317
-377
-427
-479
-522
-535
-515
-535
-544
-578
-553
-537
-487
-476
-466
-462
-441
-433
-389
-383
-338
-326
-311
-270
-263
-215
-204
-221
-255
-234
-257
-214
-193
-149
-129
-129
-148
-190
-152
-170
-154
-129
-85
-72
-12
90
186
312
408
621
799
954
1015
1018
1019
1004
1009
984
989
935
853
694
543
416
284
181
103
72
48
-8
-76
-150
-249
-336
-399
-457
-480
-535
-579
-676
-755
-817
-882
-874
-839
-816
-806
-752
-712
-663
-587
-519
-453
-370
-281
-209
-122
-91
-80
-101
-96
-114
-102
-96
-97
-91
-95
-101
-89
-84
-102
-24
30
72
77
143
178
237
280
364
413
426
476
486
596
648
688
676
723
741
802
828
846
863
821
752
687
656
523
414
343
281
142
33
-87
-167
-190
-208
-233
-236
-250
-261
-250
-262
-277
-306
-308
-349
-383
-442
-471
-495
-511
-530
-536
-540
-537
-534
-547
-495
-457
-387
-346
-293
-263
-223
-213
-163
-99
-83
-61
-88
-153
-182
-167
-176
-182
-186
-132
-79
-15
33
42
61
113
140
206
284
316
344
342
367
407
479
558
613
667
747
798
849
858
853
846
816
765
727
704
633
549
460
342
212
114
33
-40
-101
-145
-219
-269
-322
-368
-448
-536
-581
-646
-705
-775
-844
-907
-991
-1063
-1074
-1029
-1009
-961
-861
-835
-847
-782
-692
-623
-513
-403
-276
-158
-85
-88
-94
-96
-95
-90
-66
-50
-37
2
38
109
135
191
252
335
382
423
493
572
598
607
643
647
688
719
738
744
752
767
818
835
842
846
829
840
825
785
745
701
609
525
425
287
182
76
-12
-106
-190
-253
-351
-436
-510
-567
-608
-638
-648
-618
-617
-621
-635
-638
-680
-735
-728
-709
-679
-663
-627
-572
-547
-498
-418
-337
-238
-146
-67
-26
7
40
94
119
128
147
164
194
219
195
192
210
223
231
252
286
283
272
244
212
198
201
202
204
208
216
214
174
145
141
145
178
210
244
259
267
301
305
272
222
209
229
174
124
73
17
-62
-109
-136
-158
-164
-177
-192
-216
-212
-223
-240
-251
-265
-281
-248
-242
-263
-310
-335
-369
-403
-395
-395
-361
-290
-248
-197
-176
-160
-122
-109
-63
-20
35
47
24
-5
-51
-84
-104
-117
-88
-50
-23
2
25
48
34
19
50
75
101
122
140
149
139
156
193
219
214
235
262
280
288
287
289
299
355
375
424
435
459
452
409
407
411
399
316
261
180
138
96
49
1
-18
-15
-24
-55
-95
-109
-126
-116
-132
-136
-141
-159
-163
-179
-217
-256
-257
-264
-232
-194
-199
-222
-222
-229
-246
-226
-215
-224
-244
-229
-238
-290
-307
-288
-287
-277
-237
-194
-155
-118
-64
-33
-11
4
36
111
143
154
126
73
41
16
-9
-21
-50
-70
-110
-137
-116
-103
-113
-71
-29
7
36
42
51
49
60
108
158
184
198
196
220
257
293
337
384
412
433
437
420
410
385
356
294
261
237
245
207
149
119
96
32
-8
-4
-31
-42
-68
-65
-79
-116
-140
-173
-227
-283
-300
-324
-365
-396
-431
-464
-491
-469
-436
-430
-449
-416
-391
-401
-399
-385
-368
-388
-366
-333
-288
-270
-243
-215
-198
-147
-66
15
99
188
239
260
275
315
348
410
493
550
598
614
590
548
519
522
507
502
484
466
452
451
467
453
430
394
345
286
198
142
109
58
23
7
-25
-70
-129
-179
-209
-260
-298
-327
-370
-363
-368
-384
-410
-438
-438
-467
-466
-447
-421
-434
-420
-406
-411
-370
-310
-248
-208
-116
-51
-11
41
88
133
157
193
231
256
252
234
242
264
291
332
377
423
438
431
426
406
376
306
245
219
185
112
43
-40
-123
-208
-269
-298
-322
-344
-370
-403
-429
-434
-438
-446
-471
-470
-499
-514
-487
-477
-455
-418
-355
-276
-209
-133
-122
-114
-100
-50
6
58
139
201
247
253
279
286
291
289
328
365
396
407
386
388
405
433
447
485
505
499
506
500
474
418
366
327
265
228
175
119
67
5
-50
-97
-118
-134
-143
-182
-240
-327
-380
-451
-535
-570
-570
-554
-565
-582
-580
-577
-581
-550
-505
-454
-410
-340
-295
-267
-220
-146
29
145
137
146
203
174
186
256
277
292
424
534
547
598
615
607
631
691
692
713
722
730
752
736
695
598
532
470
391
333
268
166
79
-31
-108
-184
-229
-257
-293
-292
-293
-344
-392
-451
-504
-490
-489
-504
-523
-532
-558
-590
-634
-654
-657
-650
-657
-640
-628
-603
-580
-515
-424
-343
-290
-257
-216
-234
-227
-187
-185
-166
-117
-60
-13
28
38
92
135
179
264
324
420
472
475
478
517
507
500
496
487
455
428
394
320
260
212
181
168
161
144
123
128
135
113
119
106
134
125
101
93
77
44
36
2
-36
-40
-60
-45
-16
8
23
64
83
123
155
145
72
6
-46
-78
-92
-79
-75
-104
-136
-131
-145
-216
-236
-277
-333
-334
-301
-308
-311
-295
-290
-290
-276
-236
-195
-159
-124
-109
-123
-113
-113
-116
-84
-27
18
40
62
84
104
119
119
128
144
177
197
217
230
213
198
193
206
227
269
318
325
308
303
290
276
290
313
342
370
372
357
348
334
294
266
229
157
108
79
22
-33
-62
-120
-147
-172
-206
-248
-287
-350
-390
-408
-427
-437
-462
-470
-500
-511
-497
-485
-483
-468
-426
-382
-340
-306
-281
-258
-230
-200
-159
-96
-33
-1
13
31
34
46
50
56
92
108
114
129
134
127
129
145
157
174
183
189
163
150
165
153
136
144
159
142
155
181
212
214
216
204
153
135
110
75
55
32
15
1
-12
-14
-15
-31
-18
4
7
24
41
40
48
49
42
58
54
31
27
-3
-35
-36
-29
-13
15
14
7
-8
-45
-64
-71
-41
1
-11
1
21
22
18
21
-1
-48
-81
-103
-108
-115
-87
-77
-68
-53
-38
-39
-56
-73
-76
-72
-60
-58
-67
-61
-50
-75
-101
-107
-100
-95
-58
-9
26
42
41
43
22
32
37
48
77
87
95
124
102
112
125
152
190
211
228
227
223
200
167
128
115
96
94
96
68
33
-6
-41
-41
-20
-1
19
26
2
-46
-97
-145
-169
-148
-129
-139
-130
-134
-149
-154
-128
-107
-113
-103
-113
-143
-173
-173
-160
-142
-112
-74
-49
-28
4
11
17
28
29
29
46
63
87
84
85
80
83
98
121
140
139
150
169
161
122
99
73
63
66
60
61
61
29
4
-24
-38
-42
-63
-66
-85
-116
-127
-173
-195
-205
-202
-210
-214
-225
-256
-245
-230
-216
-211
-178
-148
-133
-119
-102
-79
-77
-76
-56
-21
14
31
52
76
81
94
130
164
190
220
237
234
237
278
294
321
378
407
382
352
326
281
244
248
268
269
258
218
181
142
110
70
51
46
30
0
-19
-29
-96
-179
-215
-255
-294
-304
-329
-355
-397
-430
-443
-456
-458
-464
-469
-467
-442
-432
-416
-394
-377
-327
-250
-202
-158
-130
-115
-85
-74
-35
29
74
127
171
212
239
273
302
324
362
399
436
442
466
485
500
493
480
458
434
436
439
447
448
430
429
413
358
312
250
170
104
74
28
-10
-48
-85
-125
-148
-173
-222
-282
-335
-362
-385
-413
-443
-469
-503
-515
-522
-519
-501
-482
-479
-495
-500
-518
-527
-508
-462
-396
-323
-262
-197
-139
-103
-79
-52
-31
-11
26
75
107
148
192
231
265
310
345
386
416
443
483
496
488
463
449
432
420
410
404
377
353
334
308
272
235
206
152
112
90
58
29
3
-31
-76
-84
-99
-133
-168
-198
-215
-228
-229
-233
-246
-242
-240
-248
-239
-235
-242
-239
-210
-182
-157
-124
-121
-120
-129
-131
-123
-110
-74
-29
-1
20
11
-3
26
66
122
168
205
233
233
237
227
226
231
253
239
221
208
171
129
97
94
87
65
26
-1
-61
-109
-130
-152
-178
-184
-171
-175
-171
-161
-193
-231
-260
-270
-241
-218
-192
-186
-186
-211
-235
-248
-248
-209
-175
-131
-88
-87
-92
-83
-54
-5
28
66
98
111
130
160
163
162
168
192
221
228
239
243
219
195
177
183
188
189
188
190
174
186
176
150
147
136
131
129
112
59
11
-23
-26
-41
-59
-74
-94
-106
-132
-162
-186
-196
-201
-200
-184
-172
-169
-171
-175
-175
-167
-171
-158
-133
-149
-158
-164
-158
-133
-115
-43
7
34
62
72
77
74
76
82
92
99
103
105
91
84
96
120
159
182
211
231
221
214
193
188
166
153
159
144
134
142
127
80
82
95
88
66
36
-1
-17
-38
-49
-18
-7
-22
-29
-74
-132
-156
-194
-209
-203
-185
-185
-161
-152
-149
-137
-131
-153
-160
-155
-154
-124
-112
-103
-113
-109
-103
-69
-36
-7
7
11
33
18
27
54
61
61
73
96
101
82
84
79
76
70
63
70
72
99
107
96
85
66
64
64
49
60
38
8
-11
-31
-27
-1
21
23
10
5
3
7
-4
-9
9
-1
4
-9
-27
-56
-78
-87
-87
-76
-75
-63
-64
-79
-96
-106
-120
-100
-73
-21
8
-18
-30
-47
-54
-51
-53
-49
-47
-41
-34
-13
7
12
25
51
70
39
29
9
-17
-2
15
20
31
46
45
60
65
80
91
87
85
90
102
110
101
95
98
77
52
30
42
53
39
30
41
48
41
13
-19
-24
-31
-35
-26
-22
-13
-26
-36
-56
-59
-66
-64
-53
-56
-56
-61
-47
-52
-69
-82
-98
-100
-93
-99
-103
-99
-81
-50
-28
-35
-23
-6
22
33
46
44
22
12
22
38
56
71
84
113
120
128
131
126
104
96
88
85
97
112
102
107
120
100
99
102
92
97
102
83
63
43
31
23
28
-1
-22
-11
-16
-26
-35
-47
-68
-83
-93
-82
-74
-73
-101
-146
-172
-186
-182
-148
-111
-83
-39
-41
-80
-115
-109
-123
-126
-96
-91
-110
-106
-90
-95
-93
-85
-79
-77
-65
-61
-36
-43
-40
-1
11
30
50
62
48
50
35
19
17
14
30
46
71
94
102
92
67
39
25
21
3
20
24
23
53
57
67
75
79
88
96
98
82
67
59
39
40
51
62
61
55
41
35
32
20
27
30
50
33
9
2
-28
-53
-70
-66
-49
-38
-33
-26
-9
10
-5
-29
-34
-33
-31
-51
-37
-29
-47
-33
-28
-21
-14
5
7
-2
-8
-38
-52
-56
-55
-49
-28
-14
-18
-13
-8
-13
-6
11
22
39
57
64
70
71
82
85
75
64
68
61
43
42
68
98
99
94
91
93
80
46
47
62
65
79
88
82
59
48
37
12
-4
3
-2
-22
-30
-39
-53
-74
-77
-57
-31
-45
-53
-79
-98
-115
-142
-147
-143
-154
-146
-130
-128
-120
-111
-114
-127
-152
-173
-185
-194
-191
-186
-174
-177
-152
-107
-59
-15
18
40
50
54
65
63
46
35
30
32
42
31
33
27
43
64
62
62
71
73
68
83
72
72
63
69
90
103
87
66
58
53
57
62
76
87
72
54
51
40
21
36
44
34
24
5
-15
-17
0
8
32
58
72
83
82
66
21
-11
-5
-10
-5
11
43
62
84
81
76
59
19
3
0
12
13
-2
-33
-33
-21
-17
-13
-11
-28
-42
-55
-71
-72
-63
-52
-25
13
27
16
-13
-42
-47
-61
-65
-39
-20
-11
-21
-49
-71
-49
-51
-31
5
16
21
11
4
-5
-12
-28
-16
17
14
8
8
6
-2
-4
-5
-1
6
-1
7
2
-11
-19
-27
