SAMPLES:	12421
BITSPERSAMPLE:	16
CHANNELS:	1
SAMPLERATE:	16000
NORMALIZED:	FALSE
21
-15
28
-8
8
10
-21
17
-11
20
1
11
10
-16
26
-17
11
23
-11
30
-1
11
14
-5
23
0
20
7
11
22
9
18
11
3
-2
-2
-7
-9
14
-10
17
8
-10
31
-7
25
14
-3
33
3
13
16
-3
12
7
2
14
-7
6
7
-8
-7
3
-16
3
3
-6
8
-4
-4
-7
-5
-15
-6
-13
-16
-5
-23
-5
-11
1
-14
5
-4
-11
-4
-17
-10
-19
-24
-8
-22
-6
-2
-18
5
-21
-1
-10
-15
-5
-11
-8
-14
-1
-17
2
-4
4
4
-17
18
-13
11
4
-14
11
-29
-6
-9
-38
14
-20
-2
20
-12
15
-10
-14
-4
-28
3
-8
-19
-2
-18
-17
-9
-28
-16
-1
-15
10
-1
-10
-5
-8
-4
0
-7
0
5
-7
7
-3
19
19
8
48
-8
30
5
7
21
7
28
12
6
33
-4
27
-2
24
24
8
30
16
31
-5
20
0
3
27
-2
13
15
13
22
5
21
14
16
-2
4
-5
0
0
0
13
3
9
9
4
-11
35
-16
10
24
-7
27
-10
8
11
-14
30
-13
15
23
-13
33
-5
-5
10
-36
17
-4
-10
22
-33
18
-16
-34
-1
-23
-18
14
-39
-13
-7
-19
-5
-31
-3
-18
-14
-21
-18
-35
-7
-36
-14
-17
-36
15
-37
-8
4
-44
1
-19
-16
23
-30
22
-13
-9
-5
2
-12
25
-18
17
-22
-14
-3
-22
15
-6
6
9
-8
-12
25
-53
21
-31
3
-1
-22
5
-19
-17
3
-17
-1
9
-9
17
-9
4
13
-13
34
-1
-10
22
-28
25
-11
-4
16
-17
8
13
-1
-4
16
6
17
37
15
30
2
33
2
7
23
-7
41
-5
33
27
22
22
39
23
26
15
22
21
23
9
44
-37
45
-3
-9
43
-16
32
-2
1
18
-20
31
10
11
25
-4
26
14
-16
19
-15
-11
3
-14
9
3
7
8
5
-5
12
-27
-3
-36
1
-30
1
-18
4
-16
-17
-10
-15
-23
-9
-22
-48
5
-49
-11
-31
-23
-9
-28
7
-32
-14
-6
-43
15
-38
-35
41
-80
44
-24
-9
-3
-16
-3
-20
-4
-9
-2
6
-3
-8
10
-23
6
-20
4
-20
39
-42
21
-14
-8
8
2
0
18
-41
18
-7
-14
13
-33
30
-11
2
22
-34
33
6
-3
25
-35
39
-26
14
11
-23
31
-28
37
-19
-7
19
-40
15
-7
8
28
2
18
1
-15
33
-17
37
4
24
-3
33
-29
37
-5
12
28
8
2
30
-5
28
21
10
39
0
52
10
5
55
-11
25
34
-23
52
-32
34
20
-19
48
14
-9
66
-35
53
13
-13
48
-19
17
31
-38
41
-28
-6
20
-42
36
-22
-16
12
-43
4
-5
-37
-1
-49
-2
-2
-31
8
-33
0
-11
-56
-19
-38
-27
-14
-29
-16
-8
-36
11
-47
-11
-27
-28
-21
-28
-24
5
-33
10
-11
-1
-10
-39
19
-45
-17
7
-19
-9
20
-11
14
-8
-7
12
-5
4
33
-15
13
25
7
19
-3
23
9
8
32
-11
21
12
-22
24
-21
9
24
-10
-10
33
-34
21
0
-19
11
-22
-5
10
-29
62
-18
16
12
-30
26
-42
-12
4
-33
19
-24
-5
12
-16
28
-2
-5
6
5
-9
27
-3
-15
10
-18
21
0
-22
27
2
23
39
5
17
26
11
26
-3
4
33
-5
20
16
-24
43
-9
29
23
-10
41
-30
16
37
-41
44
-5
17
57
-41
40
-17
-18
41
-11
0
14
-11
36
-25
5
-4
-20
52
-33
16
-9
-1
17
-4
35
-17
34
-18
8
16
-48
53
-58
17
11
-81
60
-68
1
11
-91
25
-66
13
-19
-45
2
-69
3
-22
-15
7
-12
-14
-17
-30
-37
-31
-14
-4
2
-26
31
-44
-6
0
-48
9
-37
3
9
-36
12
-7
10
-3
0
40
29
-13
43
-19
37
-3
18
32
-39
73
-14
-3
32
-42
29
-9
3
37
-44
47
-8
14
8
-7
21
-45
21
-38
-8
-18
-14
28
-36
21
-35
-11
17
-34
21
-32
-6
12
-20
-15
-8
6
39
16
15
3
-47
39
-15
18
16
-3
69
-10
28
24
2
35
4
56
-23
53
0
4
32
-6
55
-10
30
48
-12
47
-17
-7
28
-52
49
12
6
14
17
-15
2
2
1
22
-21
58
-31
-32
-5
-54
31
-50
-8
33
-55
19
0
-80
47
-46
9
14
2
73
-26
16
24
-47
53
-12
1
61
-32
76
-15
-29
14
-28
50
-33
22
-1
-31
-15
-19
-11
-60
8
-60
-15
2
-82
35
-15
-33
36
-82
8
-50
-31
-17
-32
19
0
-18
-22
-15
-32
7
-31
-25
-19
-56
-3
-20
-36
66
-42
55
-18
-16
74
-47
41
0
-31
18
23
-27
-2
20
29
13
28
-10
2
-15
27
2
-14
-7
19
-19
-33
51
-20
-24
8
12
-19
1
-1
-36
67
-62
75
-47
-61
31
-70
-10
-25
21
30
-33
47
15
-52
61
-52
-9
13
-23
87
-20
66
94
-46
38
-15
-17
67
-11
67
43
-33
82
25
-5
63
30
-3
60
-1
40
3
25
26
7
-14
55
8
56
61
-29
68
-82
42
-19
-6
52
-12
71
-2
2
41
-90
46
-12
-52
67
-48
27
-34
-29
51
-47
14
-4
17
-18
-37
33
-56
54
1
22
-30
2
15
-8
-12
14
-7
-71
19
-19
-53
-12
-7
-57
8
-88
-70
-57
-88
-13
-6
-120
16
-23
-7
-27
-34
-10
-42
-19
39
-36
1
38
-45
-20
-40
-29
-33
-3
-13
14
-22
4
-27
13
-23
-31
67
-60
14
60
-55
86
-19
-4
53
-37
25
35
-56
54
-4
30
12
-8
45
-28
37
-25
21
2
-21
-5
-28
-46
-1
30
-7
-1
54
-63
22
-2
-49
37
-42
71
20
-56
113
-47
-14
65
-24
78
39
3
32
-4
19
50
-37
11
24
26
20
-10
17
22
41
39
55
8
69
38
50
30
-22
12
81
50
28
12
-6
27
9
4
26
1
29
40
-2
-4
-10
-2
-16
-24
35
18
-8
71
-42
-9
40
-102
59
-45
17
10
-49
-17
-9
-9
46
-19
-22
-31
-8
-34
-65
-34
-40
-18
-40
-8
-60
-51
-18
-63
-15
-30
-28
-24
-60
30
-52
-55
-4
-25
-33
3
-37
-39
-29
4
-62
-29
-52
-51
-1
-34
-19
-19
-45
-21
-1
-38
-35
29
10
23
32
-44
27
-74
-44
21
-66
31
53
10
44
32
-2
10
-3
2
54
38
8
133
54
8
70
-2
-20
16
26
44
51
29
26
13
-35
-40
13
-29
30
95
43
68
17
11
54
-6
42
77
44
76
53
-1
20
-15
4
14
-9
17
6
-27
-9
-30
7
-14
26
-5
-110
46
-10
27
81
62
62
25
-44
-94
-95
-77
-115
66
51
23
117
43
25
-22
-1
-74
-88
-39
-51
3
1
3
68
6
9
32
-41
-69
-31
-61
-62
-31
38
42
3
63
-5
-49
-73
-71
-74
-45
0
35
47
27
8
11
-26
-48
-43
-35
-55
5
41
2
15
15
6
-23
-7
-6
-23
-40
-20
-3
-32
-39
7
3
10
13
16
12
-16
23
6
-38
-34
-29
-50
-16
8
-5
-3
8
-12
-33
-44
-42
-29
-14
10
37
28
7
25
15
9
-1
-2
-2
12
-10
1
5
-8
27
8
36
36
22
54
75
48
24
31
-14
23
43
33
29
26
44
46
34
19
18
17
48
67
58
25
23
12
22
-19
-50
-14
13
51
30
48
8
-17
-9
-22
-31
-65
-25
-31
-5
2
-27
-31
-25
-3
-8
-46
-54
-35
-50
-29
-32
-74
-38
-13
0
4
-37
-53
-44
-40
-15
-13
-23
-35
-5
17
-6
17
-18
-21
-2
-11
9
-14
-8
-6
21
9
-10
-12
-9
9
46
78
38
35
35
83
85
86
61
62
77
71
84
46
8
65
87
77
90
58
78
67
58
42
-10
-13
-8
5
16
-7
-31
-57
-46
-66
-101
-113
-91
-84
-65
-46
-79
-95
-72
-91
-124
-135
-148
-146
-113
-85
-74
-94
-97
-93
-120
-127
-146
-150
-136
-92
-90
-89
-55
-60
-76
-17
-10
-13
0
24
71
69
120
174
204
275
363
400
457
436
457
408
351
301
221
191
170
177
147
115
40
24
-35
-86
-98
-136
-126
-129
-140
-120
-160
-204
-206
-208
-205
-167
-143
-156
-151
-150
-171
-196
-212
-240
-224
-237
-280
-283
-335
-371
-370
-416
-389
-383
-360
-299
-275
-214
-208
-217
-140
-101
-22
39
82
214
387
512
648
827
876
977
1018
926
818
726
676
673
657
583
554
472
384
294
106
-45
-120
-172
-160
-143
-165
-192
-179
-143
-153
-181
-244
-252
-246
-225
-233
-269
-267
-284
-281
-301
-370
-480
-528
-571
-640
-679
-736
-775
-743
-732
-695
-719
-748
-699
-658
-589
-578
-534
-400
-281
-143
43
218
407
475
619
873
1123
1338
1442
1473
1376
1330
1224
1047
939
885
849
885
804
587
311
98
-47
-178
-253
-314
-276
-169
-108
-82
-160
-258
-384
-397
-330
-379
-341
-316
-310
-250
-305
-425
-521
-598
-633
-685
-701
-812
-859
-912
-949
-950
-1017
-1003
-994
-935
-843
-801
-760
-655
-570
-459
-279
-191
-69
102
260
524
700
958
1326
1652
2005
2118
2049
1845
1642
1493
1315
1146
1080
992
968
891
735
373
72
-124
-280
-304
-293
-262
-182
-58
-20
-13
-134
-338
-356
-358
-390
-382
-397
-399
-428
-442
-462
-629
-770
-894
-943
-987
-1105
-1225
-1316
-1368
-1374
-1292
-1318
-1253
-1155
-1010
-904
-719
-637
-649
-490
-343
-154
-12
151
310
573
846
1110
1477
1829
2125
2322
2213
2097
1927
1576
1451
1307
1180
1179
1066
1037
818
538
296
3
-192
-334
-336
-309
-235
-112
-108
-87
-152
-282
-327
-340
-383
-364
-372
-383
-392
-454
-507
-663
-731
-837
-986
-1087
-1196
-1325
-1435
-1447
-1436
-1321
-1243
-1160
-1059
-957
-838
-802
-715
-592
-479
-375
-191
-21
128
256
270
340
567
922
1350
1697
1943
2141
2167
1944
1737
1481
1234
1083
1042
1027
1012
920
671
461
208
-58
-228
-379
-428
-406
-325
-276
-211
-173
-241
-313
-347
-412
-498
-611
-603
-576
-486
-377
-335
-291
-404
-538
-668
-835
-1031
-1217
-1284
-1304
-1293
-1169
-1070
-1006
-959
-894
-856
-771
-711
-600
-399
-275
-127
17
131
183
183
204
354
472
823
1272
1620
1904
2042
2046
1953
1771
1487
1237
1123
1057
998
997
864
788
589
393
156
-26
-167
-313
-282
-329
-241
-271
-235
-185
-241
-220
-267
-360
-389
-403
-381
-375
-334
-306
-319
-403
-477
-557
-805
-1004
-1096
-1171
-1192
-1095
-1011
-949
-917
-897
-899
-893
-902
-858
-734
-650
-436
-332
-223
-32
-31
59
191
292
392
536
763
1011
1325
1496
1606
1672
1633
1602
1421
1285
1214
1071
970
932
799
717
601
422
289
242
123
40
-35
-137
-141
-218
-273
-329
-361
-371
-475
-496
-550
-614
-651
-673
-651
-641
-621
-640
-646
-754
-835
-905
-1013
-1047
-1039
-1036
-1010
-942
-905
-872
-892
-895
-853
-801
-720
-640
-539
-430
-260
-89
84
239
331
435
481
571
662
693
777
889
1022
1152
1330
1401
1372
1374
1253
1112
1069
971
900
935
929
941
895
833
722
667
591
478
382
276
123
8
-83
-244
-310
-416
-503
-530
-597
-695
-784
-851
-919
-980
-959
-899
-836
-775
-731
-690
-663
-718
-837
-929
-959
-946
-887
-843
-750
-697
-592
-512
-442
-428
-371
-356
-229
-70
26
191
296
382
485
572
594
626
687
744
771
808
787
788
797
784
852
955
977
950
912
886
839
723
686
655
693
723
693
605
481
328
163
34
-74
-178
-278
-322
-371
-435
-500
-603
-698
-735
-774
-789
-821
-828
-778
-753
-693
-703
-660
-582
-603
-592
-613
-626
-645
-624
-567
-502
-435
-346
-240
-199
-178
-155
-156
-112
-25
13
37
82
157
210
228
312
359
370
387
424
474
539
588
657
686
656
666
666
621
638
625
610
653
607
534
419
290
175
66
43
25
-63
-171
-241
-302
-356
-419
-415
-419
-423
-414
-375
-345
-336
-305
-313
-272
-291
-281
-278
-295
-230
-212
-170
-109
-79
-31
-20
40
31
60
3
-13
19
10
59
88
100
127
211
218
210
218
180
170
271
266
270
285
260
265
239
227
248
257
234
216
166
119
77
40
13
-18
-77
-121
-211
-254
-292
-378
-380
-361
-384
-386
-336
-357
-326
-308
-300
-296
-282
-278
-241
-223
-250
-199
-225
-216
-164
-104
-60
-29
73
78
114
169
185
203
230
266
242
256
221
254
272
250
275
266
230
241
261
225
204
189
190
154
153
171
154
152
130
123
88
87
53
-7
3
-24
-94
-139
-174
-204
-219
-186
-198
-212
-231
-221
-246
-278
-259
-273
-315
-279
-260
-306
-270
-266
-263
-235
-233
-153
-160
-182
-115
-92
-27
46
64
171
236
253
285
287
316
338
332
352
367
335
346
330
332
354
308
251
253
193
165
149
145
148
157
179
150
153
166
141
92
113
45
8
8
-20
-35
-85
-118
-148
-170
-237
-222
-205
-247
-205
-214
-223
-231
-245
-283
-261
-290
-336
-313
-332
-298
-254
-213
-214
-204
-104
-82
-90
-62
-91
-130
-101
-15
-5
58
127
123
167
197
210
182
220
213
209
239
191
140
111
61
10
-10
-45
-46
-25
-7
-49
-18
-49
-50
-21
0
-16
-40
-31
-38
-41
-29
-50
-77
-88
-149
-141
-128
-146
-110
-112
-122
-44
-53
-67
-13
-38
-10
35
11
-6
-4
-11
19
94
128
175
219
238
201
174
126
94
129
147
150
223
227
265
284
244
252
239
165
153
154
99
20
-49
-29
-104
-99
-115
-160
-160
-168
-147
-138
-152
-166
-135
-113
-85
-130
-164
-209
-250
-215
-202
-209
-142
-156
-167
-100
-103
-124
-148
-144
-120
-90
-74
-47
-2
77
98
105
99
124
125
195
286
277
315
345
305
308
331
198
132
116
27
13
57
73
97
136
149
165
169
148
136
135
118
43
20
-11
-43
-52
-78
-125
-165
-158
-192
-184
-169
-223
-158
-105
-145
-117
-128
-200
-239
-235
-212
-192
-152
-78
-105
-151
-139
-211
-221
-159
-150
-92
-57
-61
-6
2
9
76
112
138
179
251
276
286
308
238
214
172
91
53
9
-40
-31
-71
-58
-30
-19
12
-2
44
72
58
42
54
9
-14
-3
-87
-103
-72
-81
-75
-86
-97
-129
-131
-122
-122
-167
-115
-89
-107
-49
-59
-98
-65
-62
-37
1
-3
2
-13
-30
-29
3
4
26
74
86
84
89
82
80
123
188
229
232
233
220
199
212
162
97
30
-11
-23
-114
-106
-101
-127
-100
-77
-102
-75
-24
-39
-15
12
38
5
-21
-31
-36
-105
-163
-125
-154
-152
-87
-73
-73
-26
-23
-25
28
76
73
96
119
123
150
132
126
118
145
156
134
125
108
147
104
107
120
92
106
109
128
147
150
167
190
200
225
239
214
195
154
122
106
24
-49
-99
-122
-179
-192
-157
-187
-188
-176
-178
-146
-130
-130
-88
-86
-144
-155
-187
-264
-301
-321
-340
-288
-284
-283
-253
-271
-259
-242
-229
-198
-155
-145
-97
-28
-3
0
1
9
-7
6
15
30
29
7
2
-4
-19
14
27
53
88
120
124
170
216
234
263
299
316
316
325
268
197
170
122
73
46
32
-3
1
45
48
16
18
7
5
38
22
24
25
-51
-65
-88
-147
-171
-193
-205
-228
-230
-246
-258
-261
-234
-204
-124
-93
-71
-35
-30
-18
-14
0
6
37
46
39
54
56
18
12
44
25
54
58
58
96
122
138
175
208
227
269
315
328
354
364
376
374
356
339
284
216
179
137
111
136
108
97
93
89
95
63
29
-11
-38
-86
-144
-172
-187
-169
-183
-172
-188
-252
-269
-279
-270
-261
-247
-214
-204
-190
-143
-123
-125
-92
-113
-76
-65
-96
-71
-59
-70
-54
-47
-90
-115
-120
-125
-118
-145
-106
-76
-60
-29
6
40
83
133
151
185
208
199
173
133
80
42
-3
-22
-69
-90
-54
-74
-87
-89
-62
-84
-92
-60
-96
-117
-128
-165
-184
-182
-214
-185
-157
-158
-96
-91
-96
-80
-76
-61
-18
-16
2
55
76
104
121
128
122
121
128
122
105
114
123
136
142
140
114
121
166
150
197
229
219
239
264
309
310
315
305
301
286
280
234
168
116
94
57
31
48
14
-33
-74
-70
-81
-100
-77
-85
-115
-126
-145
-155
-146
-180
-182
-162
-155
-119
-124
-160
-133
-137
-177
-137
-143
-178
-162
-155
-173
-146
-92
-92
-101
-106
-102
-80
-57
-62
-63
-38
-40
-20
18
4
34
39
36
73
93
102
147
141
153
205
170
162
163
120
115
119
56
10
-12
-37
-48
-47
4
31
31
41
30
17
-4
-32
-61
-71
-95
-80
-87
-88
-83
-110
-110
-88
-87
-56
-57
-50
-62
-105
-119
-129
-118
-122
-93
-127
-91
-90
-118
-109
-140
-148
-151
-125
-73
-40
-24
5
-4
11
72
88
90
79
103
102
98
140
158
171
179
206
171
195
217
163
169
151
120
121
149
150
147
190
180
171
175
172
156
124
140
169
126
103
101
55
26
33
31
7
-26
-38
-16
-19
-2
6
-30
-37
-28
-65
-84
-96
-132
-167
-181
-181
-178
-179
-190
-176
-169
-159
-134
-113
-108
-71
-31
-32
0
-21
-31
-19
-34
-35
-4
-21
-24
-10
-22
-42
-48
-11
-1
1
3
25
40
42
49
35
6
13
19
13
16
19
7
-8
-10
1
1
-10
-44
-40
-43
-67
-91
-105
-103
-103
-93
-122
-108
-112
-135
-109
-125
-141
-140
-158
-111
-65
-84
-64
-50
-80
-62
-41
-45
-39
-27
-1
53
73
63
75
77
123
133
120
128
121
91
79
56
38
21
-1
12
32
53
57
63
81
121
136
135
138
160
189
177
180
189
160
165
180
166
124
104
66
69
106
78
44
51
31
-17
-32
-44
-39
-38
-28
-27
-31
-41
-51
-45
-45
-56
-52
-58
-70
-55
-83
-41
0
10
38
14
12
-15
-37
5
-7
5
15
-17
-32
-21
-49
-39
-23
-31
-14
8
21
20
27
55
41
29
46
48
43
30
15
55
82
66
85
71
23
2
-16
-66
-62
-79
-104
-89
-77
-63
-84
-116
-120
-131
-174
-215
-203
-188
-193
-149
-126
-159
-131
-113
-153
-119
-114
-155
-135
-102
-107
-90
-89
-73
-76
-78
-70
-54
-13
-15
4
62
62
68
92
89
102
110
85
98
109
73
100
102
103
135
148
129
127
148
122
118
187
184
186
202
162
145
126
104
78
65
39
31
22
-35
-63
-89
-94
-125
-122
-129
-140
-146
-153
-129
-104
-84
-89
-93
-119
-131
-132
-117
-96
-90
-55
-72
-65
-66
-72
-59
-41
9
57
94
69
74
80
82
73
112
143
133
140
113
89
103
118
127
149
178
167
191
187
153
155
149
120
123
138
118
108
115
114
106
94
31
9
19
-13
-25
-52
-94
-118
-127
-120
-137
-170
-181
-171
-180
-157
-149
-173
-177
-152
-158
-152
-124
-116
-96
-78
-62
-70
-84
-97
-73
-54
-33
-26
0
38
39
58
116
116
73
110
126
109
129
130
142
161
147
181
187
152
135
150
119
89
91
79
63
78
70
30
8
11
8
-3
-6
-49
-83
-84
-102
-127
-136
-149
-185
-218
-233
-256
-291
-307
-297
-307
-287
-259
-254
-233
-223
-247
-254
-227
-235
-214
-168
-151
-150
-156
-141
-110
-73
-35
-19
16
49
82
130
178
204
220
234
234
211
192
166
175
218
222
260
260
260
276
263
272
258
279
277
279
284
260
224
211
189
135
105
64
56
29
11
3
-31
-43
-57
-82
-96
-118
-168
-206
-209
-212
-222
-205
-185
-191
-207
-203
-203
-212
-153
-147
-117
-79
-75
-66
-46
-23
-21
24
31
28
57
50
54
69
46
59
114
129
135
165
189
182
185
197
182
226
252
226
241
248
207
203
216
173
166
135
96
111
76
36
27
-20
-51
-51
-95
-109
-142
-145
-170
-198
-199
-216
-228
-202
-199
-238
-230
-233
-260
-244
-240
-261
-238
-252
-247
-202
-205
-171
-140
-156
-123
-117
-150
-112
-77
-89
-74
-67
-72
-46
-37
-48
-42
-53
-31
-3
31
70
107
119
137
144
147
148
159
179
159
165
166
166
166
145
161
146
99
88
62
16
19
9
-18
5
11
8
-1
-42
-72
-43
-43
-63
-49
-61
-84
-61
-65
-70
-46
-27
-18
9
16
12
18
-8
10
31
43
53
84
96
80
112
94
71
100
114
93
134
135
107
138
117
108
137
119
127
145
143
171
174
156
153
152
138
124
104
65
48
38
15
13
-21
-42
-54
-67
-73
-72
-77
-85
-95
-99
-92
-122
-134
-122
-130
-132
-120
-118
-137
-120
-145
-154
-105
-111
-107
-95
-108
-112
-82
-95
-95
-56
-78
-98
-67
-56
-56
-44
-39
-42
-37
-51
-56
-52
-53
-36
-29
-16
-3
7
26
39
36
37
24
22
5
-6
24
20
15
31
20
6
10
-10
-26
-20
-32
-49
-39
-26
-24
-25
-5
7
-8
-10
-5
-16
-31
-53
-57
-73
-65
-44
-30
-43
-41
-40
-64
-17
30
7
38
48
22
64
62
25
34
11
-13
26
33
19
71
78
88
109
106
95
96
89
104
124
126
120
118
137
124
107
109
86
80
96
85
54
56
56
33
43
57
13
30
70
29
29
1
-28
-9
-5
-1
0
-8
-11
-3
-10
-8
-16
-22
-14
-3
-5
0
-4
-28
-58
-50
-53
-41
-30
-36
-34
-18
-18
-38
-38
-38
-32
-22
-12
-3
-15
-23
-30
-35
-40
-31
-16
-21
29
17
15
46
18
-8
-9
-22
-29
-10
-61
-56
-72
-104
-85
-76
-94
-66
-16
-33
-20
-14
-37
-40
-33
-33
-43
-41
-45
-61
-50
-64
-40
-30
-31
-27
-14
0
-15
-23
-8
24
13
26
20
8
37
26
9
25
6
-5
4
-4
6
12
-1
1
22
17
32
22
11
15
27
24
9
2
17
20
2
19
-1
-40
-46
-36
-34
-29
-54
-46
-42
-57
-42
-59
-78
-42
-44
-50
-32
-50
-52
-11
-14
-9
10
13
8
56
44
25
55
41
39
47
48
63
77
77
86
90
73
73
93
95
75
87
74
49
52
63
71
96
105
105
133
119
95
99
93
90
96
105
89
75
79
77
44
50
41
7
22
8
2
8
-21
-17
3
-21
-22
-28
-71
-75
-66
-82
-77
-54
-74
-84
-78
-73
-70
-64
-74
-81
-88
-75
-75
-80
-60
-68
-86
-76
-85
-78
-89
-102
-90
-89
-88
-73
-64
-56
-39
-33
-24
-41
-69
-75
-63
-56
-33
-11
-15
-24
-27
-17
-26
-31
-14
-10
-28
-11
-15
-28
-12
11
7
-12
-12
-6
-13
-15
-4
1
8
14
43
33
44
42
31
56
34
32
30
14
4
-3
-15
-1
-3
-12
18
32
20
26
16
3
7
18
22
38
47
28
34
37
26
15
29
47
70
70
84
64
64
57
54
87
103
112
101
91
87
82
76
85
83
73
58
29
16
13
12
29
47
42
43
34
12
6
7
15
13
-6
-12
-26
-20
-17
-26
-1
-7
-14
-5
-8
-29
-29
-29
-17
-15
-35
-16
-14
-36
-23
-13
-33
-38
-37
-49
-37
-35
-38
-14
-15
-23
-17
-28
-49
-47
-44
-54
-42
-29
-30
-30
-15
-20
-38
-35
-27
-28
-17
-4
-23
-35
-26
-29
-29
-27
-46
-43
-55
-76
-54
-59
-80
-72
-65
-70
-63
-67
-78
-63
-59
-49
-53
-50
-52
-45
-53
-52
-52
-68
-59
-55
-66
-47
-29
-34
-32
-28
-32
-30
-30
-6
20
9
18
47
43
61
67
69
86
100
110
113
120
117
94
103
110
96
105
114
112
122
130
104
103
107
106
110
116
112
99
73
60
53
30
26
15
25
29
29
31
23
21
25
17
-7
-11
-21
-23
-4
-17
-29
-39
-61
-68
-81
-88
-66
-53
-52
-33
-40
-37
-30
-27
-22
-33
-13
-21
-15
7
-25
-32
-12
-10
2
17
2
-6
-2
-7
0
25
26
17
9
22
14
4
2
3
17
10
4
17
16
13
27
29
22
21
12
14
6
-28
-27
-29
-31
-20
-8
-20
-18
-21
-45
-64
-60
-65
-51
-48
-56
-63
-65
-75
-71
-60
-55
-59
-77
-69
-59
-50
-24
-21
-32
-35
-57
-47
-30
-28
-21
-3
-10
-2
10
-10
-9
0
-6
-11
7
9
8
4
11
18
19
36
24
26
33
31
43
42
28
27
24
23
29
28
35
41
42
31
32
42
37
36
29
35
33
18
20
18
10
15
8
2
19
12
2
27
15
6
33
16
0
8
-5
-8
7
15
13
4
12
20
21
11
18
19
-4
-5
5
-7
-1
19
20
30
46
58
35
36
35
30
19
36
35
34
41
24
1
16
-8
-18
-11
-12
6
-16
-15
-13
-41
-44
-26
-55
-46
-23
-73
-53
-26
-68
-57
-36
-56
-48
-39
-48
-30
-17
-15
5
-8
-18
3
-23
-37
-25
-36
-24
6
12
5
6
11
12
19
64
96
115
243
374
257
-171
-640
-775
-512
-96
239
339
311
303
263
56
-253
-421
-309
-23
228
301
232
131
65
45
-6
80
372
648
525
0
-528
-729
-513
-163
-8
26
111
229
214
-41
-401
-527
-356
-98
66
92
43
65
106
77
-27
-174
-242
-124
52
59
27
-31
-2
120
146
59
-72
-109
-52
9
-10
-12
-9
-12
35
167
419
537
407
311
366
318
-11
-572
-1048
-947
-410
46
251
275
345
430
235
-169
-503
-430
-23
374
457
219
30
-16
72
150
108
13
116
148
152
336
491
506
96
-576
-1060
-1143
-695
-136
193
362
354
352
138
-293
-596
-492
-6
548
804
566
119
-221
-323
-136
-3
137
517
832
818
441
-161
-586
-694
-497
-329
-30
166
237
218
-22
-143
-312
-439
-211
-49
57
150
184
209
215
60
-101
-72
-52
-14
95
-13
11
152
182
178
-55
-304
-309
-135
-135
-221
-237
-191
9
31
-214
-192
-215
-124
151
-10
-114
-79
-105
-89
-105
-131
-110
-95
81
234
299
196
36
-11
-130
-14
22
-107
-206
-93
197
303
250
159
49
-35
-34
-154
-229
-265
-63
226
364
190
72
-40
-26
-133
-226
-90
28
223
306
155
18
-134
-96
26
-197
-235
9
209
135
-100
-135
-84
-61
62
-50
-163
-26
171
112
-70
-27
113
107
10
-36
-127
-44
131
162
101
-56
-38
12
4
117
-39
-103
129
113
103
29
78
106
119
109
79
46
157
110
-38
77
247
280
39
-146
-60
223
315
128
-81
-82
9
209
72
-123
-129
-68
-33
-52
9
-107
-43
82
164
187
-14
-140
-43
11
-57
-167
-45
20
54
97
-78
-62
-145
-205
-228
-195
68
183
6
-225
-311
-170
-116
-291
-360
-62
252
296
117
-276
-385
-18
221
87
-164
-165
156
360
245
-138
-332
-102
132
148
-179
-331
-10
246
167
-10
-112
21
115
90
-136
-250
-54
255
324
121
-35
28
163
81
-183
-303
-152
141
283
182
-18
-148
-86
-121
-141
-103
-92
1
124
212
98
-77
-225
-264
-67
-8
-84
-125
-177
-60
36
-72
-222
-284
-166
41
27
-148
-179
-82
-3
43
109
33
-48
-12
60
42
-45
59
96
69
108
143
242
91
-126
-166
16
361
354
76
-92
46
357
379
125
-92
-39
245
392
212
-81
-94
126
372
314
37
-185
-155
48
151
192
97
69
149
124
-83
-234
-173
-70
56
155
165
43
-110
-111
-50
-8
87
92
-91
-227
-218
-160
-218
-244
-124
11
109
117
-41
-300
-481
-334
-68
126
189
114
80
87
8
-184
-387
-256
36
256
260
-28
-191
-203
-177
-105
-50
110
363
521
453
222
26
-153
-138
91
336
478
476
370
194
64
-61
-153
-38
196
349
369
277
64
-179
-356
-431
-304
-132
-40
-58
-134
-247
-402
-509
-559
-466
-209
15
64
-67
-311
-476
-506
-508
-557
-530
-403
-240
-96
-112
-376
-577
-532
-460
-449
-379
-291
-157
-31
-116
-367
-578
-515
-141
374
883
1528
2052
2166
1761
1132
721
710
902
1044
1229
1541
1805
1702
1128
321
-268
-451
-365
-301
-310
-235
-131
-178
-515
-1096
-1537
-1483
-1069
-633
-291
-84
-24
-139
-399
-666
-907
-880
-575
-277
-140
-147
-320
-700
-1109
-1453
-1552
-1347
-1192
-1139
-1183
-1201
-1136
-1193
-1302
-1256
-1010
-677
-266
69
266
445
628
1148
2040
3094
3717
3792
3363
2794
2372
2013
1546
1354
1716
2382
2687
2085
942
-262
-964
-1150
-1167
-1151
-964
-589
-152
-184
-744
-1607
-2193
-2065
-1505
-848
-421
-81
94
14
-197
-515
-770
-759
-524
-115
121
-25
-413
-1030
-1684
-2078
-2217
-2170
-1969
-1662
-1414
-1293
-1306
-1512
-1742
-1716
-1310
-769
-235
171
522
747
1039
1682
2768
3811
4387
4344
3871
3147
2482
1764
1126
1071
1524
2233
2252
1441
179
-961
-1495
-1609
-1577
-1289
-772
-50
216
-216
-1087
-1988
-2134
-1710
-1011
-307
223
529
431
100
-181
-574
-735
-627
-446
-214
-229
-491
-1152
-1856
-2309
-2524
-2508
-2361
-2130
-1793
-1478
-1220
-1179
-1394
-1456
-1341
-966
-463
60
491
816
1017
910
1279
2273
3573
4608
4772
4192
3371
2484
1622
657
187
632
1745
2399
1858
629
-602
-1427
-1756
-1881
-1676
-874
268
1081
842
-20
-1084
-1746
-1633
-1019
-154
650
1148
1185
578
-227
-894
-1300
-1267
-905
-530
-380
-393
-902
-1866
-2562
-2886
-2846
-2493
-2221
-1906
-1431
-980
-804
-1044
-1310
-1250
-918
-490
-111
185
438
892
1143
925
1153
2056
3470
4504
4563
3855
2874
1965
1323
450
-7
381
1428
2141
1659
580
-748
-1501
-1564
-1524
-1121
-333
594
1245
925
168
-879
-1532
-1352
-814
44
796
1173
1032
277
-401
-938
-1231
-1168
-1088
-729
-466
-483
-987
-2000
-2676
-2868
-2775
-2451
-2183
-1625
-1081
-617
-546
-984
-1224
-1188
-817
-261
198
602
829
804
708
266
377
1257
2824
4255
4775
4465
3442
2094
889
-226
-737
-249
970
2192
2227
1328
-81
-1381
-2115
-2277
-1771
-640
642
1617
1474
625
-463
-1519
-1775
-1335
-405
645
1291
1347
677
-208
-956
-1442
-1410
-1133
-612
-207
-271
-759
-1686
-2497
-2838
-2888
-2502
-1939
-1284
-774
-585
-586
-887
-1178
-1205
-1053
-572
1
547
847
730
551
190
413
1454
2931
4168
4664
4405
3428
2077
892
-229
-628
-45
1100
2001
1851
948
-442
-1671
-2172
-2148
-1494
-322
868
1694
1401
589
-453
-1421
-1537
-929
139
1151
1592
1415
601
-191
-948
-1518
-1519
-1143
-523
-246
-500
-1132
-2117
-2728
-2896
-2846
-2438
-1808
-1055
-523
-247
-353
-845
-1204
-1321
-1139
-621
-8
544
853
857
640
3
-48
905
2658
4187
4690
4257
3297
2084
901
-492
-1119
-413
1056
2203
2007
1049
-358
-1541
-2040
-2115
-1393
-21
1274
1997
1642
842
-276
-1257
-1439
-812
324
1382
1760
1282
330
-418
-1167
-1716
-1637
-1147
-405
-94
-408
-1232
-2219
-2758
-2959
-2904
-2456
-1721
-866
-363
-261
-534
-1004
-1291
-1466
-1401
-979
-345
222
401
304
160
-298
-117
1026
2820
4326
4830
4376
3280
2018
935
-112
-483
89
1264
2163
1933
984
-393
-1557
-1990
-1826
-960
365
1473
2001
1655
855
-212
-1039
-1128
-499
683
1577
1750
1276
358
-434
-1094
-1558
-1532
-1135
-593
-387
-663
-1398
-2359
-2921
-3111
-3018
-2505
-1722
-928
-489
-343
-636
-1150
-1591
-1856
-1628
-1059
-358
191
399
263
-79
-697
-711
405
2475
4453
5223
4836
3835
2527
1156
-209
-928
-294
1049
2309
2280
1202
-170
-1428
-2156
-2111
-1282
157
1406
2189
2125
1367
257
-916
-1301
-617
662
1705
1909
1442
605
-304
-1059
-1781
-1904
-1450
-799
-408
-678
-1297
-2073
-2864
-3235
-3134
-2516
-1711
-876
-365
-314
-549
-1088
-1745
-1937
-1608
-856
-97
376
375
87
-363
-895
-1312
-670
1263
3777
5506
5716
4828
3216
1505
-17
-1089
-952
399
1995
2884
2217
778
-1015
-2461
-2867
-2196
-589
1192
2360
2744
2100
1016
-406
-1493
-1290
-70
1485
2422
2381
1526
259
-937
-1929
-2323
-1863
-1114
-321
-102
-558
-1489
-2725
-3612
-3679
-3075
-1979
-897
-142
104
-46
-586
-1418
-1837
-1760
-1114
-215
339
471
129
-438
-1047
-1331
-1324
-426
1703
4242
5966
5980
4678
2873
990
-407
-1276
-1006
473
2090
2883
2036
350
-1492
-2993
-3177
-2181
-270
1810
2959
3106
2190
849
-682
-1774
-1406
64
1841
2740
2300
1146
-449
-1749
-2623
-2858
-2145
-1143
-326
-289
-953
-2012
-3248
-3957
-3849
-2892
-1515
-416
261
330
-85
-781
-1677
-2056
-1709
-873
44
417
315
-261
-838
-1397
-1635
-1429
-451
1806
4443
6204
6226
4782
2890
1058
-396
-1049
-851
595
2159
2985
2245
488
-1412
-2934
-3212
-1985
52
2201
3327
3289
2278
702
-816
-1821
-1439
224
2030
2861
2381
1013
-670
-2280
-3120
-3202
-2272
-1008
-156
-53
-752
-2023
-3371
-4123
-3746
-2527
-1018
120
674
714
188
-710
-1554
-1760
-1315
-641
-2
226
21
-460
-1045
-1458
-1376
-875
-7
1758
4112
6031
6443
5348
3481
1606
159
-595
-717
312
1815
2794
2337
637
-1252
-2802
-3287
-2241
-270
1829
3081
3154
2299
804
-619
-1655
-1500
-73
1639
2494
2020
642
-1146
-2748
-3435
-3340
-2430
-1155
-369
-296
-960
-2152
-3508
-4142
-3619
-2307
-696
490
947
805
30
-880
-1687
-1898
-1493
-863
-194
221
62
-563
-1295
-1639
-1563
-993
-177
661
2570
4804
6222
5985
4639
3024
1549
297
-396
-460
618
1722
2205
1420
-205
-1806
-3107
-3223
-1798
195
2032
2902
2802
1936
501
-770
-1598
-1078
346
1720
2193
1475
-36
-1861
-3338
-3826
-3484
-2293
-1076
-370
-369
-1087
-2248
-3435
-3736
-3031
-1706
-186
832
1150
828
-83
-1106
-1852
-1797
-1306
-618
64
337
88
-584
-1238
-1373
-1048
-402
463
1212
2610
4386
5734
6019
5110
3621
2218
935
215
-90
409
1156
1580
1228
-142
-1624
-2752
-3000
-1760
29
1815
2895
2762
2129
932
-213
-870
-683
338
1379
1784
1124
-435
-2020
-3327
-3671
-3253
-2286
-1258
-741
-667
-1318
-2270
-2977
-3233
-2547
-1300
-69
759
899
497
-372
-1163
-1709
-1794
-1327
-696
-16
336
148
-309
-873
-1044
-784
-367
341
1014
1293
1830
3226
4817
5599
5205
4064
2692
1318
7
-803
-858
1
838
986
176
-1015
-2317
-3069
-2385
-500
1601
2943
3085
2418
1201
-65
-991
-1343
-750
251
788
628
-408
-1953
-3341
-3898
-3512
-2492
-1182
-524
-494
-893
-1733
-2493
-2752
-2270
-1225
-35
882
1041
481
-479
-1388
-1781
-1603
-910
-141
360
589
348
-253
-873
-1090
-917
-357
396
1082
1391
1932
3265
4805
5748
5521
4334
2823
1174
-262
-1170
-1180
-185
788
1135
438
-924
-2219
-2868
-2107
-178
1903
3253
3349
2573
1159
-445
-1569
-1816
-980
100
813
671
-457
-1954
-3280
-3758
-3242
-2153
-1042
-448
-328
-711
-1362
-1928
-2212
-1759
-891
35
694
682
204
-594
-1225
-1412
-1126
-408
136
437
446
27
-460
-1001
-1227
-777
-136
627
1138
1370
1412
2100
3676
5012
5494
4939
3549
1811
-87
-1379
-1706
-1078
101
821
749
-216
-1480
-2499
-2534
-1157
848
2515
3197
2653
1513
-132
-1533
-2132
-1757
-596
498
800
218
-1096
-2524
-3567
-3688
-2894
-1621
-371
197
50
-638
-1603
-2227
-2221
-1523
-386
606
1094
849
142
-728
-1331
-1392
-976
-367
119
262
91
-478
-1071
-1410
-1185
-281
730
1417
1798
1649
1116
1743
3294
4680
5266
4818
3482
1669
-301
-1738
-2191
-1187
216
1279
1331
288
-1091
-2328
-2476
-1081
754
2378
2946
2480
1431
-187
-1486
-1993
-1455
-336
646
901
173
-1193
-2682
-3578
-3256
-2318
-994
-25
184
-99
-753
-1500
-1912
-1768
-1094
-90
777
979
617
-288
-1202
-1450
-1258
-708
-111
190
220
-36
-583
-1063
-1244
-883
95
1161
1702
1664
1289
595
689
2068
3721
4903
4973
3887
2306
392
-1091
-1769
-1197
2
927
1180
368
-976
-2126
-2608
-1650
35
1667
2597
2415
1579
230
-1006
-1758
-1603
-802
35
480
60
-1020
-2121
-2989
-3038
-2481
-1493
-544
-40
104
-250
-879
-1480
-1660
-1226
-572
102
340
108
-272
-771
-949
-877
-571
-178
56
93
-84
-432
-755
-829
-471
106
716
940
756
492
251
180
786
2398
4104
5058
4922
3681
1969
246
-1063
-1413
-855
313
1026
987
73
-1133
-2035
-2251
-1358
203
1634
2352
1948
965
-388
-1567
-1890
-1446
-424
547
908
416
-747
-2013
-2761
-2720
-1910
-751
240
636
311
-507
-1447
-2088
-2006
-1397
-445
374
661
489
-102
-621
-795
-702
-276
161
244
37
-332
-708
-1002
-1025
-759
-295
254
514
573
400
134
95
905
2812
4639
5399
4962
3575
1933
208
-1097
-1472
-769
476
1141
1006
-102
-1521
-2600
-2770
-1506
262
1708
2267
1757
774
-468
-1444
-1743
-1099
114
1043
1332
747
-372
-1496
-2372
-2346
-1621
-663
-23
-43
-447
-1118
-1777
-2126
-1835
-1032
-103
647
865
605
99
-487
-754
-651
-427
-376
-541
-905
-1153
-1253
-1110
-728
-333
81
507
571
453
222
124
423
666
1239
2607
4009
4831
4418
3266
1885
488
-605
-1151
-807
25
457
225
-748
-1634
-2235
-2217
-1195
202
1472
1834
1409
784
11
-589
-677
-111
762
1326
1298
451
-788
-2061
-2901
-2951
-2357
-1450
-677
-289
-299
-696
-1076
-1352
-1118
-495
220
699
622
112
-633
-1252
-1570
-1532
-1195
-824
-520
-431
-496
-540
-471
-189
210
552
840
978
770
474
171
149
339
480
1319
2973
4420
4893
4011
2373
608
-785
-1460
-1266
-224
929
1429
988
-301
-1516
-2237
-1884
-334
1412
2511
2448
1528
285
-905
-1465
-1375
-613
285
828
649
-436
-1811
-2927
-3175
-2342
-882
487
1324
1345
664
-498
-1683
-2344
-2176
-1363
-385
220
101
-543
-1225
-1602
-1444
-874
-165
415
749
734
458
155
-171
-216
8
207
319
296
254
182
236
341
224
219
777
2245
3632
4212
3862
2684
1405
101
-654
-479
210
1147
1395
894
-140
-1289
-1889
-1861
-831
210
727
590
-240
-992
-1602
-1662
-1003
-212
533
793
608
11
-729
-1211
-1257
-653
-7
313
164
-555
-1365
-2145
-2546
-2356
-1827
-1198
-722
-432
-420
-690
-826
-630
0
668
1085
1085
588
-74
-675
-898
-764
-421
-66
168
193
-11
-340
-593
-626
-444
203
669
1325
2565
3647
4366
4144
3327
2267
1127
626
495
813
1055
776
18
-1194
-2175
-2725
-2613
-1664
-590
225
495
328
-13
-356
-366
4
733
1325
1600
1394
621
-329
-1166
-1607
-1515
-1140
-739
-584
-898
-1512
-2130
-2435
-2239
-1509
-609
80
479
450
140
-116
-81
254
558
706
514
-33
-685
-1126
-1200
-905
-365
164
480
499
311
205
71
160
402
571
902
1055
1248
1773
2875
3954
4263
3715
2422
1018
-226
-923
-785
-376
176
146
-610
-1561
-2379
-2511
-1922
-626
761
1501
1382
594
-257
-934
-961
-366
416
1123
1153
467
-761
-1881
-2494
-2418
-1575
-571
127
74
-609
-1457
-2030
-2041
-1447
-507
249
490
113
-572
-1212
-1442
-1131
-563
12
363
318
-21
-301
-298
-115
210
612
816
734
545
405
354
433
551
723
896
773
443
287
970
2197
2998
3207
2669
1697
561
-460
-675
-314
418
1006
926
275
-733
-1469
-1705
-1189
-262
376
686
432
-178
-899
-1356
-1249
-788
-36
538
663
274
-343
-802
-1019
-823
-411
3
227
47
-421
-1065
-1451
-1625
-1554
-1242
-1061
-884
-823
-685
-439
-149
137
313
420
451
505
664
762
814
682
559
564
519
348
171
83
75
146
121
129
130
211
299
458
981
1808
2442
2519
2016
1447
709
180
66
297
756
966
845
139
-616
-1172
-1427
-1234
-784
-336
-353
-732
-1044
-1320
-1272
-930
-314
158
440
436
40
-364
-671
-727
-523
-229
-3
-175
-558
-1067
-1517
-1704
-1520
-1047
-690
-390
-376
-590
-782
-741
-378
135
595
824
817
513
54
-212
-274
47
469
757
876
679
381
123
193
408
692
912
885
665
267
-76
-370
84
987
1711
1951
1507
1064
377
16
237
667
1382
1553
1182
254
-700
-1195
-1568
-1158
-499
6
59
-321
-759
-1302
-1367
-1135
-635
-96
200
195
-206
-524
-837
-884
-513
-24
495
621
396
-12
-438
-755
-729
-527
-400
-172
-147
-314
-465
-547
-488
-310
-39
80
33
-27
-93
66
264
569
872
1026
1035
852
605
354
261
204
312
462
401
128
-247
-544
-719
-729
-126
561
1118
1164
847
567
133
178
444
824
1175
1111
708
-51
-706
-953
-861
-433
-34
231
-36
-458
-880
-1266
-1249
-882
-305
169
503
472
69
-274
-482
-367
-58
362
519
363
130
-181
-459
-595
-499
-387
-296
-236
-310
-400
-514
-550
-485
-398
-257
-148
35
139
251
256
94
-67
-241
-261
-162
-29
138
201
174
-28
-241
-403
-468
-371
-192
77
206
202
88
275
471
664
746
795
826
665
595
372
223
21
-82
-53
-40
53
240
311
443
493
463
338
292
140
139
213
220
95
-58
-109
-69
-6
10
-5
-122
-215
-264
-321
-318
-251
-204
-111
-22
87
1
-143
-196
-157
-137
-165
-218
-276
-422
-601
-725
-763
-779
-763
-704
-595
-453
-373
-311
-238
-157
-97
-46
-11
109
235
306
355
414
420
383
371
380
392
362
296
181
65
35
30
86
231
345
297
282
312
352
418
481
610
711
736
689
607
563
512
495
529
502
446
395
288
81
-223
-415
-353
-223
-167
-60
56
37
-79
-123
-151
-242
-309
-355
-422
-414
-454
-618
-797
-966
-1134
-1167
-1060
-865
-643
-500
-420
-364
-349
-402
-409
-351
-223
-47
43
10
-23
4
34
89
208
258
208
135
42
-32
-124
-190
-147
-13
142
252
286
281
324
449
588
757
943
962
884
793
699
610
573
475
382
234
2
-228
-307
-303
-276
-246
-223
-291
-348
-344
-251
-87
7
66
106
67
-23
-113
-174
-237
-352
-455
-603
-724
-783
-755
-690
-512
-295
-178
-67
12
26
1
-81
-130
-13
146
293
456
503
457
374
216
160
222
318
405
447
414
241
39
-92
-15
169
366
567
680
597
462
360
333
428
557
611
637
573
404
149
-11
-97
-195
-243
-260
-320
-382
-371
-339
-314
-321
-419
-462
-403
-332
-177
28
44
-82
-275
-539
-692
-693
-578
-368
-186
-193
-313
-450
-559
-474
-200
52
284
407
354
236
136
72
93
144
111
107
39
-107
-200
-256
-186
12
214
345
455
475
481
474
398
344
333
350
391
363
232
141
48
-47
-51
-39
-43
-101
-186
-285
-350
-352
-329
-262
-183
-265
-359
-375
-436
-374
-213
-112
-20
1
-102
-232
-351
-446
-430
-340
-281
-223
-235
-312
-377
-401
-332
-170
-56
39
93
132
166
222
288
354
425
421
347
204
36
-103
-103
-52
26
144
230
334
492
574
615
620
568
599
650
653
640
571
461
363
296
185
54
-48
-100
-114
-109
-130
-133
-141
-168
-172
-184
-210
-203
-153
-104
-40
-75
-178
-224
-239
-198
-113
-105
-169
-255
-339
-355
-377
-422
-481
-509
-507
-465
-350
-230
-90
28
128
192
200
180
155
172
138
125
130
112
120
155
242
228
184
183
155
156
143
146
214
222
335
463
502
452
354
271
190
133
93
87
120
119
102
33
-79
-246
-381
-401
-374
-300
-225
-224
-251
-287
-345
-334
-247
-167
-96
-104
-135
-230
-397
-447
-360
-245
-122
-87
-174
-332
-515
-624
-555
-327
-73
156
302
374
355
264
196
163
172
221
267
259
196
45
-94
-125
-55
68
191
253
249
206
114
32
-1
44
162
312
355
279
200
125
71
79
75
46
41
4
-70
-160
-285
-382
-388
-341
-259
-140
-35
-21
-51
-65
-57
-21
24
87
126
137
137
160
124
28
-72
-194
-287
-294
-302
-246
-101
-9
41
78
92
177
326
446
569
588
453
298
178
104
137
228
282
315
285
161
31
-55
-112
-138
-97
-57
-36
-83
-144
-196
-266
-211
-70
106
301
364
297
146
-40
-200
-243
-212
-168
-201
-303
-382
-450
-503
-446
-306
-197
-84
-18
-8
-17
-52
-102
-115
-39
-5
37
93
53
-7
-116
-205
-230
-192
-113
-21
94
168
223
239
295
393
447
444
482
481
403
296
177
92
76
31
65
157
156
139
62
-17
-46
-55
-86
-111
-128
-127
-152
-147
-70
-67
-77
-73
-142
-173
-162
-163
-103
-75
-168
-312
-465
-615
-614
-555
-492
-374
-305
-311
-306
-257
-210
-132
-31
108
164
154
126
43
-56
-120
-156
-161
-74
33
77
98
163
245
296
383
479
568
633
633
610
555
468
421
383
314
305
265
206
217
186
125
64
9
19
34
64
89
103
90
73
35
-2
-59
-124
-168
-172
-194
-189
-173
-198
-243
-262
-345
-405
-441
-498
-533
-502
-423
-354
-282
-209
-188
-206
-224
-235
-173
-29
99
142
147
31
-138
-232
-237
-169
-79
-18
62
96
114
145
153
229
308
373
464
498
472
401
276
174
206
265
337
448
423
329
176
19
-61
-34
42
121
256
280
213
120
-9
-65
-83
-62
-18
-22
-86
-177
-284
-330
-308
-262
-210
-192
-229
-324
-425
-479
-474
-435
-346
-276
-261
-260
-251
-192
-122
-85
-43
-15
-13
-51
-78
-114
-152
-136
-105
-59
-29
0
36
100
150
205
301
393
427
412
381
318
215
140
145
152
171
223
263
267
298
314
309
324
294
265
229
148
78
38
-47
-113
-157
-217
-190
-173
-218
-277
-299
-316
-308
-237
-163
-125
-134
-163
-232
-302
-303
-262
-239
-257
-238
-268
-255
-219
-163
-54
38
102
122
122
79
48
-18
-51
-67
-74
-27
43
103
171
234
250
344
429
464
522
543
471
447
373
265
206
158
102
87
103
94
120
159
231
306
332
307
297
217
130
105
37
-41
-156
-241
-302
-351
-352
-353
-337
-302
-292
-325
-342
-339
-357
-366
-383
-392
-366
-364
-384
-378
-336
-297
-251
-182
-137
-79
-12
-6
47
96
39
5
-72
-182
-177
-157
-122
-19
31
45
94
121
169
279
345
416
464
437
387
315
262
249
273
306
334
254
172
89
-26
-57
-2
67
125
166
159
116
4
-86
-144
-184
-157
-91
-36
-83
-177
-289
-339
-314
-214
-87
-36
-17
-54
-192
-279
-320
-364
-305
-232
-184
-154
-176
-263
-255
-156
-43
121
189
167
144
69
-7
-22
1
27
53
60
56
66
51
46
70
122
190
209
224
242
258
308
338
327
326
286
234
213
198
218
202
164
146
97
66
51
25
48
89
88
82
67
23
26
47
57
65
44
18
1
-46
-92
-87
-71
-38
-29
-4
-2
-45
-118
-150
-167
-186
-196
-197
-196
-179
-188
-207
-186
-196
-189
-147
-119
-105
-86
-112
-150
-154
-97
-82
-79
-42
-71
-91
-43
2
19
32
14
-28
-85
-96
-75
-32
13
72
83
51
39
-20
-6
43
57
120
142
98
73
2
-68
-80
-74
-17
62
98
110
85
19
3
26
23
17
56
29
-3
-23
-66
-90
-68
-40
-19
25
14
-11
-37
-94
-139
-142
-136
-116
-64
-38
-14
-25
-63
-57
-48
-49
-5
49
106
188
253
254
193
87
-15
-70
-83
-59
-24
-10
-24
-35
-42
-3
-6
37
98
125
181
211
195
169
187
161
123
108
68
42
45
38
38
16
-26
-34
-21
-19
-7
9
-9
4
20
3
12
32
31
65
90
75
84
85
70
100
87
49
22
-36
-103
-149
-226
-287
-264
-229
-175
-111
-58
-11
25
31
61
54
28
41
20
-16
-32
-78
-142
-183
-174
-180
-165
-165
-116
-94
-59
11
36
77
101
121
113
100
65
72
80
82
110
133
149
156
124
70
62
46
35
61
66
65
38
-13
-19
-15
-15
21
70
100
122
110
53
20
15
4
-3
7
-1
-35
-120
-173
-207
-259
-284
-271
-244
-184
-142
-159
-133
-134
-148
-125
-103
-76
-63
-93
-135
-177
-246
-296
-259
-218
-144
-37
-1
33
57
53
87
131
164
210
237
252
233
174
137
120
112
99
132
156
147
148
140
112
111
154
192
252
289
252
212
139
90
92
121
179
216
161
56
-11
-65
-116
-69
-8
13
23
-9
-82
-156
-171
-200
-198
-132
-145
-168
-141
-181
-191
-126
-120
-103
-64
-98
-132
-149
-203
-209
-195
-231
-183
-128
-148
-124
-72
-48
-15
57
88
119
160
161
113
68
61
41
89
156
157
149
129
109
123
141
166
202
209
193
200
198
215
236
222
226
238
164
108
81
58
84
109
122
124
74
34
-9
-71
-83
-99
-126
-134
-143
-143
-128
-172
-200
-210
-236
-230
-186
-157
-128
-128
-171
-211
-268
-357
-378
-333
-319
-265
-222
-212
-198
-168
-180
-160
-110
-92
-67
-51
-54
-49
-77
-64
-24
16
87
130
149
160
154
127
114
114
103
163
217
250
290
255
207
195
159
160
205
209
212
221
208
171
148
148
128
86
59
37
25
12
-4
-6
14
-2
-41
-62
-68
-63
-23
31
7
-11
-47
-119
-163
-155
-158
-136
-109
-122
-131
-190
-249
-257
-204
-129
-50
-44
-45
-35
-40
-21
-12
-32
17
41
39
83
96
85
82
102
152
192
190
167
157
114
70
31
31
71
104
161
152
121
105
62
41
80
76
68
107
87
49
29
-3
-36
-39
-42
-45
-52
-69
-75
-99
-103
-79
-66
-48
-51
-67
-56
-63
-75
-83
-94
-115
-135
-161
-167
-198
-222
-217
-213
-172
-114
-97
-59
-19
-20
-6
4
-18
-29
-12
11
29
19
-8
-34
-37
-16
35
56
66
106
101
57
55
59
45
58
76
78
71
44
15
22
18
3
20
13
3
11
-6
-45
-51
-46
-44
17
9
8
19
26
10
17
50
72
86
89
115
95
76
59
27
-9
-46
-67
-62
-65
-68
-58
-56
-81
-69
-54
-37
-19
18
66
75
74
107
96
56
123
120
99
136
138
133
159
148
107
110
99
77
97
87
62
56
38
30
18
47
45
43
42
19
24
9
-7
1
14
-20
-43
-97
-130
-146
-165
-148
-163
-152
-133
-107
-69
-41
-24
-8
-8
6
-12
-44
-41
-46
-81
-59
-39
-103
-83
-111
-150
-126
-138
-123
-75
-53
-6
5
-14
-45
-49
-59
-43
1
15
60
86
81
81
93
92
75
70
74
59
41
19
-4
-19
-23
-45
-65
-60
-50
5
64
94
78
83
62
31
60
72
40
21
-14
-84
-117
-148
-182
-199
-178
-158
-148
-139
-115
-103
-78
-35
-18
-5
16
-1
4
25
-15
-31
-52
-80
-92
-84
-72
-76
-37
-3
9
55
46
32
76
56
65
135
122
118
150
102
80
103
79
101
152
156
186
204
167
163
150
118
128
145
118
116
121
88
89
93
93
114
131
119
91
57
36
40
58
82
75
-5
-34
-73
-133
-113
-96
-102
-52
-55
-66
-30
-77
-99
-60
-86
-69
-29
-68
-68
-91
-190
-206
-218
-235
-181
-159
-142
-89
-105
-98
-36
-39
-12
20
12
-14
-22
-55
-71
-76
-73
-85
-81
-51
-55
-68
-36
23
48
95
96
89
129
126
96
78
48
47
50
48
49
67
61
38
60
40
23
31
19
-3
5
18
20
2
-3
-13
-29
-42
-18
-13
-32
-19
-22
-18
11
14
-3
-6
-19
-45
-44
-42
-50
-14
8
-5
8
-6
-41
-29
-19
-16
-1
-13
-32
-19
-22
-31
-6
-42
-32
20
20
-8
-22
-14
-24
15
44
56
76
57
50
64
56
24
13
57
61
54
77
69
48
81
65
60
66
17
-7
6
9
19
38
35
54
67
66
42
15
-5
-2
3
-1
7
-18
-39
-58
-79
-80
-57
-36
-2
9
4
6
-11
-10
-3
30
60
55
45
29
-3
-30
-36
-41
-14
20
12
8
21
2
-5
31
27
23
59
37
12
-1
-41
-46
-28
-51
-48
-50
-97
-106
-84
-71
-62
-44
-47
-52
-59
-59
-40
-43
-31
-9
12
-1
-4
14
-12
-55
-58
-62
-62
-52
-68
-67
-46
-40
-30
-18
-22
-31
-33
-53
-57
-26
-2
31
36
65
78
33
7
-2
-39
-13
38
40
48
43
14
-2
-10
-3
-20
-32
8
7
16
67
37
24
49
9
3
47
-1
-25
10
-31
-47
-38
-52
-19
24
26
50
25
8
18
14
38
79
85
84
79
70
85
53
25
35
25
19
69
55
65
95
63
58
53
32
28
17
14
38
25
12
27
29
28
28
20
44
58
42
61
70
51
61
57
30
28
14
4
16
3
-3
-16
-37
-42
-24
-26
1
32
3
0
-31
-64
-67
-63
-63
-54
-59
-56
-57
-76
-78
-80
-95
-104
-89
-71
-52
-69
-81
-67
-59
-53
-60
-71
-72
-97
-114
-102
-95
-91
-87
-81
-86
-69
-60
-38
-15
-61
-69
-41
-39
-40
-27
-21
-15
-11
12
5
25
21
-1
20
27
19
19
57
43
51
85
70
98
108
80
98
96
86
96
96
74
57
47
60
24
8
11
16
8
47
52
44
64
20
6
11
-9
-12
-8
-11
11
11
9
24
38
19
6
15
-2
6
0
-14
-5
-13
-17
-21
-15
3
-2
-11
37
41
5
3
2
-1
21
43
57
82
92
70
74
52
33
61
71
63
60
71
71
71
67
44
74
60
26
30
31
-16
-15
2
-11
32
19
2
-9
-43
-68
-45
-83
-113
-111
-145
-143
-133
-138
-118
-120
-116
-81
-77
-59
-53
-54
-41
-44
-49
-34
-46
-63
-71
-88
-75
-69
-78
-69
-53
-53
-59
-24
-19
-9
36
43
24
34
17
-12
10
28
23
29
26
-4
-11
2
0
8
16
20
18
-1
0
-3
-8
-11
-8
-5
-16
3
-3
3
19
9
-20
-4
-1
-44
-27
-30
-23
-25
-6
-23
-17
-17
-27
-13
0
8
8
-14
-31
-8
-19
-43
-5
6
-11
54
77
78
89
79
30
38
46
19
27
35
31
54
73
69
66
84
100
110
116
131
142
141
165
168
133
122
125
91
89
116
116
118
115
123
125
122
128
129
118
111
95
78
49
21
3
-8
-10
-16
-36
-48
-73
-89
-89
-80
-71
-84
-93
-91
-98
-113
-148
-178
-182
-157
-156
-166
-161
-178
-186
-167
-152
-152
-121
-111
-98
-65
-72
-114
-93
-93
-123
-84
-56
-70
-43
-37
-56
-21
-6
9
41
54
52
62
57
46
45
18
25
10
-9
-4
4
9
29
33
37
45
33
35
57
32
43
15
-38
-30
-58
-69
-55
-55
-67
-53
-55
-75
-76
-99
-92
-64
-55
-49
-23
-25
-36
-44
-39
-20
-29
-26
-27
-25
-40
-30
-16
-1
21
9
7
20
20
3
7
29
19
49
94
96
95
109
93
92
122
125
126
124
114
103
85
80
80
87
77
65
79
90
67
81
97
95
99
118
107
100
106
97
98
84
64
57
59
46
37
40
21
23
29
24
26
37
36
23
20
2
-15
-3
4
8
18
-6
-35
-44
-66
-59
-53
-63
-51
-36
-67
-60
-46
-61
-39
-36
-35
-27
-28
-33
-19
-21
-26
-11
-18
-20
-14
-30
-47
-42
-45
-64
-76
-66
-72
-83
-51
-33
-58
-44
-49
-54
-63
-51
-31
-29
-22
-23
-19
-13
-8
-26
-15
-34
-40
-48
-72
-78
-73
-81
-74
-56
-63
-81
-80
-78
-82
-70
-69
-60
-45
-44
-45
-33
-14
-5
10
12
-14
-19
-18
-46
-40
-17
-36
-15
8
-4
-14
-32
-56
-55
-26
-6
27
20
35
64
24
7
20
27
6
26
48
23
18
30
12
9
53
25
45
67
49
54
40
8
20
60
67
83
70
40
48
74
68
99
95
91
93
78
83
46
58
63
65
85
80
69
56
53
77
103
104
114
86
92
97
86
90
72
78
95
55
75
82
27
30
84
63
54
57
8
9
21
25
42
58
39
47
45
20
9
27
24
15
0
-15
-39
-77
-83
-84
-96
-70
-72
-88
-103
-119
-121
-105
-128
-108
-78
-124
-112
-101
-106
-99
-97
-108
-92
-70
-96
-83
-79
-98
-119
-101
-93
-86
-58
-69
-59
-46
-45
-33
-6
-17
-17
-37
-68
-73
-95
-86
-89
-95
-109
-83
-63
-64
-28
-22
-3
-18
-24
-11
-24
-4
17
18
41
46
31
32
6
-2
11
18
-1
2
0
2
-15
-63
-47
-41
-50
6
30
17
37
23
4
31
30
27
40
36
44
45
50
33
21
27
16
19
34
22
36
74
72
71
77
61
69
83
65
76
79
44
56
67
70
102
80
64
54
64
79
67
74
75
55
70
60
67
85
69
86
122
104
109
109
78
62
60
49
73
40
27
42
5
-8
-3
-1
-4
-7
-5
-6
-23
-21
0
0
6
21
25
20
23
29
31
7
-17
-22
-35
-48
-40
-18
-26
-30
20
277
707
768
225
-351
-591
-547
-492
-446
-235
51
194
11
-396
-667
-510
-200
-30
122
208
133
-146
-311
-214
-216
-159
78
388
539
366
76
-205
-203
-221
-310
-124
64
94
-191
-158
-150
-289
-289
-274
-179
154
171
-137
20
212
31
-37
42
37
37
49
27
-53
16
144
37
-25
96
313
161
-168
-126
76
133
271
194
-94
-220
-153
-66
-230
-235
-7
179
219
7
-376
-458
-200
75
58
-20
83
162
29
-113
-143
-17
114
97
127
398
460
97
-133
39
135
-135
-262
50
358
296
-50
-88
-7
-133
-46
122
232
257
224
122
73
281
301
15
99
305
214
36
149
247
215
290
352
243
31
-50
-79
-155
19
108
1
80
85
-26
-182
-371
-261
40
168
158
56
62
-81
-371
-373
-144
72
74
64
12
-54
-176
-317
-260
-24
62
3
-162
-272
-213
-257
-270
-114
76
74
14
-134
-191
-157
-149
-186
-34
189
154
66
-49
-174
-186
-160
-163
-140
-5
108
-9
-45
52
-63
-167
-99
6
5
43
56
-2
-105
-54
-1
-26
-21
68
97
103
49
-40
-17
-134
-99
7
59
124
58
-64
-128
-129
-122
-138
-62
32
139
193
60
-46
-102
-103
-117
-96
-16
51
29
-7
26
-47
-82
-70
43
186
196
127
4
-36
-32
-59
11
16
36
117
126
41
18
44
96
203
216
112
159
196
93
100
180
252
236
140
141
188
188
179
119
138
203
255
189
58
43
59
70
38
25
115
131
30
-78
-57
-17
-59
-92
45
162
89
-32
-75
-38
-97
-136
-169
-153
-82
-66
-101
-136
-110
-105
-141
-19
109
-1
-65
-4
18
-84
-155
-226
-224
-122
3
45
-22
-133
-182
-147
-123
-92
-15
71
118
86
0
-110
-240
-216
-75
49
96
77
57
-17
-189
-229
-129
-93
-38
65
63
-19
-65
-187
-240
-167
-93
-90
-8
78
85
48
-68
-86
-67
-114
-124
-69
-93
-129
-138
-108
-24
49
60
22
25
25
1
-21
-25
24
80
99
56
-20
-85
-93
-85
9
148
205
168
127
58
-57
-72
-37
-3
70
178
197
132
67
1
-41
-6
103
180
226
226
178
66
-38
-60
-92
-34
123
257
292
207
70
-24
-57
2
42
54
148
175
85
-36
-107
-133
-108
29
146
159
136
58
-44
-69
-46
-36
-14
59
139
139
21
-82
-110
-78
-9
60
101
106
43
-59
-81
-56
-55
-37
17
71
70
-9
-65
-65
-66
-45
25
78
60
-31
-99
-40
13
13
22
12
8
25
-34
-103
-89
-51
10
78
61
30
-5
-54
-61
-35
-21
21
54
39
-8
-76
-118
-125
-87
-11
58
70
9
-34
-60
-81
-68
-99
-143
-142
-108
-113
-106
-73
-108
-115
-71
-25
-10
-26
7
60
50
34
-34
-141
-197
-159
-100
-41
-4
-9
-42
-82
-75
-93
-110
-74
-7
41
73
82
33
-19
-25
18
7
21
74
78
65
42
-32
-70
-42
-44
-6
44
10
-36
-32
-21
37
76
63
104
144
109
34
-20
-46
-23
52
86
24
-39
-27
-13
-33
-42
-33
30
84
66
31
31
38
9
16
76
141
145
143
160
116
55
22
17
43
41
11
38
55
62
16
-56
-30
14
-11
-17
13
81
170
156
57
-9
-7
26
37
45
76
55
44
64
78
63
36
63
61
2
-5
-36
-93
-8
63
46
0
-25
-37
15
84
89
43
11
21
-22
-70
-39
2
-14
-24
-24
-61
-74
-57
-37
-58
-105
-115
-100
-41
7
-13
-36
-17
-38
-86
-111
-115
-87
-66
-41
24
58
25
-35
-55
-88
-125
-98
-6
44
51
45
-4
-50
-89
-115
-83
-6
38
64
73
90
62
-3
-16
-14
-26
-61
-46
-11
17
-10
-84
-93
-68
-74
-81
-60
-64
-26
-26
-46
-33
-42
-102
-138
-104
-96
-98
-72
-8
37
31
-35
-99
-88
-56
-9
16
10
9
3
-10
-51
-60
-34
20
56
58
100
115
76
55
76
64
23
9
28
54
60
48
44
71
74
77
94
58
18
24
6
13
23
20
69
91
70
59
74
102
90
39
12
20
16
7
23
27
44
58
55
32
17
22
26
35
57
75
45
58
108
83
54
31
35
52
43
86
90
44
20
12
-7
-4
-8
-15
36
88
73
60
67
31
-2
-22
-57
-56
-22
-5
18
-1
-30
-52
-112
-102
-13
-1
-44
-32
-7
-36
-107
-109
-96
-100
-85
-71
-70
-76
-95
-87
-88
-113
-118
-120
-133
-96
-54
-28
-2
-15
-53
-62
-47
-36
-31
-37
-21
1
6
27
22
5
-4
-12
-27
-10
1
20
36
12
-13
-13
5
5
-23
-19
16
27
67
68
24
-12
-15
-39
-29
-5
6
33
20
-21
-33
-52
-77
-44
-34
-20
-3
-10
-5
-15
-23
-11
4
-18
-17
25
24
20
45
40
18
-13
-36
-11
12
20
44
48
46
42
21
23
43
77
67
65
74
46
10
-17
-21
-1
45
86
116
152
132
97
88
62
16
10
49
55
66
63
36
2
-26
-35
-27
-11
5
22
43
63
89
49
-11
-15
-25
-26
-10
-6
-12
15
4
-48
-52
-42
-38
-15
-20
-43
-38
-14
1
-19
-47
-76
-96
-90
-61
-26
-28
-39
-27
-40
-57
-43
-31
-40
0
25
0
26
29
18
40
24
-25
-53
-54
-9
24
4
4
4
-25
-22
-27
-34
-15
2
10
34
45
33
27
32
25
-8
-15
-12
1
23
31
17
25
17
-6
-3
-18
-15
15
37
49
48
24
12
-3
-45
-71
-84
-62
-29
-26
-26
-12
-15
-40
-35
-21
-8
26
33
30
44
36
8
-12
-22
-52
-47
-48
-37
6
12
-5
1
-11
-11
-11
-41
-27
-2
-8
5
21
29
25
14
10
0
-4
-2
-9
-9
2
-17
-18
-13
-34
-12
3
-15
-3
2
-18
-18
-27
-47
-64
-62
-49
-37
-14
0
8
6
7
24
25
26
38
42
39
43
40
53
46
20
20
33
24
34
47
36
55
56
38
33
24
33
52
50
54
53
43
33
48
54
44
43
28
21
18
17
34
56
44
21
9
-1
-4
-5
-16
-5
-1
-34
-38
-13
-26
-32
-20
-25
-11
12
11
-5
-6
-13
-26
-31
-31
-36
-26
-18
-8
2
10
1
2
14
-1
-6
3
3
-11
-19
-26
-26
-41
-55
-33
-19
-23
-10
-13
-24
-17
-30
-45
-14
-20
-39
-32
-39
-45
-30
-12
-11
-8
-18
-19
-18
-29
-33
-35
-31
-35
-35
-41
-42
-39
-38
-39
-33
-18
-8
-6
1
-8
-11
-1
0
-19
-7
-3
-5
14
36
25
14
8
-2
13
35
36
12
-2
5
7
-4
5
17
30
23
27
28
24
16
9
12
16
15
12
22
22
23
22
8
-4
3
1
13
25
34
34
32
29
19
16
10
10
22
21
23
18
11
24
25
19
35
42
57
60
53
55
49
51
57
58
42
22
20
26
19
26
23
10
26
26
-3
14
24
11
18
-2
-36
-30
-39
-43
-19
-16
-30
-29
-35
-34
-47
-55
-44
-42
-46
-55
-42
-39
-47
-49
-40
-44
-43
-33
-33
-35
-36
-35
-24
-27
-39
-36
-36
-31
-26
-17
-15
-34
-34
-26
-26
-22
-7
-1
10
12
-2
3
0
-11
-3
11
8
7
0
-10
-6
2
-2
0
8
-14
-18
-19
-21
3
-4
-12
6
0
0
4
-3
3
13
9
16
27
23
17
24
25
26
23
24
27
12
0
18
32
24
18
13
11
2
17
28
22
24
31
20
16
22
16
14
11
14
28
39
34
27
24
24
30
21
16
10
2
-3
-3
20
10
-4
-12
-20
-24
-3
0
-1
2
-10
-5
0
-5
8
11
10
21
7
-1
5
9
-2
4
10
6
5
9
19
11
7
20
16
8
5
-7
-10
3
0
-18
-27
-35
-31
-22
-18
-14
-17
-12
-6
-1
8
3
-14
-14
-1
-8
-12
-4
-21
-26
-17
-19
-21
-29
-31
-36
-30
-27
-25
-17
-29
-29
-28
-31
-34
-33
-23
-18
-18
-18
-20
-14
-2
-8
0
-1
-12
-6
-3
1
5
-3
-5
1
-3
-8
-9
-11
-5
11
3
1
-1
-2
-1
1
8
9
10
8
19
29
23
27
27
16
32
37
19
21
14
-7
2
9
4
3
3
3
3
8
5
4
12
24
25
9
11
11
8
11
20
26
14
11
15
24
23
28
31
28
32
35
34
29
32
18
10
13
1
-5
2
-5
-3
12
10
9
18
16
11
7
3
8
1
-11
-22
-21
-15
-13
-7
-6
-8
-20
-25
-24
-12
-12
-27
-38
-42
-50
-44
-24
-31
-34
-29
-39
-36
-25
-18
-16
-12
-8
-14
-11
-6
7
18
10
0
-4
-9
-17
-10
-12
-7
-4
-6
11
3
-10
-7
-11
-21
-10
-8
-10
4
6
9
14
5
-4
8
11
12
11
5
1
2
5
6
-4
-14
-8
-13
-8
-1
-13
-12
-19
-30
-21
-15
-27
-15
-10
-17
-14
-7
-1
12
18
19
22
8
6
12
11
4
9
12
6
21
18
20
29
26
27
31
30
24
23
15
17
17
14
23
36
29
34
36
15
13
31
35
34
39
27
23
22
16
13
13
5
6
15
9
2
-4
-7
-3
-5
-18
-16
-5
-17
-19
-6
-5
-11
-2
-6
-9
-3
-14
-10
-5
-7
-2
0
-3
3
-6
-18
-18
-17
-22
-14
-13
-12
-2
-9
-16
-11
-16
-13
1
-1
-2
3
-1
-5
-5
-6
-6
-10
-9
-3
-9
-15
-7
-11
-9
-4
-6
-13
-21
-22
-9
-15
-19
-15
-20
-17
-11
-15
-14
-11
-2
2
-1
1
-2
-14
-9
-15
-13
2
-5
-6
7
-1
-9
-6
-9
-5
4
0
-3
2
-5
-5
3
7
10
8
3
5
1
-2
2
6
5
5
3
-3
-3
-9
-16
-10
-9
-14
-8
-3
6
11
9
10
8
7
13
13
8
8
6
-9
-4
-3
0
2
5
9
4
0
9
17
8
9
15
10
14
25
18
24
24
9
7
14
19
16
14
15
7
-3
6
11
13
20
17
11
11
6
2
7
11
8
2
-2
-4
-3
11
10
5
12
7
4
2
-2
8
11
-1
7
10
-6
-4
3
-2
-7
-9
-7
-7
-2
-10
-8
-4
-14
-7
-1
-9
-9
-2
-8
-4
3
-1
2
7
