SAMPLES:	8303
BITSPERSAMPLE:	16
CHANNELS:	1
SAMPLERATE:	16000
NORMALIZED:	FALSE
-44
-39
-34
-29
-22
-15
-14
-16
-13
-8
-3
2
8
14
15
16
17
16
16
22
26
33
37
40
40
37
38
39
40
39
42
45
43
40
35
32
31
31
35
40
38
34
33
33
32
31
34
35
33
34
34
30
33
34
37
36
35
30
23
19
20
25
29
34
38
39
37
34
29
30
27
23
22
24
22
22
24
24
23
20
19
16
13
11
8
9
9
6
6
9
10
6
7
3
-1
-4
-4
-5
-5
-3
-5
-7
-11
-15
-18
-20
-21
-24
-22
-21
-22
-20
-18
-18
-19
-17
-21
-20
-19
-20
-20
-23
-26
-29
-32
-35
-33
-31
-30
-25
-26
-25
-26
-29
-30
-31
-31
-32
-32
-31
-33
-32
-29
-28
-28
-26
-27
-25
-22
-19
-16
-13
-13
-11
-10
-10
-15
-16
-17
-21
-21
-19
-13
-11
-12
-9
-7
-7
-4
-1
-1
1
3
1
-7
-4
-5
-4
0
2
5
5
4
8
6
9
15
11
10
11
15
13
8
13
16
14
20
24
15
8
3
7
10
23
22
23
30
25
22
29
26
18
18
20
20
25
27
26
28
22
23
22
21
18
26
32
29
27
22
14
11
13
24
32
30
23
13
10
6
4
16
21
21
22
15
20
23
16
13
11
19
22
11
16
15
5
9
10
11
11
11
10
3
5
2
-5
-8
0
-3
-5
-10
-12
-15
-17
-11
-7
-11
-19
-14
-16
-15
-10
-11
-13
-21
-27
-33
-38
-36
-42
-42
-32
-39
-46
-40
-45
-50
-51
-45
-41
-36
-31
-27
-27
-24
-20
-28
-35
-41
-36
-42
-45
-46
-48
-41
-36
-32
-21
-23
-22
-19
-18
-20
-22
-27
-24
-29
-32
-22
-26
-24
-18
-14
-6
-5
-7
0
6
17
19
23
16
7
4
6
8
15
22
27
33
35
39
37
37
40
48
52
55
57
59
58
55
58
59
53
56
54
35
28
32
39
53
56
61
66
70
52
45
42
32
27
28
40
45
46
39
32
24
21
19
17
11
8
2
-4
-14
-16
-18
-17
-10
1
4
2
0
-9
-14
-15
-18
-30
-25
-21
-25
-20
-16
-14
-23
-29
-27
-23
-26
-16
-14
-18
-18
-23
-23
-27
-31
-30
-23
-23
-24
-21
-27
-31
-29
-19
-10
-3
1
-5
-18
-28
-34
-35
-30
-29
-24
-26
-25
-26
-23
-19
-15
-17
-22
-19
-32
-39
-48
-43
-34
-28
-25
-26
3
-18
128
165
-83
-171
-79
-128
-198
-75
75
43
90
40
-87
-81
6
-24
164
481
-318
106
350
-389
-52
306
-183
-264
170
-106
-148
35
-183
-387
200
11
-435
417
-53
-231
353
-102
13
250
-48
200
-103
-95
15
-51
306
49
306
266
-119
31
38
159
142
-177
462
147
-46
167
161
210
-136
5
-34
132
-311
172
282
193
246
175
162
-431
256
-92
23
267
-14
-126
-164
-80
-381
190
16
-237
415
-215
-299
-75
-221
88
-60
111
-155
306
140
-351
608
-114
102
328
-240
67
141
-482
-100
210
-303
-283
345
-258
-310
192
-336
-111
72
-344
-79
439
-546
-113
906
-772
178
466
-92
-416
-91
-13
-551
192
-368
-165
629
-582
-167
193
-601
-95
53
-138
-424
485
-300
-204
126
-217
46
-45
-128
248
217
-403
159
565
-536
257
535
-567
186
712
-297
-464
102
-266
-661
-70
-91
-2
636
-144
288
442
-473
-334
407
52
-623
931
532
-452
413
129
-330
333
514
-78
-122
-243
-65
-132
21
-33
623
464
-374
-55
77
4
37
436
538
-509
392
257
-761
396
323
177
92
1008
-191
-248
565
-1578
-241
1085
-735
423
1282
-851
-154
461
-604
-733
654
774
-532
715
220
-85
287
488
156
67
-505
-271
27
364
-147
-739
1272
516
-864
535
667
-1131
-157
588
-722
63
335
-154
-300
156
-373
-468
373
-517
132
425
-757
-380
132
-196
-26
90
161
-243
-33
-310
-617
-164
-573
105
215
380
53
-238
189
-452
-500
-108
141
352
-169
69
-294
-963
-435
60
416
-10
143
381
-644
-1013
-326
-204
-116
-8
785
723
53
-462
-382
-432
-576
217
74
-94
335
711
157
-526
-438
-259
114
-12
-295
405
80
-233
622
-783
-633
1404
-809
-201
1589
439
-762
-302
551
43
183
-682
-289
1126
148
-436
1055
32
-216
237
-789
-32
427
299
684
1626
644
-1250
-506
-656
-140
-244
89
1687
1275
134
-68
-455
-640
-524
98
678
639
1273
-298
87
178
-1178
-46
-587
120
698
335
-44
335
455
-748
-43
430
66
-288
119
90
206
304
-88
501
384
-635
-123
-235
-721
-432
436
1328
134
-573
-15
-66
-403
-1217
280
762
145
14
88
610
-508
-1205
518
127
-2
-320
87
-279
-938
205
-55
138
-648
544
-142
-519
580
-391
-74
-142
-211
-394
-533
283
100
97
848
-696
-1148
-1016
44
363
-350
256
409
237
-565
-990
-541
335
-5
-168
1113
-653
-707
331
148
107
-390
174
121
306
-422
-992
127
388
-879
188
550
-98
-639
-788
-300
668
-54
-284
788
2337
770
-1914
-735
385
1185
-309
-1522
963
2499
71
-1489
-287
1503
923
-1400
-708
2504
1228
-2461
-1642
1532
1937
-666
-1648
-215
2037
737
-1814
-462
1764
1527
736
-1278
-279
1310
-684
-1112
135
1963
1644
-507
-1846
-97
939
-935
-2373
-267
2930
2616
-804
-1928
560
553
-1377
-366
29
183
1627
156
-914
94
724
-595
-263
-864
-793
862
682
-694
-16
1448
-108
-1101
-1029
-881
406
642
32
-221
430
743
16
-827
-1446
-649
850
867
-146
-580
214
639
-719
-522
-404
62
579
542
-73
-928
-624
199
576
-260
-1396
537
1367
-524
-948
-315
685
184
-52
-443
-517
-29
251
375
87
-777
-19
1757
-177
-1626
-843
812
845
-892
-559
340
884
420
-629
-1234
-129
780
-351
-663
-370
566
1006
-96
-1174
-848
959
959
-1116
-1030
508
833
218
-141
-226
-238
558
860
-642
-1140
222
466
648
-501
-595
421
638
65
-750
-94
463
288
-496
-297
384
1154
271
-752
-679
731
580
-722
-570
322
1100
620
93
-255
-694
51
593
-135
-204
-101
1179
1145
-419
-1125
-411
1087
718
-307
-299
760
616
-679
-566
-20
667
443
247
-528
-1
1541
107
-1034
-259
287
790
239
-420
428
315
721
649
-66
-1028
-36
1095
50
-418
-238
563
937
-574
-918
130
974
-270
-906
-267
1210
1215
-1372
-854
882
196
-427
-600
-605
229
261
-498
-776
5
97
25
227
-693
-330
-87
-114
-53
195
541
-40
-1056
-510
169
-60
-1271
-785
741
511
-621
-1310
249
173
-432
-133
-463
281
-6
-867
-1026
-194
487
-510
-316
-478
987
1687
-341
-1548
-391
1034
-365
-1411
-1052
1010
1719
214
-485
-288
387
-334
-1537
-553
975
631
546
241
501
-571
-890
22
-226
846
-52
330
987
76
-349
-892
368
855
610
-6
-387
136
481
-237
-854
480
1286
427
-1450
-653
1615
698
-571
44
168
683
427
-926
-1081
300
2004
901
-925
-145
718
859
-630
-1595
76
1231
1242
490
-261
1228
724
-691
-1356
-1115
658
1613
1049
-501
-267
951
-84
-1069
-387
798
827
-44
-30
-139
197
167
-463
-717
-85
993
344
-438
-955
-204
1289
-466
-1719
121
1501
719
-887
-762
-221
-548
138
12
-19
224
-681
-427
-520
-928
72
188
195
1012
457
43
-720
-1833
-1665
107
2060
692
-137
135
81
-232
-1311
-1591
-746
1100
1915
634
-264
142
-296
-806
-1311
-406
866
1130
-261
-475
-164
-158
-658
-1380
72
1463
1076
128
21
-790
-491
339
-111
-640
67
-287
-196
602
-104
-4
360
-152
-495
394
78
-514
-1295
25
2035
1295
197
-725
-853
-846
-511
-536
-697
956
2002
1078
-153
-1234
-1155
-566
-330
28
977
1424
587
-208
-691
-280
-522
-770
19
529
1253
1780
246
-374
87
227
409
-394
-693
-759
549
922
268
565
293
160
-193
-119
-91
-130
-525
556
1982
750
-762
-797
-230
534
665
-450
-681
509
1140
-20
-669
-417
-86
575
641
-63
167
51
-699
-774
-284
-267
-267
258
-160
80
298
337
-708
-1408
-662
482
1728
635
-562
96
635
296
-1642
-2193
-975
1162
2106
669
-653
492
950
-504
-1874
-1438
225
887
545
265
1021
31
-1129
-1500
-1131
-230
933
804
-209
131
1079
46
-1255
-1534
-785
848
1265
-16
-269
584
-233
-1023
-399
-608
-558
183
170
128
-263
-823
-920
-33
37
-362
481
293
-351
55
570
380
-459
-152
-682
-611
104
581
381
-417
401
910
11
-1429
-1063
164
359
383
352
659
964
-355
-770
67
619
381
-18
835
560
479
376
-19
567
574
538
439
234
72
-499
-180
357
1162
1043
62
11
-102
104
-481
-542
555
1442
1266
428
58
-248
-782
-835
-382
407
860
589
149
190
-155
-906
-971
-861
-262
916
887
313
-83
-660
-649
-1012
-355
-611
-265
488
436
641
-93
-813
-943
-172
-265
-544
97
443
337
513
276
-112
-262
-787
-269
239
155
404
501
541
231
281
52
-424
-427
-41
526
550
136
-6
78
-109
-297
-11
-86
126
81
83
-115
-368
-284
-516
-457
-719
-712
-655
-858
-703
-440
-428
-184
-207
-628
-955
-809
-316
-483
-822
-828
-446
42
-798
-1401
-875
-197
-122
-298
244
456
-100
-427
-1145
-619
552
660
967
1285
1020
100
-287
-175
19
659
1226
1930
2413
1871
676
-40
74
555
915
1417
2061
2674
2511
1367
309
-6
115
-47
158
915
1465
1360
469
-635
-1305
-1406
-1373
-1559
-1250
-85
496
349
-733
-1681
-1615
-1282
-1328
-1509
-1228
-803
-737
-819
-1144
-1332
-998
-839
-862
-831
-390
151
124
148
-353
-362
-421
-639
-567
-249
327
747
1202
1504
1313
1212
1496
1243
768
1041
1718
2078
1875
1597
1605
1713
1394
793
925
1260
1476
1268
770
630
622
-43
-621
-700
-423
-145
-191
-573
-1268
-2037
-2559
-2364
-1916
-1522
-1202
-1145
-1032
-1168
-1561
-1932
-2310
-2142
-1431
-929
-974
-1405
-1432
-1093
-1148
-1234
-1384
-1095
-703
-520
-666
-551
-155
321
352
61
172
1135
1802
1615
1724
2073
2050
1799
1172
1146
1825
2368
2873
2931
2413
1839
1688
1423
1108
937
1064
1632
1758
852
79
-281
-771
-1084
-1138
-866
-173
166
-432
-1472
-2055
-2057
-2255
-2186
-1745
-1046
-295
-259
-1009
-1852
-2203
-2458
-2168
-1390
-864
-263
73
-44
-540
-1376
-1825
-1784
-1534
-651
425
767
645
466
785
1193
1369
1244
1639
2359
2589
2441
2267
2121
2227
2454
2253
2118
2285
2385
2347
1991
1800
1643
1095
414
240
115
-280
-338
-349
-673
-959
-1140
-1517
-1944
-2214
-2280
-1815
-1582
-1824
-1818
-1580
-1363
-1292
-1795
-2269
-2053
-1784
-1719
-1686
-1489
-1243
-1108
-1177
-1394
-1327
-1035
-829
-885
-771
-660
-739
-766
-78
1450
2596
2859
2550
2001
1349
1002
1041
1772
2802
3614
3933
3610
2630
1608
1148
1033
1291
1739
1921
1902
1498
351
-933
-1632
-1633
-1393
-992
-924
-1325
-1580
-2100
-2886
-3293
-3076
-2356
-1580
-1176
-975
-897
-1299
-1989
-2494
-2406
-2061
-1697
-1374
-1400
-1103
-908
-1059
-1121
-1442
-1602
-1275
-987
-779
-82
1211
2234
2788
2850
2186
1620
1385
1796
2493
2951
3708
4468
4331
3271
2314
1821
1959
2304
2503
2607
2408
1720
462
-766
-1574
-1661
-1256
-944
-848
-1015
-1610
-2288
-3012
-3402
-3053
-2255
-1593
-1111
-859
-941
-1182
-1285
-1548
-1843
-1697
-1368
-1069
-993
-1230
-1362
-1215
-1209
-1197
-1476
-1642
-1370
-996
-290
839
2068
2661
2737
2326
1712
1499
1696
2364
3367
4296
4881
4749
3806
2600
1888
1879
2220
2673
2908
2593
1736
423
-1024
-2200
-2684
-2524
-2008
-1676
-1728
-2115
-2800
-3574
-4162
-4055
-3292
-2417
-1787
-1242
-977
-1190
-1510
-2003
-2072
-1580
-1201
-930
-774
-870
-1176
-1531
-1727
-1663
-1624
-1476
-1347
-807
261
1571
2415
2155
1550
1214
1393
1682
2203
3241
4296
4827
4688
3637
2398
1862
2094
2690
3249
3399
2916
1840
372
-1064
-2062
-2453
-2424
-1918
-1676
-1993
-2754
-3631
-4183
-4338
-3859
-3349
-2907
-2427
-1935
-1499
-1478
-1899
-2204
-2015
-1306
-673
-537
-622
-554
-577
-659
-952
-1099
-983
-906
-753
-16
1293
2343
2888
2523
1745
1217
1306
2018
3083
4163
5092
5665
5275
3811
2617
2369
2782
3605
4146
4209
3530
2157
438
-1055
-1895
-2017
-1672
-1363
-1416
-1759
-2683
-3810
-4428
-4660
-4332
-3355
-2343
-1697
-1317
-1406
-1985
-2463
-2740
-2544
-1785
-916
-236
-73
-439
-934
-1350
-1459
-1499
-1197
-805
-392
566
1676
2613
2539
1602
996
1029
1376
2244
3198
4185
4907
5086
4182
2771
2043
2053
2820
3581
3812
3470
2403
895
-529
-1670
-2234
-2269
-1870
-1696
-2182
-3244
-4238
-4623
-4899
-4829
-4209
-3315
-2489
-2102
-2055
-2130
-2341
-2552
-2485
-2034
-1398
-876
-837
-1121
-1358
-1453
-1260
-966
-827
-892
-732
169
1613
2826
3109
2542
1774
1509
1838
2225
2877
3895
4986
5478
4897
3460
2386
2284
2908
3734
4112
3885
3232
1896
139
-1273
-1865
-1948
-1824
-1587
-1777
-2365
-3308
-4247
-4920
-4854
-4242
-3477
-2797
-2215
-1722
-1687
-2191
-2681
-2685
-2225
-1455
-870
-779
-1214
-1556
-1598
-1556
-1359
-1131
-904
-604
520
1992
3001
2946
2138
1513
1420
1904
2650
3458
4322
5177
5526
4758
3373
2669
2842
3740
4411
4570
4180
3032
1555
28
-1125
-1546
-1435
-1246
-1371
-1794
-2442
-3403
-4363
-4720
-4322
-3562
-2850
-2467
-2334
-2112
-1952
-2130
-2490
-2513
-2025
-1322
-949
-1161
-1631
-1854
-1767
-1568
-1348
-1170
-1152
-824
224
1818
2948
2646
1665
980
1193
2011
2805
3542
4364
4925
4815
4009
2940
2472
2873
3658
4174
4180
3589
2342
854
-551
-1556
-1888
-1685
-1556
-1992
-2697
-3506
-4189
-4714
-4868
-4345
-3562
-2868
-2621
-2661
-2604
-2385
-2225
-2464
-2499
-1898
-1133
-854
-1266
-1790
-1974
-1818
-1541
-1458
-1256
-1309
-826
511
2082
2846
2257
1290
670
1100
1984
2791
3710
4526
4917
4607
3557
2784
2820
3517
4231
4565
4442
3613
2473
1076
-293
-1092
-1285
-1195
-1372
-1945
-2680
-3390
-4112
-4583
-4352
-3572
-2856
-2611
-2618
-2478
-2072
-1718
-1707
-1739
-1588
-1090
-634
-657
-977
-1158
-1057
-806
-598
-527
-610
-924
-333
1155
2662
3237
2575
1551
1091
1608
2496
3118
3821
4663
5063
4560
3433
2754
2851
3587
4198
4130
3834
3185
2169
930
-323
-960
-1216
-1327
-1531
-2040
-2895
-3937
-4656
-4774
-4275
-3634
-3162
-2878
-2890
-2944
-2658
-2329
-2045
-1768
-1463
-1228
-1094
-1240
-1674
-1876
-1632
-999
-503
-531
-1130
-1452
-543
1136
2423
2419
1641
1039
1137
1662
2059
2443
3315
4208
4211
3264
2478
2554
3042
3441
3416
3265
3081
2315
1087
-27
-613
-909
-1454
-2092
-2435
-2533
-3092
-4074
-4677
-4636
-3951
-3303
-3259
-3403
-3272
-2590
-1906
-1625
-1657
-1612
-1144
-865
-1030
-1340
-1393
-967
-518
-252
-195
-449
-895
-561
910
2726
3371
2479
1410
1174
1820
2673
3154
3547
4177
4536
4054
2952
2547
2962
3746
4205
3889
3292
2686
1792
833
225
-95
-539
-1200
-1969
-2504
-3001
-3916
-4646
-4614
-3841
-3050
-2832
-3341
-3776
-3148
-2102
-1567
-1581
-1518
-1048
-686
-863
-1331
-1510
-1089
-503
36
373
226
-163
-500
362
2122
3533
3271
2073
1353
1539
2451
3070
3325
3822
4433
4457
3588
2599
2650
3250
3912
3983
3458
2690
1845
1133
391
-365
-849
-1232
-1718
-2326
-2960
-3701
-4736
-5217
-4816
-3808
-3252
-3698
-4342
-4305
-3371
-2454
-2200
-2215
-1883
-1287
-1043
-1301
-1741
-1890
-1333
-602
-217
-236
-386
-737
-424
1115
2930
3490
2463
1419
1258
2094
2993
3337
3595
4151
4562
4239
3126
2609
3174
4092
4354
3801
3080
2303
1542
868
302
-179
-700
-1399
-2009
-2511
-3101
-4169
-5062
-5104
-4301
-3447
-3429
-4230
-4823
-4219
-3091
-2396
-2329
-2350
-2077
-1699
-1680
-1910
-2052
-1785
-1123
-502
-226
-205
-487
-741
373
2346
3668
3163
1717
1070
1789
3084
3704
3757
4105
4585
4622
3787
2975
3335
4219
4877
4747
4051
3278
2472
1726
1206
851
415
-403
-1310
-2092
-2485
-2980
-4028
-4687
-4433
-3640
-3118
-3500
-4328
-4492
-3586
-2393
-2007
-2243
-2364
-1868
-1453
-1613
-1844
-1847
-1409
-833
-457
-311
-498
-874
-805
784
2935
3798
2611
1037
875
2060
3420
3862
3740
3953
4288
4063
3192
2640
3314
4310
4796
4368
3524
2766
2004
1306
934
717
279
-621
-1629
-2358
-2832
-3503
-4423
-4779
-4313
-3483
-3230
-3953
-4829
-4671
-3576
-2584
-2374
-2566
-2540
-2218
-1955
-2049
-2167
-2054
-1573
-1120
-935
-991
-1207
-1470
-867
1049
2866
3110
1644
441
719
2224
3413
3540
3505
3846
4155
3820
2988
2959
3794
4560
4673
4047
3461
2792
1962
1378
1038
792
126
-909
-1680
-2134
-2453
-3316
-4262
-4481
-3903
-3193
-3342
-4181
-4800
-4382
-3195
-2373
-2363
-2613
-2471
-2036
-1761
-1683
-1639
-1485
-1178
-850
-667
-698
-865
-1197
-446
1691
3502
3328
1515
485
1171
2754
3701
3641
3601
4125
4454
4103
3411
3586
4390
4881
4852
4404
3949
3189
2272
1669
1339
998
365
-647
-1469
-1943
-2390
-3252
-3970
-3917
-3396
-2928
-3247
-4141
-4558
-3967
-2850
-2206
-2378
-2729
-2740
-2409
-2008
-1799
-1829
-1836
-1576
-1286
-1153
-1179
-1230
-1398
-546
1528
3117
2655
898
365
1373
2866
3536
3318
3371
3760
3924
3733
3276
3496
4177
4509
4276
3807
3520
3036
2360
1801
1293
837
25
-1060
-1804
-2306
-2783
-3557
-4208
-4247
-3956
-3893
-4295
-4674
-4572
-3916
-3042
-2686
-2843
-3027
-2933
-2645
-2386
-2161
-2067
-1945
-1775
-1629
-1487
-1531
-1506
-1477
-787
1092
2601
2486
1064
377
1269
2628
3488
3468
3427
3844
3989
3955
3744
3949
4524
4706
4664
4292
4048
3603
2785
2293
1951
1442
571
-468
-989
-1378
-1970
-2868
-3602
-3610
-3466
-3392
-3627
-3962
-4036
-3723
-3061
-2631
-2652
-2713
-2730
-2552
-2282
-2064
-1922
-1975
-1874
-1695
-1512
-1429
-1359
-1269
-981
543
2129
2363
1272
547
1251
2432
3156
3202
3230
3694
3986
3910
3814
4015
4642
4762
4613
4396
4233
3847
3078
2560
2270
1743
806
-191
-779
-1135
-1725
-2483
-3230
-3343
-3210
-3388
-3815
-4077
-3980
-3608
-3326
-3102
-3009
-3002
-2845
-2683
-2491
-2281
-2184
-2296
-2362
-2206
-1862
-1650
-1521
-1345
-1477
-859
705
1844
1561
356
304
1307
2394
2804
2806
3140
3605
3744
3763
3764
4231
4579
4421
4343
4339
4345
3650
2744
2332
2088
1525
473
-512
-973
-1394
-1938
-2755
-3267
-3290
-3316
-3519
-3884
-3938
-3702
-3474
-3181
-3069
-3203
-3288
-3229
-2951
-2622
-2284
-2215
-2456
-2477
-2292
-2029
-1923
-1890
-1792
-1794
-441
1379
2031
966
-251
218
1527
2709
2974
2879
3287
3627
3702
3742
3822
4415
4653
4682
4669
4607
4321
3395
2634
2389
2159
1628
625
-166
-638
-1231
-1920
-2792
-2968
-2783
-2906
-3231
-3522
-3543
-3370
-3086
-2783
-2801
-2884
-2860
-2670
-2376
-2237
-2104
-2140
-2150
-1968
-1797
-1502
-1479
-1469
-1518
-1324
401
2017
1991
475
-309
745
2153
2956
2925
2809
3348
3638
3634
3691
3963
4546
4606
4637
4669
4535
3981
3020
2483
2382
1971
1233
279
-291
-583
-1213
-2155
-3089
-3089
-2753
-2689
-2952
-3527
-3870
-3670
-3029
-2475
-2796
-3269
-3256
-2830
-2393
-2364
-2467
-2506
-2327
-1954
-1722
-1691
-1946
-1915
-1640
-620
1118
1676
812
-324
82
1380
2261
2434
2331
2736
3453
3548
3418
3345
3660
4125
4264
4434
4160
3659
2897
2359
2335
2099
1320
422
-319
-649
-1284
-2218
-2986
-3166
-2825
-2956
-3399
-3759
-3862
-3634
-3304
-3102
-3246
-3568
-3374
-2959
-2508
-2428
-2616
-2510
-2223
-1774
-1557
-1731
-1765
-1674
-1372
-1181
-227
1388
1916
1154
83
628
2016
2901
2999
2786
3182
3669
3586
3709
3950
4485
4709
4567
4653
4486
4260
3599
2976
2820
2440
1697
813
68
-304
-985
-1760
-2471
-2648
-2589
-3020
-3373
-3453
-3415
-3278
-3189
-3039
-3036
-3194
-3034
-2713
-2359
-2417
-2487
-2248
-1999
-1733
-1660
-1731
-1591
-1381
-908
-660
-197
1050
1676
1426
628
933
2071
2780
2961
2685
2948
3571
3751
3924
3897
4066
4427
4446
4502
4106
3728
3289
2658
2352
1907
1187
405
-297
-620
-1217
-2003
-2772
-3191
-3269
-3592
-3759
-3786
-3908
-4070
-4071
-3904
-3857
-3930
-3714
-3325
-2974
-2884
-2889
-2712
-2413
-2119
-2004
-2010
-1837
-1634
-1296
-1036
-871
284
1392
1603
834
619
1638
2526
2833
2627
2831
3642
3869
3792
3816
3975
4592
4629
4507
4258
4027
3829
3142
2625
2260
1682
1006
240
-167
-678
-1519
-2276
-2908
-2932
-2872
-2984
-3294
-3842
-4056
-3954
-3633
-3421
-3529
-3361
-3012
-2753
-2704
-2837
-2608
-2197
-1814
-1711
-1768
-1737
-1567
-1218
-676
-603
-289
929
1806
1814
1061
1091
1890
2759
3220
3169
3380
3600
3516
3704
3944
4462
4812
4518
4249
4045
4067
3654
2816
2347
2025
1596
986
329
-203
-995
-1688
-2194
-2471
-2615
-2932
-3243
-3440
-3573
-3815
-3874
-3563
-3181
-2938
-3013
-3180
-2992
-2710
-2372
-2098
-2020
-2041
-1980
-1745
-1390
-1045
-774
-685
-680
418
1818
2128
1130
450
1251
2503
3249
3086
2761
3173
3580
3718
3760
3824
4242
4332
4179
3917
3674
3400
2750
2289
2116
1600
762
-70
-457
-722
-1310
-2213
-3137
-3304
-3070
-3077
-3580
-4190
-4403
-4107
-3594
-3245
-3372
-3688
-3723
-3288
-2712
-2416
-2348
-2497
-2541
-2225
-1706
-1435
-1432
-1305
-937
-700
-701
271
1408
1651
971
605
1495
2359
2834
2760
2757
3184
3220
3304
3518
3773
4199
3946
3666
3517
3485
3452
2817
2237
1700
1108
655
266
-21
-688
-1638
-2466
-2934
-2712
-2579
-2822
-3274
-3698
-3620
-3150
-2714
-2671
-3010
-3157
-2832
-2211
-1777
-1760
-1813
-1807
-1534
-972
-631
-615
-656
-538
-168
121
158
1123
2221
2324
1382
907
1776
2745
3327
3159
2996
3340
3464
3622
3900
4122
4269
3813
3491
3540
3746
3530
2459
1652
1363
1212
934
351
-183
-875
-1681
-2258
-2681
-2681
-2744
-3058
-3521
-3872
-3741
-3400
-3017
-2977
-3254
-3293
-2965
-2432
-2151
-2102
-2046
-2011
-1855
-1515
-1159
-1101
-1297
-1159
-820
-325
-207
91
1175
1626
1220
523
818
1900
2531
2424
2039
2182
2659
2810
3044
3100
3058
3015
2920
3177
3084
2617
1749
1067
1106
1077
619
-8
-687
-1217
-1788
-2279
-2612
-2800
-2821
-2978
-3157
-3239
-3330
-3244
-2928
-2690
-2727
-2919
-2764
-2224
-1695
-1568
-1748
-1677
-1338
-908
-536
-545
-811
-793
-294
296
526
284
976
1915
2068
1343
1047
1962
2659
2803
2498
2564
3115
3179
3106
3257
3299
3422
3163
3232
3224
2924
2338
1594
1466
1559
1288
567
-230
-664
-1087
-1661
-2072
-2491
-2577
-2655
-2666
-2693
-2821
-2915
-2741
-2415
-2295
-2480
-2423
-2006
-1693
-1584
-1611
-1451
-1127
-820
-555
-460
-453
-482
-271
252
491
405
84
927
1983
1944
1141
797
1635
2429
2588
2278
2057
2376
2609
2715
2828
2690
2742
2750
2781
2551
2110
1724
1369
1229
994
254
-385
-631
-734
-1136
-1840
-2371
-2715
-2607
-2408
-2470
-2906
-3428
-3501
-2842
-2226
-2250
-2683
-2795
-2283
-1662
-1330
-1376
-1505
-1399
-1105
-767
-506
-618
-853
-773
-305
-2
-42
-363
360
1452
1683
998
391
1033
1849
2165
1925
1633
1852
2006
2137
2435
2342
2310
2145
2252
2428
2246
2004
1380
961
887
736
398
-171
-583
-755
-1107
-1637
-2118
-2101
-1880
-1872
-2141
-2572
-2646
-2187
-1654
-1552
-1849
-2060
-1811
-1219
-781
-851
-1107
-1242
-978
-413
-37
-182
-603
-777
-398
138
267
-34
-345
501
1454
1575
975
632
1088
1537
1827
1693
1681
2065
2034
1973
2071
2075
2287
2279
2377
2393
2206
1891
1429
1387
1409
1066
623
211
43
-103
-489
-799
-1221
-1449
-1569
-1378
-1271
-1531
-1738
-1633
-1216
-1088
-1360
-1466
-1147
-878
-933
-1190
-1144
-888
-564
-496
-667
-913
-1077
-907
-649
-542
-631
-847
-940
37
1050
982
-117
-702
8
982
1307
782
476
717
1039
1381
1648
1651
1776
1785
1957
2032
1972
1690
1227
1188
1260
1044
692
421
265
-23
-544
-1018
-1242
-1079
-951
-1021
-1360
-1826
-1926
-1504
-997
-1007
-1557
-1974
-1782
-1238
-991
-1122
-1400
-1531
-1251
-917
-910
-1223
-1589
-1630
-1387
-1038
-975
-1013
-1279
-1035
104
658
245
-531
-460
198
645
627
358
647
1242
1424
1655
1717
1814
2049
2184
2399
2377
2383
2242
2061
2157
2025
1698
1402
1066
918
671
298
-142
-374
-347
-434
-636
-858
-1031
-976
-782
-698
-854
-1156
-1180
-1058
-1030
-1160
-1248
-1225
-1095
-990
-1074
-1298
-1385
-1313
-1104
-1037
-1075
-1203
-1165
-1183
-682
181
359
-187
-658
-109
642
978
777
655
1123
1626
1719
1858
1976
2369
2655
2772
2758
2550
2468
2430
2567
2620
2262
1732
1401
1354
1340
880
213
-418
-465
-287
-232
-496
-1140
-1598
-1550
-1086
-853
-1321
-1996
-2141
-1843
-1595
-1659
-1913
-2160
-2184
-2014
-1852
-1782
-1962
-2293
-2386
-2152
-1735
-1636
-1741
-1881
-1765
-774
-72
-163
-763
-853
-158
556
862
765
992
1445
1616
2006
2377
2470
2557
2467
2689
2871
3045
2943
2513
2394
2333
2164
1792
1241
850
359
-33
-172
-230
-369
-944
-1319
-1504
-1543
-1447
-1473
-1677
-2148
-2488
-2466
-2159
-1901
-2094
-2417
-2432
-2199
-1868
-1825
-1960
-2186
-2276
-1999
-1565
-1290
-1299
-1507
-1453
-1285
-638
472
775
365
-99
376
1218
1756
1870
1795
1996
2464
2852
3253
3368
3391
3530
3729
3971
3936
3774
3359
3014
2892
2826
2517
2038
1456
1044
699
352
-84
-420
-689
-1012
-1289
-1672
-1951
-2096
-1989
-1995
-2167
-2410
-2563
-2540
-2525
-2567
-2529
-2522
-2551
-2543
-2443
-2281
-2284
-2242
-2086
-1853
-1676
-1458
-1267
-1116
-1034
-783
98
816
842
479
619
1335
1929
2110
1986
2121
2588
2933
3232
3401
3248
3143
3217
3390
3329
3105
2865
2494
2242
2088
1859
1528
1025
518
-29
-592
-1060
-1378
-1518
-1746
-2095
-2400
-2661
-2679
-2488
-2469
-2783
-3113
-3031
-2740
-2579
-2745
-2938
-2862
-2612
-2325
-2068
-1988
-1989
-1997
-1813
-1469
-1176
-1016
-882
-703
-538
-331
95
1072
1632
1503
1089
1242
1946
2508
2585
2379
2424
2794
3129
3352
3207
2733
2689
2814
3205
3342
2900
2213
1721
1613
1571
1267
719
8
-444
-635
-850
-1114
-1584
-1936
-2066
-2030
-2106
-2348
-2562
-2570
-2447
-2493
-2657
-2640
-2377
-2173
-2180
-2183
-2065
-1894
-1667
-1397
-1203
-1246
-1289
-1020
-461
-40
26
19
189
486
855
944
1271
1874
2116
2044
1770
1925
2244
2411
2374
2427
2724
2812
2666
2661
2566
2514
2444
2356
2360
2228
2042
1621
1292
1034
747
508
200
-134
-432
-759
-1054
-1374
-1617
-1763
-1840
-1886
-1984
-2042
-2138
-2128
-2154
-2171
-2153
-2091
-1904
-1743
-1720
-1731
-1685
-1523
-1322
-1097
-940
-910
-737
-538
-397
-225
-75
49
147
311
568
640
585
986
1442
1396
993
850
1078
1290
1307
1116
1060
1178
1108
1009
915
904
1012
1030
1022
823
639
466
321
317
177
16
-242
-472
-557
-744
-1007
-1298
-1477
-1461
-1453
-1395
-1481
-1643
-1694
-1610
-1366
-1349
-1451
-1470
-1299
-1073
-915
-819
-734
-641
-519
-351
-158
-134
-202
-64
134
339
483
500
524
565
711
779
704
623
980
1372
1299
945
762
988
1190
1171
962
912
1004
985
1060
1109
1014
1081
1138
1236
1278
1292
1270
1107
963
800
713
648
480
342
187
-17
-166
-307
-404
-464
-461
-538
-613
-556
-505
-431
-468
-571
-654
-660
-549
-494
-544
-659
-730
-653
-534
-463
-472
-498
-516
-508
-451
-317
-224
-268
-403
-510
-418
-383
-494
-538
-149
135
-129
-511
-557
-193
61
29
-90
-63
157
323
430
411
251
400
645
849
967
863
701
621
776
828
658
533
467
463
412
201
35
-84
-166
-224
-237
-339
-567
-612
-527
-469
-585
-843
-854
-648
-549
-767
-1053
-1111
-1026
-899
-838
-900
-1054
-1107
-949
-795
-765
-887
-936
-837
-684
-519
-525
-631
-605
-497
-348
86
302
111
-157
-1
376
564
437
225
341
648
875
1053
1142
1136
1375
1642
1873
1919
1917
1847
1803
1922
1934
1759
1505
1300
1220
1109
916
740
585
487
361
238
-37
-210
-275
-329
-435
-644
-845
-936
-975
-1049
-1211
-1336
-1371
-1405
-1380
-1355
-1277
-1312
-1413
-1339
-1190
-1056
-949
-930
-935
-903
-780
-655
-572
-489
-457
-507
-432
-21
322
236
116
149
191
377
631
866
1030
1127
1116
1410
1735
1776
1824
1939
2027
2134
2194
2034
1879
1773
1628
1505
1402
1120
846
630
427
294
183
6
-179
-320
-576
-766
-951
-1121
-1164
-1286
-1433
-1558
-1652
-1702
-1794
-1794
-1781
-1803
-1718
-1580
-1508
-1613
-1640
-1525
-1434
-1331
-1265
-1246
-1250
-1211
-1076
-959
-851
-819
-783
-623
-396
-345
-176
140
203
137
172
452
758
875
830
876
1231
1543
1589
1553
1502
1624
1837
1991
2007
1875
1762
1670
1585
1539
1391
1168
900
776
687
434
143
-104
-275
-305
-316
-447
-650
-754
-776
-787
-815
-983
-1150
-1113
-956
-985
-1160
-1265
-1244
-1186
-1189
-1180
-1160
-1122
-1057
-1025
-1017
-1021
-902
-729
-557
-461
-439
-387
-237
-29
145
280
347
420
589
1040
1217
1015
796
966
1373
1549
1412
1225
1372
1682
1847
1874
1792
1667
1816
1998
2017
1802
1553
1459
1485
1505
1369
1016
686
540
529
507
272
-121
-483
-586
-523
-579
-882
-1290
-1559
-1528
-1355
-1410
-1673
-1852
-1865
-1798
-1748
-1818
-1935
-2022
-2023
-1899
-1690
-1563
-1568
-1511
-1374
-1178
-1001
-936
-913
-824
-686
-514
-396
-328
-216
-69
58
163
284
387
512
743
838
779
666
767
1038
1173
1190
1108
1229
1379
1398
1439
1477
1516
1514
1549
1608
1458
1263
1154
1080
934
696
590
457
299
122
-117
-423
-679
-747
-786
-914
-1074
-1293
-1425
-1461
-1430
-1432
-1617
-1724
-1672
-1499
-1394
-1341
-1267
-1201
-1111
-1009
-860
-703
-619
-496
-308
-152
-32
57
210
355
402
367
397
569
733
911
1067
1094
1035
1039
1152
1264
1255
1230
1271
1225
1192
1229
1266
1174
1085
1080
1142
1203
1188
1071
914
834
876
932
830
661
451
350
308
199
14
-191
-340
-402
-495
-662
-917
-1116
-1176
-1221
-1289
-1421
-1514
-1516
-1459
-1374
-1327
-1294
-1314
-1253
-1069
-938
-906
-862
-762
-598
-442
-303
-247
-204
-58
71
186
360
537
559
516
514
576
637
587
493
482
496
522
478
382
274
160
150
145
97
65
65
41
-16
-28
39
155
164
91
26
70
110
103
137
166
133
141
219
228
151
57
51
109
100
28
-40
-91
-111
-123
-126
-123
-127
-150
-160
-145
-146
-211
-267
-303
-271
-216
-187
-141
-66
-3
-20
-76
-138
-146
-86
-81
-123
-168
-130
-85
-129
-172
-211
-254
-273
-251
-298
-358
-429
-459
-421
-420
-400
-400
-414
-410
-310
-185
-158
-241
-292
-182
-76
14
109
123
86
98
289
628
826
842
831
874
1055
1243
1314
1234
1199
1272
1352
1348
1219
1045
925
890
836
779
737
584
397
333
252
161
94
8
-72
-139
-178
-184
-301
-445
-529
-562
-597
-655
-701
-743
-789
-821
-794
-763
-783
-772
-728
-750
-743
-732
-776
-847
-798
-705
-715
-757
-730
-658
-639
-621
-574
-488
-393
-295
-159
-10
51
52
59
118
220
313
367
411
538
653
655
625
607
623
628
603
581
616
619
573
575
572
518
454
414
355
289
201
122
66
38
-4
-72
-148
-187
-197
-279
-361
-396
-414
-422
-398
-352
-369
-467
-545
-545
-508
-488
-527
-594
-625
-555
-431
-420
-498
-525
-463
-417
-398
-372
-289
-279
-325
-241
-143
-123
-201
-249
-165
-53
-8
5
1
22
77
183
272
268
262
271
297
304
277
312
392
426
463
542
587
539
515
620
731
794
831
838
846
878
888
829
804
779
783
859
878
809
719
627
624
675
696
607
496
422
334
249
129
18
-34
-44
-128
-281
-326
-354
-471
-567
-651
-722
-739
-704
-737
-827
-858
-917
-937
-888
-835
-771
-770
-790
-715
-635
-653
-741
-777
-717
-638
-626
-636
-566
-537
-536
-508
-408
-298
-219
-159
-88
-36
25
133
260
317
362
474
605
693
712
704
693
645
612
641
732
763
665
529
503
548
530
450
432
437
378
299
238
215
115
-27
-97
-117
-179
-285
-370
-451
-502
-527
-594
-664
-703
-711
-683
-717
-789
-777
-743
-694
-648
-652
-649
-585
-553
-574
-563
-471
-394
-374
-385
-317
-190
-65
12
36
132
240
314
343
347
341
356
386
450
530
562
564
539
573
675
735
707
674
664
706
792
794
711
638
686
766
739
615
481
437
450
427
404
355
316
295
293
250
180
102
63
96
40
-17
-87
-119
-133
-177
-167
-140
-117
-148
-221
-240
-212
-208
-227
-181
-138
-114
-85
-148
-222
-252
-272
-259
-228
-241
-285
-305
-302
-294
-325
-326
-314
-326
-331
-317
-277
-243
-228
-245
-293
-348
-354
-311
-304
-315
-366
-401
-351
-294
-292
-340
-347
-270
-231
-269
-254
-160
-59
-49
-66
-3
11
-70
-105
-17
84
3
-42
62
154
136
119
174
204
214
216
248
256
226
195
201
219
199
168
194
226
211
179
141
119
135
185
178
144
167
197
196
138
113
161
166
115
92
171
189
72
-22
-63
-111
-166
-191
-186
-180
-182
-176
-182
-238
-267
-221
-141
-165
-210
-166
-114
-109
-170
-188
-189
-165
-129
-156
-211
-241
-209
-162
-134
-97
-63
-24
-10
-36
-12
8
0
-3
47
128
163
175
191
197
258
324
340
355
410
460
499
532
572
623
661
698
737
728
644
561
504
512
540
533
529
549
541
490
452
404
318
244
243
214
145
96
54
-8
-66
-96
-151
-172
-233
-350
-446
-542
-561
-522
-548
-636
-670
-651
-670
-710
-703
-699
-740
-769
-783
-782
-813
-856
-867
-844
-782
-718
-618
-523
-503
-460
-365
-280
-272
-270
-216
-156
-138
-91
9
86
101
103
169
204
223
252
309
311
278
312
392
436
393
324
291
244
227
261
207
80
26
10
-24
-5
41
34
-5
34
73
106
53
-85
-81
31
75
-14
-86
-64
-44
-38
-17
-21
-41
-43
-14
35
58
33
34
65
132
218
296
357
342
345
369
383
412
445
477
532
588
651
675
647
592
549
577
603
573
518
477
458
420
386
333
226
125
77
51
60
-15
-171
-285
-339
-366
-404
-464
-519
-523
-521
-532
-554
-593
-610
-618
-614
-580
-592
-622
-623
-564
-501
-494
-484
-459
-387
-284
-278
-261
-157
-111
-49
37
66
91
159
238
324
374
430
478
531
545
572
629
684
658
592
644
684
622
551
516
471
408
349
286
172
75
12
-28
-80
-165
-253
-347
-426
-502
-571
-621
-682
-708
-735
-771
-826
-890
-945
-1026
-1068
-1026
-946
-921
-986
-997
-918
-829
-746
-722
-673
-566
-424
-313
-254
-220
-136
0
140
217
300
371
442
532
613
706
739
741
780
853
904
945
995
1013
1035
1067
1056
1011
934
829
776
812
783
660
564
546
528
471
404
364
312
232
196
143
21
-92
-143
-182
-239
-276
-302
-341
-375
-402
-401
-422
-485
-537
-545
-518
-498
-504
-505
-497
-464
-438
-417
-422
-448
-448
-358
-279
-274
-238
-209
-179
-147
-53
21
44
66
104
151
202
267
305
267
222
221
241
252
210
183
190
215
244
279
263
182
119
109
175
217
212
185
176
188
189
123
51
56
67
69
80
98
83
60
37
9
16
5
-16
11
45
23
-20
-38
-16
-26
-42
-33
-81
-128
-122
-103
-147
-182
-219
-267
-290
-285
-264
-258
-262
-299
-310
-312
-357
-393
-381
-381
-395
-377
-346
-361
-380
-356
-328
-335
-345
-337
-311
-286
-283
-279
-238
-201
-213
-189
-150
-151
-145
-138
-125
-100
-56
-7
40
85
92
93
128
155
178
215
215
210
255
313
330
326
349
353
345
375
399
372
347
376
444
480
454
416
392
385
399
374
331
301
306
350
346
303
253
205
164
148
166
205
193
134
86
69
68
46
54
111
141
155
148
125
111
54
54
67
83
106
100
107
110
60
1
-5
21
33
3
-25
-35
-29
-46
-72
-104
-119
-99
-95
-129
-177
-188
-224
-236
-210
-225
-245
-224
-211
-244
-295
-344
-380
-413
-435
-431
-418
-451
-494
-533
-515
-495
-497
-514
-484
-423
-385
-374
-376
-373
-334
-281
-257
-232
-226
-224
-179
-134
-82
-18
28
37
56
106
137
152
158
191
255
294
277
262
269
301
328
343
330
308
300
291
304
296
248
219
220
216
215
194
150
116
116
131
123
104
80
69
59
28
22
8
17
30
36
35
21
7
-4
19
33
34
21
-13
-23
-4
24
47
73
75
100
127
112
81
82
82
102
124
120
131
133
135
104
82
99
110
102
64
41
30
-4
-46
-63
-65
-61
-61
-47
-21
-28
-75
-108
-118
-102
-82
-89
-117
-144
-133
-132
-145
-134
-116
-88
-61
-58
-39
-28
-7
32
53
58
46
42
69
123
148
177
223
248
278
278
271
244
224
218
210
183
179
186
181
174
138
102
82
32
-18
-13
-21
-56
-114
-173
-204
-259
-333
-347
-337
-332
-333
-369
-424
-462
-494
-528
-535
-527
-524
-506
-497
-516
-504
-483
-481
-481
-475
-442
-408
-354
-300
-247
-193
-166
-114
-65
-18
-2
31
65
87
178
277
319
331
333
320
345
390
436
495
544
566
583
558
522
494
473
468
483
454
410
396
370
349
337
322
289
253
205
159
91
14
-31
-45
-63
-112
-148
-167
-205
-247
-259
-303
-368
-408
-425
-399
-372
-359
-355
-350
-326
-319
-307
-298
-260
-204
-157
-102
-52
-42
-47
-23
16
85
158
222
292
347
368
383
389
388
407
419
429
452
464
448
408
428
438
440
432
411
385
356
331
307
293
251
208
159
125
87
59
0
-71
-130
-166
-193
-211
-249
-331
-406
-473
-496
-501
-482
-446
-451
-459
-459
-453
-455
-480
-495
-499
-458
-430
-458
-483
-475
-458
-427
-384
-334
-261
-220
-178
-139
-121
-102
-58
7
87
136
126
126
134
133
145
161
187
221
245
269
277
263
221
206
222
226
226
213
179
148
117
107
94
77
71
52
22
-18
-42
-58
-71
-54
-21
-52
-63
-73
-111
-142
-171
-160
-135
-105
-72
-67
-64
-75
-98
-124
-148
-139
-108
-96
-79
-44
-18
12
38
39
59
107
144
187
227
235
244
267
293
335
351
375
390
371
344
349
362
385
411
442
475
486
453
396
322
238
220
233
208
183
165
128
86
37
-15
-67
-88
-81
-101
-134
-168
-202
-237
-246
-248
-290
-313
-320
-329
-338
-339
-357
-383
-366
-329
-302
-297
-290
-272
-266
-265
-243
-201
-194
-180
-150
-112
-94
-80
-55
-29
5
31
70
82
85
65
44
65
94
143
157
140
157
164
145
139
149
186
195
169
124
77
38
36
27
0
-30
-90
-134
-152
-162
-189
-218
-241
-228
-241
-272
-309
-338
-377
-382
-375
-362
-336
-323
-313
-297
-275
-250
-216
-210
-205
-197
-141
-100
-75
-59
-52
-18
6
32
91
130
176
198
196
187
184
189
198
241
290
325
324
341
340
299
304
331
328
340
366
358
337
309
278
268
254
256
248
213
175
140
118
111
127
134
121
101
98
94
82
41
-19
-50
-39
-25
-2
12
-8
-16
-22
-13
-21
-38
-26
-4
6
43
61
55
52
51
65
67
77
70
62
76
100
117
105
102
114
143
159
154
129
110
89
56
43
19
-10
-19
-8
-3
-26
-69
-100
-133
-169
-171
-186
-226
-258
-277
-287
-297
-309
-300
-308
-323
-325
-350
-377
-381
-369
-364
-364
-361
-369
-366
-362
-356
-324
-298
-276
-270
-266
-284
-283
-259
-255
-262
-252
-197
-137
-78
-37
-42
-35
-38
-32
4
21
22
37
55
85
120
133
135
147
176
191
187
183
177
183
208
239
261
265
248
234
223
212
183
157
143
131
142
153
160
170
166
171
182
196
189
163
145
135
126
110
91
66
75
87
106
122
143
140
121
128
111
95
90
96
91
83
63
48
55
46
43
66
83
55
28
7
-16
-21
-12
9
23
55
61
61
69
84
101
90
103
104
77
58
46
20
9
32
54
55
75
93
84
89
82
71
61
63
65
38
7
-5
-13
-11
-23
-47
-45
-71
-97
-95
-65
-78
-87
-73
-72
-54
-54
-69
-80
-108
-156
-188
-198
-209
-209
-221
-232
-242
-245
-239
-255
-259
-272
-257
-266
-263
-257
-270
-289
-289
-288
-270
-272
-286
-259
-241
-209
-177
-160
-162
-173
-164
-160
-155
-129
-84
-73
-90
-85
-62
-35
-34
-31
-42
-32
-9
12
39
60
67
76
91
107
136
115
117
139
159
183
180
161
143
144
150
171
194
206
208
185
192
197
188
197
193
190
181
197
210
196
201
215
201
190
207
204
187
171
168
149
138
155
183
205
216
235
228
215
196
176
172
172
178
170
169
166
156
143
110
53
36
37
30
42
17
-19
-40
-49
-58
-73
-91
-95
-105
-115
-117
-116
-112
-95
-97
-100
-133
-168
-188
-210
-197
-163
-150
-147
-143
-138
-138
-160
-160
-157
-145
-124
-123
-113
-108
-117
-117
-119
-116
-113
-99
-107
-109
-90
-91
-89
-83
-75
-66
-49
-9
9
-29
-62
-66
-77
-83
-57
-52
-63
-64
-70
-64
-52
-36
-38
-65
-79
-94
-119
-136
-152
-151
-151
-132
-113
-102
-102
-125
-141
-170
-158
-118
-83
-62
-67
-71
-50
-21
7
11
-7
-18
-45
-43
-14
11
33
68
76
86
101
107
109
118
116
120
129
126
135
129
147
169
179
203
215
219
216
209
205
195
195
205
193
178
173
185
190
185
185
178
179
171
162
150
119
102
104
107
96
95
90
66
67
86
100
119
111
85
80
61
32
32
7
18
33
22
18
-13
-48
-43
-33
-55
-69
-73
-70
-87
-95
-121
-140
-142
-166
-167
-140
-131
-111
-64
-51
-45
-56
-95
-109
-98
-69
-56
-60
-64
-70
-85
-76
-59
-58
-54
-49
-45
-39
-67
-102
-113
-117
-99
-65
-38
-42
-39
-75
-114
-124
-121
-109
-90
-56
-51
-45
-35
-52
-62
-72
-82
-58
-38
-45
-52
-70
-77
-79
-85
-61
-33
-6
-1
-15
-38
-44
-23
-13
-5
-2
-20
-6
13
27
41
30
18
27
35
33
34
34
46
43
46
51
42
30
8
10
38
50
34
21
9
-15
-21
-16
1
3
-18
-9
-3
-37
-53
-60
-73
-86
-86
-73
-75
-74
-68
-60
-33
-14
-6
-17
-27
-19
3
44
84
115
124
121
130
134
138
163
194
223
239
228
236
241
235
258
308
342
325
319
314
281
261
245
248
256
260
245
223
187
156
143
134
138
143
129
100
72
50
26
-21
-43
-58
-81
-93
-136
-157
-150
-163
-191
-205
-210
-223
-242
-256
-272
-276
-282
-298
-278
-265
-242
-228
-244
-264
-274
-268
-250
-224
-208
-165
-120
-104
-110
-121
-140
-164
-151
-118
-79
-58
-73
-95
-94
-74
-59
-64
-64
-57
-33
-24
-19
-13
-14
-32
-48
-34
-51
-50
-39
-40
-44
-31
-30
-30
-39
-76
-72
-72
-74
-73
-37
-24
-17
3
12
41
72
83
59
33
37
34
52
100
112
88
75
78
76
76
59
54
96
138
180
191
194
179
162
161
162
168
151
142
133
149
182
172
146
148
142
133
129
137
118
105
116
114
130
137
128
98
59
60
79
104
94
73
87
76
31
-6
-38
-5
41
52
51
53
30
-19
-41
-27
17
23
1
-16
-21
-24
-16
-20
-25
-35
-53
-46
-44
-59
-65
-39
-12
-7
-2
-24
-53
-90
-128
-146
-150
-148
-123
-112
-109
-103
-84
-87
-97
-104
-132
-138
-133
-143
-150
-147
-175
-182
-182
-186
-149
-126
-141
-167
-185
-172
-171
-153
-123
-119
-104
-96
-106
-108
-101
-85
-73
-85
-113
-135
-115
-55
-6
9
14
8
15
29
60
92
96
72
38
10
22
32
43
80
139
185
189
170
149
149
129
109
94
84
71
74
104
125
127
115
92
81
95
90
74
63
44
47
57
45
51
78
88
69
42
22
18
46
64
75
78
63
63
68
69
88
92
65
68
95
103
104
74
65
86
97
105
122
148
128
104
83
62
44
49
73
100
104
71
32
-3
-10
-4
-3
2
-4
-33
-57
-76
-82
-98
-104
-93
-66
-38
-56
-82
-89
-84
-85
-93
-99
-96
-75
-81
-111
-144
-188
-193
-164
-130
-98
-88
-87
-93
-108
-83
-61
-41
-1
20
8
-15
-18
-31
-43
-39
-28
-25
-10
-8
-33
-39
-25
-10
-13
-3
-3
2
10
4
-10
-16
-7
-26
-43
-60
-100
-137
-115
-80
-48
-38
-44
-50
-46
-36
-29
-47
-63
-36
-36
-62
-79
-82
-98
-93
-86
-71
-60
-57
-62
-71
-72
-79
-72
-65
-49
-15
12
9
10
36
46
37
29
21
25
30
39
60
73
90
116
124
121
93
75
77
106
121
139
142
133
118
105
112
101
115
130
136
142
154
146
121
82
68
69
76
75
88
108
119
124
131
128
113
69
41
13
-1
3
14
46
66
56
64
71
49
37
38
36
61
70
55
55
47
39
-6
-25
-17
-6
-5
-7
4
14
16
25
31
28
11
11
12
6
8
6
3
-18
-41
-50
-50
-46
-52
-56
-72
-98
-101
-125
-132
-126
-142
-158
-152
-143
-140
-131
-143
-156
-156
-152
-166
-196
-221
-255
-255
-228
-212
-195
-169
-162
-170
-170
-163
-149
-132
-117
-126
-133
-119
-98
-76
-80
-74
-46
-11
2
-6
-11
-18
-19
-5
12
26
44
50
50
62
53
44
50
43
36
52
44
37
44
40
32
23
58
97
99
86
92
95
85
70
47
64
92
119
139
142
118
92
87
101
114
131
122
114
121
140
166
183
183
191
203
215
214
238
261
248
243
239
227
207
187
184
187
184
178
160
147
157
167
145
132
112
102
88
62
40
1
-12
-16
-18
-30
-41
-80
-112
-102
-107
-118
-122
-132
-155
-178
-192
-189
-185
-181
-174
-181
-190
-179
-185
-199
-209
-222
-216
-211
-198
-185
-193
-183
-174
-153
-132
-129
-136
-141
-129
-118
-135
-120
-99
-99
-102
-86
-56
-35
-22
-14
-4
0
-7
-21
-33
-56
-99
-112
-98
-77
-46
-26
-23
-6
-23
-41
-62
-75
-57
-32
-18
-36
-62
-80
-97
-103
-70
-48
-26
-15
-1
4
-13
-27
-31
-6
33
61
76
89
86
77
62
71
95
127
158
143
120
107
107
132
152
138
145
144
130
130
131
130
120
133
150
177
193
175
162
125
95
99
111
115
94
91
108
96
89
88
86
87
68
52
43
20
-9
-20
-7
