SAMPLES:	7818
BITSPERSAMPLE:	16
CHANNELS:	1
SAMPLERATE:	16000
NORMALIZED:	FALSE
-53
-69
69
-18
9
-153
-206
-107
95
-186
-5
-83
-184
-101
-108
28
54
-206
7
15
-276
10
-162
27
-63
-124
-151
-20
-35
101
-134
-73
-7
-110
-62
32
97
49
36
-95
234
-188
260
36
56
148
-59
150
135
85
136
97
-101
111
-116
57
148
-101
204
83
55
49
-34
55
-18
-56
-13
77
3
237
-16
105
-47
-89
-17
-46
196
147
-137
77
-7
-119
210
-11
-41
138
-169
50
-77
-153
205
-79
-43
64
-118
-105
-27
-178
-22
-81
-72
57
-93
71
12
-175
18
-23
9
-20
82
93
-57
28
20
-125
-35
61
-79
53
50
-15
60
-81
67
87
0
176
57
-53
-2
-86
-80
86
30
245
182
97
53
-109
-37
7
52
155
6
88
26
-6
35
208
46
302
152
-64
-3
-18
-110
10
-193
147
-162
-29
98
0
151
83
-76
38
-66
27
-44
18
-16
-65
-9
70
-97
-19
1
58
-10
56
33
-83
-41
-232
-159
-112
37
208
-112
129
-170
35
-59
-55
46
95
-87
-34
-252
-209
-172
-243
3
-83
2
4
-150
-90
-111
-65
-121
-72
36
-29
-201
-167
-124
-267
-18
-20
-13
-15
-123
62
-267
-20
121
-22
191
-200
80
-287
85
39
166
47
373
-12
88
112
-44
229
-266
173
-40
-68
173
59
6
177
-7
-16
191
-15
321
-111
49
-37
-208
46
22
201
104
112
46
180
-105
129
-121
-99
-54
-80
164
12
-58
234
-148
62
-67
12
218
-13
-50
-68
-120
49
35
-162
192
-66
27
33
-91
117
44
6
213
-135
144
-9
-5
6
-90
152
302
132
133
74
-46
155
-198
153
26
80
81
37
108
8
10
-120
83
-200
21
19
104
18
-32
-113
98
32
86
98
-154
217
-310
-174
4
-57
-41
-253
-149
-39
-46
0
257
-111
102
-109
-296
-4
-4
67
171
88
26
-2
-170
-34
-220
-55
80
159
-57
148
-25
-192
-162
-62
272
15
194
-50
-223
-138
5
-153
151
111
13
-28
-191
54
-33
18
146
156
-282
2
-77
-113
-70
-240
106
46
88
71
-191
-191
-123
-340
-69
56
-17
50
-295
32
-175
-94
294
31
-17
-98
-77
95
-42
146
72
-201
53
-135
-11
28
2
32
-72
-134
213
-166
-155
239
-255
52
-78
-16
214
-17
71
235
3
198
-64
-122
259
99
87
135
100
121
-3
-56
216
-37
106
227
-23
136
156
109
44
138
145
-3
-41
13
-90
-18
108
198
-46
166
154
-128
-100
114
38
30
-1
249
-23
-142
105
-37
-138
180
50
52
94
-26
198
-9
-188
70
-88
225
-63
-150
28
0
-5
-33
-153
140
-159
-352
35
-341
-43
-94
-35
100
141
-174
-67
-478
-253
-122
-252
125
66
-41
-70
31
-185
-68
-102
263
31
105
38
-147
-91
-111
31
142
80
39
16
-258
-64
119
-76
276
162
-37
-121
-293
-135
1
43
128
253
81
164
-271
-128
-96
97
-192
122
-31
45
-57
-303
-196
-110
-75
-20
21
291
205
67
-244
-20
-263
-37
8
76
-39
32
-85
-199
12
118
110
99
166
-37
-226
-124
153
-80
287
248
334
82
235
261
264
168
219
3
-144
355
110
212
-25
94
102
-282
159
244
314
208
266
-106
159
-243
137
-152
47
50
-162
-36
-13
22
-9
107
19
225
-234
-61
-344
-35
-205
50
-59
-55
-95
8
-90
-42
36
-330
116
-516
-179
-171
-206
-12
-274
-182
-161
-237
14
92
-316
199
-145
-112
-193
-293
-13
-213
-202
85
-92
-56
-35
-48
-92
70
-113
123
-154
215
-229
-130
-100
-56
324
160
31
177
35
-163
162
-191
326
37
-127
123
100
-22
253
36
197
348
246
422
-79
156
-148
-156
-114
67
204
120
1
336
-27
-12
17
-25
141
239
155
155
-103
-51
-77
-124
159
215
161
198
-92
-32
46
-148
104
19
215
-110
-137
-159
-10
16
83
76
225
30
138
137
-40
86
32
-31
8
32
-7
243
-235
-28
-198
-305
239
-163
-15
27
-106
54
-176
-343
310
-347
13
-106
-199
-11
-143
-315
-42
-232
-86
112
-258
259
-141
-399
219
-46
260
55
90
108
-183
-27
-10
112
23
216
17
38
-233
224
-239
-108
297
-64
275
93
225
-86
-109
-1
314
49
196
295
-22
-89
-21
-173
-81
24
47
-47
-39
-91
51
-51
-38
-52
-104
-6
9
-245
-160
-203
-27
-242
-129
67
-239
190
-279
-48
-167
-65
-21
18
-173
170
-57
-224
65
-244
47
348
195
275
251
-118
-40
-101
-138
-61
-14
218
53
-160
122
77
183
51
253
58
112
116
-23
-167
-273
-130
-320
215
-47
294
-135
65
-154
-142
-263
46
98
-12
-117
-198
-134
-295
-27
-134
145
-21
-164
-79
-490
-15
-103
-55
-63
124
-102
216
-146
-56
142
-234
165
-55
393
271
192
214
90
-8
165
12
84
359
78
422
126
296
341
132
26
62
-17
-8
516
156
385
139
-155
17
85
177
143
271
165
55
-100
91
347
352
220
272
83
-25
212
-225
57
165
-50
54
-91
-148
328
-73
19
-106
-35
-275
230
-148
43
97
-122
-203
-248
-261
-172
141
-454
216
-506
-190
-314
-281
-383
308
-227
-109
160
-565
171
-550
41
58
-158
-276
64
-610
-83
-319
-465
96
-806
313
-318
-330
-367
200
-649
501
-571
336
295
-159
114
-278
-237
16
-388
-321
512
-365
334
-258
204
563
-393
462
476
-154
233
-116
70
377
-675
-208
-499
-766
349
-320
179
434
61
388
-174
126
484
-239
565
281
271
163
-249
-199
130
-433
536
458
279
638
-273
116
27
-387
229
179
-28
563
-107
66
100
-330
298
113
463
424
-50
188
-282
-189
145
-79
495
325
64
417
-80
-164
231
-201
262
10
-257
402
-358
-50
59
-569
106
76
-279
315
-57
72
175
-740
83
-170
-445
245
-228
-135
368
-339
189
298
-103
156
-169
-310
158
-264
-69
162
-266
-67
-117
-76
-63
255
-62
446
107
-10
54
103
-120
372
-49
-200
380
102
73
440
-120
151
-274
-116
147
-103
-107
255
59
29
116
64
15
33
-11
-104
40
-115
44
-322
176
-137
-81
78
-10
-10
-310
-156
150
-183
133
206
-592
-69
-409
-357
118
-229
156
-252
-461
-5
-609
-379
77
-343
158
-147
-342
-97
-267
-8
-195
-274
384
-92
-9
161
55
-63
15
160
410
-107
408
369
-223
238
5
86
83
-181
522
-61
-307
532
-63
266
428
295
184
-58
30
194
-355
74
176
-302
40
162
-145
131
179
250
-14
-452
410
-347
-368
49
-219
137
169
-383
66
-336
-260
152
-434
200
189
-409
-7
-230
-169
286
-385
5
-82
-93
290
33
248
159
74
126
-214
191
486
-129
47
378
-91
64
-7
56
480
163
348
158
142
463
52
-62
181
278
214
-36
249
154
-296
48
-73
-104
33
116
179
-82
-31
78
-81
221
231
427
142
-142
49
-420
-553
233
-318
-155
-326
-338
-374
-478
-378
13
-377
-457
-243
-620
-426
-293
-195
-305
-301
-158
-86
-287
467
260
181
424
90
88
41
111
210
50
215
545
38
401
466
163
163
163
325
186
153
325
123
-230
-101
-15
-153
137
336
92
131
23
-97
-223
-220
31
-149
-59
-77
-203
-519
-440
-434
-526
-229
51
-72
-427
-413
-702
-657
-436
-214
-65
-113
-207
-155
-713
-532
-205
-270
-90
-37
-162
-374
-421
-267
-308
348
1306
1542
1659
1469
1222
808
735
1451
1885
1895
2455
1774
887
606
284
530
750
1284
1526
932
168
-409
-1534
-2197
-1426
-1126
-980
-758
-1091
-1923
-2880
-3117
-2619
-2175
-1255
-460
-226
-608
-842
-1215
-1384
-665
-19
357
806
508
329
-330
-802
-775
-663
-589
-102
-14
-351
-628
-1103
-1300
-63
909
1671
2198
1802
1383
815
705
1796
2476
2843
3511
2623
2062
1375
1094
1313
1554
2140
2542
1762
995
-196
-1543
-1903
-1666
-1231
-1005
-1037
-1535
-2322
-3139
-3084
-2630
-2186
-1098
-470
-629
-789
-1302
-1452
-1040
-350
475
900
784
609
-6
-613
-776
-522
-397
17
104
-345
-1105
-1430
-1969
-1171
722
1677
2541
2227
1799
999
524
1091
2761
2999
3890
3648
2229
1404
847
925
1331
2043
2606
2261
848
-324
-1964
-3035
-2852
-2016
-1334
-1151
-1670
-2575
-3737
-4093
-3582
-2983
-1636
-562
17
-457
-904
-1330
-1264
-455
777
1438
1738
1328
346
-507
-1252
-1077
-503
-186
474
366
-583
-1480
-2045
-2414
-523
1224
2158
2687
1933
1095
356
195
1764
3253
4004
4728
3610
2209
1073
797
958
1760
2605
2827
1716
168
-1689
-3081
-3614
-2895
-1723
-1387
-1372
-2254
-3595
-4350
-4126
-3179
-1827
-692
213
-301
-1048
-1491
-1586
-643
657
1700
2017
1456
344
-410
-1188
-903
-70
794
717
846
-671
-1158
263
951
2204
2740
2439
2050
1328
1244
2769
2388
3087
3105
2422
1722
1422
1083
960
1479
2068
1634
731
-497
-1846
-2721
-2906
-2287
-1935
-2209
-2162
-2387
-3422
-3487
-3198
-2734
-1659
-856
-509
-524
-1028
-1067
-748
-110
572
775
591
70
-175
-706
-1095
-860
-507
-227
-234
-389
-1432
27
1120
1962
2565
2457
1526
1180
1091
2683
3540
3514
3964
2811
2002
1579
1556
1341
1666
2016
1937
828
-212
-1798
-2773
-3024
-2361
-2116
-2331
-2992
-3388
-3653
-3769
-2970
-2817
-2293
-1204
-1060
-974
-682
-1108
-232
148
703
1177
703
314
222
-43
58
53
-18
-77
-89
-239
-730
-1003
913
2019
2688
2779
1928
990
800
1526
3679
4234
4271
3794
2216
1562
1470
1667
2056
2572
2702
1872
200
-1263
-2494
-2796
-2219
-1452
-1754
-2728
-3876
-4399
-4258
-3332
-2642
-2096
-1770
-1574
-1722
-2079
-1649
-764
137
1138
1028
287
-434
-664
-496
111
413
474
142
-661
-769
-1277
-1504
-1509
731
2324
2697
2391
1283
372
414
1383
3582
4740
4385
3835
2017
1204
1049
1871
2491
3208
2922
1661
-79
-1328
-2302
-2105
-1775
-1477
-1824
-3112
-4014
-4500
-4219
-3361
-1942
-1349
-1780
-2093
-2314
-2249
-1008
-28
1230
1657
765
43
-725
-668
416
984
1326
890
-115
-1068
-1190
-1270
-950
-705
157
2010
1958
1378
670
449
746
1885
3249
4658
3944
3180
1968
1292
1469
2226
2966
3082
2438
1433
-73
-986
-1206
-1386
-1308
-1827
-2449
-3618
-4253
-4244
-3729
-3033
-2688
-2032
-2193
-2782
-2553
-1956
-581
649
1035
1393
762
-383
-372
53
1116
1910
1745
954
-401
-1010
-1389
-739
-300
-205
-654
-143
1300
1135
1015
976
1164
1395
1997
2871
3980
3211
3259
2558
2102
2207
2559
2753
2624
2303
1376
213
-233
-854
-1395
-1832
-2443
-2998
-3541
-3802
-3890
-3673
-3460
-3134
-2661
-2332
-2275
-1999
-1816
-660
304
384
675
572
-97
115
752
1181
1649
1225
396
-383
-794
-836
-550
-594
-562
-1042
-867
885
1301
1121
790
733
948
1450
2541
3985
3506
3433
2624
1902
1894
2450
2983
2986
2604
1687
533
-148
-790
-1365
-1773
-2289
-2774
-3291
-3482
-3817
-3606
-3377
-3127
-3241
-2685
-2319
-2126
-1726
-712
70
2
139
442
171
311
1031
857
1178
1019
172
-481
-451
-577
-290
-208
-752
-1050
-1746
121
1301
1236
1123
713
258
601
1605
3443
3625
3530
2847
1739
1815
2340
3203
3276
3072
2280
865
247
-180
-891
-984
-1539
-1982
-2654
-3201
-3468
-3364
-2944
-2586
-2649
-2556
-2328
-1954
-1467
-724
-281
-143
-59
266
522
524
1049
1079
694
988
413
-303
-197
-140
-174
-197
-633
-1067
-1780
-1177
921
1351
1318
716
240
211
1191
2680
4054
3481
2863
1510
1281
1921
3042
3457
3084
2093
801
-87
-254
-318
-507
-683
-1707
-2447
-3044
-3423
-3197
-2397
-2282
-2586
-3114
-3300
-2364
-1787
-855
-324
-687
-654
-359
-115
574
860
927
695
534
659
-145
-390
-372
-350
-273
-312
-839
-1465
-1872
-822
954
1212
1093
372
87
415
1531
2882
3672
3159
2400
1513
1754
2476
3087
3186
2633
1637
658
354
580
328
-132
-1138
-2268
-2784
-2852
-2488
-2016
-1896
-2470
-3046
-3451
-3132
-2209
-880
-270
-355
-1105
-1385
-813
-190
723
1539
1134
457
-18
-468
-279
421
528
259
-58
-716
-1154
-1146
-1275
-730
834
1324
1424
604
249
341
1189
2372
3534
3129
2324
1693
1611
2249
3058
2971
2045
1492
772
812
1132
753
-274
-1319
-2188
-2367
-1989
-1752
-1821
-2252
-2878
-3136
-3102
-2544
-1690
-1231
-1126
-1191
-1333
-1363
-545
391
555
542
207
-157
63
312
377
383
-91
-391
-323
-342
-450
-460
-603
-769
587
979
1112
691
362
479
1114
1792
2984
2936
2443
2052
1764
1924
2436
2800
2221
1886
1255
928
979
700
-95
-828
-1458
-1806
-1822
-1605
-1919
-2136
-2583
-2999
-3003
-2805
-2358
-1422
-1261
-1124
-1062
-1238
-892
-382
-157
219
281
-139
-93
-10
29
245
325
14
-288
-145
-66
-79
-305
-397
-952
-207
724
1148
1145
744
654
636
1383
2369
2984
2632
2180
1418
1510
1988
2508
2288
1986
1364
827
782
802
419
-145
-806
-1432
-1625
-1554
-1703
-1984
-2289
-2678
-2759
-2517
-2082
-1695
-1471
-1158
-1112
-1269
-1132
-717
-367
-34
177
-77
-269
-83
192
403
686
463
213
-72
-90
-58
-60
-118
-471
-634
-522
461
882
1271
852
690
388
787
1316
2082
2179
1706
1209
977
1257
1792
2165
1943
1527
934
745
925
794
430
-47
-940
-1479
-1465
-1386
-1294
-1035
-1293
-1601
-1878
-1928
-1400
-885
-783
-686
-983
-1237
-966
-516
-143
93
125
-119
-18
344
461
528
320
-237
-306
-139
46
120
71
-358
-641
-544
-346
-166
445
895
917
543
-75
-375
-265
304
1049
1347
928
558
200
464
1025
1221
819
274
-1
-59
301
364
19
-480
-676
-458
-129
-109
-418
-679
-828
-814
-669
-609
-579
-489
-316
-168
-226
-341
-286
15
283
399
227
-106
-132
31
145
224
45
-184
-349
-147
-18
74
22
-88
-56
-118
-157
-280
-366
-362
-318
-409
-231
-221
44
170
145
27
-94
-153
142
356
348
200
-21
110
249
598
734
904
855
813
880
951
946
873
798
592
608
585
556
648
610
477
385
250
226
361
387
366
289
177
-65
-110
-136
-185
-309
-277
-336
-434
-516
-584
-646
-884
-819
-850
-923
-917
-998
-965
-944
-945
-866
-857
-1032
-1006
-1011
-809
-659
-753
-764
-685
-662
-422
-194
-75
161
350
451
487
553
509
609
753
876
766
778
910
1076
1133
1201
1222
1054
1078
1157
1135
968
800
644
641
636
591
361
183
31
34
51
-8
-165
-351
-410
-474
-534
-743
-938
-1098
-1196
-1118
-1095
-1222
-1295
-1358
-1330
-1262
-1256
-1272
-1239
-1147
-1055
-937
-838
-759
-606
-338
-114
0
-71
-85
27
245
493
586
607
470
546
609
725
717
681
710
707
737
778
821
775
907
850
846
754
594
581
650
790
895
854
673
502
413
408
447
383
271
185
131
109
22
-133
-390
-526
-545
-460
-331
-192
-289
-448
-589
-567
-467
-240
-90
-116
-75
-96
-108
11
35
18
-11
-93
-89
-36
-45
-133
-261
-237
-220
-74
14
-65
-152
-264
-271
-168
43
29
-1
-126
-268
-248
-158
19
131
129
-22
-133
-122
-42
-60
-59
-134
-209
-216
-247
-189
-246
-251
-342
-320
-228
-156
-112
-96
-83
-32
129
318
491
505
460
409
392
383
535
654
715
778
723
619
523
439
338
254
233
117
102
86
49
-16
-116
-156
-211
-316
-323
-373
-381
-417
-387
-372
-385
-385
-445
-406
-395
-324
-386
-430
-556
-626
-569
-620
-560
-605
-673
-652
-578
-498
-377
-247
-188
-104
-146
-165
-36
87
177
251
314
404
537
675
734
829
790
726
741
622
592
576
498
444
435
479
413
350
286
94
-34
-72
-62
4
-29
-111
-246
-415
-409
-289
-177
-75
20
22
-10
-27
-163
-245
-374
-383
-417
-384
-339
-388
-392
-356
-275
-155
-64
-28
-29
-80
-127
-50
130
260
353
294
283
317
409
563
711
872
886
818
702
414
274
319
345
346
315
215
143
112
76
12
-118
-262
-236
-280
-294
-242
-391
-602
-627
-585
-533
-453
-442
-504
-543
-628
-632
-527
-466
-379
-397
-409
-500
-473
-309
-125
18
112
89
86
74
122
205
279
307
387
446
489
531
495
548
527
542
642
641
537
362
284
277
263
321
316
203
40
-40
-77
-113
-121
-140
-194
-187
-198
-195
-210
-237
-224
-291
-301
-289
-374
-520
-612
-658
-730
-718
-633
-630
-688
-685
-689
-690
-534
-358
-248
-182
-129
-75
10
131
245
308
409
459
537
606
634
622
588
650
679
712
679
596
538
459
451
485
487
501
397
306
169
73
-26
-30
-33
-73
-73
-113
-210
-260
-160
-102
-84
-112
-203
-302
-430
-471
-426
-466
-490
-523
-540
-579
-607
-655
-631
-542
-428
-289
-105
-44
-74
-67
7
131
290
422
505
628
680
651
597
603
574
556
571
591
578
530
577
531
452
429
413
327
242
208
110
68
35
11
-42
-125
-172
-239
-249
-266
-322
-391
-450
-462
-469
-502
-526
-584
-589
-632
-634
-714
-802
-802
-799
-766
-704
-682
-693
-557
-374
-244
-175
-94
-3
66
161
291
372
426
528
634
740
766
722
692
679
730
822
797
788
780
712
665
608
463
367
301
203
155
75
15
-62
-81
-106
-182
-218
-257
-327
-364
-419
-416
-396
-402
-389
-427
-481
-587
-687
-725
-738
-753
-691
-622
-516
-436
-387
-320
-299
-292
-232
-195
-114
-33
-26
45
109
189
261
330
418
451
513
636
657
665
644
597
545
474
506
553
556
545
491
309
206
192
225
272
240
186
46
-46
-40
-59
-146
-140
-197
-281
-261
-220
-294
-362
-300
-304
-257
-217
-166
-134
-140
-170
-227
-230
-161
-98
-94
-144
-198
-238
-224
-115
22
121
185
201
178
115
131
166
266
260
163
75
43
133
219
272
263
217
108
21
-44
-72
-140
-136
-88
-39
-121
-215
-299
-382
-359
-343
-323
-301
-332
-336
-316
-318
-311
-295
-265
-233
-207
-207
-209
-211
-159
-108
-33
45
98
142
174
143
120
111
156
238
284
307
283
248
216
237
314
369
444
502
460
363
245
236
255
346
302
157
-9
-206
-210
-103
-36
-9
-74
-169
-307
-383
-380
-372
-382
-335
-321
-375
-426
-424
-418
-348
-250
-185
-106
-30
73
153
209
142
78
28
-21
72
173
175
152
112
102
129
244
352
490
474
430
364
284
292
313
345
379
439
376
374
391
385
300
219
135
5
-62
-33
6
-12
1
-102
-193
-232
-238
-298
-299
-323
-414
-432
-471
-465
-482
-433
-341
-284
-242
-135
-43
-31
66
128
166
141
85
52
13
13
-6
-27
-60
-116
-97
-70
2
61
88
74
56
31
11
54
59
65
46
22
3
-25
-65
-66
-90
-86
-110
-85
-79
-77
-110
-131
-170
-272
-316
-324
-319
-322
-278
-271
-307
-333
-293
-202
-128
-85
-65
-92
-77
-65
6
156
271
305
307
299
324
362
368
411
389
313
288
271
254
307
344
374
396
349
297
270
263
266
294
275
238
238
235
128
69
10
-67
-66
-95
-72
-137
-215
-289
-365
-415
-436
-425
-392
-402
-401
-451
-487
-450
-463
-407
-308
-231
-174
-116
-112
-86
-43
18
114
187
220
208
200
184
234
304
291
219
129
108
107
163
215
213
198
173
148
180
219
225
176
160
132
76
19
22
103
174
207
174
133
76
51
28
25
-46
-110
-209
-292
-299
-315
-363
-365
-359
-343
-285
-284
-254
-239
-261
-285
-253
-269
-221
-166
-95
-7
31
73
37
18
49
122
115
114
114
93
94
107
64
21
45
45
142
198
238
240
202
127
81
95
87
118
139
219
235
233
210
197
196
189
181
166
74
31
69
79
87
79
-18
-112
-124
-78
-24
6
15
-27
-39
-53
-100
-144
-170
-170
-122
-83
-47
-28
-63
-132
-189
-218
-268
-272
-211
-160
-194
-180
-132
-127
-144
-160
-211
-251
-241
-239
-202
-147
-110
-81
-17
8
13
-6
18
55
74
125
142
163
169
187
149
109
42
67
109
160
199
169
177
222
244
222
229
220
243
233
236
268
258
165
106
111
98
103
84
25
-15
-53
-75
-61
-62
-120
-157
-188
-220
-207
-222
-239
-255
-275
-327
-380
-374
-341
-270
-225
-198
-176
-169
-137
-133
-145
-142
-117
-91
11
75
82
101
64
39
77
93
119
145
147
214
244
239
224
192
196
253
328
374
399
401
420
395
382
334
286
197
148
152
133
120
130
133
97
80
-10
-91
-146
-180
-175
-140
-162
-224
-264
-218
-196
-217
-235
-308
-345
-328
-298
-301
-304
-308
-312
-339
-350
-332
-297
-261
-224
-200
-178
-151
-129
-101
-44
27
21
-7
-15
18
101
180
243
291
310
314
275
228
221
240
273
266
272
254
209
171
126
115
95
69
95
113
94
50
-38
-72
-120
-127
-83
-36
-14
0
-3
-84
-149
-181
-150
-106
-80
-89
-106
-115
-43
23
117
133
13
-111
-179
-213
-168
-132
-75
-23
2
43
27
3
-43
18
58
132
155
140
107
46
54
57
36
76
92
133
186
131
72
20
8
-9
-33
-43
-63
-87
-72
-1
33
48
36
6
-39
-61
-89
-82
-62
-73
-73
-87
-105
-134
-168
-206
-172
-140
-77
-17
15
25
35
38
29
35
8
-23
-6
45
53
73
65
36
15
15
17
38
91
124
147
136
61
-23
-88
-102
-77
-4
52
67
103
134
116
73
-30
-102
-98
-76
0
57
66
26
-4
-17
-19
-55
-110
-130
-107
-74
-54
-27
-48
-43
-38
43
39
27
65
53
82
51
100
178
83
67
74
-42
-51
-89
-45
75
72
190
224
247
322
284
275
246
268
313
252
260
212
68
-33
-53
-13
87
152
194
188
82
-7
-69
-171
-177
-214
-305
-244
-286
-305
-277
-283
-280
-312
-347
-334
-397
-404
-369
-377
-304
-292
-275
-288
-283
-292
-256
-232
-188
-70
30
79
99
36
1
-24
-30
-6
49
94
86
91
79
76
53
101
67
221
141
307
348
393
529
361
311
204
-41
17
-6
-11
256
130
248
296
192
244
193
133
153
52
39
-22
-56
-108
-91
-133
-112
-10
-6
54
47
17
-7
-62
-90
-184
-222
-215
-179
-125
-45
-61
23
-19
0
-15
-144
-126
-250
-202
-184
-124
-54
-50
-39
-3
-80
-92
-132
-192
-124
-85
-50
10
22
67
116
91
65
31
-9
12
88
84
95
59
-13
-53
-104
-28
-13
71
94
127
151
104
105
206
196
232
236
215
242
161
174
152
206
111
102
66
41
73
64
138
124
54
61
-162
-136
-194
-277
-174
-263
-266
-118
-245
-179
-170
-201
-121
-173
-191
-59
-72
1
161
-30
108
-52
-184
-199
-229
-175
77
-44
296
237
81
73
-92
-104
-59
-159
142
210
226
390
216
58
51
-19
186
417
329
599
422
268
196
86
116
162
76
216
6
-67
-96
-151
56
-255
-92
-140
-415
-138
-331
-255
-8
-263
-308
-3
-513
-180
-160
-180
37
-247
-510
-235
-717
-278
-190
-690
-31
-387
-279
38
-361
162
-269
-38
409
-343
200
229
-312
471
-179
140
536
-117
458
155
-10
734
126
442
305
-199
319
-95
59
616
254
452
103
-116
-123
-234
-228
134
133
469
-38
-84
-9
-132
-449
-258
16
392
117
226
172
-167
-83
-160
-357
25
162
-42
-125
-22
64
-189
44
-205
-109
-70
77
126
171
-46
236
-75
-28
9
120
239
355
43
496
249
175
284
-7
-100
79
-48
139
76
-58
518
-154
48
25
62
16
-106
-46
239
-6
-178
-48
-118
-154
-28
-47
-187
-66
-361
44
-285
-2
-96
48
-501
-131
-713
-390
-369
-92
-103
138
82
-52
-152
-479
230
6
66
116
186
-99
313
-142
268
108
-230
389
-182
-103
310
-105
49
361
-423
232
-267
-120
89
-427
-42
442
-969
296
-23
-191
363
-20
-155
179
-572
136
403
-185
406
-188
318
-201
204
134
377
118
34
-174
-41
28
-56
235
-186
320
36
-219
324
352
295
732
124
426
361
-511
284
-52
-132
912
-276
552
245
-682
-8
-240
-518
184
-141
210
281
-320
-347
-75
-1031
-182
-496
-356
-152
-277
-565
192
-956
156
-372
-463
174
-390
-112
333
-832
381
-152
6
58
-58
-18
123
-368
594
134
124
242
266
240
293
147
460
428
-51
211
204
328
655
35
556
279
-302
349
-223
582
374
516
145
195
-462
66
-913
-81
-59
-245
364
-226
49
-42
-577
-250
-310
-469
-144
-270
118
-255
-44
-36
-282
-293
-292
84
124
-142
701
65
116
235
-193
159
-478
304
-447
450
-107
763
-130
692
-217
625
-434
434
-194
555
281
287
555
222
89
-92
94
-152
392
-449
479
127
-11
-379
-137
-791
-99
-550
-28
82
-322
-80
-128
-602
-155
-290
-788
-9
-510
-38
192
-123
276
55
-188
1
-77
-685
663
-757
391
-58
-67
-76
419
-508
769
-476
299
232
-174
224
237
-76
430
161
-103
431
-213
44
441
8
266
494
-366
495
-397
-14
113
-379
-226
281
-418
202
-532
-30
-482
-428
-229
-356
-201
-225
-227
-187
-360
86
-18
-26
41
70
-240
-21
-659
507
-356
575
182
113
242
-127
100
460
432
306
604
210
159
256
214
241
501
-244
863
60
553
610
570
334
552
22
401
-108
625
32
329
253
40
196
-407
364
-127
-126
67
-182
16
-296
-20
-276
-663
-115
-563
-656
-507
-439
-490
-185
-478
-111
-674
-100
-409
-315
-311
-280
-387
-493
-129
-74
-276
-163
-97
108
-183
-311
394
-350
351
-317
226
114
85
-22
-239
219
351
146
337
349
-148
234
126
-72
532
-358
397
-27
-20
310
378
-159
494
-680
220
151
-36
680
70
-21
292
-814
251
101
-2
236
114
-451
347
-495
-85
254
-413
446
-67
-190
355
260
-379
631
-488
320
-120
-17
180
84
-278
395
-394
125
143
-41
53
-75
258
6
-253
232
-130
-155
-34
-85
-105
12
-546
295
-701
124
-74
-271
27
31
-429
25
31
-120
424
-636
424
-155
-472
227
-265
-243
271
-266
360
52
-15
202
-217
-204
157
-60
354
264
356
86
8
240
458
-108
937
-154
616
-74
173
53
327
-256
554
-195
387
489
-142
552
43
311
-272
311
-443
461
-489
264
-110
-171
22
133
-222
333
-721
117
-338
-436
61
-109
-635
331
-731
-149
28
-863
235
-317
-415
371
-495
-148
3
-572
-205
75
-326
132
11
-383
140
-90
-173
-277
377
-230
603
-434
436
-269
-98
73
-16
162
-49
374
100
-220
87
-9
-216
208
157
222
-137
-170
210
-488
201
-6
375
159
-53
216
-346
-260
180
-383
63
-27
36
299
-297
497
-152
77
205
-170
136
-20
119
150
-102
133
258
-149
389
76
494
-274
628
-197
69
417
-76
401
151
-18
508
-20
98
445
-136
96
122
316
-229
233
-520
-44
-341
-125
274
176
-454
425
-659
-48
-511
9
-243
-50
24
-129
207
-200
-395
-88
-461
12
223
4
331
-32
-119
-460
-178
-137
34
392
116
137
85
-60
-371
293
-170
-92
342
-431
440
60
-239
286
-246
-114
213
-165
474
-45
321
-161
-52
79
-1
189
95
-100
295
-319
-141
51
55
-111
326
-14
26
-71
-261
29
-97
-174
582
-210
25
92
-407
-383
-26
-484
272
-10
26
524
-721
388
-290
-393
-171
-240
-245
316
-205
198
286
-720
407
-366
-306
494
-84
122
171
-24
-14
220
-546
227
-241
-161
467
32
115
130
183
-151
193
23
-79
79
-139
236
-86
291
30
-275
30
-452
57
-51
-261
264
-340
32
242
55
80
183
-244
206
74
99
232
100
-143
-82
-79
-298
772
-231
519
11
-70
61
-125
167
216
-167
342
-293
102
5
181
148
97
232
131
291
47
419
-399
71
-63
-198
-77
172
-192
260
67
9
348
-494
162
-122
-484
416
-1
367
-167
-30
-386
-227
-699
187
0
-219
544
25
-113
239
-456
66
-205
-215
318
247
-101
570
-288
-68
-193
-384
139
-177
203
193
222
-29
295
224
-266
77
-215
-7
-306
424
-299
307
10
-254
-254
-179
-56
113
-72
528
-138
385
-214
279
-101
-529
278
-419
61
-173
-82
-211
40
-201
181
-316
-67
-511
-211
-218
-70
228
75
-189
182
-522
-147
-173
-253
-35
31
-103
291
-502
-16
-80
-445
175
-208
-58
256
27
163
-73
58
-27
201
-363
289
-24
-79
319
-176
435
248
-143
150
-46
-225
302
66
16
157
235
-69
156
-34
221
35
-67
207
83
179
286
225
70
143
-173
107
-101
414
130
258
389
-207
323
-84
152
104
-246
15
-328
234
-87
259
44
229
180
106
102
-75
134
-220
111
7
139
258
278
10
275
-558
41
66
-58
408
145
-170
335
-416
-58
-138
14
100
128
186
363
-5
-416
61
-626
-8
-15
137
-35
-164
-39
-165
-170
-266
130
-469
63
-158
-211
119
-380
92
-381
-404
-210
-1
-311
-13
70
48
-136
-10
-383
193
-360
8
13
-280
196
-144
-211
123
-39
130
135
-255
85
-389
-72
18
253
-81
417
-269
167
-383
185
-26
297
172
109
-117
83
-201
-250
-131
257
32
73
-52
-62
-78
-329
252
-179
89
-11
10
-130
157
-336
269
-425
114
1
92
-211
240
-272
35
-127
-93
167
64
272
-15
182
-233
310
-162
247
149
596
-173
343
4
145
-232
75
161
490
345
385
441
203
200
114
163
176
431
-82
52
298
-256
270
-190
199
225
135
227
249
-418
-50
-234
-228
-144
-55
-8
-231
-32
-56
16
-313
231
-274
124
-353
129
-150
-2
-22
-17
-373
91
-41
-29
111
-106
68
-50
-598
-22
-501
6
-42
196
268
-151
15
-619
-85
-316
151
215
547
-451
-10
-333
-72
-47
-93
248
108
-155
-130
-29
-263
-62
189
-230
297
-386
-31
-226
56
-360
125
62
24
443
-246
243
-81
-56
-289
-26
-78
0
390
-234
86
-302
-384
174
-87
-229
641
-71
-6
-172
-108
122
-26
-253
190
-26
109
94
35
76
-193
272
-460
591
318
-77
356
59
-158
214
34
-14
633
-311
464
132
174
157
694
-288
498
153
-464
238
-229
137
336
-256
330
165
-393
-115
-91
283
-50
359
35
122
188
-188
-295
257
-310
451
-398
-309
-15
-441
-374
175
-72
-16
295
-202
-44
-9
-336
-173
36
-231
222
-127
127
127
-182
-323
84
-175
518
-322
633
38
119
-250
-359
-231
-60
103
267
490
-220
453
-347
-60
195
-117
83
380
-473
144
213
-245
555
-461
-154
192
-668
-136
147
18
257
58
-208
-223
-220
-969
213
-460
225
354
-317
-149
-119
-827
6
-373
410
153
-62
175
-149
-339
-4
-61
430
-221
235
316
-215
271
122
-314
244
-290
-3
159
96
49
338
-738
511
-154
114
391
173
-51
149
-181
360
335
-174
246
-138
-229
512
305
50
307
-488
9
-189
30
523
38
-92
-64
-537
-285
285
-29
353
348
11
154
-466
145
331
-276
85
221
-242
421
-90
218
-109
9
-74
-22
-124
6
150
-82
-106
100
-44
-146
-272
-10
-86
420
-54
176
158
-315
179
-454
132
224
145
6
131
-424
-75
-438
296
130
46
153
-181
-211
59
-121
186
127
143
198
-9
19
-54
226
-238
80
-1
200
259
-269
-9
-142
-192
41
236
-62
267
-159
372
-359
252
109
18
-54
-171
-268
182
-382
360
40
-183
57
-263
-213
237
-62
117
-31
-64
87
119
-311
-202
350
-768
308
-449
16
59
-414
-223
180
-654
627
-441
72
168
-300
-29
110
-74
111
-216
-528
-110
-205
-142
-125
148
-156
336
-527
217
16
186
-169
44
-357
218
6
-139
380
-319
223
64
-96
257
99
62
278
-333
285
-139
-153
269
-264
352
93
120
208
-29
40
101
163
117
198
32
-288
98
-332
133
14
44
-82
300
-11
-67
88
109
169
-2
209
-56
448
-90
109
163
68
100
352
-416
448
-135
166
99
-316
402
5
-130
45
30
-77
44
341
-30
19
-23
-141
166
-323
90
29
26
-53
172
-271
32
-252
-40
-56
74
123
250
27
-105
436
-476
38
-108
-144
337
-54
10
139
-329
113
-150
-6
226
86
-171
-209
-72
-13
10
-57
83
25
258
-397
15
-150
93
84
130
129
178
-94
-349
-176
73
-161
493
-298
-3
51
-275
-245
281
-364
146
-233
-209
142
-329
-313
216
-413
-97
-56
143
28
32
138
-244
-142
-73
-238
129
-171
262
310
-363
-11
-450
-332
274
-68
64
144
-196
-11
-263
-108
127
149
-101
387
-112
95
-35
-311
-223
-69
-141
374
53
-94
120
-15
144
-119
75
111
314
-390
100
-308
278
-500
536
-167
217
34
-25
-110
77
-171
330
-60
-60
639
-6
-214
-127
-225
105
-24
292
292
188
-94
-79
108
-167
329
-14
327
-111
294
26
25
213
259
-39
471
-104
-52
-27
-235
560
-17
111
421
-198
-74
-102
89
369
279
303
343
-15
-113
-162
-100
200
138
9
382
-79
245
-7
-332
263
-68
-259
290
177
113
165
-344
75
-361
108
-22
313
-148
581
-328
-131
23
-354
-148
-258
-1
-8
-114
-305
219
-657
-151
-349
-130
-206
-92
-369
-362
-420
-165
-322
-214
-188
-55
-442
-142
-184
-127
-468
-178
26
-69
429
-248
-20
-334
-133
-424
512
-70
460
267
-836
503
-543
-55
215
16
481
184
-361
515
-108
332
286
-51
364
155
3
-90
-36
125
128
301
245
394
184
-234
101
-380
292
-142
268
-150
26
-70
-227
-67
99
-45
-94
324
-250
285
-260
-216
286
-491
389
-143
-40
45
-130
100
-20
356
129
41
14
126
191
244
353
330
-25
68
-299
102
47
235
187
-28
327
-4
-46
49
-112
221
327
-129
312
32
-76
-67
-309
273
172
-216
219
-27
-194
-49
-200
38
419
-140
181
-304
-148
-176
-179
-232
399
-76
12
-119
-274
-30
-70
164
80
-244
347
-142
-340
176
-278
164
-380
68
-98
196
-393
265
-203
-141
-23
-40
-56
438
-184
-8
82
-499
186
-202
136
-48
181
-183
116
-345
-18
-148
86
-301
73
-271
11
-42
-151
-85
107
-161
60
20
-288
164
-76
417
-445
217
-265
48
-285
-102
409
19
-234
179
54
-157
316
-390
406
-321
139
-107
-41
236
-52
-279
117
72
-150
-207
-235
-130
223
139
-97
548
-283
156
-375
176
-63
51
90
468
-76
171
-60
24
241
-25
795
-137
495
-184
74
-95
114
16
541
74
-7
186
-8
61
-45
-341
354
-178
94
94
-128
73
-99
-160
-140
237
215
403
120
-95
-188
-337
-337
89
155
-6
325
-134
-58
-423
-69
8
137
-92
-89
-31
-105
253
-51
-66
81
39
-251
166
-202
361
274
-437
327
-353
-325
424
-525
127
240
-501
465
-418
299
24
42
-68
356
-156
85
422
-235
321
-234
-394
132
-86
244
-146
15
-10
-261
-267
140
-102
89
-256
99
-137
-293
135
-249
-30
-127
-135
-6
170
403
-70
-11
-195
-1
-22
-72
286
2
279
-39
-195
39
-57
77
154
51
22
339
-503
159
-386
78
-75
140
-94
-36
39
-166
62
-193
73
-52
100
52
-105
-158
-101
35
-90
-199
185
-254
-2
-252
79
-257
305
-210
197
-67
-216
194
-68
-235
159
-192
327
-3
215
163
-55
-33
-170
58
54
221
45
401
-285
496
-285
135
131
186
-62
264
-287
381
48
0
-136
-78
308
65
436
-317
227
-474
97
-129
202
207
-4
223
-604
-77
9
-106
443
-105
-53
239
-351
253
-38
-152
140
-150
-25
202
75
-436
212
-428
185
-79
-43
722
-82
59
226
-319
247
168
-198
384
-95
18
696
-358
391
211
-291
254
-51
-142
315
-181
195
-65
-200
136
-333
-47
97
21
133
-70
-105
-315
-152
-509
95
-414
2
230
-712
58
-441
-98
-55
-268
319
-35
-292
-215
172
-367
217
-205
3
-164
-303
49
64
-111
106
-173
-292
161
-177
-9
323
-9
123
64
-444
252
-84
54
261
-92
43
489
-708
330
-220
162
70
179
9
90
-104
-104
264
-190
268
295
-258
120
-74
-371
329
-441
502
-143
-132
430
-391
-83
255
-499
734
-107
-70
246
-630
188
386
-288
612
203
-264
371
-153
-155
412
-355
284
439
-731
698
13
-241
366
-122
-278
571
-353
394
-74
-306
512
-86
-159
129
148
-11
7
81
207
-274
82
106
185
-95
346
62
-82
-355
382
164
-202
482
-130
-182
355
-177
284
-6
-483
104
-103
-59
474
-145
-220
18
-171
-473
409
120
110
106
-353
242
-433
41
9
-259
104
-15
-305
138
-409
122
-260
-802
672
-439
5
61
-70
-108
119
-304
359
-246
-164
561
-644
-77
339
1
-245
538
-378
280
-233
-295
415
-440
343
90
-409
142
-93
-197
213
262
99
-142
-271
-42
304
-373
581
216
-142
104
-131
-105
201
10
99
480
-540
511
-188
-281
282
-217
7
-78
-292
50
318
-272
270
-360
-254
36
-303
-70
439
124
68
-435
-208
30
-146
-176
379
75
10
-57
-311
-164
-36
-55
-20
338
224
-249
-221
-343
167
-504
90
155
336
-334
544
-395
-8
-69
-481
306
474
46
209
235
-742
259
-445
207
610
129
66
181
-459
312
-47
-111
562
51
-248
-128
131
-53
415
-87
189
-74
-220
-132
-84
228
-8
475
-268
346
18
91
312
296
123
366
-91
55
287
-81
232
-134
-68
312
257
515
206
-168
51
-414
-254
246
268
14
57
-470
140
-89
-93
544
-92
-113
73
-629
-21
-459
-128
104
-231
78
-64
-204
-160
53
-512
131
-271
129
13
-166
-384
148
-677
132
-202
67
409
-513
56
-186
-170
-67
61
-207
228
-278
289
-32
243
-136
326
11
278
-331
291
-3
-113
-102
113
127
-114
403
-39
79
-375
239
-178
-128
263
12
177
-284
-72
-209
-141
-30
146
-225
180
156
-232
109
-259
-26
-187
-352
204
-70
-142
14
-52
-172
125
-204
-43
-219
-4
13
-234
382
64
-14
-444
-69
-147
-128
494
263
318
224
56
-151
-201
30
236
240
124
239
307
-445
257
-182
-14
547
38
389
274
-114
270
-96
-60
426
37
-86
268
-286
204
149
-125
628
-374
236
-144
7
122
142
-307
316
-443
240
-317
50
66
-95
51
150
-156
-221
148
-262
137
-17
19
268
-183
-381
301
-318
305
-182
507
-110
186
-209
-17
-210
-65
150
-132
204
97
-23
-321
466
-441
428
-59
208
87
-207
178
60
-312
-8
11
-70
16
0
-203
-125
-201
123
341
-275
541
-282
-465
-438
-239
60
370
-106
152
-290
-519
69
-369
299
-53
367
-239
-15
-576
-58
-213
-124
376
-235
219
-246
-18
-239
-102
-257
355
-434
115
-2
-280
166
-372
9
29
-167
664
-328
116
339
-103
-93
63
130
15
59
266
26
12
-137
9
-223
181
396
-169
118
201
-128
406
-331
147
229
-194
240
45
-234
199
117
-226
596
-435
-50
179
-71
230
239
-221
496
-580
-63
41
-170
346
231
-16
38
-66
163
137
-464
157
-249
215
-126
109
101
181
-504
10
-182
97
9
159
-90
-82
-385
281
-197
337
-14
-11
-8
-259
-220
252
88
281
106
-58
-235
-335
-422
428
91
432
187
323
-113
-424
-40
-20
463
196
122
97
390
-331
169
-362
-70
414
92
127
406
-44
-217
-59
-252
321
72
-138
474
258
-110
346
-334
59
40
-405
231
145
83
-10
-239
-176
104
-605
341
-268
214
-89
-122
-309
145
-532
-103
34
-391
-16
-269
83
-216
7
-301
33
-302
-311
80
-210
-31
222
-193
169
-55
-337
-3
-128
-7
-126
268
-138
274
-210
75
-81
81
-211
415
-27
382
32
-153
222
-300
130
18
228
-156
569
-728
375
-321
134
303
-242
2
269
-303
268
-122
104
84
-141
-31
-144
228
-445
476
-501
192
41
-7
168
336
164
471
-349
222
90
-257
430
6
434
149
-132
-233
-336
369
-319
455
-22
201
124
-133
-6
158
-391
285
132
40
107
1
1
-134
-222
5
201
-70
237
-229
-186
-119
-8
4
402
-121
339
-80
-58
-178
-206
-111
-214
-15
-29
135
-310
212
-335
-312
57
-237
295
33
10
169
-401
-241
-498
-180
-216
-57
-50
130
-147
80
132
-206
243
-48
103
48
95
186
-46
-373
229
-188
-7
-94
-66
179
266
98
436
-210
169
156
-309
354
-19
113
5
-118
-183
308
-230
562
-210
137
90
9
-53
104
134
-143
167
-138
314
-138
0
401
-379
52
112
70
-82
109
-330
290
-333
312
256
-135
126
103
-388
158
-103
37
117
-73
84
-318
-70
-129
-98
-282
189
-206
-182
-197
-298
-182
-137
-45
397
-136
127
373
-596
236
-220
118
89
167
153
-45
-223
-34
54
-8
409
345
-87
341
-214
233
-343
173
463
34
-149
331
-357
-46
-365
189
154
-274
424
236
-432
158
-259
-137
139
-22
105
123
-249
-60
-264
-275
338
-6
199
174
-178
-206
101
-570
-48
60
-145
235
-171
72
70
-564
303
18
177
542
-76
457
-464
113
-386
127
-127
397
-42
177
-181
81
-303
38
17
174
92
6
546
-500
189
-424
-373
-176
81
-25
513
-425
610
-489
-100
-245
-22
-25
177
146
-178
9
-430
103
-247
430
81
600
-298
110
-509
39
-15
369
151
-184
-187
-458
-190
-81
337
75
448
-22
382
-248
-1
145
-58
94
255
-111
158
-394
94
41
154
166
179
210
-51
292
-351
116
106
-447
160
-172
-78
63
-291
217
-247
199
108
-172
13
181
-154
-140
-318
34
-256
-160
-104
221
-133
236
-140
-120
101
144
-183
250
-258
244
34
-145
372
121
-38
127
-94
119
98
97
210
-132
165
-293
16
-91
309
243
425
123
321
-10
-24
-90
320
61
420
-100
64
40
-428
-45
57
-257
283
140
-173
160
-466
-322
-192
-297
-88
234
-168
117
71
-473
169
-238
-346
212
-327
53
302
-805
90
-465
-503
-69
-376
10
185
-112
-224
-299
-430
34
-190
-108
312
-59
-238
-124
-501
418
-599
408
547
224
251
265
-116
172
-63
347
181
385
336
56
-439
157
-37
-293
461
-94
433
58
56
27
279
-174
540
-102
76
627
-184
254
117
82
116
121
-51
416
-175
45
-1
-277
-230
195
214
77
321
6
-46
-129
-291
332
-251
318
-147
-244
80
-23
-242
143
