15
-1
0
-4
0
-7
-8
-3
-8
-16
-16
-9
0
-11
-19
-12
-12
-25
-26
-16
-23
-37
-39
-40
-35
-44
-41
-37
-25
-19
-13
-3
-4
-2
2
6
-7
-9
-2
5
6
7
10
8
5
16
18
22
18
8
13
22
22
15
16
24
28
15
6
3
-4
-18
-19
-12
0
2
9
7
-5
-11
-30
-33
-34
-23
-18
-15
-12
2
-10
-14
-16
-3
-11
-11
2
1
3
-13
-7
-4
14
16
12
12
7
-6
1
10
20
15
22
21
23
14
14
20
35
37
38
38
42
30
7
8
22
23
27
36
41
38
18
11
11
22
9
15
20
15
-2
-6
-9
0
2
-11
-7
-3
-3
-28
-25
-20
-29
-38
-33
-30
-35
-50
-50
-47
-43
-46
-43
-43
-34
-36
-32
-37
-27
-30
-18
-23
-10
-9
-10
-6
-10
-14
-20
-12
9
18
22
16
14
8
-5
16
19
32
20
17
17
28
22
22
47
44
41
24
31
14
10
15
15
21
20
14
11
11
3
4
-1
10
8
15
9
13
2
-6
-13
-14
-8
-2
-9
-7
-14
-29
-28
-24
-14
0
0
2
-4
-16
-17
-27
-13
-10
-5
-3
-1
6
-3
-5
-10
-7
-13
-17
-9
-11
-10
-16
-17
-8
6
-12
13
23
30
28
32
35
34
26
15
22
16
12
9
17
19
5
6
25
35
39
25
12
-4
-13
-16
-10
1
-2
-9
-4
4
-10
-16
-15
-22
-30
-23
-25
-25
-22
-25
-23
-21
-28
-23
-18
-20
-25
-23
-22
-23
-39
-17
-3
7
-2
0
3
-5
-20
-19
-2
11
11
8
14
11
-4
-13
4
13
26
22
32
37
24
30
32
38
40
41
39
42
45
30
33
43
44
47
44
54
51
50
35
24
16
-5
-11
-3
1
-1
-11
-18
-42
-58
-73
-81
-87
-97
-98
-105
-105
-116
-118
-129
-123
-131
-125
-121
-105
-89
-77
-71
-51
-34
-33
-20
0
1
6
22
32
43
36
36
42
62
81
145
183
183
212
170
149
143
134
154
172
211
228
213
171
155
135
116
128
133
144
148
129
80
32
-71
-114
-142
-147
-130
-141
-167
-171
-196
-256
-274
-277
-260
-227
-203
-182
-181
-193
-208
-200
-185
-169
-118
-87
-43
-41
-65
-78
-66
-48
-10
38
86
118
124
120
112
110
99
126
173
219
214
204
187
158
125
89
89
119
121
127
111
98
46
8
-2
-3
-25
-32
-18
-16
-29
-54
-81
-79
-69
-55
-47
-32
-43
-59
-57
-75
-63
-79
-74
-57
-24
-19
-12
-4
6
12
33
27
38
66
44
60
37
33
36
20
44
52
21
20
15
6
17
1
-23
-36
-52
-75
-107
-127
-143
-120
-135
-120
-104
-110
-97
-94
-87
-108
-124
-109
-100
-95
-74
-59
-47
-18
31
50
55
71
89
127
146
178
193
211
219
206
205
200
208
201
208
227
226
182
181
199
212
197
201
212
178
123
75
53
-2
-47
-86
-101
-130
-184
-211
-253
-276
-308
-341
-339
-325
-333
-339
-345
-336
-335
-336
-322
-299
-306
-299
-260
-218
-197
-180
-169
-171
-145
-133
-86
-34
18
58
88
113
109
128
137
174
238
381
455
445
462
353
313
267
252
315
386
506
569
504
380
327
248
240
287
327
338
350
299
182
90
-68
-132
-146
-106
-95
-127
-254
-339
-436
-525
-572
-521
-431
-363
-320
-333
-353
-403
-430
-396
-362
-330
-259
-209
-136
-115
-135
-188
-151
-119
-65
1
80
161
187
278
318
227
236
161
230
285
296
395
370
385
328
159
6
-8
-43
-54
7
-14
-82
-152
-225
-282
-309
-341
-286
-218
-167
-144
-204
-216
-166
-185
-167
-86
4
103
180
188
184
149
85
182
247
318
352
394
420
403
404
304
349
428
457
515
535
506
472
394
360
348
301
265
267
213
132
-14
-126
-207
-296
-367
-408
-423
-453
-504
-549
-573
-644
-682
-718
-681
-657
-663
-683
-647
-598
-564
-523
-448
-395
-379
-321
-318
-316
-311
-277
-210
-132
-67
-19
-8
17
-8
34
76
171
219
270
296
286
232
205
259
218
258
289
287
408
530
478
528
423
386
342
335
398
438
596
635
713
639
562
496
411
484
545
498
555
596
484
370
177
22
-38
-117
-150
-170
-196
-297
-399
-454
-573
-591
-561
-500
-440
-416
-460
-553
-569
-559
-557
-535
-493
-438
-382
-357
-362
-462
-503
-452
-424
-338
-273
-207
-197
-181
-196
-206
-223
-190
-123
-25
62
75
17
-1
-17
-57
-58
-72
101
83
66
120
108
98
141
217
276
363
471
638
698
691
581
559
541
577
628
715
863
943
914
765
732
712
668
697
755
759
698
570
460
306
107
-57
-87
-78
-78
-192
-334
-538
-684
-844
-981
-976
-989
-937
-902
-822
-798
-777
-920
-975
-916
-942
-851
-770
-707
-607
-689
-712
-755
-844
-830
-695
-541
-412
-322
-339
-216
-302
-257
-266
-191
72
-49
227
223
238
231
186
247
171
418
258
394
527
367
506
534
834
895
966
985
855
887
699
742
804
900
1063
1131
1116
1085
1063
934
957
988
1016
905
980
899
792
587
306
225
38
-49
-106
-237
-367
-543
-668
-781
-919
-941
-940
-865
-768
-802
-814
-889
-890
-895
-976
-923
-897
-859
-779
-749
-748
-819
-807
-729
-718
-527
-435
-430
-293
-391
-345
-549
-334
-322
-404
-156
-198
-142
-239
-272
-430
-260
-291
-316
16
90
124
255
98
166
58
289
521
571
871
734
828
865
778
802
927
1112
1252
1400
1283
1263
1296
1218
1271
1291
1177
1231
1229
1093
937
697
423
257
155
60
52
-78
-285
-349
-591
-828
-926
-968
-886
-778
-660
-680
-811
-977
-1114
-1136
-1164
-1082
-959
-842
-795
-776
-1062
-961
-991
-965
-774
-706
-625
-516
-494
-656
-608
-669
-519
-527
-249
-387
-128
-207
-283
-22
-171
90
-149
336
185
254
487
91
423
257
315
461
611
858
886
1013
845
977
929
770
1114
1124
1277
1372
1326
1310
1187
1081
1123
1176
1269
1278
1220
1228
988
764
438
313
230
84
79
27
-120
-338
-634
-785
-906
-914
-918
-779
-726
-854
-992
-1246
-1286
-1433
-1482
-1311
-1160
-1073
-803
-1028
-998
-903
-1160
-904
-908
-684
-757
-519
-766
-758
-484
-946
-287
-470
-432
-137
-215
-335
-125
-14
-288
354
163
298
576
431
505
531
432
506
741
645
958
1214
1032
1270
1085
1033
1077
988
1029
1119
1301
1249
1320
1261
1206
1157
1048
1020
1032
1049
978
982
877
631
341
102
-92
-213
-245
-375
-417
-545
-797
-1021
-1199
-1295
-1217
-1084
-1052
-969
-1184
-1269
-1283
-1277
-1248
-1136
-851
-896
-723
-964
-1101
-1032
-1039
-1042
-900
-784
-687
-671
-824
-531
-710
-681
-505
-462
-255
-188
-170
-330
135
-150
-63
362
-149
646
281
477
543
539
532
380
994
413
1047
1026
1065
1376
999
1242
976
1131
981
1146
1345
1289
1497
1289
1214
1247
1094
1067
1129
1120
1093
1063
932
812
534
282
158
27
2
-95
-135
-356
-508
-730
-933
-935
-912
-861
-910
-918
-1024
-1134
-1140
-1164
-1140
-850
-949
-829
-931
-1032
-1113
-1201
-1108
-1159
-909
-967
-1046
-779
-1197
-900
-905
-918
-521
-821
-250
-536
-124
-273
-84
80
-4
482
43
565
293
604
610
498
776
551
661
785
684
928
1025
1110
983
1063
907
772
991
621
1015
942
1045
1058
1084
1096
1003
1125
917
1047
966
858
846
825
588
550
311
176
86
-22
-138
-214
-406
-563
-712
-788
-937
-914
-980
-1004
-794
-894
-805
-772
-769
-739
-911
-939
-819
-1021
-640
-1008
-851
-826
-1256
-800
-1008
-1041
-909
-889
-821
-556
-764
-557
-566
-469
-543
-214
-294
-293
22
-327
160
-313
113
150
173
375
226
461
314
523
314
617
602
638
825
815
902
1032
797
901
948
905
994
1029
1111
1176
1234
1174
1194
1171
1242
1171
1158
1158
1136
997
995
875
791
574
353
406
120
69
-157
-270
-428
-500
-574
-669
-713
-756
-800
-856
-942
-1018
-1034
-1109
-1023
-1056
-1220
-1188
-1179
-1284
-1122
-1350
-1195
-1377
-1124
-1338
-1089
-1142
-1149
-945
-1096
-707
-926
-555
-622
-380
-358
-342
-19
-118
166
156
353
207
521
412
416
702
566
691
785
856
783
879
640
769
866
811
1160
1159
1330
1158
1042
1015
866
1062
999
1068
1128
1135
1022
884
901
879
916
785
1014
918
851
747
574
431
190
111
-96
-41
-210
-338
-414
-487
-551
-797
-927
-933
-945
-1083
-966
-890
-1042
-1014
-1146
-1116
-1213
-1193
-1042
-1215
-967
-1233
-1262
-1397
-1444
-1420
-1479
-1169
-1386
-996
-1230
-1006
-727
-922
-668
-591
-400
-228
-210
-79
49
129
195
270
334
422
569
577
768
734
863
965
861
1075
1082
1114
1167
1328
1172
1381
1466
1353
1530
1334
1282
1248
1275
1141
1254
1255
1210
1210
1070
1040
867
912
823
800
864
762
577
442
291
50
-85
-123
-341
-361
-403
-710
-574
-920
-1030
-1119
-1169
-1156
-1181
-1111
-1260
-1145
-1339
-1335
-1306
-1307
-1438
-1112
-1211
-1364
-939
-1440
-1080
-1355
-1173
-1119
-1109
-839
-1393
-449
-973
-763
-428
-849
-147
-504
-54
-57
18
460
13
493
352
384
203
525
289
676
698
560
1026
794
958
567
1206
572
1052
1214
623
1542
850
1138
1340
1092
1386
1073
1336
1136
1086
1259
735
1288
851
920
911
603
1017
545
826
834
408
787
299
288
267
-160
37
-456
-224
-547
-623
-537
-933
-632
-996
-953
-942
-1299
-1080
-1318
-1062
-1213
-1209
-1101
-1358
-1113
-1371
-1390
-1192
-1258
-1238
-1111
-1266
-1316
-1319
-1136
-1167
-1109
-727
-1022
-392
-757
-525
-342
-375
-144
22
85
73
290
447
233
398
544
328
774
741
862
1061
1055
958
1063
1092
908
1112
1200
1138
1347
1380
984
1469
1018
1173
1236
1142
1407
1110
1140
900
1048
772
803
905
734
772
676
498
579
278
425
274
136
210
47
-45
-212
-380
-536
-589
-711
-672
-852
-919
-1048
-1110
-1327
-1279
-1292
-1201
-1083
-1254
-960
-1273
-1295
-1215
-1179
-1226
-1010
-981
-1158
-761
-934
-1172
-988
-909
-1201
-644
-974
-644
-604
-796
-300
-569
45
-413
331
131
162
432
-58
720
-194
671
528
351
945
548
1010
474
1063
838
605
1498
602
1379
1198
912
1303
826
1081
747
1130
1062
1003
1487
753
1121
899
539
945
547
684
727
557
533
463
361
155
247
194
227
316
99
45
20
-388
-161
-583
-385
-416
-545
-494
-707
-884
-1017
-913
-1139
-905
-1049
-929
-952
-889
-928
-1049
-975
-919
-825
-897
-870
-812
-976
-1008
-905
-945
-1027
-746
-849
-881
-606
-812
-664
-675
-126
-635
46
-43
-46
584
-69
413
198
434
365
579
774
589
963
861
769
1046
838
842
913
762
1193
820
1316
874
1170
1070
875
979
893
851
794
926
701
728
726
664
490
670
161
489
197
143
305
115
261
-44
30
-70
-67
-121
-207
-215
-294
-381
-433
-694
-492
-622
-567
-627
-607
-806
-937
-850
-1223
-613
-1292
-350
-1099
-475
-789
-902
-565
-1171
-254
-1278
-274
-1108
-731
-726
-1133
-729
-1052
-490
-758
-390
-440
-540
-325
-673
74
-432
65
141
100
249
153
412
90
517
379
418
896
528
779
773
761
738
749
819
734
998
940
820
1027
970
648
841
872
564
1035
772
1020
900
645
925
546
846
373
683
433
321
586
-9
619
8
293
199
25
447
-316
379
-145
-1
-66
-328
-160
-291
-509
-346
-611
-457
-449
-702
-334
-979
-500
-870
-675
-892
-677
-528
-1122
-36
-1204
-492
-861
-796
-860
-824
-716
-1004
-476
-1168
-560
-871
-1101
-472
-961
-603
-481
-245
-519
-37
-16
-472
336
-291
311
127
298
100
437
297
151
858
83
910
497
740
455
1009
366
951
728
591
1106
523
1158
669
946
552
788
494
578
925
321
1117
154
655
445
53
756
120
715
196
321
275
20
104
23
110
-84
248
-89
-29
-18
-286
-65
-462
-77
-649
-290
-363
-626
-300
-719
-199
-719
-410
-654
-901
-281
-1177
-204
-949
-418
-547
-921
-504
-996
-442
-1105
-404
-946
-580
-860
-729
-894
-754
-790
-523
-661
-586
-449
-316
-467
-126
-57
-121
344
208
284
439
308
447
577
531
500
755
558
980
635
973
885
972
890
1043
1044
985
1289
889
972
1400
714
1154
998
704
1100
257
920
268
714
254
386
768
-103
585
74
-150
376
-509
-13
56
-332
127
-569
-13
-477
-631
-263
-700
-469
-551
-554
-245
-827
-341
-589
-839
72
-1265
191
-1199
-246
-733
-843
-252
-1119
-108
-975
-308
-913
-437
-567
-562
-339
-457
-600
-542
-466
-787
-284
-705
-652
-402
-787
-377
-613
-126
-401
8
-319
-117
214
-170
28
522
-201
375
85
175
471
282
709
358
942
384
774
447
907
765
675
1315
354
1283
434
876
469
951
600
666
1165
158
1170
332
350
508
416
423
237
743
10
253
461
-412
373
-245
81
-108
-143
72
-407
280
-541
-134
122
-545
21
-208
-391
-117
-460
-137
-606
-291
-280
-930
202
-1177
90
-701
-649
-329
-893
-182
-1074
30
-929
-208
-642
-711
-163
-988
-175
-894
-463
-416
-492
-687
-131
-279
-732
62
-708
156
-490
105
-132
-187
267
-281
234
168
288
366
278
791
-170
801
217
727
659
373
1087
477
933
701
718
876
843
723
587
916
499
549
902
503
781
716
834
211
582
297
360
207
344
64
-24
206
-167
48
-97
10
-162
-165
-204
-252
-359
-214
-441
-300
-152
-543
258
-823
-103
-802
-390
-562
-633
-63
-993
162
-1189
68
-910
-636
-365
-728
-347
-927
-425
-793
-687
-291
-955
-138
-760
-407
-447
-490
-295
-766
-319
-776
-319
-839
-222
-299
-225
-93
-398
460
-234
-117
527
-430
770
55
559
367
390
792
-134
1288
144
963
912
558
1403
278
838
597
966
826
960
1155
622
880
809
431
988
534
652
905
208
725
476
132
483
308
193
433
-40
543
-287
281
-76
-18
177
-185
-110
-178
-327
-23
-551
-148
-359
-453
-177
-821
-98
-875
-302
-367
-775
-393
-1259
-200
-1272
-446
-678
-1167
-132
-1400
-172
-909
-396
-475
-858
42
-1369
-230
-1167
-577
-439
-847
-225
-866
-35
-606
-686
12
-327
109
-313
410
-170
257
438
-335
817
-95
590
190
664
759
524
953
662
1019
543
1190
645
1100
810
906
834
416
906
248
1234
485
1246
580
916
672
274
974
-169
943
343
436
628
-105
592
-325
115
10
-337
85
-159
-189
-316
-498
-255
-606
-417
-303
-789
-323
-821
-518
-858
-986
-478
-876
-455
-571
-894
-589
-1164
-602
-1031
-589
-409
-1087
-253
-923
-597
-585
-492
-488
-641
-282
-760
-266
-431
-582
-189
-518
-100
-67
-243
248
-222
164
-148
354
-37
511
250
488
488
258
763
287
817
456
848
583
954
517
1171
907
667
1332
597
1419
536
1245
977
676
1312
544
1128
301
997
588
634
854
283
1007
129
572
330
170
399
-152
309
-218
337
-263
-123
-255
-378
-271
-781
-206
-985
-152
-786
-520
-606
-935
-821
-986
-625
-1231
-445
-1036
-1056
-860
-1251
-902
-1150
-543
-1206
-663
-1048
-939
-1120
-896
-758
-938
-419
-901
-284
-936
-495
-637
-584
-454
-460
-158
-357
198
49
33
268
139
332
192
785
438
636
724
654
779
774
1168
619
1199
1082
943
1494
821
1270
1019
1180
969
1194
1194
825
1297
793
834
1138
887
818
870
678
679
834
380
419
494
86
95
171
-160
-224
160
-518
-78
-450
-408
-181
-819
-96
-930
-681
-791
-956
-1029
-1073
-931
-803
-903
-851
-1154
-923
-1485
-1043
-1172
-1109
-780
-942
-775
-1076
-779
-1307
-580
-937
-688
-295
-823
-443
-556
-778
-555
-269
-648
155
-333
-34
96
-120
4
265
264
88
712
282
604
771
697
948
742
1144
895
867
1157
1015
1261
1248
1483
1008
1266
1148
1177
1346
1038
1547
947
1184
921
900
904
863
966
560
605
554
571
-107
485
145
49
315
-264
37
-320
-141
-343
-581
-83
-787
-351
-975
-823
-1004
-1348
-872
-1495
-851
-1335
-1486
-972
-1962
-1401
-1434
-1443
-1396
-1029
-1127
-1340
-832
-1615
-844
-1257
-853
-972
-527
-700
-527
-422
-1431
-80
-702
-609
-4
-122
-108
-14
486
-627
867
636
151
1344
1003
417
1121
971
4
1780
706
980
1655
953
1258
1260
1302
767
1483
1153
1418
1498
1191
1729
1049
1142
1191
541
1375
1201
956
1286
1225
632
1149
701
231
1037
413
613
565
301
-167
143
-484
-658
-160
-808
-458
-575
-866
-876
-1159
-1185
-1162
-1341
-1267
-1439
-1496
-1607
-1676
-1897
-1401
-1440
-1718
-1209
-1652
-1358
-1367
-1727
-1077
-1345
-1447
-1165
-1274
-1333
-1204
-517
-1306
-381
-840
-825
-27
-610
125
-134
432
-136
412
746
161
1182
805
527
1288
1008
746
1468
1492
1112
1847
1531
1301
2168
1466
1780
1927
1622
1830
1708
1922
1711
1907
1707
1836
1627
1432
1498
1309
1400
1293
743
1198
757
120
377
49
-547
-153
-339
-998
-502
-1179
-1273
-1254
-1527
-1660
-1486
-1705
-1762
-1506
-1894
-1827
-1931
-1947
-1986
-1955
-1680
-1911
-1745
-1989
-2081
-1939
-2098
-1517
-1839
-1434
-1202
-1160
-1510
-939
-931
-995
-157
-1065
-58
52
-473
346
385
141
587
1225
549
714
1319
752
1314
1680
1240
2259
2075
1831
2207
1955
1894
2103
2006
1989
2465
2108
2059
2340
1957
1795
2012
1963
1921
1838
1648
1247
1003
786
449
387
423
86
24
-194
-691
-749
-1236
-1213
-1171
-1252
-1505
-1245
-1247
-1693
-1700
-1809
-1940
-1919
-1706
-1781
-1856
-1678
-1968
-1885
-1693
-1796
-1604
-1747
-1403
-1859
-1676
-1420
-1588
-1162
-1112
-938
-1330
-846
-776
-674
-156
-323
99
247
122
262
420
381
521
1079
1114
1506
1808
1605
1843
1760
1923
1633
2196
2437
2343
2393
2277
2143
1961
1936
2084
2254
1846
1810
1747
1228
872
724
390
292
212
-96
-367
-703
-845
-1161
-1208
-1336
-1177
-1292
-1330
-1333
-1622
-1597
-1735
-1554
-1377
-1205
-1192
-1112
-1321
-1329
-1319
-1542
-1368
-816
-1353
-1068
-847
-1653
-1274
-1016
-1100
-1088
-401
-772
-954
-146
-1017
-568
12
-467
98
83
-404
14
1183
466
952
1932
726
1277
1671
1041
1441
2282
1857
2413
2384
1857
2065
1959
1740
2091
2336
1558
2045
1590
977
800
432
224
127
111
-149
-615
-978
-1162
-1546
-1560
-1482
-1423
-1419
-1496
-1532
-1782
-1953
-1683
-1428
-1244
-1075
-1160
-1114
-913
-799
-962
-784
-565
-702
-544
-916
-936
-599
-504
-892
-728
-358
-739
-373
-189
-505
-146
-61
-37
10
290
128
711
1363
1176
1744
1391
1380
1425
1618
1769
2142
2797
2586
2860
2473
1850
1905
1995
2080
2443
2416
1775
1451
964
223
16
69
-136
-193
-558
-1401
-1934
-2538
-2714
-2465
-2151
-2108
-1939
-1966
-2545
-2617
-2659
-2629
-1935
-1452
-1541
-1381
-1590
-1765
-1477
-1280
-949
-488
-407
-566
-270
-758
-940
-563
-172
-43
53
-234
-570
-388
-292
-153
77
115
280
-55
765
1817
1388
1984
1824
1812
1692
2168
2143
2572
3544
3074
3356
2815
2158
2592
2893
2882
3091
2954
2087
1773
1600
686
315
507
-85
-365
-674
-1675
-2335
-2431
-2633
-2501
-2404
-2637
-2683
-2570
-2951
-2989
-2750
-2747
-2060
-1772
-1779
-2057
-1911
-1905
-1385
-855
-937
-942
-887
-955
-970
-805
-833
-568
-214
-332
-421
-656
-770
-340
-2
-101
-68
-98
-93
1320
1573
1512
1674
1606
1399
1888
2065
2081
3200
3405
3387
3381
2750
2394
3209
3435
3300
3475
2795
2051
1966
1724
908
752
760
24
-311
-999
-2057
-2419
-2373
-2314
-2284
-2279
-2688
-2760
-2677
-3322
-3324
-2454
-2057
-1756
-1149
-1522
-2343
-1930
-1614
-1696
-840
-670
-1350
-955
-516
-690
-553
-84
-203
-369
-679
-1330
-1442
-981
-168
-151
365
44
402
1480
1029
956
861
1113
1217
1991
2285
2647
3526
3369
3122
2704
2061
2419
3224
3211
3226
2998
2294
2030
2320
1653
1120
853
115
-610
-944
-1818
-2447
-2419
-2371
-2284
-2633
-2752
-3059
-2920
-2775
-3009
-2994
-2783
-2410
-1968
-1778
-1970
-1792
-1289
-1190
-816
-878
-1284
-1037
-720
-494
-244
-160
-271
-6
-118
-372
-456
-559
-236
-171
-94
-293
752
1717
1526
1887
1427
1082
1487
2047
2285
2892
3650
3170
3292
2780
2417
3077
3530
3844
3781
3099
2273
1975
1789
1539
1244
1138
316
-351
-1025
-1895
-2284
-2317
-2163
-2167
-2573
-3244
-3526
-3482
-3008
-2919
-2696
-2438
-2437
-2557
-2593
-2719
-2380
-1506
-1148
-981
-1201
-1636
-1654
-1202
-829
-484
-404
-263
-681
-747
-861
-885
-76
136
108
-332
644
1301
1244
1925
1540
1463
1528
1763
2064
2749
3385
3036
3477
2955
2364
3031
3425
3460
3872
3482
2512
2293
2140
1504
1311
1361
404
-60
-617
-1670
-1928
-2094
-2221
-2019
-2327
-2949
-3129
-3056
-3189
-2952
-2542
-2564
-2204
-2106
-2338
-2378
-2132
-1683
-1220
-1126
-1321
-1477
-1333
-963
-583
-379
-558
-486
-505
-578
-625
-457
-186
-37
-38
-474
833
1497
1395
1703
1505
1045
1067
1443
1539
2594
3234
2807
2789
2458
1944
2756
3442
3157
3142
2602
1626
1580
1778
1243
1147
984
-3
-815
-1176
-1864
-2055
-1672
-1859
-2213
-2549
-3028
-3007
-2461
-2428
-2437
-1999
-2059
-2122
-1848
-1910
-1774
-1195
-639
-702
-955
-1145
-1228
-729
-84
62
-46
-283
-435
-236
-153
-147
259
351
316
19
952
1822
1822
2294
1799
1811
1403
1732
1713
2453
3175
2774
2672
2254
1968
2358
3248
3058
2789
2105
1477
1064
1140
854
304
343
-526
-1271
-1727
-2300
-2667
-2450
-2526
-3028
-3120
-3453
-3573
-2866
-2796
-2977
-2818
-2619
-2333
-1969
-1780
-1808
-1331
-1129
-953
-784
-1007
-1066
-530
-169
51
34
-133
-87
168
459
315
167
349
490
384
377
1791
2583
2171
2435
1870
1895
2039
2337
2636
3272
3600
2934
2947
2563
2567
3398
3753
3327
2842
1965
1331
1561
1749
1122
675
128
-1076
-1542
-1738
-2405
-2377
-2279
-2885
-3449
-3831
-4028
-3539
-2686
-2996
-3144
-3287
-3369
-2820
-2365
-2199
-2008
-1717
-1641
-1460
-1577
-1805
-1552
-905
-676
-530
-665
-771
-465
-131
207
-20
-87
28
247
226
1567
2628
2084
2210
2244
1934
2182
2653
2972
3501
3974
3438
3097
3177
3044
3798
4447
3887
3148
2718
2046
1927
2348
1736
984
856
-120
-1207
-1332
-1735
-2213
-2063
-2317
-3226
-3557
-3684
-3588
-2829
-2838
-3428
-3369
-3277
-3002
-2283
-1921
-2118
-1900
-1648
-1823
-1707
-1607
-1725
-1242
-856
-950
-1118
-1122
-885
-654
-361
-533
-653
-638
-329
-316
421
2051
1862
1685
1430
1387
1764
2189
2693
2825
3470
3186
3030
3133
3040
3434
4167
3991
3190
2632
2232
2319
2610
2538
1449
724
80
-635
-872
-982
-1465
-2081
-2200
-2606
-3031
-3213
-3218
-2714
-2313
-2763
-3175
-3190
-2735
-2124
-1643
-1684
-1986
-1781
-1545
-1263
-1105
-1200
-1401
-1128
-827
-780
-755
-595
-638
-435
-386
-742
-742
-644
-322
-91
1706
1870
1050
1126
1186
1663
1927
2483
2469
3006
3093
2736
3006
2945
3021
3773
3963
3239
2516
2279
2247
2459
2515
1463
598
187
-382
-628
-785
-1425
-2207
-2589
-2508
-3094
-3234
-3060
-3082
-2546
-3010
-3584
-3344
-2629
-2127
-1764
-1688
-2304
-2128
-1318
-988
-691
-939
-1391
-1239
-866
-595
-630
-262
-113
-201
-212
-660
-701
-215
-86
5
1356
1818
1284
1329
1409
1744
2163
2438
2177
2824
3163
2916
3358
3239
3084
3557
3993
3483
2971
2683
2411
2526
2636
1600
748
384
-152
-389
-551
-1240
-2119
-2277
-2298
-2620
-2828
-3277
-3371
-2858
-2981
-3407
-3317
-2874
-2459
-1981
-2208
-2740
-2550
-1885
-1327
-847
-1195
-1920
-1782
-1217
-726
-655
-555
-609
-557
-463
-666
-736
-653
-190
-239
554
1847
1259
1133
1347
1589
1839
2093
2132
2294
3322
3046
2904
3144
2732
3201
3916
3688
2910
2464
2237
2256
2643
2056
860
441
136
-247
-343
-900
-1620
-2198
-2201
-2403
-2781
-2739
-3007
-2657
-2346
-2950
-3222
-2752
-1982
-1679
-1514
-1994
-2437
-1683
-1075
-761
-538
-1137
-1361
-851
-378
-390
-331
-279
-518
-148
-249
-530
-524
-36
-63
635
1715
1601
1274
1533
1711
1878
2199
2037
2423
2894
2996
2751
2818
2506
2850
3478
3231
2692
2030
1919
1868
2123
1645
690
-28
-335
-701
-968
-1467
-2175
-2523
-2678
-2766
-3190
-3230
-3205
-2914
-2804
-3053
-3280
-2960
-2270
-1782
-1791
-2088
-2161
-1715
-957
-690
-688
-988
-1134
-804
-259
-23
-105
-5
66
45
-21
-73
-10
315
541
295
1570
2175
1896
2101
2023
2144
2215
2487
2488
3225
3610
3191
3402
3141
2881
3421
3742
3301
2706
2232
1922
1896
1945
964
123
-294
-985
-1364
-1562
-2134
-2820
-3170
-3227
-3451
-3658
-3726
-3814
-3244
-3407
-3701
-3560
-3131
-2688
-2354
-2280
-2519
-2237
-1679
-1272
-1000
-1014
-1464
-1192
-750
-421
-383
-255
-161
-251
87
31
129
326
690
368
950
2295
2271
2216
2102
2297
2504
2827
2888
3241
3892
3691
3651
3720
3496
3657
4150
4032
3450
2798
2489
2383
2600
2143
1043
298
-314
-884
-1222
-1476
-2144
-2751
-2963
-3302
-3682
-3604
-3905
-3704
-3516
-3842
-3836
-3569
-3073
-2771
-2461
-2674
-2831
-2316
-1809
-1337
-1204
-1563
-1748
-1403
-1009
-607
-487
-316
-330
-269
-192
-327
-150
33
245
323
1848
2332
1901
2016
1900
2334
2633
2841
2903
3594
3901
3660
3864
3590
3450
4138
4299
3722
3120
2676
2567
2662
2662
1567
653
306
-412
-623
-928
-1767
-2437
-2741
-2824
-3303
-3379
-3462
-3539
-3147
-3571
-3862
-3681
-3242
-2675
-2435
-2480
-2855
-2618
-2037
-1749
-1300
-1571
-1963
-1664
-1271
-881
-868
-769
-777
-744
-454
-524
-467
-281
-66
-156
919
1938
1635
1582
1656
2049
2329
2543
2441
3036
3644
3447
3599
3634
3491
3831
4368
4107
3387
2881
2631
2866
3008
2161
1207
667
188
-327
-564
-1127
-1872
-2300
-2544
-2833
-3230
-3480
-3485
-3024
-2985
-3359
-3538
-3285
-2835
-2534
-2441
-2560
-2489
-2094
-1659
-1286
-1343
-1781
-1796
-1439
-1001
-937
-988
-763
-534
-348
-473
-581
-466
-252
-184
600
1915
2110
1595
1314
1757
2298
2482
2567
2914
3487
3446
3186
3346
3426
3684
3998
4150
3659
2866
2580
2645
2937
2314
1170
383
-14
-538
-836
-1023
-1607
-2423
-2683
-2720
-2891
-3141
-3494
-3189
-2870
-3239
-3633
-3457
-2808
-2384
-2395
-2476
-2554
-2319
-1857
-1245
-1176
-1607
-1836
-1519
-950
-692
-731
-656
-627
-488
-339
-370
-437
-341
-133
97
1447
2172
1873
1411
1696
2152
2314
2477
2585
3275
3572
3368
3048
3145
3339
3721
4120
3815
2995
2364
2276
2702
2709
1797
835
206
-173
-650
-976
-1327
-1912
-2441
-2638
-2788
-3036
-3414
-3446
-2854
-2649
-3072
-3538
-3175
-2715
-2409
-2450
-2523
-2340
-2002
-1618
-1329
-1187
-1408
-1447
-1180
-826
-764
-685
-540
-218
85
-58
-382
-537
-155
131
731
1710
2154
1828
1456
1628
2004
2227
2380
2762
3346
3500
3019
2652
2734
3192
3552
3531
3218
2782
2398
2305
2430
2205
1629
946
427
-112
-522
-947
-1267
-1504
-1704
-2049
-2499
-2963
-3253
-3028
-2648
-2598
-3002
-3282
-3103
-2828
-2538
-2395
-2258
-2080
-1916
-1696
-1663
-1701
-1591
-1345
-1109
-1084
-1043
-933
-659
-227
-102
-212
-319
-225
-11
221
381
874
1457
1702
1606
1513
1542
1643
1818
1974
2481
2907
2817
2641
2552
2782
3033
3095
3161
3064
2832
2450
2185
2052
1994
1750
1216
751
272
-246
-652
-904
-1081
-1267
-1655
-2160
-2455
-2500
-2319
-2410
-2566
-2548
-2560
-2489
-2366
-2165
-2085
-2100
-2046
-1784
-1633
-1719
-1620
-1404
-1255
-1118
-988
-814
-751
-731
-530
-569
-603
-420
-79
55
45
11
-25
297
682
1111
1488
1599
1288
1143
1238
1419
1594
1729
2028
2434
2604
2380
2062
1990
2291
2519
2359
2168
2163
2174
2059
1631
1138
713
514
482
266
17
-530
-929
-1121
-1133
-1237
-1636
-1915
-1974
-1925
-1717
-1663
-1695
-1676
-1641
-1590
-1609
-1796
-1977
-1589
-1067
-860
-888
-1133
-1234
-949
-994
-1285
-1261
-748
-82
153
-87
-369
-119
-315
-523
-138
264
525
401
262
612
1194
1205
820
779
959
1138
1065
965
1148
1606
1905
1704
1419
1172
1241
1665
1891
1806
1544
1392
1280
1069
758
548
363
235
240
238
-58
-642
-1188
-1505
-1424
-1142
-1070
-1134
-1301
-1381
-1313
-1293
-1387
-1449
-1394
-1301
-1144
-1050
-950
-906
-673
-514
-492
-870
-921
-706
-468
-342
-204
-73
-236
42
268
195
-130
33
312
539
572
499
721
834
478
145
490
769
826
797
825
842
685
298
168
556
922
975
864
931
1001
908
632
338
236
408
753
906
705
476
208
14
-171
-308
-320
-278
-342
-538
-665
-802
-898
-968
-951
-884
-730
-613
-574
-544
-651
-749
-818
-648
-275
-33
-103
-486
-170
128
12
-111
-27
358
390
376
-30
-52
446
556
388
125
159
273
280
24
-211
76
443
346
-209
-503
-167
10
-296
-682
-448
104
292
57
-186
-242
-262
-146
-108
-48
46
153
369
232
15
-30
232
266
251
325
430
590
456
194
-58
-44
-69
-29
184
262
111
16
-30
-58
-74
37
218
370
378
153
193
299
290
278
313
466
423
533
446
105
-46
121
117
19
-211
-241
-26
-246
-786
-1166
-967
-695
-294
-421
-829
-620
-347
-611
-1337
-1194
-886
-635
-613
-804
-725
-579
-613
-930
-940
-748
-236
285
310
94
-40
33
74
157
150
417
836
1133
1060
857
706
668
835
967
1243
1434
1545
1563
1479
1163
838
700
842
943
887
700
726
921
875
723
582
373
412
431
275
68
145
98
-353
-557
-694
-312
-110
-708
-1098
-1107
-1242
-1512
-1631
-1873
-1859
-1689
-1644
-1724
-1445
-1095
-1242
-1517
-1916
-1982
-1633
-1194
-1073
-889
-621
-358
-247
-630
-835
-591
-135
46
283
587
612
600
564
624
781
1155
1605
1856
1933
1746
1430
1240
1313
1463
1679
1842
2037
2174
2114
1825
1691
1681
1553
1500
1521
1621
1381
965
613
368
107
22
-28
-103
-10
-97
-580
-969
-1219
-1324
-1196
-1318
-1557
-1820
-1631
-1594
-1706
-1981
-2169
-2066
-2096
-2150
-2528
-2407
-1839
-1442
-1593
-1482
-1387
-1493
-1368
-1285
-1329
-1103
-383
260
361
-227
-608
-287
235
437
453
793
1419
1702
1505
1073
1035
1147
1372
1639
1757
2099
2257
2496
2291
1845
1270
1238
1706
2034
2145
2024
2112
1891
1373
777
318
349
827
950
674
363
176
-70
-498
-1067
-1424
-1346
-908
-808
-1148
-1275
-1312
-1678
-2449
-2661
-2367
-2021
-1948
-1770
-1537
-1455
-1368
-1667
-1824
-1971
-1644
-1028
-602
-723
-817
-441
-438
-506
-796
-776
-241
227
443
546
855
1014
1323
1196
558
633
973
1048
1448
1656
1636
1688
1642
1155
917
1203
1409
1759
1902
1747
1766
1665
1212
846
685
623
743
990
937
808
592
162
-290
-691
-750
-534
-216
-69
-334
-696
-962
-1279
-1652
-1927
-1839
-1339
-943
-878
-1074
-1319
-1533
-1584
-1696
-1740
-1251
-596
-513
-498
-535
-823
-996
-934
-754
-407
77
353
486
355
117
-341
-345
-68
280
705
1120
1026
668
742
567
109
267
769
1095
1593
1418
868
808
817
562
261
139
459
1092
932
452
453
565
299
99
-107
218
613
156
-274
-198
-211
-195
-37
-172
-171
-18
-107
-342
-271
-367
-404
-217
-166
-417
-653
-631
-779
-774
-610
-406
-201
-51
-262
-575
-880
-837
-374
62
115
-105
64
216
193
-308
-799
-215
484
773
412
153
304
291
127
-482
-324
130
409
581
352
74
0
-1
-318
-377
-43
11
113
99
-276
-427
-365
-650
-580
-253
36
49
331
622
396
216
-103
-91
248
449
466
638
981
976
746
525
239
204
287
605
811
790
772
582
117
-289
-511
-469
-145
141
260
91
-48
-86
-228
-387
-440
-278
-139
-153
-83
-20
-155
-170
-193
-12
-96
-197
-391
-488
-261
-517
-616
-753
-739
-759
-750
-845
-1182
-1091
-819
-753
-692
-843
-1347
-1091
-506
-457
-823
-484
-133
160
273
120
423
911
1112
880
767
797
909
1096
1189
1402
1617
1561
1483
1334
1035
815
838
995
1099
1135
1160
1080
656
190
-131
-199
-184
-108
-31
-28
-57
-92
-184
-423
-682
-649
-594
-632
-696
-548
-368
-424
-520
-691
-782
-1109
-1329
-1344
-1287
-1200
-1114
-1302
-1291
-1191
-1371
-1641
-1616
-1597
-1561
-1131
-756
-439
-378
-750
-860
-593
-442
-315
307
1146
1788
1948
1715
1386
1228
1032
1079
1439
1986
2537
2853
2837
2385
1728
1288
1137
1194
1315
1629
1965
2163
1730
886
177
-254
-361
-380
-367
-316
-112
-15
-211
-607
-961
-1027
-969
-865
-840
-968
-899
-727
-594
-894
-1207
-1515
-1778
-1864
-1904
-1794
-1641
-1466
-1419
-1690
-2000
-2294
-2271
-1960
-1684
-1332
-1251
-1075
-955
-907
-931
-911
-408
458
1311
1767
1528
1369
1395
1441
1539
1519
1991
2571
3223
3301
2898
2544
2283
2221
2051
1921
1883
1956
2071
1910
1323
621
93
-185
-350
-475
-557
-629
-561
-572
-818
-1150
-1359
-1299
-1144
-1133
-1007
-909
-799
-853
-1063
-1420
-1694
-1647
-1596
-1601
-1744
-1781
-1877
-1852
-2068
-2396
-2701
-2780
-2709
-2346
-1925
-1471
-1051
-826
-940
-1296
-1264
-753
410
1430
2151
2431
2707
2728
2430
1926
1576
1955
2813
3610
3867
3885
3739
3467
2839
2003
1332
1322
1567
1804
1748
1369
889
277
-215
-906
-1295
-1520
-1371
-964
-728
-662
-814
-1030
-1152
-1233
-1195
-1003
-791
-545
-438
-489
-805
-1176
-1471
-1572
-1677
-1883
-2036
-2052
-2060
-2129
-2329
-2541
-2481
-2400
-2304
-2278
-2193
-2254
-2101
-1458
-354
863
1640
1977
1942
1951
1777
1691
1588
1999
2802
3731
4144
3870
3298
2773
2488
1998
1524
1285
1551
1915
1892
1217
386
-252
-579
-937
-1383
-1624
-1543
-1181
-878
-728
-742
-780
-700
-624
-675
-725
-561
-223
87
124
-124
-446
-645
-783
-982
-1338
-1661
-1891
-1948
-2055
-2243
-2354
-2366
-2378
-2332
-2386
-2445
-2601
-2307
-1475
-111
1013
1755
1990
1982
1935
1852
1794
1642
2128
2845
3542
3529
3226
2753
2488
2143
1527
881
560
592
471
307
-129
-482
-781
-967
-1308
-1678
-1998
-1971
-1699
-1320
-840
-405
76
375
516
338
300
230
159
147
125
85
39
82
-18
-297
-683
-1191
-1725
-2124
-2438
-2489
-2301
-2002
-1719
-1716
-1734
-1901
-1998
-1555
-523
839
1783
2494
2777
3108
3148
2815
2357
2216
2673
3144
3166
2868
2656
2468
2237
1417
550
-237
-413
-420
-800
-1288
-1545
-1603
-1650
-1918
-2271
-2396
-2200
-1945
-1832
-1409
-985
-264
309
694
932
1100
1201
1022
691
267
-60
-305
-431
-516
-456
-469
-690
-1154
-1820
-2353
-2711
-2873
-2926
-2729
-2276
-1733
-1521
-1562
-1118
-95
1379
2205
2676
2984
3447
3892
3637
3331
3110
3493
3622
3348
2862
2572
2297
1832
1004
118
-360
-653
-838
-1430
-1786
-2108
-2261
-2562
-2726
-2607
-2268
-1984
-1985
-1878
-1441
-855
-484
-12
413
1058
1400
1437
1147
788
515
-1
-612
-1054
-1109
-981
-1070
-1455
-1815
-2120
-2355
-2778
-3127
-3092
-2891
-2417
-2245
-1903
-1654
-863
247
1542
2560
3168
3672
3972
4313
3959
3721
3598
3967
4065
3709
3089
2627
2282
1750
866
8
-432
-683
-905
-1425
-1710
-1903
-2058
-2286
-2359
-2149
-1759
-1570
-1516
-1302
-812
-338
-119
298
846
1438
1628
1620
1427
1160
688
-122
-876
-1278
-1357
-1460
-1700
-1945
-2127
-2453
-2766
-3187
-3301
-3183
-3020
-2942
-2683
-2166
-1748
-798
337
1898
2807
3640
3979
4162
4242
3703
3371
3035
3387
3360
3039
2624
2149
1726
1033
117
-586
-1066
-1329
-1607
-1767
-1625
-1578
-1679
-1735
-1648
-1321
-1122
-1083
-897
-611
-46
291
727
1262
1887
2361
2355
2236
1812
1402
728
-205
-990
-1492
-1788
-1913
-1938
-1996
-2175
-2454
-2731
-2939
-3197
-3302
-3407
-3066
-2682
-2157
-1864
-1158
156
1516
2673
3064
3759
3793
3972
3294
2749
2519
2327
2260
1639
1478
1096
640
86
-663
-1031
-1497
-1809
-2108
-2232
-1981
-1990
-1783
-1613
-1180
-836
-534
-293
-60
328
480
883
1173
1781
2147
2603
2937
2838
2613
1926
1310
373
-479
-1132
-1598
-1659
-1739
-1747
-1800
-1751
-1722
-1898
-2114
-2283
-2302
-2222
-1974
-1735
-1368
-1064
-51
990
2423
3098
3563
3959
4125
4046
3078
2402
1761
1570
1155
601
156
-158
-235
-567
-1021
-1569
-1972
-2210
-2410
-2338
-2255
-2112
-1941
-1548
-988
-543
-178
-146
116
374
530
671
811
1309
1684
2114
2155
2098
1951
1642
1034
38
-830
-1491
-1820
-2008
-1998
-1875
-1684
-1464
-1373
-1383
-1456
-1533
-1646
-1597
-1448
-1270
-1251
-942
202
1514
2801
3274
3916
4275
4317
3621
2495
1800
1415
1139
473
41
-303
-437
-646
-861
-1124
-1378
-1674
-1919
-1930
-1986
-2165
-2300
-2146
-1640
-994
-564
-239
-117
74
242
225
189
313
770
1224
1416
1454
1470
1560
1420
763
-4
-675
-1088
-1565
-1799
-1901
-1725
-1492
-1228
-912
-727
-653
-805
-933
-857
-925
-949
-1178
-864
221
1360
2531
3032
3926
4411
4487
3792
2746
2085
1573
941
176
-338
-513
-550
-514
-521
-617
-746
-1030
-1129
-1289
-1428
-1890
-2232
-2194
-1821
-1377
-1041
-761
-450
-86
145
93
-123
-14
259
537
740
822
962
1074
947
593
79
-356
-817
-1182
-1291
-1425
-1460
-1368
-998
-679
-621
-654
-633
-531
-436
-624
-737
-936
-879
-15
763
2019
2520
3501
4126
4463
4095
3192
2718
2107
1501
561
-26
-244
-222
-202
-294
-422
-432
-507
-400
-623
-947
-1548
-2079
-2234
-2086
-1953
-1844
-1588
-1211
-753
-518
-422
-464
-289
-142
28
155
250
416
485
524
314
-104
-480
-791
-992
-1147
-1390
-1471
-1302
-995
-929
-973
-1035
-925
-836
-772
-757
-874
-833
-1024
-586
37
908
1678
2423
3421
4007
4211
3849
3467
3091
2520
1663
833
423
334
187
88
-36
113
217
119
-42
-435
-878
-1435
-1812
-1853
-1932
-1931
-1928
-1692
-1273
-1079
-875
-814
-389
-23
147
260
265
457
550
533
340
98
-90
-313
-499
-705
-975
-1194
-1266
-1222
-1263
-1463
-1510
-1484
-1318
-1311
-1287
-1419
-1414
-1436
-1368
-615
194
1235
1909
2848
3712
4142
4098
3803
3575
3346
2750
1960
1402
1212
952
698
563
377
525
373
209
-141
-501
-953
-1458
-1698
-1877
-1948
-2038
-1926
-1720
-1494
-1307
-1049
-680
-173
187
487
737
925
997
865
679
354
76
-233
-468
-680
-800
-970
-1136
-1298
-1368
-1564
-1808
-1967
-2007
-2049
-2120
-2128
-2230
-2037
-1992
-1737
-919
17
1030
1814
2805
3715
4087
4094
3801
3696
3419
2980
2414
1890
1688
1206
946
661
510
320
-15
-137
-299
-457
-980
-1382
-1600
-1734
-1882
-2149
-2266
-2084
-1838
-1531
-1244
-782
-86
373
907
1143
1346
1389
1379
1268
983
611
153
-123
-347
-648
-969
-1273
-1502
-1677
-1851
-2007
-2168
-2313
-2339
-2320
-2358
-2442
-2312
-2020
-1731
-861
-128
900
1595
2432
3384
3878
4195
3936
3963
3782
3460
2820
2121
1919
1482
1074
607
145
-18
-352
-433
-607
-754
-1052
-1382
-1495
-1804
-2039
-2443
-2471
-2275
-1999
-1701
-1343
-668
-14
511
942
1346
1627
1765
1713
1583
1287
862
328
-156
-607
-1041
-1410
-1616
-1664
-1713
-1824
-2036
-2088
-2180
-2295
-2396
-2468
-2193
-2051
-1757
-1683
-1191
-279
560
1645
2313
3510
4190
4651
4620
4386
4293
3810
3378
2660
2177
1698
1040
591
124
-65
-213
-414
-392
-556
-656
-1175
-1494
-1814
-2089
-2323
-2464
-2333
-2201
-1981
-1632
-1003
-441
92
586
1127
1497
1736
1672
1554
1203
713
181
-337
-752
-1199
-1621
-1977
-2114
-2197
-2239
-2291
-2299
-2340
-2339
-2367
-2272
-2194
-2019
-1883
-1571
-1335
-754
111
890
1935
2623
3686
4316
4751
4623
4443
4383
3908
3380
2442
1778
1278
664
303
-127
-218
-276
-359
-431
-615
-841
-1236
-1325
-1517
-1818
-2126
-2365
-2218
-2012
-1798
-1463
-969
-359
202
593
923
1211
1404
1413
1352
1051
592
62
-607
-1030
-1551
-1922
-2146
-2146
-2067
-2070
-2104
-2053
-1905
-1855
-1822
-1716
-1564
-1339
-1158
-931
-719
-451
269
915
1794
2417
3333
4034
4427
4576
4376
4350
3871
3336
2560
1865
1413
762
399
79
-121
-197
-430
-398
-488
-496
-774
-1013
-1198
-1433
-1574
-1772
-1861
-1939
-1977
-1828
-1536
-1065
-621
-192
286
710
1048
1047
1024
745
347
-152
-696
-1148
-1618
-1971
-2249
-2403
-2346
-2220
-2033
-1866
-1647
-1494
-1437
-1241
-1150
-1005
-929
-928
-782
-800
-400
127
817
1569
2324
3316
3943
4353
4305
4314
4194
3744
3160
2425
2000
1468
853
304
-116
-260
-418
-403
-357
-244
-199
-276
-236
-442
-860
-1294
-1610
-1802
-2013
-2144
-2088
-1774
-1431
-1035
-656
-177
278
500
677
657
525
179
-180
-565
-1021
-1507
-1902
-1977
-1949
-1976
-1929
-1746
-1449
-1189
-1045
-871
-700
-564
-540
-535
-523
-584
-671
-713
-133
445
1077
1605
2468
3356
3933
4131
4154
4354
4208
3704
2963
2269
1722
1057
503
132
-94
-131
-142
52
153
115
-82
-308
-440
-806
-1269
-1706
-2037
-2263
-2507
-2572
-2494
-2151
-1869
-1497
-1060
-606
-185
113
435
501
418
162
-142
-471
-918
-1377
-1716
-1846
-1853
-1799
-1642
-1452
-1144
-897
-765
-573
-459
-335
-434
-463
-587
-704
-918
-867
-398
120
845
1531
2542
3339
3853
4055
4231
4367
4191
3736
3184
2639
2101
1457
884
540
283
205
113
122
127
10
-173
-417
-579
-970
-1341
-1618
-1948
-2287
-2671
-2810
-2832
-2684
-2443
-2038
-1500
-921
-336
138
597
782
837
663
319
-165
-651
-1083
-1466
-1707
-1898
-1906
-1758
-1548
-1300
-1102
-817
-573
-513
-456
-593
-660
-812
-863
-918
-875
-383
179
918
1565
2318
3029
3499
3890
4099
4305
4317
4150
3830
3293
2744
2050
1455
1010
527
194
-118
-167
-238
-301
-407
-482
-550
-839
-1296
-1670
-2007
-2425
-2853
-3127
-3234
-3133
-2872
-2481
-1884
-1323
-718
-144
437
756
933
848
638
295
-175
-640
-1079
-1394
-1644
-1765
-1715
-1543
-1457
-1262
-1008
-727
-600
-512
-492
-438
-400
-437
-450
-439
-441
-175
274
810
1445
2061
2886
3512
4060
4270
4467
4473
4230
3868
3249
2689
1989
1278
737
306
49
-188
-172
-251
-336
-486
-658
-781
-1146
-1508
-1861
-2109
-2387
-2731
-2912
-2955
-2866
-2654
-2362
-1802
-1295
-721
-217
309
662
751
772
646
407
-64
-553
-901
-1291
-1642
-1975
-2046
-2039
-1901
-1670
-1373
-991
-756
-575
-426
-325
-242
-302
-336
-343
-314
-245
95
645
1168
1788
2335
3050
3534
3914
4036
4159
4213
4028
3685
3175
2777
2220
1567
993
493
86
-250
-539
-693
-806
-862
-986
-992
-1166
-1389
-1578
-1764
-2020
-2362
-2559
-2708
-2627
-2510
-2355
-2024
-1656
-1015
-471
41
395
616
721
654
483
119
-290
-713
-1118
-1425
-1668
-1831
-1810
-1692
-1431
-1196
-844
-532
-293
-83
97
386
478
492
417
360
218
160
360
589
1045
1569
2161
2782
3268
3628
3883
4125
4157
3937
3576
3030
2477
1691
929
231
-340
-755
-1068
-1200
-1275
-1326
-1334
-1330
-1222
-1299
-1349
-1526
-1809
-2165
-2484
-2669
-2797
-2752
-2647
-2358
-1916
-1364
-746
-235
187
540
768
912
866
672
275
-121
-523
-948
-1274
-1482
-1463
-1304
-1110
-831
-533
-186
98
294
353
339
291
139
-10
-132
-259
-310
-203
70
428
895
1467
2138
2816
3242
3607
3831
4037
3914
3620
3190
2672
2093
1375
743
108
-365
-820
-1022
-1150
-1267
-1310
-1336
-1246
-1258
-1356
-1510
-1596
-1737
-2003
-2240
-2460
-2522
-2497
-2400
-2161
-1763
-1279
-787
-227
247
597
771
925
988
903
643
362
97
-234
-580
-816
-993
-1103
-1160
-1115
-980
-779
-567
-344
-133
4
57
54
-10
-115
-169
-153
-50
122
418
796
1164
1573
1949
2398
2795
3079
3206
3228
3263
3008
2642
2199
1716
1234
632
245
-56
-348
-627
-887
-975
-1125
-1243
-1366
-1393
-1368
-1444
-1499
-1544
-1607
-1750
-1845
-1838
-1823
-1740
-1649
-1391
-1079
-756
-354
38
466
757
940
1000
998
842
602
384
109
-205
-510
-730
-843
-981
-1104
-1115
-1069
-993
-887
-753
-592
-414
-304
-187
-29
48
82
95
177
277
260
454
703
1051
1386
1758
2140
2462
2732
2834
2914
2788
2538
2241
1896
1509
1005
543
93
-324
-673
-968
-1027
-1085
-1144
-1128
-1096
-1038
-1136
-1154
-1179
-1180
-1256
-1392
-1407
-1370
-1352
-1340
-1138
-771
-381
-13
397
742
937
950
962
928
742
422
149
-137
-503
-901
-1198
-1320
-1394
-1446
-1458
-1339
-1220
-1113
-1029
-878
-705
-582
-502
-416
-376
-347
-364
-253
-32
173
359
611
938
1231
1428
1602
1801
2058
2173
2240
2228
2163
1994
1705
1466
1191
967
659
360
85
-108
-327
-521
-524
-507
-528
-540
-523
-463
-422
-388
-353
-284
-239
-245
-211
-163
-121
-135
-166
-74
42
180
258
351
441
429
378
193
23
-256
-484
-757
-1025
-1314
-1552
-1767
-1903
-1950
-1898
-1786
-1684
-1544
-1389
-1191
-1037
-840
-626
-455
-302
-160
-54
26
126
230
330
435
589
762
992
1167
1354
1513
1709
1843
1924
2019
2044
2050
1914
1699
1497
1329
1053
830
634
507
385
304
298
253
229
164
217
217
220
188
107
8
-132
-247
-401
-495
-619
-720
-820
-876
-858
-833
-827
-813
-704
-633
-593
-570
-587
-723
-862
-1076
-1289
-1518
-1728
-1848
-1948
-1944
-1892
-1801
-1649
-1449
-1190
-895
-619
-355
-173
35
122
180
229
236
301
325
409
422
547
673
794
940
1159
1426
1634
1859
2053
2222
2310
2269
2178
2075
1931
1726
1487
1290
1082
878
715
594
532
476
451
413
345
280
173
71
-97
-305
-511
-661
-848
-1011
-1154
-1206
-1195
-1186
-1115
-996
-830
-711
-641
-619
-574
-644
-745
-897
-1060
-1179
-1419
-1627
-1759
-1806
-1867
-1820
-1647
-1420
-1180
-929
-636
-392
-242
-149
-56
14
126
169
232
271
355
398
511
617
764
880
1024
1160
1260
1415
1504
1633
1701
1765
1749
1733
1679
1645
1596
1516
1457
1345
1215
1086
920
727
583
464
309
204
111
39
-71
-148
-257
-313
-422
-540
-623
-736
-869
-1026
-1126
-1214
-1274
-1333
-1336
-1321
-1329
-1364
-1293
-1170
-1052
-957
-798
-656
-536
-518
-540
-516
-545
-601
-705
-706
-719
-712
-653
-588
-422
-253
-126
53
222
356
423
464
410
406
361
282
254
281
358
398
418
439
517
594
756
876
1023
1119
1153
1164
1154
1142
1082
986
920
897
899
841
759
658
587
489
409
380
337
245
82
-37
-210
-394
-569
-707
-818
-898
-983
-1050
-1070
-1037
-1040
-914
-814
-666
-584
-498
-397
-310
-181
-125
-24
37
49
43
5
-32
-94
-157
-219
-280
-314
-380
-431
-465
-462
-435
-446
-469
-423
-324
-170
-72
31
81
141
110
83
98
152
171
179
194
227
251
239
276
384
509
528
619
652
721
694
696
676
676
635
599
551
488
415
309
258
240
272
287
326
330
347
339
349
317
274
264
191
96
70
0
-29
-106
-139
-224
-212
-233
-283
-288
-344
-359
-441
-486
-514
-512
-544
-551
-560
-602
-657
-708
-717
-730
-740
-784
-827
-898
-893
-904
-882
-853
-727
-618
-547
-514
-477
-446
-366
-308
-217
-121
-84
-32
-22
22
4
27
14
54
74
150
226
325
443
591
793
903
974
1016
1096
1137
1181
1168
1191
1231
1256
1347
1364
1404
1358
1284
1195
1029
877
730
591
459
316
149
84
9
-148
-256
-352
-416
-507
-592
-662
-724
-751
-805
-794
-766
-726
-714
-730
-668
-618
-658
-670
-661
-662
-709
-747
-814
-841
-866
-868
-866
-801
-755
-770
-707
-651
-551
-521
-480
-469
-342
-280
-215
-174
-83
-16
61
176
274
396
430
485
578
684
774
843
888
978
1030
1075
1069
1084
1059
1034
931
893
871
830
798
766
791
721
668
598
572
525
430
261
132
3
-162
-264
-330
-316
-368
-428
-511
-592
-693
-783
-834
-807
-794
-774
-795
-779
-783
-850
-880
-852
-777
-733
-655
-568
-442
-411
-390
-328
-247
-185
-193
-225
-229
-274
-341
-366
-344
-292
-239
-82
47
169
251
313
410
438
488
476
483
449
410
366
318
306
300
285
322
368
396
418
409
408
380
396
369
357
337
291
222
145
111
61
48
42
51
96
73
62
34
55
87
119
116
109
71
41
7
6
80
118
105
118
147
164
162
164
137
75
10
-47
-117
-138
-175
-168
-206
-163
-156
-119
-89
-65
-9
-7
4
-43
-90
-199
-262
-367
-419
-447
-432
-419
-367
-345
-302
-262
-241
-216
-184
-153
-155
-187
-233
-297
-344
-440
-509
-561
-562
-579
-552
-497
-408
-309
-265
-173
-128
-96
-123
-91
-54
-11
-12
76
142
280
394
550
702
847
977
1090
1212
1278
1339
1307
1337
1260
1175
1099
992
873
701
579
454
339
221
156
131
102
52
5
-83
-142
-225
-268
-281
-304
-389
-436
-452
-473
-489
-546
-544
-559
-527
-519
-464
-479
-544
-637
-722
-784
-828
-867
-921
-944
-1012
-1059
-1103
-1095
-1083
-988
-963
-887
-813
-752
-689
-654
-585
-485
-376
-257
-153
-23
97
179
280
413
548
659
724
810
925
1044
1095
1171
1228
1244
1185
1115
1077
1003
927
864
806
760
704
701
740
724
751
739
738
718
676
588
523
475
393
290
196
147
116
59
28
33
-30
-90
-132
-177
-215
-289
-355
-425
-518
-643
-777
-862
-934
-976
-997
-998
-1014
-1010
-991
-977
-923
-892
-822
-802
-741
-751
-731
-720
-723
-664
-573
-416
-290
-203
-149
-104
-49
12
49
84
92
123
96
107
126
134
155
205
269
344
422
476
489
510
540
594
618
682
725
782
795
784
777
754
722
726
705
686
689
667
630
566
501
436
409
356
289
217
160
87
42
-10
8
-23
-5
-29
-38
-18
-73
-129
-196
-208
-271
-380
-468
-520
-577
-638
-707
-734
-749
-779
-797
-771
-728
-690
-681
-689
-685
-742
-788
-850
-903
-935
-910
-843
-758
-671
-571
-466
-340
-238
-88
16
61
60
78
69
38
42
50
76
103
172
233
310
382
459
523
628
684
784
803
873
886
882
969
1001
1086
1108
1144
1176
1192
1201
1198
1223
1201
1168
1103
1018
946
789
644
535
412
283
148
4
-141
-282
-400
-487
-540
-603
-657
-689
-715
-788
-830
-828
-847
-866
-883
-896
-889
-960
-1013
-1021
-1046
-1068
-1052
-1015
-1009
-1029
-1015
-1015
-1006
-980
-939
-871
-773
-651
-564
-466
-411
-358
-309
-208
-115
-54
58
132
220
332
446
554
644
756
827
919
968
1023
1077
1086
1099
1134
1129
1146
1116
1059
985
959
905
823
786
752
734
665
589
548
503
441
403
353
290
222
125
42
6
-75
-188
-298
-337
-396
-478
-567
-607
-652
-716
-804
-848
-867
-901
-920
-948
-909
-922
-885
-867
-873
-881
-862
-848
-776
-717
-606
-495
-371
-248
-152
-86
-52
-3
60
116
158
227
271
275
286
332
325
353
413
428
447
480
508
461
404
384
389
368
356
418
440
416
349
364
346
278
246
295
339
306
252
212
172
91
11
22
49
30
-13
-43
-81
-177
-234
-240
-222
-170
-129
-147
-146
-181
-222
-249
-222
-198
-164
-97
-42
-38
-31
-22
1
51
77
117
193
202
186
187
196
218
207
268
301
319
307
305
320
253
237
227
231
220
212
199
146
119
45
-30
-92
-149
-242
-279
-329
-335
-346
-381
-446
-436
-465
-527
-558
-573
-571
-600
-604
-589
-574
-598
-615
-629
-638
-623
-587
-531
-503
-447
-409
-375
-309
-262
-231
-182
-120
-86
-30
38
159
214
302
395
549
603
659
693
731
711
687
686
724
731
716
778
825
872
857
896
877
845
783
737
761
701
612
524
434
346
207
112
99
75
-2
-66
-111
-151
-210
-266
-276
-291
-348
-419
-478
-519
-587
-685
-751
-793
-816
-816
-779
-759
-794
-845
-855
-836
-784
-717
-669
-588
-593
-619
-613
-588
-577
-522
-428
-287
-205
-164
-102
-28
32
100
188
298
387
424
466
487
498
497
546
595
679
701
723
778
806
788
768
776
768
716
642
582
531
491
468
462
450
409
376
346
308
296
197
126
29
19
-38
-118
-151
-223
-274
-344
-392
-397
-387
-351
-329
-269
-262
-270
-288
-307
-358
-424
-494
-544
-597
-605
-562
-477
-396
-353
-292
-289
-258
-222
-176
-126
-71
-42
-78
-130
-179
-170
-191
-159
-136
-99
-28
36
106
154
200
217
236
229
192
155
107
32
-9
-37
-33
-87
-104
-90
-85
-68
-65
-14
14
29
17
-1
-17
-51
-39
-30
3
-3
7
25
69
89
179
248
316
352
356
341
301
294
263
266
225
197
198
254
245
238
213
267
258
256
255
272
250
207
160
145
122
77
68
84
107
107
78
37
45
27
-23
-22
20
49
38
-63
-87
-135
-229
-279
-303
-299
-334
-329
-320
-291
-283
-326
-360
-381
-391
-424
-426
-420
-395
-372
-347
-323
-290
-266
-225
-127
-65
-14
-28
6
8
-3
38
45
45
29
41
46
17
18
36
74
68
72
131
170
201
224
259
255
268
239
247
264
284
300
354
373
375
313
307
308
250
233
243
250
216
146
99
84
47
32
24
38
-7
-53
-136
-161
-187
-239
-261
-280
-292
-305
-337
-326
-316
-326
-296
-237
-235
-250
-222
-201
-203
-253
-207
-207
-225
-233
-212
-153
-117
-112
-77
-37
20
36
43
45
62
2
-41
7
7
38
31
47
81
69
18
44
103
165
202
280
351
349
317
323
297
274
199
173
127
102
51
52
128
154
172
175
196
187
173
175
171
104
95
94
121
120
102
77
53
-7
-30
-50
-36
-42
-53
-12
19
-5
-41
-38
7
-1
0
-50
-115
-198
-264
-282
-245
-188
-146
-93
-98
-94
-168
-149
-124
-112
-110
-95
-70
-59
-81
-120
-132
-127
-158
-173
-143
-88
-76
-60
-57
-22
16
39
55
69
61
-12
-82
-87
-78
-106
-125
-136
-108
-92
-14
16
78
82
92
61
91
114
121
122
108
114
68
77
66
59
49
26
13
2
-14
-2
6
20
-8
-12
-16
-29
-75
-124
-107
-97
-88
-68
-42
-20
-31
-33
22
55
37
51
63
89
102
98
93
41
1
-15
-36
-10
-12
-26
-1
29
46
53
58
76
27
15
-11
-52
-95
-114
-82
-62
3
16
53
53
73
124
186
182
184
179
196
187
159
148
109
64
42
42
41
14
-11
-43
-43
-54
-46
-50
-56
-73
-110
-81
-91
-64
-10
21
52
48
52
35
11
-8
-12
42
66
56
35
28
28
1
-13
-13
8
-26
-59
-51
-48
-96
-116
-105
-110
-74
-67
-58
-19
-16
-28
-58
-9
49
63
54
69
108
87
85
93
132
149
116
95
128
123
98
50
55
43
6
-35
-40
-33
-61
-126
-167
-138
-165
-182
-184
-129
-114
-110
-127
-116
-132
-144
-128
-102
-90
-114
-140
-166
-186
-171
-159
-129
-117
-71
-43
-83
-129
-199
-215
-214
-229
-260
-219
-191
-175
-131
-73
-18
4
15
18
8
35
41
63
87
129
168
183
244
287
296
282
307
318
305
307
289
297
279
252
211
201
234
247
272
271
267
232
190
166
182
205
208
183
184
190
162
108
94
87
55
36
18
-12
-68
-83
-107
-131
-150
-151
-135
-142
-138
-117
-140
-155
-194
-210
-269
-337
-368
-398
-365
-352
-302
-298
-260
-291
-298
-274
-279
-298
-285
-239
-207
-178
-137
-97
-87
-72
-52
-45
-74
-81
-83
-19
6
72
94
149
182
203
227
245
289
323
343
350
379
371
364
375
430
422
436
426
370
314
266
243
239
217
200
207
192
153
96
59
34
-27
-41
-12
8
-7
-74
-127
-165
-141
-171
-198
-202
-229
-280
-331
-344
-328
-294
-333
-317
-278
-298
-354
-424
-395
-408
-407
-356
-296
-266
-296
-337
-341
-333
-257
-242
-190
-136
-134
-129
-115
-81
-61
10
38
88
90
99
96
92
109
141
180
198
199
192
190
173
192
258
272
288
285
254
240
227
211
272
345
388
386
389
363
285
228
219
244
258
258
277
313
299
216
176
153
115
69
55
54
36
41
39
27
-5
-49
-64
-55
-63
-78
-120
-211
-283
-295
-290
-288
-254
-231
-199
-202
-221
-201
-224
-226
-234
-244
-211
-208
-240
-256
-268
-272
-266
-191
-112
-32
-24
-82
-102
-120
-120
-148
-107
-48
-24
-23
-23
-23
-28
-12
8
48
87
83
65
40
52
63
76
108
169
219
251
264
280
278
237
234
233
270
264
276
279
266
206
182
172
193
213
217
165
125
