SAMPLES:	14485
BITSPERSAMPLE:	16
CHANNELS:	1
SAMPLERATE:	16000
NORMALIZED:	FALSE
3
3
3
3
3
4
3
3
2
0
1
1
0
1
2
1
1
0
-1
0
1
-1
0
0
-1
0
0
0
0
0
-1
-2
-2
-2
-4
-4
-3
-4
-3
-2
-2
-3
-3
-3
-3
-3
-2
-2
-1
-2
-3
-4
-2
-2
-2
-1
-2
-3
-2
-1
-2
-1
-2
-1
-1
-4
-5
-4
-3
-3
-1
-2
-2
-1
-1
-2
-1
-3
-2
-1
-3
-2
-3
-4
-3
-3
-2
-2
-2
-2
-3
-2
-4
-2
-1
-2
-2
0
-2
-2
-1
-2
1
0
0
0
2
1
0
2
1
1
3
3
1
2
3
3
3
4
3
2
2
2
4
4
3
4
4
4
4
2
4
6
5
5
5
4
4
3
3
4
4
2
4
3
3
4
2
2
1
1
0
1
2
2
4
4
3
3
3
1
1
1
0
0
-1
-1
1
0
0
-1
-1
-1
0
0
-1
-2
-2
-3
-3
-5
-4
-4
-3
-1
-1
-2
-1
-1
-4
-2
-3
-3
-3
-4
-4
-3
-3
-4
-3
-5
-4
-3
-3
-4
-5
-5
-4
-2
-1
-2
-2
-3
-2
-2
-2
-3
-3
-3
-1
0
-2
0
0
-1
0
0
-1
1
0
-1
2
0
0
1
-1
-2
0
-1
-1
1
0
1
2
0
0
0
-1
-1
-2
-3
1
-1
0
0
-1
-3
-3
-2
-1
0
1
-1
0
0
1
1
1
2
1
2
1
1
2
2
4
5
3
4
4
4
5
5
4
5
5
6
6
6
5
5
6
6
6
6
7
6
5
6
4
3
5
6
4
7
6
5
7
5
1
4
2
0
2
0
-2
0
-2
-1
0
0
-2
-1
-2
-3
-4
-5
-5
-5
-6
-6
-5
-5
-4
-5
-5
-6
-6
-7
-7
-7
-6
-5
-8
-6
-5
-8
-7
-7
-7
-6
-5
-6
-6
-4
-5
-5
-4
-6
-7
-5
-4
-3
-2
-1
-1
-1
-1
-1
0
0
-2
-2
-3
-2
0
-1
0
1
-1
1
2
4
5
5
3
3
2
1
1
2
2
2
3
3
6
6
5
6
6
5
5
6
4
5
4
2
1
0
1
1
3
2
2
3
2
2
1
0
-2
-3
-4
-4
-6
-6
-8
-7
-6
-6
-5
-6
-5
-4
-3
-2
-1
0
0
0
0
3
3
4
7
10
10
10
9
9
11
11
12
15
17
17
20
20
19
17
16
15
16
17
18
17
15
14
13
11
11
8
8
7
6
4
3
1
-2
-3
-7
-9
-11
-13
-13
-14
-17
-19
-22
-23
-24
-26
-27
-28
-28
-28
-27
-27
-28
-27
-28
-27
-28
-30
-28
-29
-28
-26
-23
-24
-20
-16
-15
-12
-11
-9
-6
-2
0
2
6
7
11
14
18
19
22
23
25
26
28
29
31
33
34
35
36
37
36
36
32
33
31
31
33
31
30
27
25
25
21
17
13
8
2
-4
-9
-13
-15
-17
-21
-24
-28
-32
-34
-37
-39
-43
-45
-47
-48
-48
-49
-50
-50
-50
-48
-45
-45
-42
-40
-41
-38
-37
-37
-33
-31
-28
-22
-17
-12
-4
3
6
14
17
22
31
40
49
59
64
69
72
76
78
81
84
88
94
101
110
116
120
119
114
108
100
93
83
74
63
53
40
29
16
5
-10
-24
-32
-46
-55
-64
-77
-88
-97
-106
-112
-112
-116
-118
-119
-121
-121
-126
-130
-131
-136
-141
-137
-132
-133
-122
-114
-109
-97
-86
-78
-65
-56
-54
-45
-38
-33
-23
-15
-10
2
16
31
51
75
102
132
156
164
163
157
145
138
142
150
164
192
218
241
256
251
234
225
218
202
194
178
156
140
121
95
69
45
18
-3
-24
-44
-63
-87
-112
-138
-166
-187
-200
-205
-203
-199
-202
-208
-210
-215
-224
-233
-256
-273
-278
-283
-275
-258
-245
-228
-202
-180
-160
-147
-147
-139
-136
-129
-112
-94
-80
-59
-45
-35
-12
7
25
51
73
100
144
195
236
264
272
267
262
261
263
274
295
328
369
408
431
430
419
399
379
360
331
299
275
254
226
194
142
92
54
9
-17
-38
-69
-95
-120
-155
-185
-213
-251
-269
-269
-279
-287
-293
-311
-318
-334
-350
-371
-396
-412
-408
-399
-386
-363
-346
-324
-295
-277
-254
-249
-253
-233
-211
-186
-152
-128
-104
-66
-34
0
32
56
83
121
155
221
299
365
410
428
427
398
384
389
418
466
527
592
656
687
683
653
607
565
520
474
435
393
349
307
249
187
124
52
-9
-52
-99
-151
-208
-285
-341
-395
-452
-500
-513
-519
-520
-508
-534
-561
-586
-621
-658
-683
-716
-742
-750
-733
-704
-673
-660
-624
-567
-532
-487
-456
-437
-395
-359
-325
-297
-268
-235
-203
-148
-90
-46
-5
68
161
310
489
638
758
808
812
791
745
738
778
829
932
1035
1113
1199
1226
1186
1133
1088
1013
955
890
802
724
631
515
393
278
145
11
-115
-227
-318
-389
-458
-530
-584
-618
-646
-653
-633
-623
-630
-627
-627
-642
-651
-678
-737
-799
-846
-916
-954
-935
-926
-873
-785
-753
-710
-652
-641
-616
-569
-560
-536
-467
-399
-314
-236
-186
-149
-62
27
114
230
355
588
882
1139
1331
1448
1489
1422
1327
1220
1122
1105
1102
1148
1259
1302
1252
1113
973
889
745
614
503
380
307
224
91
-54
-173
-319
-469
-555
-629
-663
-701
-797
-799
-791
-837
-821
-786
-753
-680
-649
-694
-690
-722
-844
-953
-1080
-1197
-1210
-1260
-1224
-1095
-1063
-1018
-946
-884
-797
-734
-765
-710
-609
-532
-432
-322
-221
-117
-50
-9
91
171
266
375
547
908
1279
1564
1744
1832
1822
1689
1571
1466
1390
1396
1394
1403
1480
1475
1424
1249
1022
894
732
547
348
232
146
41
-69
-216
-331
-464
-612
-646
-659
-646
-672
-732
-728
-717
-670
-643
-615
-543
-476
-472
-481
-495
-573
-697
-886
-1105
-1200
-1268
-1357
-1321
-1238
-1133
-1033
-968
-900
-845
-839
-814
-690
-550
-371
-205
-104
4
51
86
144
243
398
563
684
943
1308
1594
1853
1954
1943
1902
1766
1589
1442
1425
1402
1353
1333
1311
1259
1091
822
660
544
378
198
3
-127
-308
-480
-656
-783
-785
-837
-904
-888
-834
-769
-771
-795
-705
-596
-493
-466
-437
-375
-353
-421
-540
-626
-824
-1048
-1286
-1448
-1550
-1600
-1648
-1645
-1591
-1529
-1487
-1467
-1368
-1272
-1121
-918
-657
-368
-128
80
288
475
645
796
952
1112
1323
1464
1727
2254
2669
2889
2902
2760
2523
2174
1685
1205
945
767
582
474
486
441
295
101
-10
-44
-62
-224
-410
-373
-321
-342
-413
-427
-345
-273
-301
-333
-305
-286
-452
-637
-618
-610
-738
-912
-960
-970
-1051
-1283
-1628
-1769
-1864
-2059
-2233
-2197
-2043
-1855
-1620
-1389
-1093
-812
-755
-738
-562
-332
-130
104
439
776
978
1016
990
1011
1058
1008
1013
1122
1204
1495
2178
2827
3221
3299
3056
2620
1993
1253
473
30
-14
57
234
557
771
792
644
441
237
92
-97
-330
-174
131
227
210
163
-30
-329
-669
-1102
-1355
-1484
-1663
-1648
-1311
-1040
-1028
-1107
-1149
-1187
-1359
-1642
-1944
-1964
-1804
-1716
-1592
-1326
-1105
-1032
-988
-927
-947
-1009
-1097
-1081
-763
-321
6
282
593
695
579
394
232
172
270
484
878
1305
1641
2261
3150
3755
3755
3335
2801
2060
1256
467
-67
71
401
638
753
814
591
31
-466
-618
-443
-210
-90
220
702
972
654
86
-258
-660
-990
-1187
-1207
-973
-796
-918
-966
-793
-867
-1281
-1582
-1595
-1431
-1373
-1453
-1402
-1179
-1026
-1210
-1501
-1586
-1605
-1608
-1459
-1124
-874
-800
-810
-769
-574
-339
-218
-18
317
512
542
570
582
643
718
789
1064
1364
1693
2504
3486
3943
3697
3143
2470
1588
750
-127
-445
10
414
637
768
764
390
-160
-399
-343
25
306
476
934
1260
1106
433
-232
-510
-798
-1031
-1138
-944
-662
-699
-991
-1107
-1094
-1334
-1746
-1742
-1418
-1206
-1215
-1342
-1316
-1224
-1426
-1820
-1928
-1729
-1608
-1418
-1120
-821
-754
-964
-1169
-1099
-794
-479
-147
353
719
769
656
560
436
355
396
748
1210
1533
2228
3247
4051
4079
3303
2446
1591
814
20
-372
156
819
1144
1006
579
90
-714
-1129
-908
-54
875
1235
1470
1622
1295
320
-735
-1147
-1124
-879
-672
-518
-266
-430
-1082
-1622
-1728
-1679
-1730
-1481
-977
-639
-754
-1318
-1735
-1790
-1830
-1994
-1905
-1460
-1078
-946
-939
-982
-1045
-1231
-1354
-1199
-714
-177
247
692
901
643
229
-20
-65
212
624
1035
1555
1864
1946
2608
3424
3722
3287
2508
2005
1505
972
315
135
685
969
798
292
-247
-696
-1153
-787
34
1020
1456
1284
1204
920
314
-676
-1246
-900
-382
16
26
-226
-630
-1323
-1939
-2070
-1740
-1422
-1263
-776
-406
-599
-1330
-2108
-2209
-1893
-1576
-1419
-1147
-750
-749
-1018
-1237
-1374
-1428
-1350
-974
-451
46
268
316
490
485
191
-20
22
360
810
1136
1438
1650
1512
1575
2478
3435
3705
3039
2379
1904
1373
670
-16
154
763
1004
620
-90
-524
-965
-931
-241
654
1438
1338
945
683
403
-268
-1008
-884
-250
375
419
-77
-636
-1203
-1654
-1880
-1702
-1304
-1025
-796
-577
-751
-1444
-2202
-2360
-1918
-1334
-1037
-1038
-859
-854
-1048
-1319
-1461
-1347
-1116
-734
-346
-128
-149
-143
-2
154
93
-126
-126
239
613
786
884
1032
1187
1157
1830
3050
3827
3616
2815
2223
1651
1078
284
-61
592
1292
1188
344
-572
-1035
-1289
-827
67
1065
1599
1141
626
226
-168
-815
-1082
-360
604
1107
583
-406
-1141
-1630
-1899
-1851
-1272
-535
-337
-473
-833
-1448
-2075
-2430
-2122
-1276
-542
-566
-1006
-1207
-1293
-1365
-1348
-1106
-607
-148
-38
-282
-489
-483
-403
-117
168
255
284
223
125
180
479
804
1139
1335
1514
2443
3378
3646
3254
2694
2225
1521
928
301
298
814
936
531
-296
-878
-1141
-1051
-340
451
1138
1105
486
40
-254
-393
-655
-439
304
693
523
-274
-1039
-1378
-1364
-1286
-1130
-624
-415
-716
-1049
-1473
-1842
-2015
-1977
-1554
-1011
-773
-1110
-1596
-1694
-1451
-1105
-898
-691
-472
-361
-452
-668
-589
-151
206
376
341
70
-159
-239
-157
157
648
1082
1304
1313
1494
2406
3181
3473
3219
2734
2153
1485
1056
569
644
943
1005
731
-71
-732
-988
-737
18
661
1044
755
103
-372
-702
-667
-653
-205
357
655
550
-190
-935
-1384
-1305
-899
-405
-94
-265
-614
-1067
-1652
-2032
-2121
-1815
-1314
-945
-925
-1305
-1748
-1842
-1511
-1022
-637
-436
-397
-479
-599
-710
-535
-84
426
730
732
435
89
-64
-46
247
721
1136
1359
1199
1274
2113
2859
3270
2978
2460
1953
1444
1168
824
868
1045
1160
935
115
-497
-690
-355
203
431
509
138
-437
-992
-1255
-973
-697
-228
17
31
-174
-741
-1173
-1410
-1105
-505
-67
117
-251
-703
-1150
-1645
-1902
-1867
-1487
-1325
-1309
-1381
-1652
-1834
-1868
-1606
-1225
-890
-721
-778
-791
-716
-577
-143
354
697
741
617
423
151
105
302
673
1049
1192
1021
696
1003
1912
2684
2966
2708
2313
1633
992
726
813
1251
1645
1850
1444
672
-39
-336
4
531
786
732
435
-50
-713
-1204
-1251
-1013
-483
-224
-311
-552
-839
-1058
-1109
-824
-428
38
265
-40
-512
-1020
-1379
-1494
-1309
-968
-847
-958
-1283
-1614
-1849
-1840
-1512
-1159
-913
-860
-894
-964
-973
-880
-584
-55
292
419
429
321
131
86
279
626
1033
1202
1151
1113
1552
2171
2460
2470
2337
2251
1791
1442
1200
1185
1465
1725
1733
1346
919
502
356
529
652
475
225
18
-173
-551
-910
-1156
-1166
-827
-756
-836
-1066
-1124
-1037
-899
-665
-527
-299
-170
-263
-536
-950
-1154
-1251
-1100
-861
-1007
-1225
-1462
-1642
-1842
-1858
-1768
-1749
-1642
-1582
-1515
-1440
-1368
-1230
-923
-605
-384
-247
-54
125
135
141
370
807
1106
1232
1258
1423
2205
2848
2875
2666
2604
2436
1851
1494
1416
1595
1926
1986
1636
1031
535
256
286
608
710
595
413
70
-337
-844
-1050
-927
-561
-196
-179
-375
-668
-738
-703
-633
-364
-102
123
120
-251
-716
-1050
-1120
-1098
-895
-837
-1179
-1464
-1731
-1979
-2109
-1982
-1700
-1500
-1389
-1485
-1653
-1655
-1492
-1141
-666
-290
-121
-47
79
17
-109
55
531
1066
1365
1376
1223
1475
2282
2634
2646
2625
2557
2272
1720
1434
1238
1500
1890
1872
1518
902
509
261
324
605
630
642
488
137
-353
-859
-920
-872
-492
-174
-302
-490
-758
-800
-809
-625
-349
-180
126
11
-461
-962
-1252
-1196
-1102
-920
-1012
-1237
-1453
-1782
-1999
-2081
-1838
-1546
-1378
-1383
-1615
-1803
-1822
-1540
-1070
-628
-312
-239
-229
-225
-336
-348
-123
477
1021
1182
1142
1028
1503
2224
2598
2656
2523
2539
2079
1526
1321
1261
1656
1854
1834
1409
706
327
129
378
632
656
552
194
-68
-575
-945
-942
-790
-295
-179
-318
-636
-826
-722
-628
-393
-238
-10
121
-134
-500
-870
-921
-823
-737
-673
-943
-1152
-1334
-1463
-1583
-1638
-1502
-1394
-1302
-1426
-1612
-1658
-1495
-1171
-729
-377
-264
-320
-311
-254
-194
-35
294
798
1129
1214
1174
1148
1676
2380
2693
2662
2548
2442
1979
1644
1396
1395
1728
1917
1788
1187
682
348
323
569
670
659
449
192
-251
-754
-935
-995
-754
-432
-378
-558
-853
-951
-869
-577
-410
-302
-21
16
-192
-628
-952
-911
-812
-677
-769
-1058
-1274
-1354
-1502
-1700
-1621
-1511
-1385
-1395
-1634
-1779
-1806
-1547
-1127
-705
-507
-444
-418
-411
-312
-262
-80
406
920
1148
1111
946
1088
1913
2620
2688
2519
2341
2119
1671
1362
1287
1631
2069
1981
1494
716
218
145
338
687
714
548
189
-224
-722
-1180
-1128
-949
-567
-357
-613
-1051
-1389
-1266
-935
-551
-265
-89
26
-197
-583
-946
-939
-598
-428
-358
-646
-1114
-1371
-1488
-1477
-1455
-1279
-1128
-1173
-1401
-1694
-1783
-1607
-1172
-706
-384
-227
-342
-435
-411
-271
51
400
940
1366
1381
1215
1057
1321
2146
2727
2844
2708
2572
2218
1611
1455
1572
1933
2188
2004
1461
697
317
256
491
744
754
620
175
-221
-689
-1064
-1039
-826
-512
-481
-732
-1155
-1355
-1151
-849
-553
-355
-240
-254
-492
-777
-984
-881
-575
-448
-558
-919
-1339
-1511
-1512
-1494
-1386
-1211
-1195
-1322
-1534
-1744
-1690
-1482
-1113
-717
-486
-438
-474
-457
-353
-155
108
447
816
1106
1152
1109
1165
1597
2343
2734
2717
2518
2289
1980
1672
1566
1634
2047
2128
1760
1166
529
355
437
674
750
648
367
-74
-477
-1012
-1163
-994
-810
-605
-743
-1086
-1388
-1373
-1166
-848
-561
-470
-346
-416
-749
-1062
-1130
-897
-638
-574
-784
-1098
-1366
-1450
-1370
-1293
-1149
-1059
-1147
-1332
-1610
-1753
-1670
-1313
-910
-655
-539
-571
-637
-602
-394
-133
157
492
795
950
974
996
1127
1725
2489
2780
2676
2448
2285
1946
1762
1801
1946
2231
2171
1808
1154
628
590
684
915
932
765
395
0
-413
-810
-788
-680
-529
-508
-750
-1095
-1334
-1198
-894
-577
-377
-347
-381
-506
-715
-856
-715
-416
-313
-380
-614
-932
-1101
-1105
-973
-911
-859
-904
-1093
-1311
-1548
-1567
-1408
-1148
-899
-814
-811
-858
-810
-604
-359
-120
96
295
478
618
697
902
1191
1717
2281
2424
2259
2131
2105
1890
1736
1788
1890
2054
1844
1394
871
513
538
605
725
664
438
146
-218
-560
-831
-794
-684
-639
-652
-872
-1090
-1222
-1051
-780
-637
-545
-570
-564
-548
-630
-718
-621
-452
-461
-597
-844
-947
-952
-898
-835
-891
-966
-1063
-1182
-1340
-1391
-1366
-1302
-1173
-1150
-1149
-1089
-941
-785
-593
-386
-212
-61
78
234
440
725
999
1177
1502
1984
2138
2027
1992
2045
1859
1738
1803
1840
1895
1834
1599
1148
926
874
842
893
819
702
417
116
-207
-481
-541
-544
-467
-469
-586
-825
-989
-886
-737
-566
-458
-408
-396
-458
-551
-657
-597
-444
-421
-505
-585
-719
-821
-752
-671
-682
-728
-767
-917
-1107
-1242
-1298
-1245
-1119
-1027
-1016
-978
-931
-861
-720
-525
-275
-60
141
330
473
621
867
1092
1387
1897
2157
2047
1936
1993
1928
1855
2015
2024
1955
1815
1498
1160
982
985
964
1050
944
644
302
-45
-284
-517
-507
-516
-563
-640
-847
-1074
-1229
-1095
-855
-702
-692
-767
-842
-908
-874
-860
-771
-605
-602
-695
-828
-936
-973
-820
-676
-703
-834
-985
-1066
-1161
-1184
-1145
-1152
-1102
-1099
-1215
-1216
-1030
-875
-714
-541
-418
-304
-146
-6
193
513
751
912
1026
1305
1664
1749
1760
1847
1990
1964
1820
1715
1686
1735
1678
1503
1308
1130
1084
995
848
665
482
310
111
-107
-366
-528
-564
-571
-597
-719
-856
-803
-686
-630
-649
-690
-718
-667
-659
-722
-687
-632
-570
-496
-512
-633
-698
-635
-540
-475
-564
-657
-616
-675
-843
-974
-1038
-1032
-945
-959
-1042
-938
-774
-684
-593
-506
-331
-110
64
233
345
495
659
846
1030
1282
1631
1783
1865
1847
1909
1884
1775
1778
1710
1820
1727
1582
1465
1273
1188
972
884
757
624
385
64
-92
-279
-282
-342
-406
-460
-575
-679
-777
-794
-798
-718
-698
-792
-840
-871
-873
-892
-851
-778
-811
-864
-941
-912
-844
-732
-676
-712
-768
-836
-939
-1053
-1083
-1106
-1110
-1101
-1185
-1221
-1147
-1025
-855
-716
-631
-533
-360
-229
-70
89
247
486
619
713
879
1232
1500
1611
1660
1705
1719
1534
1429
1520
1695
1793
1702
1472
1200
1027
913
829
841
788
692
440
156
-97
-259
-259
-253
-211
-257
-430
-628
-801
-829
-749
-644
-653
-648
-721
-889
-920
-910
-796
-680
-641
-629
-619
-648
-763
-749
-693
-668
-634
-713
-797
-889
-950
-984
-991
-992
-990
-929
-860
-755
-689
-596
-440
-240
-92
-50
93
266
435
587
732
833
995
1374
1592
1694
1706
1658
1727
1677
1621
1674
1750
1737
1677
1522
1191
1010
961
989
982
864
746
527
367
196
109
112
93
3
-215
-363
-604
-748
-697
-662
-645
-699
-838
-894
-900
-950
-922
-789
-726
-705
-764
-909
-957
-977
-919
-830
-831
-874
-901
-1021
-1149
-1202
-1220
-1113
-1041
-1026
-1037
-1047
-933
-746
-627
-597
-522
-408
-296
-161
-34
160
399
582
673
750
834
1026
1282
1414
1468
1483
1508
1505
1443
1405
1371
1433
1439
1314
1141
953
893
878
864
807
786
731
638
525
319
154
96
16
-128
-279
-471
-615
-668
-752
-801
-819
-808
-841
-845
-839
-837
-838
-848
-808
-810
-829
-861
-873
-825
-812
-899
-976
-1012
-1018
-1033
-1004
-977
-950
-916
-903
-860
-830
-732
-602
-494
-366
-279
-221
-104
76
240
406
588
689
734
812
902
1086
1291
1452
1555
1592
1526
1445
1496
1438
1331
1337
1296
1322
1240
1034
890
890
1007
1032
1012
876
742
600
428
295
125
55
-53
-222
-353
-466
-544
-599
-623
-675
-669
-685
-778
-818
-891
-852
-792
-830
-865
-948
-1021
-1066
-1076
-1147
-1153
-1067
-1069
-1053
-1058
-1066
-1034
-1018
-990
-985
-962
-894
-798
-643
-511
-399
-307
-176
-33
67
168
239
370
491
618
670
723
857
947
1037
1124
1152
1160
1276
1271
1113
1045
1048
1057
1055
1001
1012
1080
1070
961
881
811
753
740
643
554
433
294
237
178
47
-38
-57
-149
-235
-383
-532
-574
-569
-547
-588
-686
-786
-852
-912
-974
-1025
-1089
-1090
-1095
-1105
-1121
-1127
-1085
-1011
-990
-1050
-1042
-1034
-1018
-947
-885
-808
-705
-639
-555
-397
-280
-198
-103
21
157
287
429
510
598
687
777
808
802
883
954
1003
941
936
1059
1107
1031
972
1022
1139
1171
1095
1008
957
891
818
823
822
796
739
671
579
489
400
340
326
288
197
58
-86
-176
-223
-286
-380
-438
-527
-696
-823
-845
-845
-833
-892
-998
-1057
-1073
-1099
-1101
-1085
-1068
-1065
-1113
-1147
-1113
-1031
-924
-820
-736
-664
-629
-634
-535
-448
-409
-275
-156
-2
148
176
222
334
420
524
586
579
600
664
703
701
700
795
905
884
849
910
973
944
867
853
868
861
783
746
754
715
631
545
618
651
579
478
393
423
344
218
201
132
60
-50
-166
-226
-316
-458
-503
-474
-511
-619
-752
-828
-795
-827
-919
-912
-934
-990
-1034
-1113
-1100
-1020
-944
-913
-886
-848
-786
-745
-714
-588
-534
-468
-313
-222
-233
-145
-20
9
27
87
226
315
309
360
392
457
515
546
615
698
735
649
675
714
751
696
662
763
850
810
680
664
714
698
619
540
590
600
509
411
328
352
328
266
193
89
21
-33
-40
-64
-96
-190
-240
-268
-326
-412
-458
-522
-627
-642
-675
-690
-744
-778
-692
-634
-598
-615
-630
-579
-518
-482
-426
-372
-315
-259
-175
-173
-161
-69
-65
-39
8
97
169
220
191
128
193
279
328
393
439
370
333
350
389
383
325
426
437
416
362
336
400
323
299
343
390
425
298
290
321
354
279
98
89
107
49
-25
-50
-55
-89
-124
-228
-209
-206
-350
-394
-402
-278
-330
-502
-610
-634
-521
-532
-516
-495
-444
-443
-565
-489
-359
-334
-330
-284
-181
-95
-145
-207
-146
-42
-18
55
93
96
114
74
81
138
169
217
252
315
297
258
321
324
358
333
324
390
451
470
333
271
299
328
383
282
257
251
182
135
119
141
81
78
48
70
63
37
22
4
-19
-104
-142
-218
-226
-149
-190
-287
-340
-328
-356
-380
-385
-372
-322
-362
-375
-297
-283
-292
-340
-366
-171
-96
-147
-40
36
75
36
69
98
212
269
164
267
353
303
258
287
329
262
264
313
398
424
324
197
334
487
402
307
283
241
233
238
238
147
147
211
166
131
48
24
13
5
-38
-199
-237
-113
-153
-351
-344
-252
-305
-325
-428
-413
-227
-298
-484
-560
-540
-479
-464
-493
-530
-478
-457
-508
-480
-377
-334
-389
-315
-150
-90
-182
-246
-145
98
153
-59
-76
136
251
304
194
130
283
390
272
283
386
391
360
368
386
512
511
422
476
491
495
408
371
481
564
507
407
348
310
320
194
145
224
222
154
26
2
41
-41
-150
-229
-243
-201
-283
-326
-350
-364
-398
-473
-455
-459
-516
-569
-596
-517
-461
-531
-529
-518
-517
-444
-490
-517
-424
-392
-378
-314
-254
-224
-120
-54
-35
1
46
136
197
212
245
251
257
287
292
329
401
449
489
506
511
549
600
602
605
597
565
556
530
505
484
449
451
443
419
417
398
338
338
333
241
224
184
93
-8
-81
-143
-183
-188
-225
-240
-300
-376
-427
-477
-493
-509
-593
-618
-627
-626
-634
-633
-624
-605
-598
-605
-563
-567
-575
-522
-494
-419
-355
-337
-264
-189
-165
-141
-75
-34
26
79
99
112
121
160
203
264
301
348
369
397
393
348
402
474
463
477
498
465
467
502
479
448
439
420
403
403
390
362
322
308
291
232
209
172
114
67
17
-61
-97
-92
-160
-191
-253
-320
-340
-378
-385
-409
-495
-512
-530
-578
-553
-551
-546
-526
-507
-523
-498
-457
-406
-351
-321
-272
-241
-207
-192
-130
-96
-71
-31
31
83
96
103
93
121
187
229
289
318
313
342
336
359
432
467
491
517
507
506
477
441
458
451
444
450
451
438
462
452
411
401
356
284
247
221
185
129
82
64
17
-2
-32
-65
-99
-165
-204
-245
-281
-331
-365
-375
-402
-457
-496
-530
-548
-562
-551
-530
-543
-511
-457
-420
-373
-347
-353
-326
-282
-248
-203
-179
-144
-120
-84
-35
-23
-13
9
37
69
118
140
131
132
102
95
152
179
212
251
236
219
245
262
275
274
281
289
255
232
262
244
241
216
198
211
203
180
178
139
86
38
-13
-34
-9
-15
-52
-75
-139
-185
-234
-262
-276
-289
-303
-328
-323
-329
-349
-372
-368
-360
-366
-341
-324
-296
-290
-268
-204
-160
-135
-84
-42
-19
11
69
131
168
171
177
202
240
261
257
271
291
284
279
266
283
317
321
330
331
353
350
328
336
325
297
276
263
226
246
242
222
249
263
226
156
123
87
79
46
45
25
-2
-27
-70
-101
-134
-179
-200
-235
-283
-315
-342
-405
-426
-471
-479
-424
-428
-454
-450
-437
-447
-420
-368
-336
-298
-255
-238
-220
-187
-151
-121
-73
-12
-23
13
41
77
146
174
188
221
261
274
292
304
307
311
301
293
322
329
335
332
334
295
279
279
260
270
273
243
232
244
237
209
162
145
131
73
19
5
-33
-81
-114
-124
-163
-195
-207
-242
-242
-275
-295
-297
-339
-379
-406
-467
-513
-493
-485
-480
-476
-492
-478
-419
-381
-344
-293
-239
-218
-197
-148
-98
-51
3
56
80
76
98
131
196
212
236
271
278
313
343
344
356
351
336
371
358
353
366
364
333
337
309
276
307
272
272
269
251
254
269
253
231
164
123
119
108
107
90
53
5
-12
-54
-80
-88
-109
-147
-173
-230
-267
-289
-331
-354
-346
-390
-414
-417
-423
-418
-433
-451
-406
-334
-332
-299
-237
-233
-240
-202
-171
-131
-70
-37
-14
-5
15
60
83
129
157
154
201
222
202
243
278
269
303
322
302
296
292
285
289
284
259
274
284
256
273
288
239
239
269
209
192
216
186
155
168
136
121
102
71
34
-11
-60
-87
-87
-130
-167
-201
-245
-274
-288
-327
-344
-356
-393
-424
-422
-440
-460
-444
-439
-424
-421
-410
-390
-358
-334
-296
-260
-226
-172
-132
-89
-68
-52
-24
13
45
95
115
129
162
172
211
253
256
257
285
266
250
256
243
250
258
239
236
286
262
253
274
237
212
249
223
206
220
178
153
148
138
138
123
106
69
36
28
8
-6
-24
-55
-87
-116
-137
-160
-200
-236
-274
-300
-317
-330
-330
-340
-325
-319
-334
-329
-296
-281
-291
-257
-214
-205
-165
-110
-102
-84
-34
-29
29
98
97
124
157
161
194
227
233
226
261
298
302
321
307
287
287
306
289
289
281
253
241
231
245
249
226
192
181
174
151
131
129
129
75
50
49
14
-3
-16
-49
-64
-85
-102
-127
-146
-158
-199
-235
-271
-284
-302
-325
-364
-402
-398
-408
-391
-339
-336
-344
-334
-299
-295
-288
-252
-218
-192
-153
-121
-94
-69
-60
-54
-15
19
45
73
108
134
146
162
196
237
258
249
233
244
235
219
187
187
193
184
169
184
215
222
218
213
188
152
127
103
117
119
61
35
19
13
14
-5
-14
-36
-35
-32
-29
-39
-77
-100
-115
-146
-205
-222
-231
-264
-268
-291
-298
-297
-303
-283
-256
-270
-253
-242
-242
-184
-157
-114
-87
-89
-50
-11
18
23
53
69
82
113
154
164
203
239
208
253
273
277
296
297
286
282
284
292
305
330
316
298
312
277
262
276
229
186
190
148
148
193
153
132
131
91
68
45
-5
0
17
-24
-47
-44
-70
-100
-120
-167
-197
-189
-246
-261
-246
-287
-330
-354
-384
-374
-356
-373
-355
-345
-351
-350
-322
-284
-264
-237
-186
-220
-216
-152
-185
-174
-96
-87
-74
20
48
61
89
93
80
118
130
126
164
191
174
163
196
175
174
168
137
140
174
175
181
219
231
210
188
168
160
145
113
86
75
54
36
70
88
94
109
73
49
11
-36
-25
-25
-33
-74
-86
-86
-111
-138
-176
-199
-226
-253
-255
-241
-244
-226
-224
-226
-194
-177
-156
-104
-86
-95
-93
-90
-69
-45
-34
-15
6
17
52
85
105
90
98
130
177
169
186
242
225
191
198
186
173
202
187
184
207
179
175
205
176
160
173
145
165
203
152
170
173
95
108
126
100
121
125
62
42
16
-26
-20
-22
-52
-49
-71
-107
-128
-137
-134
-158
-181
-204
-219
-268
-274
-279
-278
-288
-292
-275
-248
-244
-254
-242
-235
-234
-208
-177
-132
-112
-104
-59
-64
-41
-2
-25
-18
9
4
23
41
35
27
49
59
36
62
40
7
54
82
66
102
118
83
77
101
83
68
46
40
43
92
116
107
1252
1597
-103
-458
830
666
-375
-523
-342
-366
-108
-338
-1377
-836
278
-263
-760
-407
-180
-336
-287
-100
-242
-202
89
71
100
109
187
345
288
337
387
-78
-197
511
658
40
-246
123
268
55
54
4
-142
80
281
208
-16
-122
152
222
152
136
150
243
387
573
328
-38
181
515
494
402
292
126
136
340
172
-175
-82
115
92
-54
-168
-160
-67
17
-64
-261
-284
-140
13
-53
-237
-291
-212
-91
-125
-189
-232
-211
-73
-39
-256
-368
-216
-80
-143
-291
-417
-408
-250
-214
-332
-440
-425
-303
-221
-284
-372
-371
-201
-63
-136
-232
-200
-47
82
30
-46
-2
98
177
242
193
92
203
348
364
395
282
271
461
524
439
386
469
543
546
422
287
365
426
458
414
243
262
267
206
149
41
-124
-142
-160
-306
-393
-473
-535
-566
-656
-767
-760
-773
-765
-742
-800
-854
-830
-792
-751
-723
-761
-715
-632
-565
-553
-499
-467
-401
-319
-230
-123
-93
-102
-67
35
35
155
375
539
662
1148
1270
1235
1267
1263
1597
1728
1856
1750
1717
1898
1955
2029
1768
1657
1749
1635
1528
1338
1062
791
654
375
-125
-330
-624
-882
-1019
-1232
-1487
-1679
-1630
-1755
-1939
-1965
-1820
-1663
-1727
-1762
-1690
-1615
-1457
-1380
-1369
-1335
-1322
-1203
-1130
-1100
-1270
-1124
-838
-705
-901
-1004
-812
-612
-519
-415
-414
-99
1003
1000
821
691
955
1518
1961
2024
1683
2141
2515
2612
2882
2497
2434
2892
2840
2697
2452
2235
1884
1822
1453
750
539
137
-211
-444
-947
-1405
-1507
-1618
-1889
-2083
-2243
-2235
-1962
-1888
-1986
-1982
-1894
-1731
-1665
-1594
-1592
-1446
-1274
-1194
-1207
-1332
-1253
-1194
-1182
-1258
-1233
-996
-801
-817
-1117
-1124
-983
-667
-720
-135
616
406
530
471
862
1292
1706
1727
1687
2301
2364
2562
2893
2597
2701
2838
2770
2659
2599
2423
1972
1869
1456
1008
694
246
-32
-270
-654
-950
-1064
-1290
-1606
-1768
-1782
-1673
-1484
-1533
-1631
-1461
-1351
-1369
-1294
-1160
-1203
-1144
-962
-908
-1088
-1051
-960
-1070
-1095
-1154
-1163
-851
-720
-867
-1026
-1131
-1117
-755
-576
-443
416
461
423
456
655
1028
1541
1637
1458
1895
2288
2446
2750
2485
2358
2642
2593
2563
2547
2294
1715
1643
1465
931
603
305
-86
-298
-582
-924
-1052
-1189
-1546
-1732
-1723
-1780
-1612
-1499
-1564
-1530
-1467
-1407
-1355
-1212
-1168
-1197
-1114
-1031
-1046
-1065
-1033
-1131
-1225
-1110
-1105
-1242
-1007
-813
-915
-1051
-1114
-954
-770
-598
251
516
417
260
500
1167
1458
1660
1410
1739
2258
2387
2668
2469
2298
2522
2708
2731
2463
2279
1918
1757
1605
1052
648
265
-52
-313
-536
-853
-1251
-1361
-1530
-1750
-1935
-1900
-1667
-1565
-1668
-1842
-1708
-1476
-1354
-1267
-1341
-1370
-1262
-1089
-983
-1132
-1115
-1210
-1202
-1122
-1101
-1199
-1103
-818
-745
-812
-933
-1046
-665
-466
-2
592
537
530
568
1122
1378
1668
1726
1623
2178
2436
2567
2729
2435
2481
2677
2803
2543
2404
2202
1743
1775
1422
931
603
238
-101
-377
-533
-899
-1194
-1262
-1596
-1712
-1752
-1687
-1557
-1565
-1587
-1655
-1476
-1353
-1308
-1304
-1297
-1255
-1242
-1009
-1045
-1150
-1106
-1117
-1094
-1081
-1120
-1132
-968
-714
-787
-890
-1062
-947
-563
-348
327
490
484
384
664
1204
1431
1529
1410
1761
2231
2427
2576
2416
2324
2537
2689
2582
2325
2223
1922
1840
1729
1271
802
429
172
-110
-382
-722
-1011
-1062
-1240
-1440
-1668
-1683
-1553
-1528
-1481
-1545
-1484
-1394
-1288
-1206
-1245
-1315
-1301
-1203
-1138
-1148
-1194
-1340
-1271
-1229
-1328
-1383
-1307
-1038
-985
-1084
-1200
-1339
-1084
-829
-255
138
206
84
214
807
1080
1295
1213
1369
1875
2099
2292
2411
2286
2353
2564
2681
2458
2370
2115
1939
1932
1612
1220
763
457
240
40
-166
-531
-708
-918
-1080
-1211
-1347
-1343
-1405
-1336
-1345
-1317
-1261
-1237
-1171
-1178
-1203
-1214
-1212
-1128
-1123
-1100
-1222
-1326
-1350
-1331
-1384
-1433
-1179
-1014
-1100
-1091
-1227
-1141
-999
-748
-81
123
175
69
336
689
1061
1394
1318
1621
2022
2194
2590
2592
2495
2548
2726
2642
2500
2549
2227
2144
1946
1644
1268
805
558
326
162
-66
-406
-674
-908
-970
-1146
-1239
-1234
-1277
-1265
-1321
-1213
-1209
-1262
-1228
-1290
-1246
-1245
-1216
-1263
-1276
-1221
-1359
-1418
-1496
-1554
-1616
-1580
-1379
-1309
-1342
-1458
-1501
-1389
-1294
-745
-286
-98
-45
-47
226
530
974
1062
1208
1638
1834
2150
2413
2512
2552
2531
2571
2531
2596
2452
2312
2217
1973
1734
1258
894
598
364
183
-130
-295
-530
-713
-867
-964
-1020
-1191
-1141
-1079
-1108
-1066
-1065
-1158
-1209
-1146
-1149
-1235
-1346
-1369
-1252
-1304
-1368
-1419
-1567
-1665
-1712
-1616
-1444
-1422
-1452
-1575
-1526
-1456
-1136
-695
-400
-182
-209
15
274
538
798
944
1244
1456
1710
2086
2317
2454
2525
2580
2469
2475
2450
2252
2234
2107
1858
1532
1183
902
626
392
196
103
-106
-302
-466
-610
-666
-796
-871
-792
-821
-839
-818
-820
-888
-911
-888
-990
-1112
-1263
-1304
-1205
-1210
-1251
-1316
-1474
-1634
-1598
-1427
-1351
-1304
-1400
-1509
-1435
-1307
-1022
-675
-434
-356
-220
91
347
583
745
877
1137
1363
1673
1967
2129
2262
2345
2370
2314
2264
2123
1992
1892
1785
1651
1392
1146
864
533
277
119
-47
-174
-289
-429
-523
-602
-710
-753
-760
-800
-847
-907
-953
-974
-926
-878
-968
-1149
-1251
-1248
-1266
-1274
-1328
-1476
-1589
-1625
-1519
-1386
-1252
-1302
-1385
-1341
-1276
-1190
-1084
-796
-608
-404
-116
109
320
553
713
831
1034
1194
1362
1634
1830
1995
2161
2170
2182
2201
2086
1940
1803
1636
1500
1408
1237
1035
813
612
467
305
117
-42
-169
-298
-346
-419
-480
-533
-561
-579
-656
-750
-841
-930
-904
-1003
-1141
-1178
-1223
-1200
-1133
-1154
-1272
-1367
-1509
-1513
-1374
-1321
-1314
-1237
-1180
-1122
-976
-806
-810
-780
-581
-363
-110
115
323
568
807
882
953
1088
1218
1370
1538
1574
1604
1721
1892
1982
1982
1889
1712
1618
1552
1463
1313
1061
836
698
588
485
353
239
118
-39
-124
-225
-322
-403
-540
-607
-712
-822
-823
-849
-970
-1136
-1247
-1288
-1292
-1333
-1343
-1372
-1446
-1476
-1424
-1332
-1323
-1314
-1337
-1302
-1180
-1053
-934
-886
-852
-800
-701
-570
-350
-133
14
185
362
542
757
878
1053
1143
1128
1199
1266
1374
1519
1577
1521
1537
1614
1667
1694
1592
1446
1388
1293
1211
1155
999
852
733
535
395
351
242
100
-30
-200
-372
-462
-487
-586
-753
-902
-1056
-1126
-1056
-1089
-1161
-1245
-1390
-1381
-1295
-1241
-1237
-1278
-1377
-1337
-1240
-1209
-1131
-1062
-1062
-959
-794
-729
-552
-404
-373
-239
-139
-20
155
370
474
473
563
696
837
958
1035
1107
1181
1223
1267
1369
1394
1364
1373
1331
1356
1359
1314
1333
1287
1138
1023
957
873
795
619
417
237
102
28
-49
-152
-306
-467
-601
-695
-740
-803
-882
-993
-1069
-1046
-1022
-1027
-1056
-1132
-1203
-1176
-1140
-1133
-1129
-1148
-1126
-1045
-980
-894
-749
-668
-603
-545
-443
-320
-184
-47
35
160
245
324
466
586
570
590
689
736
804
899
904
955
1013
989
980
1014
976
985
982
875
831
815
793
756
690
552
448
386
339
259
151
60
-49
-106
-114
-156
-221
-319
-461
-540
-578
-636
-682
-768
-848
-866
-877
-895
-871
-899
-926
-902
-917
-857
-749
-687
-607
-548
-556
-475
-350
-305
-192
-110
-131
-48
106
161
221
297
265
290
386
420
472
523
465
500
573
529
551
642
622
591
569
497
479
499
463
421
350
292
280
292
283
200
124
83
44
68
41
-8
-75
-128
-137
-186
-196
-241
-334
-388
-358
-393
-441
-445
-520
-526
-510
-519
-490
-439
-371
-311
-309
-290
-214
-150
-82
-39
-19
31
116
170
200
216
245
238
239
287
307
320
321
336
355
335
313
315
319
290
244
249
241
207
168
156
120
104
69
51
62
24
-35
-67
-98
-80
-54
-83
-99
-116
-159
-164
-124
-175
-213
-210
-237
-234
-201
-213
-262
-286
-309
-286
-266
-258
-228
-205
-212
-189
-123
-53
6
40
67
75
99
125
194
219
197
194
244
262
284
305
260
213
232
254
256
251
209
193
181
154
131
126
79
22
-20
-42
-62
-91
-74
-63
-108
-169
-200
-213
-178
-122
-178
-225
-206
-214
-199
-190
-206
-231
-257
-257
-252
-240
-243
-240
-234
-203
-172
-156
-99
-88
-88
-84
-91
-53
21
56
62
118
126
151
233
281
269
262
283
281
300
304
284
259
211
232
257
229
206
210
182
112
81
78
35
14
13
-48
-82
-84
-116
-118
-130
-196
-212
-204
-219
-189
-161
-184
-176
-162
-193
-159
-131
-149
-144
-114
-82
-70
-65
-97
-104
-68
-75
-53
0
40
81
122
126
131
123
115
146
204
234
218
224
238
239
235
235
234
212
216
231
215
168
167
149
125
129
132
121
101
52
-24
-55
-80
-104
-130
-165
-222
-256
-273
-269
-269
-289
-309
-277
-260
-255
-214
-237
-261
-208
-191
-168
-129
-140
-147
-109
-65
-50
-27
-16
16
45
66
75
49
51
85
124
143
184
216
204
204
182
175
197
221
250
253
232
208
190
206
219
190
159
129
57
14
40
-12
-27
-42
-126
-153
-147
-160
-166
-205
-273
-319
-345
-362
-340
-320
-377
-410
-394
-349
-307
-287
-239
-210
-166
-153
-102
-53
-19
7
7
31
54
84
106
168
175
209
237
244
272
292
305
332
349
356
393
414
418
395
369
370
385
372
370
337
278
228
213
240
244
205
138
107
76
38
18
-9
-102
-178
-231
-282
-311
-333
-406
-466
-461
-474
-466
-445
-442
-495
-490
-471
-488
-421
-396
-398
-357
-312
-313
-266
-191
-159
-121
-61
-45
7
67
62
102
176
184
220
250
245
258
262
276
300
350
411
410
386
375
366
366
385
400
376
353
316
290
285
255
232
189
119
68
51
29
-29
-70
-119
-205
-248
-247
-273
-319
-358
-385
-390
-398
-400
-378
-397
-390
-390
-394
-343
-338
-299
-249
-236
-186
-146
-110
-51
-30
-52
-17
-1
4
59
42
50
101
76
97
189
194
216
259
239
261
311
321
350
366
303
297
320
321
344
342
312
280
278
281
267
238
185
149
134
116
99
78
24
-63
-94
-103
-140
-144
-174
-256
-270
-290
-327
-291
-263
-298
-277
-273
-276
-236
-213
-200
-178
-158
-163
-155
-148
-155
-120
-114
-112
-93
-94
-62
-47
-43
-10
-4
-11
-5
24
32
18
4
17
89
120
132
177
158
146
184
202
197
225
216
186
166
168
183
171
134
122
116
85
69
63
-4
-48
-76
-97
-103
-108
-136
-154
-133
-148
-140
-155
-148
-140
-162
-159
-135
-123
-110
-104
-118
-112
-111
-76
-36
-63
-62
-27
-39
-34
-13
-35
-38
-48
-63
-71
-61
-44
1
18
23
71
80
139
194
189
186
185
177
206
228
192
201
205
184
216
223
203
220
183
170
185
154
142
121
91
64
41
11
5
-5
-59
-73
-77
-65
-76
-96
-93
-105
-125
-147
-139
-140
-121
-115
-128
-142
-139
-142
-143
-113
-109
-145
-145
-145
-156
-124
-104
-131
-116
-113
-106
-41
-73
-107
-88
-98
-83
-6
-4
-28
1
-18
-16
79
74
55
102
91
86
145
154
136
156
129
100
110
99
93
106
76
68
81
73
86
95
57
36
24
28
74
57
41
58
24
-23
-8
-6
-24
-12
-41
-61
-57
-58
-60
-40
-44
-65
-80
-130
-129
-129
-162
-188
-196
-199
-171
-139
-143
-180
-186
-168
-124
-89
-65
-36
-50
-54
-15
-13
-21
21
39
43
66
68
66
91
110
139
144
157
180
179
169
194
177
166
181
153
140
147
134
126
154
138
104
125
119
86
117
136
97
105
99
61
68
42
7
-9
-39
-72
-78
-118
-137
-124
-168
-154
-141
-178
-165
-156
-188
-185
-172
-184
-151
-121
-152
-141
-135
-145
-89
-51
-61
-40
-48
-21
23
46
63
53
63
59
86
96
128
144
137
155
158
162
143
146
140
122
118
141
143
153
162
140
114
128
142
123
112
99
43
20
10
-40
-45
-44
-76
-81
-89
-137
-131
-132
-141
-143
-165
-197
-209
-211
-236
-234
-216
-228
-233
-202
-193
-191
-186
-181
-154
-117
-80
-82
-88
-66
-77
-50
-6
-10
-13
26
16
11
78
84
112
167
147
152
164
139
155
188
165
171
172
151
149
149
139
133
142
115
111
119
98
87
96
71
47
27
15
2
-14
-80
-102
-120
-166
-143
-131
-169
-181
-170
-199
-199
-176
-191
-182
-164
-167
-157
-126
-133
-127
-86
-89
-70
-50
-35
4
27
69
76
90
105
124
155
161
184
204
236
245
249
243
250
217
214
226
218
247
245
220
244
240
201
218
179
131
142
135
92
62
38
-5
14
-21
-82
-86
-123
-158
-174
-211
-246
-249
-248
-288
-292
-286
-290
-300
-317
-315
-323
-316
-285
-275
-257
-225
-201
-160
-133
-124
-130
-112
-88
-43
11
25
46
47
81
104
104
135
146
164
183
210
226
241
258
265
254
251
238
224
223
217
223
223
221
201
215
195
174
156
104
74
58
43
4
-25
-46
-83
-119
-132
-167
-185
-211
-247
-280
-274
-284
-289
-279
-305
-288
-282
-274
-253
-214
-193
-182
-154
-157
-156
-116
-127
-126
-74
-60
-55
-26
7
14
67
108
102
121
155
146
131
161
183
157
189
211
208
250
227
221
244
256
245
290
290
275
255
235
204
300
317
158
81
44
47
-6
5
1
-16
12
-85
-161
-175
-221
-246
-259
-248
-232
-210
-241
-279
-289
-270
-252
-266
-232
-172
-162
-168
-160
-165
-139
-96
-96
-80
-53
-35
-24
-20
14
45
57
61
72
62
108
138
197
236
229
236
240
252
237
214
198
272
305
290
269
206
185
177
146
135
136
136
116
39
-10
-63
-94
-93
-98
-73
-76
-149
-251
-315
-350
-330
-268
-257
-236
-236
-225
-121
-41
-50
-178
-323
-412
-443
-358
-240
-58
52
-22
-111
-191
-199
-137
-76
20
111
144
142
107
105
176
237
260
304
299
268
286
343
400
396
294
189
177
244
335
353
327
279
166
58
14
54
119
131
61
-39
-111
-191
-253
-224
-167
-116
-187
-340
-373
-356
-327
-298
-282
-263
-282
-392
-480
-447
-326
-266
-282
-277
-239
-183
-194
-203
-146
-59
2
-20
-6
67
141
170
158
210
304
328
325
316
386
460
377
281
299
361
415
415
369
373
409
335
300
365
357
310
247
211
229
191
90
34
19
35
15
-62
-96
-127
-215
-266
-319
-344
-295
-349
-388
-317
-306
-379
-407
-417
-400
-385
-441
-474
-412
-372
-382
-350
-307
-253
-210
-173
-123
-66
-27
-32
5
7
5
87
143
103
119
172
201
250
266
285
302
291
278
275
327
333
293
265
259
265
217
189
201
184
185
178
192
184
140
83
18
13
1
-5
-63
-95
-98
-139
-182
-222
-256
-215
-202
-219
-225
-252
-296
-282
-196
-172
-192
-196
-155
-138
-132
-159
-157
-97
-32
-33
-5
-12
-16
-3
-11
57
138
104
83
104
76
48
6
47
129
190
154
139
154
104
88
80
108
147
165
163
127
109
41
37
71
30
47
45
-10
-20
-39
-104
-96
-74
-91
-75
-73
-108
-150
-194
-175
-91
-28
-6
-7
-36
-9
13
6
28
108
213
271
242
268
329
369
402
426
471
496
477
423
447
439
390
360
330
283
204
77
-42
-98
-137
-213
-255
-273
-324
-413
-485
-558
-597
-582
-579
-593
-593
-619
-656
-639
-640
-615
-533
-547
-572
-513
-476
-466
-459
-428
-433
-462
-493
-492
-441
-374
-300
-275
-280
-253
-174
-89
33
346
646
803
832
804
911
956
970
1081
1346
1534
1601
1533
1297
1162
1147
1097
1163
1235
1154
936
681
412
99
-163
-351
-389
-447
-576
-792
-1002
-1160
-1245
-1224
-1192
-1086
-960
-883
-865
-930
-957
-928
-749
-524
-421
-433
-486
-509
-572
-554
-505
-443
-353
-316
-352
-478
-640
-750
-641
-421
-301
-326
-362
-336
-305
-354
-370
-225
258
900
1196
1175
1024
1045
1110
1189
1351
1650
2019
2246
2253
2010
1569
1292
1342
1527
1677
1636
1381
991
654
245
-225
-506
-459
-353
-342
-589
-1041
-1393
-1560
-1522
-1445
-1312
-1135
-960
-879
-973
-1107
-1148
-960
-680
-437
-347
-422
-522
-577
-656
-696
-659
-602
-469
-439
-632
-908
-1102
-1149
-1047
-892
-728
-645
-712
-793
-803
-803
-750
-526
-209
326
943
1173
1067
923
1090
1342
1548
1733
2001
2229
2341
2295
2045
1700
1556
1669
1823
1849
1700
1360
937
587
200
-178
-416
-438
-443
-568
-856
-1259
-1598
-1698
-1608
-1509
-1467
-1350
-1228
-1147
-1137
-1154
-1092
-921
-658
-398
-301
-421
-503
-545
-551
-571
-589
-595
-521
-442
-532
-734
-944
-1043
-912
-791
-728
-682
-584
-575
-665
-694
-586
-375
-183
45
348
940
1432
1596
1509
1649
1879
1955
1997
2101
2363
2590
2630
2460
2125
1823
1708
1622
1597
1506
1329
1004
660
298
-186
-632
-849
-877
-876
-1019
-1275
-1517
-1727
-1736
-1730
-1701
-1552
-1282
-1105
-1056
-998
-1004
-932
-737
-522
-395
-346
-353
-325
-285
-391
-470
-505
-533
-517
-552
-724
-900
-974
-1019
-1008
-995
-930
-721
-536
-549
-647
-643
-470
-266
-141
25
362
1041
1592
1743
1642
1727
1945
1992
2027
2133
2278
2422
2566
2508
2105
1601
1337
1271
1269
1178
940
539
203
-142
-628
-1092
-1325
-1318
-1228
-1244
-1428
-1665
-1935
-1948
-1854
-1744
-1587
-1296
-977
-862
-824
-895
-930
-784
-519
-242
-149
-189
-239
-311
-460
-614
-729
-776
-651
-552
-639
-863
-1073
-1160
-1083
-986
-942
-793
-506
-261
-259
-349
-286
-88
188
487
766
1185
1807
2225
2271
2124
2255
2428
2502
2515
2579
2709
2711
2652
2439
1863
1434
1274
1169
1096
981
633
113
-184
-490
-908
-1247
-1431
-1415
-1332
-1456
-1611
-1849
-2006
-1911
-1772
-1626
-1442
-1174
-981
-852
-750
-730
-703
-608
-441
-193
-175
-246
-268
-412
-561
-691
-787
-850
-812
-781
-841
-952
-1038
-1069
-1066
-986
-861
-752
-557
-206
-45
-51
73
278
537
701
864
1113
1702
2341
2520
2404
2201
2414
2495
2344
2194
2202
2324
2314
2209
1683
994
573
413
364
356
166
-155
-459
-719
-1079
-1599
-1914
-1905
-1698
-1538
-1611
-1653
-1774
-1882
-1762
-1631
-1460
-1183
-785
-578
-504
-476
-496
-480
-318
-216
-97
23
-20
-87
-375
-613
-636
-661
-718
-638
-564
-653
-692
-689
-792
-822
-729
-586
-355
-83
153
295
347
468
631
780
947
1080
1231
1457
2053
2490
2492
2219
2114
2233
2091
1855
1663
1606
1702
1754
1527
933
358
51
-157
-140
-144
-299
-547
-767
-964
-1224
-1593
-1786
-1703
-1488
-1287
-1200
-1194
-1389
-1396
-1306
-1218
-1014
-711
-407
-188
-79
-50
-101
-156
-80
-20
88
156
125
-45
-315
-500
-622
-728
-779
-707
-547
-517
-548
-614
-759
-733
-565
-414
-168
63
271
494
496
433
507
676
854
989
1066
1114
1481
1996
2099
1849
1488
1519
1574
1435
1193
908
862
962
1027
755
160
-289
-451
-446
-377
-530
-763
-864
-865
-812
-1045
-1382
-1498
-1335
-1006
-875
-831
-897
-952
-804
-730
-719
-613
-399
-102
136
138
76
-83
-87
63
51
-59
-94
11
-32
-221
-450
-645
-697
-669
-604
-580
-562
-492
-395
-363
-422
-443
-321
-72
184
398
527
539
573
611
626
601
608
635
787
1001
1424
1733
1594
1260
995
1060
908
670
541
711
918
857
682
276
-196
-480
-483
-292
9
164
116
-58
-327
-554
-806
-886
-678
-331
-106
-35
-104
-399
-636
-801
-803
-507
-224
-34
119
53
-150
-273
-549
-638
-478
-193
-11
-50
-217
-626
-1087
-1313
-1249
-1108
-845
-651
-520
-606
-709
-756
-724
-347
-2
236
262
167
303
570
760
814
739
768
835
705
544
437
619
1558
2570
2855
2182
1325
824
430
545
608
705
924
777
360
-554
-1472
-1834
-1392
-275
540
529
-25
-654
-874
-833
-631
-284
93
602
724
304
-374
-1047
-1019
-543
-57
21
-284
-642
-989
-1099
-1036
-965
-805
-549
-400
-563
-1037
-1291
-1211
-761
-169
-7
-208
-483
-590
-468
-196
138
407
719
841
531
87
-323
-372
-11
432
704
594
111
-322
-507
-386
-185
75
406
584
567
599
1256
1873
2204
2295
2066
1809
1304
861
571
593
831
693
303
-466
-1191
-1424
-1243
-599
-109
51
-33
-482
-667
-667
-616
-194
260
535
465
177
-359
-793
-708
-542
-241
-53
-208
-454
-843
-1097
-1126
-1036
-772
-531
-510
-641
-879
-1050
-1096
-820
-360
-77
-3
-300
-489
-449
-290
131
500
698
680
474
131
-132
-148
-57
263
675
797
611
154
-246
-260
-34
373
727
828
913
793
885
1726
2365
2588
2369
2010
1603
897
342
164
489
643
459
13
-988
-1530
-1535
-1136
-309
207
323
117
-316
-620
-617
-290
61
488
631
221
-277
-881
-1230
-1097
-861
-583
-572
-800
-1123
-1503
-1542
-1382
-1063
-801
-621
-581
-784
-951
-988
-801
-409
-61
126
54
-271
-506
-470
-206
160
522
625
479
163
-157
-213
-84
169
453
606
685
583
274
30
3
183
489
733
786
696
604
454
967
2014
2539
2475
1936
1233
646
160
32
166
531
559
206
-427
-1323
-1661
-1415
-707
266
648
457
44
-465
-604
-415
-60
289
518
333
-172
-709
-1236
-1321
-1055
-801
-556
-622
-954
-1329
-1529
-1379
-946
-609
-399
-338
-486
-699
-717
-624
-392
-96
141
253
192
31
-153
-143
78
416
734
802
607
422
329
354
448
469
451
478
515
512
517
428
269
269
361
480
433
428
394
412
471
1149
1987
2133
1939
1307
934
593
339
334
488
670
447
47
-693
-1388
-1381
-1020
-269
340
352
50
-397
-795
-826
-623
-344
-1
141
-121
-543
-1016
-1290
-1105
-936
-752
-550
-681
-927
-1159
-1210
-1033
-664
-388
-248
-245
-494
-584
-457
-301
-104
30
111
232
93
-187
-305
-239
74
375
568
530
325
162
123
186
232
325
300
273
231
159
15
-102
-70
183
432
536
489
297
63
47
272
1007
1991
2153
1903
1100
480
223
188
403
708
944
550
-40
-941
-1676
-1593
-1003
-110
588
515
-126
-826
-1297
-1058
-446
95
520
546
112
-460
-932
-1071
-719
-224
-15
-45
-371
-824
-1069
-979
-613
-134
123
117
-31
-347
-537
-460
-128
198
392
290
4
-275
-350
-175
103
376
509
442
188
-25
-104
37
305
464
528
419
99
-179
-129
180
395
554
422
55
-58
-163
-281
-113
229
510
539
882
1333
1385
1328
895
967
959
731
482
344
371
128
-171
-614
-882
-813
-751
-435
-215
-242
-351
-430
-527
-394
-138
76
332
376
137
-62
-240
-324
-187
-97
-214
-354
-447
-504
-502
-563
-472
-283
-224
-283
-369
-553
-632
-528
-321
-210
-186
-258
-290
-255
-328
-328
-308
-173
-3
81
88
-38
-79
-2
115
132
0
14
13
42
22
20
16
-60
-121
-128
-78
-78
-32
32
61
57
94
225
1078
1713
1956
1716
1122
748
435
407
442
760
837
521
-1
-779
-1140
-1031
-598
77
432
258
-113
-345
-473
-212
225
586
842
803
364
-158
-504
-547
-366
-98
-75
-221
-416
-683
-869
-828
-634
-449
-339
-355
-619
-893
-972
-847
-535
-252
-146
-209
-318
-534
-615
-559
-335
12
279
335
222
56
-41
33
186
292
235
175
106
-37
-132
-83
20
109
16
-107
-135
-125
-109
9
254
363
558
550
1239
1824
1977
1726
1277
1175
850
805
592
714
754
553
261
-276
-587
-571
-292
109
336
238
12
-91
-133
55
193
217
293
189
-143
-472
-608
-525
-270
-173
-347
-533
-710
-795
-733
-642
-550
-497
-522
-610
-817
-910
-836
-697
-488
-439
-498
-543
-559
-629
-486
-292
-121
-67
-70
-73
-83
-12
70
245
351
250
70
-74
-172
-226
-150
-7
65
49
-146
-361
-351
-182
48
262
369
384
412
353
490
1165
1593
1816
1573
1352
1008
679
497
472
732
810
596
205
-371
-601
-556
-281
185
279
233
-31
-248
-417
-348
-149
90
260
165
-93
-361
-568
-511
-292
-121
-73
-185
-389
-686
-864
-847
-650
-484
-475
-515
-657
-808
-932
-878
-723
-608
-510
-503
-605
-680
-663
-469
-216
4
207
325
301
214
230
318
367
338
301
204
83
23
33
102
170
150
100
72
146
212
301
275
349
473
667
749
1143
1687
1819
1636
1192
1049
917
922
939
911
864
610
309
-8
-267
-174
-34
217
262
49
-156
-361
-419
-334
-199
-144
-134
-162
-336
-464
-575
-532
-331
-258
-368
-550
-764
-840
-819
-751
-621
-629
-686
-843
-989
-1049
-1044
-1024
-975
-891
-854
-852
-831
-808
-568
-220
-53
46
122
195
222
160
228
310
304
279
234
155
82
62
90
250
171
27
-129
-259
-182
-21
143
197
222
318
424
567
574
1161
1701
1954
1637
1292
1192
1073
1198
1047
1153
999
829
602
146
-57
-214
-93
99
80
-1
-319
-487
-672
-603
-508
-419
-285
-305
-343
-531
-644
-624
-507
-338
-305
-355
-528
-549
-638
-701
-620
-555
-563
-693
-845
-975
-988
-955
-888
-757
-737
-814
-779
-797
-618
-371
-170
34
194
272
310
356
333
505
663
708
716
593
508
429
316
237
221
206
120
86
90
179
272
265
337
535
748
979
944
1117
1441
1512
1574
1367
1276
1141
1093
1044
915
802
515
276
-5
-245
-288
-374
-383
-341
-431
-594
-766
-849
-878
-784
-799
-819
-761
-741
-741
-788
-734
-622
-484
-426
-387
-362
-419
-422
-444
-426
-431
-511
-584
-594
-767
-994
-1069
-1069
-1027
-941
-851
-838
-758
-611
-322
-16
194
323
396
489
573
702
823
955
1008
966
829
621
419
378
377
405
382
233
108
134
190
230
240
210
335
510
468
392
336
657
1015
1084
923
674
693
635
693
626
607
559
536
478
190
-105
-256
-251
-130
-181
-405
-715
-883
-921
-889
-860
-911
-838
-726
-656
-662
-696
-575
-345
-121
14
-12
-21
-9
23
9
-39
-155
-250
-325
-474
-716
-823
-776
-663
-528
-483
-524
-498
-391
-208
-12
165
259
345
425
409
454
526
562
671
731
660
555
416
316
301
350
308
242
111
16
-4
-58
-145
-223
-269
-156
-78
-86
-133
75
534
790
919
627
658
766
826
1007
1022
1070
870
839
718
429
236
-6
78
84
-82
-299
-637
-726
-797
-833
-816
-775
-655
-563
-478
-592
-564
-452
-303
-62
32
56
92
36
-72
-135
-210
-340
-346
-394
-536
-649
-839
-924
-922
-887
-856
-801
-697
-580
-497
-500
-500
-451
-304
-160
-55
62
58
69
124
114
152
228
306
398
464
455
401
294
214
252
253
204
82
15
38
74
130
209
350
707
991
1036
921
870
1068
1252
1416
1428
1317
1253
1084
1017
847
691
595
456
408
220
40
-181
-296
-333
-426
-503
-590
-616
-593
-624
-690
-723
-637
-612
-540
-499
-548
-551
-506
-524
-546
-564
-632
-633
-593
-599
-646
-711
-765
-763
-780
-809
-858
-802
-725
-672
-707
-751
-744
-655
-472
-331
-206
-119
-7
135
321
462
575
727
879
929
948
879
769
704
714
737
712
561
413
358
385
504
589
616
723
983
1068
974
780
802
879
932
969
850
834
751
607
567
430
371
302
304
222
63
-98
-319
-422
-546
-647
-789
-898
-915
-951
-1013
-1087
-1137
-1086
-994
-973
-967
-920
-882
-789
-700
-712
-667
-580
-500
-412
-429
-527
-615
-607
-564
-489
-461
-506
-490
-514
-545
-440
-415
-414
-247
-84
5
90
165
271
457
584
637
720
760
788
835
828
805
814
777
774
825
673
562
469
452
510
557
562
529
666
679
661
547
477
619
601
582
506
506
552
512
539
450
393
334
321
327
147
31
-128
-240
-328
-452
-595
-707
-758
-815
-857
-989
-1067
-1053
-1063
-1041
-1032
-1008
-915
-774
-691
-664
-633
-568
-449
-267
-190
-204
-227
-261
-222
-202
-226
-309
-325
-300
-294
-254
-273
-293
-238
-110
-4
91
173
255
380
440
500
559
583
666
762
790
865
884
818
814
754
711
659
586
500
497
495
480
391
383
508
493
449
281
304
334
423
429
302
314
318
408
445
303
254
162
172
189
103
-64
-247
-297
-448
-582
-761
-894
-916
-960
-1030
-1108
-1176
-1178
-1106
-989
-948
-916
-853
-696
-601
-504
-356
-273
-168
-99
-107
-113
-134
-136
-133
-103
-158
-210
-195
-234
-228
-289
-272
-208
-103
3
40
80
148
238
344
449
476
498
587
621
675
684
679
677
637
599
554
505
488
448
458
430
390
358
294
468
476
447
321
343
394
295
334
280
293
302
309
367
307
270
247
233
185
74
56
-78
-111
-208
-339
-388
-489
-553
-632
-629
-703
-749
-696
-713
-694
-646
-606
-554
-495
-432
-362
-264
-195
-191
-216
-239
-223
-221
-227
-231
-269
-304
-314
-305
-297
-251
-220
-197
-195
-189
-156
-103
4
126
183
234
275
302
390
471
488
495
522
517
518
457
419
401
404
405
369
341
293
294
245
216
172
316
370
319
284
174
236
235
213
168
191
259
273
363
325
273
298
266
304
205
109
2
-77
-133
-236
-312
-462
-550
-612
-640
-657
-702
-717
-752
-767
-729
-727
-638
-515
-420
-351
-340
-304
-283
-284
-245
-209
-199
-186
-176
-194
-200
-257
-264
-191
-117
-96
-94
-56
-63
-39
40
137
201
233
246
237
228
218
253
294
320
349
360
404
369
369
378
367
424
417
383
399
359
354
370
362
380
462
386
313
357
429
436
372
369
411
456
487
460
381
418
456
442
377
299
178
77
-16
-119
-217
-347
-415
-456
-524
-574
-625
-653
-645
-689
-705
-657
-641
-612
-538
-523
-542
-481
-485
-477
-433
-412
-392
-368
-374
-375
-365
-360
-305
-277
-317
-342
-321
-298
-270
-240
-207
-196
-154
-97
-12
4
14
47
75
120
168
252
304
348
375
427
488
529
568
558
522
532
579
551
510
456
404
456
473
427
364
308
384
422
392
347
296
343
369
381
330
236
207
194
206
158
81
10
-38
-44
-100
-169
-238
-283
-310
-399
-452
-503
-568
-560
-544
-571
-569
-543
-591
-558
-532
-524
-454
-435
-400
-346
-309
-291
-277
-255
-274
-269
-213
-177
-173
-170
-122
-135
-84
18
32
60
100
118
144
182
223
265
299
310
316
372
447
509
490
460
465
449
454
465
416
365
374
369
397
348
264
258
294
329
298
245
212
232
248
229
243
221
228
241
240
245
200
215
192
166
159
139
97
20
-64
-98
-153
-263
-350
-413
-516
-573
-603
-664
-675
-697
-685
-660
-646
-628
-594
-528
-456
-436
-395
-364
-367
-335
-292
-279
-230
-219
-257
-231
-208
-197
-173
-174
-197
-158
-144
-134
-90
-64
-72
-44
-30
18
42
19
53
87
126
180
194
165
197
260
281
286
289
290
310
323
296
278
285
313
333
362
380
379
362
365
392
400
404
378
378
436
435
396
395
362
371
397
389
320
303
269
203
137
12
-50
-71
-121
-174
-254
-302
-305
-317
-327
-341
-354
-340
-312
-323
-311
-277
-275
-251
-242
-239
-259
-263
-263
-274
-269
-278
-258
-249
-262
-281
-282
-248
-214
-183
-155
-144
-138
-113
-112
-127
-85
-43
-16
15
17
0
37
86
129
175
179
214
213
214
253
265
285
299
285
262
329
337
289
307
274
247
275
262
283
288
260
300
333
292
302
359
330
354
304
236
187
170
180
123
94
7
-53
-65
-98
-181
-248
-270
-319
-374
-399
-438
-472
-486
-482
-462
-455
-443
-476
-468
-472
-493
-488
-466
-460
-450
-433
-497
-487
-444
-451
-387
-308
-330
-306
-278
-289
-214
-157
-134
-82
-46
-77
-46
-9
-4
34
69
127
191
254
285
326
394
439
475
511
537
569
613
621
617
625
607
612
604
558
550
522
516
495
437
420
400
387
383
392
327
335
360
292
286
196
91
95
50
-39
-91
-136
-221
-259
-329
-427
-437
-482
-512
-511
-511
-534
-523
-509
-543
-560
-551
-544
-501
-487
-501
-510
-478
-430
-397
-365
-373
-355
-313
-316
-277
-226
-206
-154
-80
-63
-55
-23
-6
35
91
79
87
135
148
182
221
225
253
353
388
396
436
439
473
533
522
509
549
530
475
486
433
386
430
408
379
372
322
261
296
325
336
359
319
287
284
228
156
139
119
77
27
-30
-101
-145
-207
-236
-261
-320
-353
-394
-443
-471
-502
-539
-532
-525
-541
-584
-582
-574
-558
-494
-447
-450
-470
-462
-468
-452
-432
-413
-385
-362
-328
-306
-286
-280
-249
-200
-162
-145
-123
-80
-29
-2
27
66
99
122
139
209
275
303
352
390
432
477
517
545
562
551
548
553
553
532
494
491
493
471
436
433
394
396
428
416
378
330
313
292
273
222
167
158
108
75
68
20
-31
-73
-99
-102
-122
-172
-230
-304
-344
-350
-387
-401
-424
-450
-449
-440
-445
-447
-446
-459
-427
-419
-437
-407
-404
-429
-377
-348
-355
-344
-331
-324
-279
-250
-252
-212
-181
-135
-96
-48
-26
-13
24
45
70
128
134
102
139
179
223
283
342
330
334
369
369
398
395
375
383
360
350
345
373
403
391
377
382
368
365
372
356
350
301
288
259
235
223
196
176
124
91
79
61
56
14
-42
-85
-157
-197
-219
-286
-327
-331
-370
-352
-336
-397
-395
-405
-471
-433
-415
-427
-414
-404
-397
-380
-406
-397
-361
-371
-357
-321
-311
-334
-306
-248
-218
-194
-144
-104
-69
-61
-30
6
-5
-5
15
38
69
92
124
168
177
210
265
286
291
312
337
354
374
389
411
437
453
439
445
434
410
391
376
363
322
286
286
315
335
335
302
272
266
245
206
203
167
119
91
61
39
16
-8
-57
-82
-96
-150
-181
-203
-229
-269
-293
-342
-343
-310
-331
-307
-280
-291
-290
-270
-277
-265
-276
-300
-293
-279
-244
-231
-258
-272
-267
-280
-255
-237
-241
-201
-177
-166
-141
-143
-145
-138
-133
-125
-142
-114
-67
-90
-70
-31
-44
-14
46
49
98
139
121
159
199
188
204
236
200
216
219
183
183
171
151
135
137
146
171
179
196
187
198
217
210
221
246
224
172
151
120
119
105
72
68
66
8
-13
-15
-22
-10
-15
-12
-25
-49
-76
-99
-103
-62
-73
-95
-89
-117
-118
-86
-120
-125
-81
-108
-117
-91
-134
-152
-121
-149
-150
-104
-130
-135
-125
-150
-137
-116
-121
-117
-103
-101
-95
-72
-43
-29
-3
35
49
47
63
91
108
119
114
122
140
153
166
179
175
178
181
182
180
190
202
205
212
199
212
225
227
253
238
226
240
231
219
224
207
193
189
177
156
144
132
93
69
46
13
6
-17
-53
-51
-68
-91
-92
-109
-133
-163
-190
-210
-232
-252
-225
-250
-295
-310
-313
-328
-300
-287
-302
-291
-297
-293
-286
-273
-277
-296
-273
-285
-300
-285
-274
-248
-216
-216
-216
-196
-198
-179
-142
-134
-103
-89
-59
6
39
55
69
85
93
107
133
128
134
132
152
156
164
219
234
235
253
261
266
279
278
273
262
264
235
223
214
189
184
188
173
175
167
103
99
93
54
48
50
32
34
19
-17
6
-5
-30
-22
-27
-56
-52
-61
-90
-76
-75
-79
-68
-97
-122
-105
-102
-88
-70
-81
-79
-86
-86
-64
-49
-51
-52
-63
-65
-70
-93
-92
-87
-81
-82
-71
-34
-3
24
34
55
57
62
64
36
25
21
23
33
51
75
100
88
89
100
111
125
136
129
146
143
130
152
146
123
140
122
102
108
86
80
94
80
73
88
70
81
82
61
34
35
27
24
36
10
0
-14
-31
-53
-52
-72
-52
-48
-73
-80
-87
-102
-114
-118
-139
-156
-173
-184
-191
-195
-191
-203
-192
-179
-188
-196
-215
-223
-233
-261
-286
-266
-262
-244
-210
-202
-214
-211
-205
-187
-170
-154
-135
-138
-108
-68
-57
-59
-28
-24
-17
2
6
45
49
55
67
87
84
109
132
147
154
153
164
168
188
216
201
189
210
215
249
281
293
289
271
257
250
252
264
238
203
187
163
155
158
131
118
109
91
96
75
69
56
54
36
15
26
12
-3
-15
-41
-61
-37
-48
-41
-41
-63
-80
-67
-73
-81
-62
-93
-85
-100
-134
-131
-149
-174
-153
-167
-179
-154
-164
-166
-135
-134
-137
-128
-129
-121
-105
-106
-87
-66
-68
-57
-31
-8
12
21
24
27
20
51
74
97
103
117
135
134
148
172
170
173
194
168
163
185
157
128
153
143
136
159
150
148
156
116
85
91
77
66
85
57
24
38
33
8
7
-13
-47
-41
-58
-84
-94
-90
-112
-119
-127
-148
-153
-154
-152
-162
-167
-206
-229
-215
-231
-267
-283
-304
-312
-289
-292
-284
-273
-295
-314
-281
-263
-258
-219
-204
-221
-203
-194
-177
-128
-112
-110
-72
-60
-64
-34
-30
-16
22
48
76
103
108
129
151
158
187
200
230
256
248
250
269
282
300
329
357
370
362
349
347
337
330
350
346
341
328
312
299
285
273
237
206
194
160
116
102
71
57
56
46
53
32
-1
-24
-36
-85
-119
-129
-154
-177
-186
-235
-272
-272
-277
-294
-284
-290
-331
-316
-298
-314
-295
-268
-285
-269
-245
-249
-216
-193
-193
-160
-120
-129
-116
-104
-96
-57
-56
-30
3
30
40
60
62
88
118
127
158
178
181
208
203
205
235
227
227
248
236
243
287
283
299
332
299
278
274
248
226
229
186
167
159
130
140
142
120
80
43
-3
-71
-77
-94
-126
-133
-147
-186
-198
-216
-236
-231
-252
-278
-276
-277
-286
-309
-336
-350
-380
-396
-379
-384
-376
-357
-374
-389
-372
-347
-338
-304
-291
-289
-258
-230
-206
-169
-158
-151
-97
-65
-51
9
30
30
91
139
142
182
222
205
236
254
258
302
333
348
377
382
379
393
398
403
403
402
390
396
381
381
390
378
365
356
328
304
294
262
247
224
186
155
124
89
70
46
-3
-20
-36
-83
-95
-105
-138
-166
-197
-185
-189
-224
-224
-248
-288
-282
-300
-317
-302
-310
-341
-340
-354
-362
-323
-330
-325
-313
-324
-311
-289
-270
-251
-220
-200
-191
-163
-150
-133
-90
-64
-34
8
41
64
89
127
125
139
182
212
227
248
259
248
254
269
284
324
327
301
331
320
311
324
305
284
282
270
238
231
213
200
197
176
161
146
130
109
95
79
40
21
18
-27
-54
-71
-113
-162
-163
-180
-191
-180
-203
-220
-218
-239
-255
-268
-296
-293
-296
-307
-303
-313
-318
-307
-305
-302
-283
-261
-260
-241
-218
-219
-213
-207
-188
-173
-150
-112
-94
-75
-41
-40
-22
27
45
46
65
78
79
89
76
99
122
117
138
172
170
165
199
194
202
221
222
215
225
212
215
201
194
207
200
203
210
220
209
215
224
208
176
166
147
126
155
160
127
117
106
61
65
58
20
16
-4
-30
-40
-23
-40
-53
-47
-59
-68
-85
-85
-97
-113
-119
-149
-153
-144
-163
-180
-170
-215
-238
-220
-236
-222
-186
-191
-195
-166
-176
-184
-171
-176
-185
-176
-173
-139
-103
-99
-78
-61
-55
-32
15
43
60
69
52
74
75
60
75
85
88
102
123
112
119
149
150
165
188
186
188
193
173
164
176
184
182
189
199
169
150
162
135
139
157
141
139
139
90
80
69
44
40
29
-4
-25
-37
-53
-56
-58
-75
-102
-121
-144
-156
-166
-180
-207
-200
-219
-232
-206
-217
-225
-213
-233
-260
-243
-248
-251
-240
-256
-275
-254
-239
-249
-227
-209
-209
-179
-135
-132
-115
-74
-70
-53
-30
-23
3
24
36
73
82
72
117
155
169
188
175
166
194
183
183
215
193
202
239
261
274
306
304
280
293
289
293
304
294
277
280
281
267
270
264
233
213
208
172
167
179
130
110
91
45
39
44
11
-3
-21
-75
-94
-100
-125
-143
-164
-197
-213
-228
-251
-263
-259
-285
-284
-279
-294
-287
-278
-298
-308
-294
-300
-292
-264
-247
-238
-222
-223
-216
-196
-171
-153
-131
-124
-109
-92
-74
-52
-22
-4
3
32
64
79
117
145
149
170
169
173
204
216
209
229
230
227
250
234
234
259
264
257
243
246
229
212
203
185
155
144
120
98
91
62
38
20
6
-25
-36
-51
-88
-93
-117
-143
-152
-165
-172
-185
-196
-227
-247
-262
-278
-291
-308
-298
-275
-278
-276
-258
-262
-252
-234
-227
-216
-211
-194
-170
-167
-160
-125
-119
-105
-85
-62
-49
-17
-4
37
78
79
98
127
145
161
182
183
202
212
221
230
261
297
316
327
329
334
328
329
330
323
332
323
314
305
301
296
268
264
263
244
239
230
195
159
138
102
84
97
70
38
27
-11
-40
-46
-78
-105
-121
-148
-170
-184
-198
-216
-236
-252
-266
-282
-269
-265
-289
-287
-293
-327
-316
-313
-310
-286
-286
-286
-264
-262
-227
-191
-190
-145
-119
-126
-103
-89
-87
-51
-32
-17
12
30
35
63
63
61
69
77
97
119
117
128
140
130
136
153
163
157
153
143
154
169
162
163
170
164
155
150
136
127
114
92
79
62
55
49
54
40
13
1
-16
-27
-32
-34
-46
-67
-76
-72
-63
-50
-39
-84
-112
-115
-151
-149
-147
-177
-164
-139
-153
-127
-106
-118
-107
-100
-124
-142
-123
-131
-117
-102
-124
-102
-85
-86
-54
-24
-15
-22
-10
3
7
16
31
19
15
28
46
50
71
75
73
93
85
95
112
105
98
106
98
92
112
131
150
149
150
169
175
179
168
139
126
133
133
126
120
115
106
104
102
78
92
73
48
37
21
11
14
5
4
0
-12
-22
-38
-28
-40
-57
-53
-67
-80
-92
-83
-87
-104
-104
-101
-101
-92
-86
-87
-82
-82
-101
-110
-105
-110
-109
-107
-96
-85
-74
-63
-37
-32
-25
-29
-48
-53
-54
-45
-39
-34
-24
-22
-5
19
19
25
18
-2
2
42
33
30
50
26
40
71
72
107
102
67
75
83
61
93
114
108
126
105
97
102
88
96
106
69
74
71
61
72
68
50
46
36
19
34
28
-11
-27
-31
-44
-37
-51
-59
-67
-91
-97
-93
-104
-110
-106
-124
-116
-138
-156
-140
-140
-144
-138
-136
-145
-129
-116
-113
-113
-114
-114
-108
-106
-110
-96
-97
-85
-64
-57
-37
-21
-9
-4
-18
-12
-8
3
29
46
31
33
32
40
69
62
66
66
60
69
81
88
102
111
113
114
110
104
118
130
130
144
139
141
140
128
128
127
108
117
134
120
121
116
87
95
92
74
89
82
55
53
25
15
24
-1
-9
-4
-35
-41
-40
-61
-58
-73
-93
-101
-111
-108
-104
-125
-129
-132
-152
-128
-118
-139
-136
-160
-177
-148
-138
-127
-98
-103
-104
-93
-91
-77
-64
-57
-42
-27
-21
-5
-13
-10
9
31
42
56
67
75
96
98
87
85
93
109
110
100
118
118
101
105
117
114
119
111
99
99
89
95
110
87
68
76
34
21
48
30
1
8
6
-10
11
-25
-54
-41
-61
-93
-78
-69
-79
-51
-65
-70
-80
-103
-86
-68
-86
-88
-87
-105
-94
-90
-103
-103
-115
-115
-88
-80
-70
-54
-56
-39
-29
-54
-41
-27
-62
-44
-29
-59
-34
-23
-31
9
5
-18
16
19
14
33
27
10
34
28
35
66
54
43
54
62
67
83
82
67
75
72
64
89
78
66
75
59
64
64
64
93
98
84
88
87
69
74
91
69
75
72
44
51
40
27
40
27
9
21
-2
-16
-11
-26
-33
-30
-43
-34
-27
-43
-41
-48
-60
-56
-56
-68
-84
-91
-103
-96
-70
-74
-69
-84
-90
-95
-88
-68
-62
-56
-45
-34
-31
-37
-55
-51
-44
-44
-29
-26
-19
13
31
20
37
34
16
24
30
45
41
17
23
45
38
50
53
34
34
42
27
28
37
33
43
61
58
67
69
53
63
58
45
55
55
38
47
39
21
11
6
-3
-4
-13
-18
-21
-27
-15
6
0
-7
-19
-23
-25
-37
-24
-24
-23
-23
-34
-40
-24
-28
-27
-15
-29
-40
-29
-30
-24
-22
-33
-27
-4
-8
-7
-5
-18
-19
-31
-20
-7
-19
-15
-1
-24
-39
-26
-31
-23
-1
-3
3
13
13
5
17
5
-16
-12
-11
-11
-12
-11
-21
-8
11
18
34
47
20
19
30
31
52
71
64
65
46
29
28
28
13
24
30
7
18
11
2
24
20
12
22
8
-13
-14
-34
-49
-44
-38
-36
-28
-30
-41
-47
-45
-52
-49
-38
-36
-41
-34
-42
-55
-59
-56
-57
-56
-61
-74
-83
-80
-68
-76
-76
-72
-74
-54
-37
-32
-29
-19
-13
5
11
4
12
5
15
34
41
43
52
69
70
66
65
68
77
100
112
127
130
123
113
113
116
107
100
92
69
77
89
78
70
83
58
46
66
51
54
57
45
44
43
20
20
8
-16
-8
-11
-8
-3
-6
-20
-28
-48
-55
-55
-61
-60
-56
-53
-53
-52
-48
-51
-50
-77
-90
-81
-93
-78
-69
-68
-56
-58
-57
-39
-41
-43
-37
-44
-54
-36
-24
-14
-2
-12
-14
9
4
-2
16
11
3
10
1
6
13
2
-3
-1
5
14
17
16
9
15
9
2
11
16
15
26
26
25
31
35
28
30
24
6
-8
-3
-19
-23
-8
-19
-7
2
-27
-28
-23
-31
-16
-3
-2
13
12
-13
1
-8
-29
-18
-20
-18
-18
-22
-18
-15
-12
-4
-1
7
14
-4
-14
-20
-21
-15
-11
-8
-12
-20
-33
-29
-25
-14
-11
-1
9
9
2
8
1
-6
9
-2
-4
11
9
6
21
22
22
31
30
30
28
25
28
24
48
54
50
62
46
33
42
46
38
44
43
37
53
54
56
63
49
54
45
41
34
29
22
20
15
6
16
20
23
28
19
-3
-6
3
5
14
10
-7
-14
-35
-35
-32
-42
-56
-60
-60
-60
-64
-63
-52
-65
-45
-49
-63
-51
-62
-72
-54
-66
-69
-42
-54
-55
-41
-56
-53
-42
-52
-32
-27
-44
-26
-20
-22
-15
-19
-12
-14
-17
6
9
-2
2
9
7
16
17
35
42
30
24
33
24
25
33
42
37
41
51
45
38
41
41
42
40
42
53
54
54
50
57
49
37
36
37
31
31
18
7
5
3
3
4
8
-1
-12
-4
3
1
9
10
5
-4
-10
-10
-10
-16
-20
-20
-27
-16
-14
-14
-21
-34
-43
-37
-32
-32
-20
-28
-34
-29
-32
-26
-26
-37
-36
-36
-9
-11
-20
-13
-16
-19
-9
-4
-3
14
25
19
18
19
14
22
29
30
39
31
31
45
43
29
36
30
26
36
43
25
26
19
10
24
22
31
30
19
13
13
2
-5
-6
-4
0
-13
-30
-31
-27
-26
-24
-26
-19
-31
-40
-43
-43
-50
-52
-44
-48
-40
-50
-55
-56
-50
-43
-45
-30
-21
-12
-8
-11
-5
-8
-14
-1
2
-4
-10
-16
-11
-7
3
6
8
-5
-7
4
5
8
4
6
10
5
12
15
18
18
6
-1
-1
4
8
14
20
21
18
24
34
41
37
29
24
24
25
22
25
20
17
25
24
24
25
17
27
21
15
19
21
29
31
29
33
31
29
38
25
17
19
1
1
17
8
3
17
0
6
15
1
7
9
-5
-10
-21
-28
-20
-12
-10
-14
-15
-15
-21
-19
0
-15
-22
-14
-21
-23
-7
-9
-25
-15
-16
-14
-20
-24
-21
-25
-23
-19
-21
-22
-15
-22
-33
-25
-17
-6
1
3
11
1
-7
-8
-4
-17
-16
-9
-22
-12
-6
-18
-4
-5
-16
-16
-18
-18
-17
-5
-8
-5
6
-1
5
23
12
-3
0
-6
-10
3
2
6
7
3
10
15
9
6
6
4
3
4
6
2
3
9
9
12
8
7
14
10
4
4
4
4
7
9
11
6
-4
-1
2
0
2
-2
-2
3
-1
1
9
7
4
11
14
5
6
8
12
13
18
12
6
13
12
11
8
3
8
11
7
11
9
15
23
29
34
22
16
15
5
12
25
19
25
25
15
17
18
7
15
14
3
5
6
-2
-1
10
3
5
-4
-9
-14
-15
-25
-33
-26
-32
-25
-20
-32
-29
-28
-44
-33
-23
-29
-18
-16
-28
-26
-18
-28
-21
-16
-26
-22
-20
-31
-20
-20
-23
-12
-14
-28
-21
-21
-19
-9
-13
-15
-14
-13
-12
-3
-3
3
3
2
11
17
20
19
23
27
29
29
31
30
28
27
27
27
27
25
24
15
16
18
16
29
29
20
25
32
25
30
30
22
22
14
10
13
8
8
11
7
1
4
5
-2
0
-4
-14
-13
-21
-29
-30
-35
-33
-34
-37
-38
-38
-31
-32
-37
-33
-32
-39
-41
-39
-35
-33
-36
-31
-24
-24
-22
-26
-25
-26
-30
-21
-17
-17
-10
-6
-9
-9
-2
-6
-3
0
0
5
16
20
22
24
27
25
24
28
31
30
35
38
34
34
35
47
44
42
39
37
37
38
49
43
46
40
34
31
22
33
28
19
26
20
14
18
13
11
18
11
11
16
10
5
4
-10
-17
-12
-16
-14
-5
-9
-16
-12
-10
-14
-11
-8
-13
-16
-14
-17
-16
-19
-32
-36
-36
-41
-38
-33
-32
-34
-31
-27
-25
-18
-11
-12
-7
-10
-12
-7
-12
-20
-14
-14
-14
-2
-1
7
9
3
5
14
12
16
26
15
16
17
5
1
7
7
13
17
16
18
21
16
11
9
13
6
3
7
5
0
2
-2
-6
-10
-17
-18
-15
-23
-22
-24
-29
-21
-21
-25
-22
-24
-31
-24
-26
-25
-26
-29
-25
-27
-29
-28
-24
-34
-26
-24
-28
-20
-18
-17
-10
-11
-13
-4
4
6
15
14
14
18
15
11
14
16
13
18
16
22
29
27
29
32
33
35
42
43
46
44
40
42
47
48
40
44
39
38
37
32
33
36
32
24
25
22
19
24
20
13
22
7
4
16
11
6
4
-1
-4
3
-7
-14
-9
-10
-10
-6
-12
-16
-15
-30
-23
-16
-28
-22
-16
-26
-27
-22
-26
-24
-16
-24
-25
-25
-33
-27
-24
-28
-24
-30
-37
-30
-34
-28
-23
-25
-27
-21
-21
-19
-13
-10
-12
-12
-5
-9
-3
4
5
4
4
2
2
3
6
12
10
10
10
3
11
12
5
9
13
8
20
25
19
20
14
9
12
8
4
1
-3
-6
-6
-2
-3
-6
-1
-3
-10
-6
-7
-14
-14
-13
-18
-9
-7
-8
4
-1
-13
-2
-3
-7
2
-1
-2
3
0
-1
7
5
-1
-1
-6
-4
-1
2
9
12
8
12
8
4
14
10
11
19
14
10
13
5
6
14
11
7
17
15
11
17
8
3
-1
1
2
4
5
4
1
2
0
4
11
6
4
6
9
17
19
21
19
10
9
7
5
9
10
10
10
10
9
11
9
5
9
2
-2
1
-2
-4
-3
-12
-14
-13
-13
-8
-7
-13
-12
-12
-15
-9
-11
-14
-11
-13
-11
-11
-18
-16
-16
-25
-20
-19
-20
-13
-12
-12
-14
-14
-16
-12
-8
-5
-4
-4
-2
-1
-2
-4
-3
-10
-10
-8
-5
-1
0
3
4
2
4
6
4
8
2
2
6
6
11
11
