SAMPLES:	13365
BITSPERSAMPLE:	16
CHANNELS:	1
SAMPLERATE:	16000
NORMALIZED:	FALSE
-2
1
0
1
0
-2
-2
1
5
6
6
7
7
6
7
7
7
11
10
11
9
8
11
11
14
16
15
15
19
18
13
13
12
9
10
11
10
11
10
12
15
17
16
19
19
14
16
18
14
13
14
12
12
10
5
3
3
-2
-2
-4
-5
-5
-4
-6
-8
-8
-11
-11
-13
-15
-15
-18
-20
-18
-20
-18
-14
-15
-14
-16
-19
-17
-16
-15
-17
-16
-18
-20
-18
-15
-13
-12
-11
-8
-10
-9
-8
-10
-12
-6
-7
-10
-6
-7
-4
-2
0
3
3
5
3
3
0
-3
-3
0
0
-2
0
1
1
4
4
2
3
3
3
6
4
3
6
1
2
7
3
4
2
1
0
-2
-7
-4
-5
27
33
-15
-6
14
-20
-27
9
-9
-13
11
-21
-44
6
13
-31
-13
12
-11
-24
7
3
-12
1
10
-1
9
23
9
6
21
18
13
22
19
12
16
16
14
15
15
19
12
15
18
11
12
20
18
20
27
18
14
23
17
14
20
15
14
15
11
10
7
3
7
0
-4
-1
-12
-12
-7
-12
-10
-6
-9
-11
-10
-14
-14
-10
-9
-8
-8
-14
-13
-11
-12
-11
-8
-8
-11
-8
-7
-9
-4
-8
-4
-3
1
1
-2
-2
-3
-4
-8
-5
-3
-4
-1
-2
0
1
-1
4
4
2
3
0
-1
-1
-2
-5
-9
-7
-5
-10
-5
-4
-9
-3
-1
-11
-1
2
-3
1
1
-1
-2
-4
-6
-3
-1
-3
-6
-5
-6
-10
-10
-6
-8
-10
-3
-4
-11
-6
-9
-13
-9
-12
-8
-7
-1
-4
-4
0
1
-5
0
0
-8
-6
-3
-9
-10
-8
-5
-5
-5
1
4
1
2
5
5
-1
4
7
1
6
5
-2
1
9
8
10
12
10
9
14
18
22
24
21
22
22
21
18
20
20
14
16
19
12
17
19
13
10
17
15
7
6
8
1
0
10
7
8
12
11
5
7
10
2
9
8
-3
-2
0
0
0
7
4
-3
1
2
-4
-8
-3
-9
-10
-4
-9
-15
-11
-11
-13
-9
0
-5
-6
-3
-5
-12
-13
-3
-14
-12
-2
-6
-11
-3
-9
-11
-3
-7
-9
-17
-12
-14
-19
-11
-10
-14
-6
-3
-13
-4
-4
-13
-5
-10
-14
-9
-7
-13
-8
-10
-12
-3
-3
-4
1
0
-4
5
3
0
9
4
-4
-2
-3
-5
-3
0
4
3
2
1
-7
1
3
-7
0
2
-9
-7
0
-7
-11
-4
-8
-12
-4
3
-9
-7
6
-5
-6
7
2
-5
4
2
-5
-3
6
2
-4
4
15
3
8
15
7
8
13
22
17
20
28
18
9
28
29
12
34
35
9
18
23
-2
6
20
-5
9
19
2
3
14
11
7
17
8
9
9
9
2
6
5
3
6
5
-3
10
0
-22
16
-4
-29
23
5
-28
16
2
-33
8
12
-28
4
14
-32
-4
2
-13
-1
-3
-7
-18
-14
-15
-13
-16
-6
-23
-22
-8
-29
-32
-6
-28
-23
-5
-9
-16
-2
-15
-14
7
-25
-1
1
-13
-11
5
-12
-8
9
-9
-10
-2
5
-6
2
-7
15
-14
-8
30
-4
-2
20
16
-26
13
14
-13
11
15
-7
7
21
-14
12
7
7
-9
7
10
-20
6
0
-17
3
14
-37
11
8
-25
-7
9
-24
-15
14
-35
-5
4
-11
-27
28
-20
-27
38
-17
-24
23
19
-28
35
27
-16
35
38
-23
30
39
1
15
18
7
18
29
-13
16
39
-14
3
31
-4
10
24
12
-16
26
27
-25
19
31
-22
12
49
-26
-11
40
-10
-8
35
19
1
11
28
-19
-8
40
-12
-22
45
10
-51
35
18
-28
9
27
-14
-14
35
-8
-25
14
19
-34
-28
15
-32
-49
19
-31
-59
21
0
-70
5
22
-60
-17
24
-40
-36
41
-28
-64
27
0
-74
-4
38
-56
-50
36
-54
-56
48
-32
-65
42
4
-59
23
25
-33
8
37
-27
-10
47
-14
-31
51
5
-52
56
32
-67
20
74
-56
-23
73
-32
-24
64
7
-58
45
17
-55
9
65
-25
-16
41
-15
-8
34
11
-25
17
0
-33
5
19
-42
-20
26
-41
-16
37
-3
-20
37
22
-19
6
30
6
-40
54
18
-37
55
20
-31
31
36
-17
19
40
-8
17
38
7
30
9
12
7
34
2
11
26
24
6
-26
42
-26
-3
30
-12
-43
46
9
-56
31
8
-53
-1
18
-69
32
16
-19
3
16
-15
-13
27
0
3
0
23
-9
9
-6
-6
13
1
8
10
-13
48
1
-51
22
33
-49
-17
51
-60
-2
24
-35
-27
40
-17
-26
32
-2
-44
47
-2
-56
36
15
-88
0
65
-99
9
64
-82
-27
85
-89
-68
72
-54
-51
35
-26
-61
48
-46
-67
63
-28
-23
42
7
-55
30
11
-67
9
20
-46
23
-23
12
18
-36
17
13
-27
-9
44
-32
1
19
-27
-32
48
-33
-24
25
22
-42
31
-4
-28
27
-2
-34
-4
74
-86
54
20
-14
11
1
-14
-14
42
-26
-14
60
-33
3
24
-30
12
-6
-9
-20
45
14
21
30
49
19
9
49
14
21
41
10
-23
59
21
1
41
32
7
36
-11
-4
59
-21
17
29
-27
64
31
-52
76
58
-36
40
18
-39
25
26
-36
8
57
-9
-5
40
2
6
-40
22
30
-49
8
44
-99
-25
79
-116
-21
123
-84
-67
96
-38
-76
23
-25
-44
-27
-15
7
-83
-2
7
-100
-10
36
-44
-62
70
-53
-100
59
-38
-68
29
-1
-85
-12
29
-39
-51
38
14
-99
42
41
-104
-5
66
-67
-65
95
-59
-33
16
31
-30
-36
47
30
-11
17
52
-8
-12
36
-27
-16
62
-29
-12
8
12
8
-1
2
-3
36
-44
-3
56
-57
19
18
-21
-18
35
4
-28
41
-23
-35
23
29
-31
35
34
2
-31
90
-58
-35
93
-30
-55
66
59
-119
100
35
-91
50
91
-59
27
76
-4
24
-12
37
18
-19
53
-20
15
16
48
4
22
45
67
-12
-16
146
-61
2
48
12
-85
74
17
-105
131
-51
-47
73
39
-132
68
41
-128
75
-48
-46
24
-24
-40
18
-37
-29
36
-89
15
43
-143
31
54
-147
73
18
-100
111
-91
14
13
-43
12
16
7
-28
88
-88
18
64
-86
-2
63
11
-61
65
37
-92
69
18
-95
49
32
-71
-17
63
-39
-37
-42
47
9
-103
111
-30
-99
66
-5
-112
39
86
-88
-36
139
-78
-73
135
-73
-99
105
-30
-142
116
-37
-50
98
-87
-3
75
-67
-45
91
-46
-40
87
-70
-39
64
-19
-7
26
28
-6
-43
74
29
-44
33
61
-105
37
81
-109
11
121
-150
3
151
-162
24
154
-159
0
93
-47
-20
69
34
-81
65
26
19
-27
73
28
-70
24
74
-56
-68
133
-79
-40
30
25
-34
-17
79
-62
-25
83
1
-49
60
19
-87
56
-9
-4
3
60
-1
13
22
-43
87
-125
74
-33
13
-61
77
-17
-66
140
-49
-27
10
78
-136
17
104
-130
-13
148
-144
28
46
2
-79
80
88
-188
106
27
-90
72
53
-64
24
24
-13
-21
30
24
-12
-46
101
-50
-28
32
-5
4
-5
-40
96
-88
-10
116
-118
79
9
13
-75
89
-76
-1
20
19
21
-55
126
-63
5
52
3
-48
56
27
-96
44
15
-103
41
51
-102
1
124
-64
-81
70
40
-128
69
79
-177
13
102
-137
-97
157
-116
-146
126
-134
-75
82
-68
-105
62
-100
-80
61
-115
32
-3
-74
15
-63
-9
-17
-45
-31
4
-46
-64
110
-75
-23
98
-93
-22
91
-90
57
67
-79
88
18
-17
37
43
-36
58
39
21
-17
154
43
-112
209
-1
-79
149
21
-73
166
31
-91
205
-56
-21
148
-77
0
170
-62
-7
193
-75
-25
113
-18
-20
-14
89
5
-121
77
48
-163
113
66
-187
172
3
-184
40
192
-227
104
144
-213
154
-47
-41
-30
103
-20
-86
65
-1
-124
4
97
-157
81
35
-128
59
22
-142
83
62
-175
111
75
-160
76
122
-205
93
23
-188
82
2
-129
59
13
-177
120
-112
-118
186
-135
8
33
-83
-15
69
-114
33
53
-132
113
23
-102
117
16
-80
69
-2
-104
95
107
-223
234
-17
-237
177
-15
-264
155
88
-347
228
70
-227
108
94
-219
54
88
-182
65
25
-37
-45
61
-38
-29
33
24
-11
-19
77
-90
77
72
-100
20
26
-16
-11
72
-104
116
-29
27
33
-33
120
-8
86
-82
163
-140
37
123
-143
129
74
17
-15
122
-28
0
42
-34
62
-32
74
9
-13
81
76
-138
137
70
-163
148
-46
-20
-1
20
-121
78
5
-101
73
-53
29
-19
66
-139
81
-87
-42
52
-97
53
-36
-29
78
-71
-75
80
-78
-26
37
45
-99
0
41
-87
-91
73
-91
-13
47
-96
-1
-55
1
-80
42
-37
-28
90
-70
-29
19
-64
-55
67
12
-10
66
-40
67
-14
-20
124
12
-40
163
8
-166
148
53
-206
172
127
-204
167
-3
-139
65
18
-76
84
-31
-37
62
-45
-103
104
2
-157
153
0
-165
53
104
-134
39
51
-141
25
36
-100
137
52
-79
96
-45
-128
66
23
-57
91
54
22
-48
35
58
-170
144
72
-70
110
-31
-113
29
53
-126
162
59
-104
163
-48
-104
85
30
-32
5
145
-96
15
51
-45
-66
106
-9
-29
62
67
-167
17
27
-182
29
60
-88
-38
125
-159
86
4
-24
134
-58
-42
138
-75
10
138
-92
-5
85
-56
-7
43
96
-75
12
69
-107
63
-32
14
0
32
15
-88
61
23
-78
32
94
-77
-44
87
-43
-118
104
-68
-65
91
-3
-40
31
-33
-140
-28
-39
-10
-35
-35
50
-109
11
-15
-144
51
57
-128
-25
133
-70
-7
156
-21
-108
112
39
-123
39
61
-80
58
49
1
-27
-6
31
-17
-44
124
-65
-25
112
-114
-28
42
-56
-42
52
-21
-46
16
-43
-8
-103
31
39
-113
113
65
-65
1
124
-96
-106
160
-83
-51
47
-56
1
69
-24
3
-12
-31
32
1
-53
75
107
-56
117
3
-54
72
30
-81
162
94
-50
147
24
-89
106
56
-60
50
136
-68
-78
3
-81
-41
39
-8
-21
113
-13
-10
17
63
-42
21
33
-83
49
-79
-42
20
91
-36
49
-5
-11
-13
18
-63
7
98
-83
34
-48
-58
-91
55
-74
23
84
67
66
-30
68
22
8
-15
31
-18
67
83
-45
45
11
-24
-37
-32
1
72
-4
-31
3
-69
-150
-116
13
-13
-35
-49
-107
-11
-67
-60
-24
-6
-2
7
-14
-75
23
14
3
-44
104
-8
-31
130
78
-9
18
41
-52
17
30
7
-24
35
-40
-3
10
-8
14
18
21
-28
-7
22
-10
-13
39
-2
-24
-41
-17
1
-64
-8
-80
-74
48
-21
-107
-45
93
71
22
-57
-75
-70
-72
-118
-84
56
144
62
-88
-33
16
46
-2
-47
49
104
30
-10
-39
1
51
-12
-28
17
8
63
13
-26
35
53
43
-9
3
41
12
23
10
58
53
-33
46
26
-46
32
94
28
54
79
29
-51
-21
40
-20
-1
58
33
22
36
-49
-7
15
-5
43
78
13
7
30
19
10
67
3
-39
1
17
-58
-29
14
-19
21
-11
5
-20
-30
-39
-37
-88
-61
-49
-60
-44
18
-6
-14
30
-12
23
-4
-40
-16
-22
-29
9
10
17
27
9
-43
12
-14
-39
12
12
-42
-51
-91
-93
-35
-67
-57
-41
3
-10
29
9
24
35
13
31
65
88
36
17
1
-57
-113
-146
24
228
272
92
-174
7
52
-78
-75
94
101
15
-40
-236
-61
126
-13
-205
-41
15
-45
37
14
40
57
-40
-95
19
35
-4
-44
-32
-30
0
22
-51
-1
-7
8
-34
-34
12
-53
-73
-16
-5
25
-20
-99
32
63
-16
-10
22
-36
41
86
9
31
69
17
39
111
96
77
60
71
75
58
56
21
18
67
49
28
21
42
31
45
12
49
76
5
24
49
80
95
87
79
138
85
5
13
46
78
90
36
-10
12
-3
-39
-22
-29
-111
-97
-142
-83
-61
-129
-116
-80
-148
-138
-110
-133
-89
-87
-76
-111
-56
-83
-85
-120
-112
-159
-176
-155
-164
-140
-153
-144
-131
-97
-95
-87
-140
-125
-107
-118
-74
-10
-28
41
5
-72
34
120
155
328
516
644
795
832
838
766
759
614
461
375
321
233
160
100
-45
-111
-200
-284
-290
-268
-351
-321
-256
-288
-276
-310
-376
-395
-366
-341
-385
-354
-332
-256
-228
-271
-270
-310
-349
-339
-351
-455
-558
-625
-684
-715
-757
-807
-871
-781
-551
-435
-317
-180
-102
-1
111
208
212
244
424
667
852
1065
1606
1946
2074
2218
2228
1848
1544
1351
946
718
657
420
167
208
8
-248
-379
-548
-632
-500
-427
-388
-145
-80
-127
-119
-179
-295
-373
-356
-315
-356
-312
-206
-247
-273
-243
-322
-619
-657
-723
-986
-1107
-1192
-1281
-1370
-1348
-1204
-1138
-969
-667
-482
-412
-195
-48
25
64
127
240
304
355
326
507
522
392
295
262
144
315
421
607
1414
2036
2380
2553
2687
2182
1721
1200
540
204
225
-113
-215
38
-105
-397
-585
-733
-1076
-853
-802
-645
-296
-67
-108
-108
-188
-406
-531
-655
-620
-435
-390
-369
-233
-399
-409
-493
-661
-810
-1007
-1123
-1406
-1453
-1482
-1656
-1605
-1406
-1263
-1072
-747
-521
-381
-93
99
39
13
17
-35
116
247
320
390
413
383
410
340
222
405
671
1190
2172
2831
3233
3464
3268
2637
2162
1374
591
492
207
-88
-11
-4
-114
-239
-476
-791
-1026
-905
-838
-579
-333
-165
-62
-94
-67
-150
-267
-395
-472
-364
-261
-313
-274
-323
-431
-430
-439
-630
-923
-1161
-1414
-1553
-1672
-1787
-1704
-1508
-1192
-858
-626
-428
-236
-15
66
217
296
169
211
408
554
571
502
403
294
367
301
299
400
669
873
1335
2115
2599
3074
3143
3059
2555
1994
1166
436
131
-55
-439
-566
-497
-550
-530
-664
-776
-1046
-1020
-1036
-784
-511
-434
-485
-414
-347
-383
-405
-582
-634
-518
-515
-416
-229
-327
-333
-234
-327
-708
-1020
-1445
-1841
-1933
-1918
-1944
-1788
-1481
-1238
-937
-521
-356
-340
-142
-28
114
217
178
130
205
207
258
394
268
110
150
188
264
341
578
816
1260
2163
2781
3267
3319
3199
2625
2073
1467
703
438
107
-204
-332
-298
-423
-600
-736
-857
-1074
-944
-953
-757
-368
-177
-128
-24
99
-39
-163
-249
-187
-209
-213
-188
-267
-386
-414
-546
-563
-664
-954
-1232
-1415
-1603
-1796
-1823
-1745
-1611
-1364
-979
-507
-205
-41
154
284
455
589
591
623
647
627
670
735
590
435
341
236
260
359
316
503
851
1203
1935
2509
3009
3157
3127
2720
2174
1536
771
352
34
-233
-421
-489
-589
-857
-1048
-1203
-1487
-1489
-1455
-1276
-1079
-807
-698
-629
-488
-470
-457
-468
-497
-451
-264
-190
-183
-162
-270
-411
-419
-690
-981
-1192
-1493
-1716
-1801
-1759
-1679
-1591
-1410
-1083
-670
-383
-150
68
262
488
614
709
787
874
785
857
934
903
791
633
461
385
379
277
225
428
641
912
1505
1874
2200
2297
2262
1877
1504
1074
584
336
173
25
-175
-238
-408
-631
-746
-933
-1236
-1293
-1304
-1222
-1044
-783
-650
-516
-296
-287
-260
-134
-187
-209
-59
-92
-70
9
-43
-130
-101
-307
-575
-753
-1009
-1127
-1273
-1256
-1245
-1189
-983
-761
-530
-265
-52
101
158
333
445
482
606
664
720
727
784
882
859
753
651
533
426
394
398
299
433
598
721
992
1361
1497
1449
1478
1246
1060
955
700
619
642
427
230
158
-29
-295
-379
-536
-639
-623
-688
-689
-652
-589
-607
-710
-650
-600
-606
-523
-510
-412
-365
-320
-251
-202
-201
-298
-340
-368
-484
-640
-680
-761
-992
-979
-1000
-1124
-1033
-914
-840
-633
-497
-435
-303
-249
-149
26
118
236
411
562
679
844
905
982
871
681
611
463
243
130
45
-75
19
47
87
304
454
587
738
849
868
867
781
666
593
453
362
235
145
99
81
61
65
32
36
-67
-220
-279
-372
-413
-424
-405
-314
-265
-267
-292
-317
-380
-417
-422
-445
-339
-235
-208
-194
-207
-297
-397
-479
-562
-562
-596
-585
-487
-398
-317
-263
-282
-215
-137
-100
87
238
296
411
538
491
571
557
427
447
494
332
85
-36
-138
-203
-203
-154
-73
116
264
362
502
605
645
694
607
601
547
447
458
428
438
453
448
350
355
363
245
173
65
27
8
84
98
82
55
-40
-129
-270
-312
-366
-439
-473
-428
-360
-319
-302
-311
-318
-339
-436
-468
-485
-525
-532
-551
-525
-421
-379
-317
-257
-262
-283
-252
-249
-232
-99
-19
-66
-62
2
-54
-123
-167
-202
-246
-234
-254
-131
51
132
221
220
278
395
413
310
362
392
254
101
119
147
147
163
100
122
158
132
109
136
131
135
118
78
89
127
89
27
0
-19
52
54
63
103
77
52
16
-4
37
119
77
8
-18
-14
-44
-26
10
58
90
107
158
193
184
158
141
72
-7
-22
-110
-151
-120
-167
-199
-182
-234
-381
-432
-431
-405
-311
-158
-75
23
61
71
33
-26
-18
-25
-20
-83
-124
-86
-68
-42
-2
-23
43
15
-22
-18
-9
55
102
158
203
241
253
304
219
245
255
157
163
195
176
174
141
41
79
89
21
6
58
51
95
169
181
149
192
186
151
148
129
89
28
-24
-49
-120
-212
-187
-206
-189
-134
-124
-186
-249
-306
-345
-289
-283
-302
-233
-180
-144
-22
57
91
122
103
56
-14
-29
-73
-169
-195
-183
-210
-208
-159
-176
-174
-135
-111
-84
-24
20
135
188
213
345
372
354
327
283
218
191
146
140
126
95
80
22
-39
-91
-173
-202
-222
-214
-149
-118
-82
-28
12
37
14
-19
-75
-125
-155
-123
-86
-83
-39
-62
-92
-72
-111
-198
-238
-328
-376
-365
-332
-270
-158
-88
5
169
271
307
338
371
342
420
411
326
280
166
80
65
19
-35
11
65
67
154
197
153
190
241
297
370
401
435
429
376
333
266
190
75
-19
-78
-158
-180
-220
-276
-313
-361
-357
-293
-283
-218
-146
-155
-150
-125
-149
-185
-152
-198
-239
-210
-233
-199
-141
-150
-95
-20
-62
-87
-98
-249
-306
-336
-382
-321
-249
-202
-71
59
164
307
371
391
444
449
444
454
391
324
261
234
196
144
103
37
26
26
96
140
144
178
203
197
191
183
102
43
38
7
-37
-63
-134
-161
-143
-162
-123
-135
-241
-274
-283
-297
-300
-286
-285
-325
-313
-330
-333
-316
-317
-292
-303
-333
-282
-248
-255
-191
-92
-34
-27
11
43
14
-31
-39
-80
-106
-70
-55
-11
74
127
223
274
246
268
340
337
358
378
311
292
319
292
298
371
361
285
329
326
306
335
316
258
255
228
169
186
169
93
87
145
140
96
39
-52
-121
-125
-146
-167
-128
-128
-130
-79
-86
-150
-189
-224
-262
-282
-243
-231
-207
-178
-177
-171
-176
-246
-272
-213
-205
-220
-177
-146
-176
-146
-180
-199
-221
-220
-234
-169
-98
-62
19
98
114
136
152
109
99
118
127
155
178
180
194
167
200
191
115
146
179
185
247
242
172
134
76
69
104
118
119
119
118
116
65
-19
-99
-162
-186
-179
-183
-152
-96
-126
-138
-160
-218
-233
-219
-216
-212
-205
-203
-193
-146
-112
-119
-97
-110
-160
-139
-152
-192
-222
-226
-238
-234
-210
-218
-167
-115
-116
-49
35
88
164
221
223
255
250
226
282
255
189
220
254
252
286
326
303
239
251
203
176
144
138
141
120
137
90
107
155
204
238
275
298
250
229
164
129
101
23
-2
-19
-36
-29
-99
-127
-152
-193
-145
-124
-178
-156
-187
-254
-166
-175
-175
-57
-117
-167
-89
-104
-144
-94
-124
-116
-88
-88
-60
-71
-62
-55
-92
-100
-71
-71
-9
53
71
128
122
86
109
80
15
40
31
-3
35
53
34
55
57
12
-31
-74
-121
-151
-140
-117
-78
-42
0
46
93
88
39
22
40
18
-17
24
11
12
66
33
33
31
-16
-42
-40
-68
-59
-81
-82
-44
-44
-19
3
6
0
-18
-31
-11
-35
-56
-25
-77
-125
-87
-127
-167
-110
-85
-103
-60
-29
-49
-38
18
27
76
86
62
76
41
-7
-15
-34
-57
-28
-22
5
22
31
52
63
34
6
-4
-32
14
35
48
88
106
154
200
166
134
149
86
68
154
152
131
220
214
163
217
196
157
167
133
91
60
1
-45
-13
-10
-17
30
-8
-62
-26
-50
-95
-112
-170
-212
-179
-191
-166
-135
-172
-152
-133
-153
-140
-148
-155
-92
-59
-20
49
33
24
45
-6
-21
-33
-59
-79
-90
-101
-94
-95
-80
-74
-57
-43
-59
-62
-86
-106
-118
-61
-53
-11
70
130
161
182
185
183
201
195
228
222
215
235
232
221
212
163
73
-9
-75
-150
-194
-213
-225
-200
-147
-130
-115
-78
-65
-46
-50
-64
-88
-82
-84
-51
4
-1
-12
8
1
-20
-19
-35
-34
-33
-35
-51
-60
-32
-47
-66
-64
-59
-64
-78
-68
-64
-19
28
117
181
201
218
174
147
133
105
53
70
85
100
123
101
134
116
78
97
108
67
80
108
117
165
196
179
211
184
130
106
67
18
7
20
0
-39
-27
-52
-56
-48
-94
-119
-117
-146
-184
-177
-178
-166
-122
-85
-63
-34
-33
-33
-28
-49
-81
-89
-132
-183
-195
-181
-144
-125
-149
-146
-180
-204
-185
-211
-192
-135
-118
-67
-15
-6
59
46
8
40
9
-33
10
18
48
105
101
119
189
183
168
199
190
148
168
197
209
242
259
244
229
202
169
128
77
67
65
52
52
83
82
72
52
21
4
-31
-78
-61
-49
-121
-145
-118
-158
-177
-190
-214
-222
-227
-213
-188
-172
-193
-161
-144
-175
-156
-184
-204
-217
-224
-263
-242
-211
-173
-140
-96
-87
-70
-23
-5
7
38
79
29
41
87
74
105
152
178
205
220
227
214
221
232
224
233
259
294
293
284
262
200
161
130
67
30
11
-11
-23
-16
25
56
85
88
80
73
51
42
56
7
-32
-34
-92
-122
-154
-150
-126
-141
-130
-106
-98
-75
-42
-27
0
22
-21
-29
-60
-133
-134
-155
-164
-115
-72
-68
-34
-17
16
89
108
102
128
132
107
118
106
82
84
78
51
48
41
10
25
62
71
91
91
62
68
65
37
57
46
21
14
-5
-14
-32
-72
-75
-70
-91
-79
-73
-82
-48
-83
-113
-114
-177
-240
-224
-282
-319
-267
-298
-304
-243
-224
-205
-116
-107
-80
14
20
51
71
17
-36
-65
-85
-114
-121
-112
-97
-73
-5
17
36
94
117
160
208
215
216
202
174
206
214
199
219
209
214
238
203
213
201
176
169
122
94
84
63
71
65
51
51
9
-16
-16
-42
-24
-23
-47
-42
-52
-70
-39
-56
-84
-101
-171
-212
-245
-287
-298
-282
-285
-260
-244
-250
-200
-174
-137
-56
-59
-53
21
12
-2
47
54
63
86
89
122
99
84
90
103
121
132
191
197
194
271
294
290
332
337
301
299
303
304
325
319
298
308
292
235
207
187
137
82
34
7
-6
-42
-88
-136
-144
-189
-229
-194
-196
-227
-218
-241
-244
-211
-248
-266
-269
-309
-332
-318
-336
-331
-336
-378
-360
-356
-357
-325
-298
-282
-235
-234
-237
-223
-208
-175
-124
-67
-10
30
57
111
120
133
179
172
179
210
233
232
230
212
199
230
224
214
231
212
194
197
234
274
299
320
340
294
276
264
210
180
136
83
78
59
44
38
7
-14
-16
-8
-21
-26
-59
-57
-55
-68
-106
-108
-109
-100
-99
-122
-163
-215
-240
-282
-296
-307
-312
-291
-263
-221
-211
-244
-234
-206
-207
-178
-135
-110
-70
-35
-39
-11
16
14
52
86
80
89
71
67
122
125
151
164
180
190
200
212
229
269
246
235
225
222
215
212
247
268
266
252
232
175
166
130
91
102
88
95
111
125
89
44
-3
-50
-79
-97
-133
-152
-141
-140
-140
-131
-146
-211
-220
-216
-256
-256
-264
-289
-286
-251
-245
-216
-178
-171
-172
-154
-124
-135
-121
-151
-180
-167
-151
-147
-117
-87
-82
-82
-105
-119
-85
-75
-32
-1
32
57
57
86
99
98
112
123
136
164
159
159
160
158
169
171
202
177
122
142
113
108
177
153
146
197
180
176
199
168
164
171
144
100
94
92
66
37
38
30
0
-6
-23
-36
-55
-67
-58
-57
-68
-50
-61
-96
-93
-114
-144
-141
-150
-153
-141
-156
-142
-137
-137
-135
-116
-87
-70
-38
-38
-38
-37
-29
-22
-10
-2
-8
-12
-23
-17
-7
-31
-71
-76
-71
-59
-36
2
11
29
26
8
1
37
66
75
92
103
114
58
69
88
73
77
58
54
42
27
26
49
45
60
71
69
88
57
32
38
34
15
1
13
14
-2
-21
-22
-38
-69
-64
-68
-47
-41
-22
-33
-18
-15
-12
-1
-57
-25
11
-4
23
32
36
73
57
90
97
59
31
9
4
-31
-77
-96
-95
-99
-87
-82
-84
-54
-51
-52
-32
-44
-69
-65
-49
-46
-37
-25
-10
4
-21
-49
-56
-64
-57
-32
-20
-28
-3
2
12
19
56
58
52
56
37
55
63
57
53
60
44
40
35
44
90
81
90
109
114
128
103
85
96
90
73
82
64
47
65
30
-2
22
1
11
32
32
52
28
-16
-47
-57
-79
-67
-35
-50
-62
-67
-47
-45
-71
-81
-88
-98
-109
-123
-134
-134
-160
-166
-131
-139
-127
-110
-123
-142
-127
-96
-107
-67
-39
-37
-13
1
-2
-1
16
8
19
9
-1
-5
-12
-1
12
7
29
40
20
57
85
70
107
131
113
138
146
148
136
129
140
168
149
135
162
155
137
142
155
130
109
108
69
52
42
55
71
76
59
49
66
61
45
60
57
15
-23
-52
-107
-134
-128
-127
-125
-104
-109
-143
-131
-125
-136
-125
-122
-117
-89
-73
-89
-70
-70
-83
-76
-57
-82
-86
-91
-114
-93
-92
-104
-94
-82
-95
-76
-55
-84
-56
-40
-52
-24
6
14
32
83
96
89
104
117
92
105
115
90
100
99
91
114
95
45
38
15
17
23
26
46
68
47
29
51
42
16
15
4
-27
-23
-39
-51
-38
-49
-49
-49
-47
-58
-58
-48
-73
-81
-58
-44
-28
-16
2
1
-5
-17
-27
-18
-39
-33
-25
-34
-20
-18
-37
-51
-44
-59
-69
-45
-38
-39
-15
6
27
55
49
58
87
83
94
130
129
110
108
102
68
48
34
13
23
30
22
6
15
24
18
30
60
82
98
95
79
79
62
48
49
25
2
-6
-27
-27
-22
-14
-22
-8
-9
13
31
8
16
11
-12
-24
-39
-46
-43
-82
-85
-100
-93
-83
-85
-80
-81
-72
-81
-51
-51
-68
-57
-83
-86
-81
-87
-64
-29
-25
-6
23
2
20
41
24
57
57
20
41
39
28
29
10
-26
-16
-5
-13
24
48
51
61
85
100
114
109
98
100
83
67
72
38
21
6
-43
-50
-33
-39
-31
-10
-15
-23
-10
-26
-26
-16
-25
6
-2
-15
-10
-39
-54
-53
-53
-32
-39
-52
-32
-20
-44
-33
-30
-47
-27
-19
-1
1
-4
11
9
0
16
17
-4
14
17
-4
5
9
-9
2
1
-3
3
7
9
4
2
8
-5
4
15
-2
-6
-6
-6
13
30
23
19
0
-5
-6
-11
-18
-45
-43
-36
-41
-41
-50
-47
-46
-53
-44
-29
-24
-25
-11
-10
-3
-9
0
18
10
36
35
16
29
27
15
35
33
21
47
50
38
70
81
89
113
101
98
81
69
87
69
66
62
49
49
42
38
28
19
24
33
26
36
35
17
10
10
21
9
-7
-14
-22
-32
-38
-51
-62
-51
-60
-55
-51
-71
-70
-86
-95
-94
-94
-85
-78
-87
-74
-71
-81
-73
-52
-35
-38
-18
-18
-24
-8
-6
-10
-1
-11
-20
-12
-9
2
19
32
28
29
34
29
25
21
24
24
19
17
3
12
12
10
10
9
4
-1
8
-1
-1
7
8
9
18
26
33
33
15
16
18
24
36
42
28
31
52
43
36
42
36
1
12
20
-4
-19
-20
-32
-43
-45
-38
-37
-43
-39
-47
-60
-52
-55
-53
-44
-44
-35
-19
-22
-19
-10
-26
-18
-14
-26
-20
-24
-23
-10
-11
-18
-6
-12
-6
7
-3
9
12
22
38
36
37
34
17
33
39
31
52
55
49
62
62
67
69
57
75
73
36
46
46
34
48
49
35
35
27
14
23
3
11
-3
-18
-7
-2
-13
-2
0
-14
-25
-36
-41
-31
-26
-24
-20
-31
-26
-16
-21
-11
-10
-19
-14
-25
-21
-22
-29
-24
-20
-23
-22
-28
-41
-41
-46
-53
-53
-46
-41
-46
-48
-39
-39
-40
-33
-29
-33
-32
-34
-21
-20
-17
-5
-15
-10
-1
3
15
45
50
40
41
36
20
22
25
29
29
18
10
16
7
2
9
16
20
22
23
27
22
27
39
40
42
44
51
43
41
40
35
30
40
35
32
17
8
9
12
20
4
-1
1
-7
-6
-10
-25
-24
-14
-28
-32
-26
-28
-30
-26
-30
-38
-38
-33
-24
-16
-11
-12
-7
0
-6
-4
5
4
2
18
26
24
15
24
19
11
15
15
1
7
23
20
23
7
0
13
14
12
30
33
27
31
26
22
16
-6
-5
-4
-12
2
-13
-27
-25
-24
-13
6
9
9
9
-1
3
-13
-22
-16
-32
-37
-29
-39
-38
-28
-41
-31
-27
-43
-39
-43
-48
-42
-42
-59
-55
-41
-47
-46
-40
-37
-45
-39
-30
-28
-29
-20
-30
-28
-28
-20
-11
-16
-11
-2
6
-3
4
6
3
3
14
17
27
32
22
35
53
47
41
51
39
35
46
48
50
64
53
53
56
54
50
58
68
75
67
54
55
46
49
47
37
34
25
19
11
26
13
3
12
5
6
9
4
-2
-9
-14
-14
-13
-21
-26
-27
-50
-43
-37
-62
-51
-34
-57
-56
-50
-56
-40
-27
-29
-16
-11
-14
-6
-2
7
7
5
7
0
-14
7
16
-3
-5
-10
-14
-12
-6
3
16
-1
-3
8
-1
20
15
3
18
18
20
27
34
30
28
12
4
7
10
15
13
9
4
-11
-16
-19
-42
-40
-29
-37
-21
-4
-16
-21
-21
-39
-46
-47
-43
-33
-20
-19
-2
3
-21
-23
-12
-45
-53
-31
-48
-38
-10
-27
-24
-4
-8
-1
0
-6
-9
12
21
1
18
22
1
5
17
7
18
29
19
21
29
36
36
27
26
20
23
32
37
47
47
48
56
48
37
48
32
19
35
22
7
9
5
-10
1
1
-7
-2
-2
-4
-11
-7
3
0
-2
-2
-22
-18
-11
-12
14
11
2
-1
-8
-17
-5
-4
-12
-4
-28
-21
-12
-17
-7
2
2
16
10
14
38
25
10
24
21
16
17
14
11
1
-10
1
-6
-13
-10
-15
6
19
13
25
23
2
3
6
1
5
6
-6
-1
-7
-3
4
8
7
-7
-24
-36
-29
-16
-25
-25
-19
-33
-31
-21
-34
-33
-22
-20
-12
-2
-10
-11
-3
-10
-13
1
-3
-7
1
-7
-14
-6
-5
-20
-11
10
-12
2
20
10
17
19
19
25
30
23
5
-5
-4
-7
-9
-9
-21
-20
-19
-26
-17
-29
-45
-42
-26
-28
-19
-17
-29
-17
-17
-22
-12
-1
-14
-15
-22
-20
-9
-13
-10
7
0
11
32
21
24
30
26
14
9
12
10
19
30
42
46
104
299
395
114
-393
-674
-478
-42
255
271
173
213
296
196
84
79
-67
-438
-714
-566
-10
531
604
259
-121
-279
-182
58
217
189
-25
-263
-223
38
253
193
-74
-249
-161
68
252
295
191
26
-35
11
86
138
43
15
70
22
-40
-17
-56
-208
-156
46
250
182
47
-8
81
167
58
-203
-406
-138
-66
-87
172
186
10
21
-62
-88
-119
-117
-33
-68
-59
18
115
-47
-154
-124
5
37
107
151
-150
-208
-5
125
-26
-236
-228
-25
408
347
-160
-345
-45
275
-34
-310
-183
190
315
28
-156
-51
44
91
-1
-188
-126
142
208
59
-69
-128
-37
33
-109
-197
-4
27
13
-113
-147
-15
90
-72
-199
6
131
90
-49
1
-43
10
46
31
-69
-43
91
46
-39
94
123
-144
-84
92
130
89
-42
-231
78
358
115
-369
-203
307
238
55
-52
-21
208
249
-78
-106
115
50
-47
1
33
62
147
126
109
103
-112
-19
179
231
-119
-269
-11
223
157
-100
-221
-171
223
137
-204
-365
-13
187
31
-71
-183
69
278
112
-272
-451
-160
216
173
-135
-111
85
329
220
-240
-308
-87
207
20
-141
-96
68
136
-4
-140
-312
-147
162
192
-175
-153
51
216
160
-182
-308
-6
235
115
-91
5
311
274
-82
-179
5
-42
18
-16
91
214
52
-89
18
-12
-269
-310
-94
234
189
-70
-289
15
289
62
-287
-217
189
149
-90
-56
55
109
-47
-216
-100
143
156
-19
-117
-128
91
120
-5
-133
-170
76
156
-77
-265
-309
7
287
85
-220
-23
180
101
-35
-133
-65
57
156
-18
-96
2
105
29
-72
-117
-8
192
157
64
23
72
120
83
-139
-158
21
145
192
53
11
99
45
-19
-124
-141
-58
106
200
115
41
18
58
74
26
-207
-268
7
334
146
-130
-146
-60
145
21
-203
-164
97
175
-29
-230
-162
101
71
-113
-134
-12
107
102
-78
-166
-23
114
119
103
72
50
36
-115
-142
-1
227
201
8
-88
-10
107
87
68
-26
-42
40
64
63
77
-17
-99
16
132
134
13
-73
-32
-6
-64
-30
48
-39
-156
-148
-72
-24
-135
-248
-169
17
101
-57
-248
-186
-6
-57
-267
-309
-191
-80
48
-36
-199
-182
-92
12
-30
-134
-191
-107
144
233
-55
-270
-202
67
233
116
-27
-2
168
237
192
135
170
191
142
67
140
262
333
268
112
197
333
400
368
162
42
178
238
105
-24
-59
84
199
116
-44
-72
86
44
-205
-409
-431
-207
-61
-176
-296
-254
-92
-77
-203
-333
-319
-113
-42
-196
-451
-454
-272
-117
-196
-350
-344
-131
0
-30
-135
-274
-163
-67
-128
-168
-24
110
167
127
83
183
371
397
367
612
1159
1398
1146
720
508
548
511
364
326
610
841
697
257
-58
-179
-206
-163
-160
-152
-8
129
-39
-215
-404
-676
-732
-612
-465
-365
-301
-293
-329
-426
-636
-814
-776
-651
-500
-311
-246
-390
-623
-736
-879
-1075
-1118
-958
-736
-548
-468
-465
-433
-399
-307
-151
-10
-4
-60
-23
139
345
478
686
1120
1530
1800
1932
1870
1608
1286
1090
1116
1185
1175
1224
1202
1005
642
177
-192
-310
-322
-239
29
183
58
-254
-545
-738
-813
-853
-810
-551
-213
-7
81
-128
-389
-549
-602
-489
-419
-456
-502
-549
-684
-965
-1415
-1655
-1594
-1338
-951
-704
-571
-589
-725
-812
-917
-931
-748
-397
70
517
769
777
627
518
425
336
382
824
1686
2634
3076
2912
2358
1750
1304
904
680
854
1335
1745
1685
1200
560
13
-351
-642
-720
-461
35
296
102
-374
-894
-1186
-1187
-905
-626
-413
-212
-103
-45
-109
-389
-769
-969
-904
-639
-497
-643
-889
-1124
-1330
-1513
-1744
-1924
-1887
-1587
-1212
-965
-975
-1095
-1072
-951
-878
-811
-618
-272
297
730
737
481
259
244
210
394
948
1799
2708
3120
2913
2371
1829
1429
1045
848
1011
1490
1926
1801
1081
189
-289
-553
-807
-882
-450
197
534
372
-296
-960
-1314
-1410
-1264
-953
-523
31
369
227
-218
-689
-913
-910
-827
-652
-452
-339
-478
-858
-1280
-1625
-1938
-2146
-2105
-1640
-978
-571
-643
-980
-1049
-844
-672
-746
-763
-359
479
1173
1226
751
240
114
203
574
1342
2444
3452
3795
3365
2615
1924
1314
835
711
1167
1886
2183
1759
855
4
-603
-991
-1072
-721
30
675
858
439
-323
-941
-1218
-1292
-1135
-647
-144
170
183
-98
-526
-826
-921
-906
-830
-755
-701
-717
-930
-1287
-1622
-1909
-2111
-2085
-1864
-1508
-1050
-878
-1001
-1094
-950
-704
-607
-713
-708
-281
387
927
950
620
310
172
287
745
1688
2834
3600
3753
3269
2454
1499
752
408
714
1478
2062
1950
1317
392
-574
-1043
-1230
-1167
-631
252
890
970
247
-802
-1506
-1575
-1328
-1037
-663
-173
239
255
-275
-982
-1290
-1204
-1025
-960
-906
-889
-996
-1261
-1516
-1754
-2021
-2216
-2143
-1887
-1476
-1057
-831
-799
-756
-627
-585
-671
-749
-604
-176
451
799
720
473
292
179
412
1062
2123
3266
3995
3994
3355
2368
1444
892
848
1416
2045
2229
1858
1095
189
-529
-1021
-1123
-725
202
1053
1282
798
-82
-818
-1142
-1082
-915
-539
25
485
471
10
-639
-1154
-1319
-1143
-783
-571
-633
-888
-1299
-1615
-1849
-2167
-2301
-2216
-1950
-1571
-1204
-1095
-1057
-961
-879
-787
-666
-589
-546
-344
113
528
621
429
223
89
2
398
1339
2694
3779
4096
3659
2814
1885
1109
664
865
1646
2306
2267
1583
565
-409
-1020
-1363
-1220
-451
706
1414
1200
364
-494
-1102
-1377
-1341
-1006
-280
420
578
181
-519
-1183
-1575
-1573
-1206
-787
-650
-827
-1204
-1578
-1854
-2070
-2222
-2295
-2118
-1840
-1458
-1148
-1009
-961
-833
-688
-596
-482
-452
-411
-249
42
238
459
423
261
-29
-20
544
1723
3147
4015
4166
3651
2787
1603
616
237
914
1990
2508
2070
1311
350
-678
-1401
-1693
-1157
95
1181
1459
1003
130
-735
-1485
-1665
-1222
-406
235
600
382
-194
-893
-1528
-1853
-1621
-935
-509
-516
-884
-1284
-1688
-1953
-2177
-2209
-1994
-1601
-1209
-877
-747
-725
-714
-594
-360
-178
-94
-129
-100
74
262
315
368
272
248
88
379
1318
2743
3808
4251
4147
3492
2528
1341
572
676
1709
2495
2271
1284
378
-582
-1345
-1801
-1694
-784
595
1343
1147
510
-299
-1115
-1584
-1401
-806
-55
324
397
-61
-676
-1309
-2009
-2244
-1588
-727
-358
-641
-1275
-1779
-2073
-2231
-2374
-2336
-1965
-1344
-951
-836
-829
-770
-734
-503
-265
-66
114
103
-57
-83
-34
-89
-187
-143
108
283
786
1582
2897
3940
4301
3884
2931
1984
1319
999
1302
2107
2399
1778
667
-335
-1211
-1648
-1686
-1119
-34
1034
1330
790
-71
-765
-1340
-1350
-739
-27
418
395
-45
-745
-1325
-1840
-2138
-1897
-1043
-366
-345
-948
-1743
-2177
-2223
-2143
-2018
-1807
-1418
-1024
-896
-858
-816
-773
-560
-172
147
365
381
205
-26
-148
-214
-284
-170
28
224
200
566
1507
3021
4196
4478
4037
3239
2272
1301
741
1079
2022
2234
1564
539
-266
-1190
-1859
-2000
-1291
110
1334
1617
1105
337
-495
-1281
-1404
-716
131
649
637
279
-329
-1110
-2061
-2546
-2133
-1123
-416
-270
-668
-1253
-1827
-2196
-2299
-2188
-1821
-1435
-995
-572
-372
-505
-726
-725
-341
119
392
351
182
3
-202
-482
-661
-521
-246
112
147
381
1366
2795
3915
4226
3964
3173
2206
1317
806
1087
1885
2006
1204
33
-788
-1462
-1925
-1744
-954
274
1252
1524
1028
222
-457
-1043
-1161
-421
299
469
260
-66
-688
-1409
-1956
-2215
-1849
-959
-486
-617
-900
-1192
-1623
-1992
-2043
-1978
-1774
-1487
-1093
-657
-296
-353
-683
-784
-441
18
236
194
67
-74
-235
-528
-925
-918
-503
-41
305
304
728
1884
3421
4350
4374
3880
2875
1786
943
619
1193
1972
1740
739
-386
-1134
-1880
-2104
-1492
-254
1049
1768
1651
824
-246
-1046
-1383
-795
367
1064
1058
514
-285
-1336
-2189
-2503
-2054
-1136
-301
2
-184
-808
-1559
-2181
-2234
-1804
-1384
-1100
-907
-604
-335
-261
-577
-804
-472
-84
96
239
148
-111
-319
-431
-654
-846
-684
-360
151
386
158
729
2187
3895
4572
4280
3517
2535
1589
838
626
1288
1793
1133
-116
-969
-1375
-2002
-1933
-1075
228
1392
1771
1330
591
-110
-735
-994
-241
716
975
448
-267
-976
-1763
-2161
-2164
-1722
-904
-358
-431
-783
-1138
-1550
-1898
-1802
-1494
-1244
-1235
-1184
-889
-438
-138
-257
-492
-435
-264
-61
-48
-218
-379
-448
-499
-726
-822
-692
-409
-95
115
93
716
2166
3780
4446
4299
3688
2665
1473
643
498
991
1506
1178
199
-751
-1367
-2013
-2085
-1194
97
1071
1662
1661
1016
89
-672
-887
-256
520
717
265
-301
-883
-1632
-2135
-2209
-1800
-1113
-549
-425
-637
-1146
-1690
-1872
-1536
-1045
-766
-762
-867
-729
-481
-283
-264
-302
-224
-55
25
-46
-211
-365
-359
-144
-45
-99
-434
-736
-743
-371
10
417
1685
3389
4469
4517
3959
2985
1933
1203
819
885
1615
1666
575
-689
-1437
-2016
-2352
-1577
-135
1094
1790
1771
1037
203
-253
-499
-366
378
627
137
-537
-1088
-1692
-2038
-2000
-1738
-1181
-693
-591
-706
-1043
-1380
-1451
-1151
-744
-779
-1016
-1213
-1196
-925
-519
-257
-160
7
-27
-367
-511
-581
-541
-249
156
358
0
-574
-1167
-1295
-887
-141
349
897
2355
3822
4507
4223
3269
2255
1407
808
674
1010
1654
1331
151
-1128
-1942
-2429
-2348
-1089
577
1766
2071
1514
704
-51
-718
-983
-542
366
638
312
-344
-1124
-1837
-2305
-2205
-1667
-906
-318
-209
-336
-775
-1336
-1523
-1222
-902
-789
-693
-785
-842
-743
-580
-371
-314
-388
-518
-534
-367
-219
-83
104
259
207
-161
-579
-940
-995
-577
14
612
828
1700
3130
4140
4260
3567
2856
2037
1314
884
652
1035
1084
195
-926
-1643
-1676
-1639
-825
508
1387
1643
1300
701
33
-430
-558
-340
400
755
337
-531
-1371
-1882
-2221
-2035
-1448
-772
-233
-134
-270
-674
-1221
-1573
-1512
-985
-666
-553
-667
-835
-818
-720
-586
-567
-407
-125
-105
-103
-159
-249
-282
-138
213
269
97
-258
-532
-656
-554
-358
-72
376
977
2326
3639
4161
4043
3434
2543
1523
722
193
10
550
603
-109
-905
-1280
-1621
-1669
-605
441
888
1131
942
401
-149
-472
-731
-641
-19
2
-481
-1055
-1591
-1987
-1986
-1463
-864
-295
24
-46
-234
-677
-1086
-1229
-1046
-836
-875
-950
-1207
-1414
-1205
-614
-40
229
441
358
118
74
-56
-121
31
318
394
244
-147
-765
-1228
-1237
-637
224
963
1475
2429
3546
3949
3592
2908
2311
1621
1125
916
726
898
723
-274
-1368
-1833
-1792
-1704
-815
396
973
1047
653
50
-622
-911
-716
-356
298
530
-11
-913
-1628
-1882
-1747
-1084
-311
255
439
131
-443
-1140
-1617
-1683
-1317
-796
-643
-724
-1007
-1269
-1043
-509
64
396
601
648
359
55
-97
-75
58
271
333
-3
-294
-594
-802
-692
-362
202
698
1016
1279
2181
3286
3936
3960
3315
2408
1464
807
418
331
585
288
-728
-1579
-1964
-1980
-1615
-613
301
548
449
83
-406
-646
-539
-468
-152
353
272
-328
-1004
-1515
-1669
-1430
-745
-252
-81
-144
-626
-1014
-1373
-1589
-1509
-1032
-525
-414
-512
-805
-972
-808
-277
348
644
887
854
471
142
-277
-563
-477
-9
489
622
406
-54
-518
-689
-671
-319
235
953
1360
1951
3113
3676
3740
3185
2520
1656
895
438
-182
-121
-15
-709
-1614
-2082
-2125
-1991
-1167
-113
246
379
218
45
-137
-162
-125
-97
304
378
-14
-651
-1164
-1349
-1272
-814
-528
-447
-553
-855
-877
-886
-966
-974
-704
-413
-494
-405
-302
-344
-135
210
596
596
489
240
-133
-30
133
51
-8
94
216
111
-10
-191
-311
-365
-229
97
288
573
860
1104
1328
2386
3409
3609
3129
2157
1060
-19
-523
-634
-361
148
-79
-1090
-1958
-2263
-2200
-1700
-427
656
951
651
186
-167
-343
-256
-200
163
529
252
-430
-1029
-1323
-1540
-1280
-657
-263
-49
-198
-413
-610
-780
-700
-604
-214
-24
-253
-509
-751
-797
-679
-65
607
896
974
652
147
-214
-366
-183
162
524
606
349
18
-249
-392
-384
-9
465
827
976
968
863
1018
1973
2738
2837
2170
1308
353
-546
-621
-569
-230
197
-76
-926
-1487
-1481
-1420
-1030
-36
595
654
401
136
-245
-528
-348
-212
144
364
98
-474
-906
-960
-996
-778
-300
45
203
43
-251
-634
-968
-1115
-1019
-711
-477
-360
-335
-303
-208
-17
266
371
421
625
627
541
377
103
-156
-261
-153
-170
-188
-43
187
356
364
298
196
2
40
303
543
521
453
979
1290
1488
1204
600
471
344
401
179
200
378
-145
-1020
-1507
-1292
-1116
-857
-179
30
1
-179
-251
-50
295
616
401
356
394
201
-52
-296
-247
-334
-440
-425
-485
-424
-487
-381
-292
-330
-370
-469
-399
-463
-427
-275
-145
166
557
728
583
350
199
68
72
171
170
-12
-137
-203
-267
-116
85
217
297
299
172
-208
-476
-559
-641
-507
-309
-158
-102
579
1166
1590
1578
1339
1145
695
635
444
459
471
-47
-1002
-1530
-1358
-1167
-868
-128
423
590
394
185
106
241
615
576
701
767
382
-189
-549
-555
-626
-527
-209
-41
-37
-209
-360
-449
-375
-245
-217
-132
-236
-413
-481
-507
-436
-399
-106
118
74
34
-102
-164
-98
-32
-39
3
3
-247
-430
-458
-507
-587
-587
-446
-501
-803
-960
-896
-645
-214
197
722
1644
2207
2245
1750
1302
916
503
510
464
685
642
175
-474
-910
-844
-731
-262
410
705
665
407
283
165
368
713
692
748
608
259
-135
-242
-30
32
109
106
-128
-422
-553
-497
-477
-409
-475
-788
-1019
-1110
-1046
-995
-704
-194
140
256
71
-172
-413
-598
-432
-219
-65
-11
-254
-662
-1000
-981
-832
-663
-390
-208
-239
-427
-367
-364
-227
135
441
566
512
617
941
1377
1878
1995
1690
1395
816
345
206
489
761
574
212
-155
-434
-525
-473
-16
562
868
888
776
538
285
154
149
426
672
563
241
-99
-460
-740
-804
-577
-424
-425
-526
-687
-924
-1121
-1124
-953
-657
-437
-402
-534
-740
-888
-909
-763
-487
-400
-410
-371
-414
-531
-555
-460
-285
-208
-91
-23
-116
-149
-71
143
306
358
365
193
151
284
444
456
353
462
606
1117
1587
1683
1541
1445
1203
737
609
649
775
862
668
365
127
25
-33
-50
293
455
418
423
338
85
-185
-329
-439
-516
-516
-554
-634
-704
-744
-818
-862
-690
-539
-504
-402
-273
-341
-464
-510
-709
-947
-1048
-1173
-1245
-1094
-816
-554
-305
-233
-259
-303
-291
-181
-66
157
355
483
523
373
346
397
332
281
314
279
102
87
207
289
338
389
309
291
463
563
692
1009
1373
1496
1229
1017
840
726
885
1027
1150
1019
693
104
-415
-503
-470
-428
-416
-457
-579
-731
-788
-779
-689
-615
-573
-362
-191
-46
-120
-192
-349
-518
-530
-631
-733
-780
-708
-718
-663
-567
-618
-664
-576
-456
-363
-264
-205
-302
-424
-412
-251
-127
-42
107
114
101
184
376
637
780
811
758
600
416
202
57
-40
-33
57
190
250
182
96
115
338
610
825
970
1200
1252
1068
854
616
415
119
-8
-2
5
23
-62
-203
-303
-312
-306
-216
55
158
183
159
69
-72
-295
-437
-567
-581
-540
-504
-496
-596
-779
-862
-683
-306
51
299
364
265
109
-22
-111
-231
-350
-414
-448
-582
-683
-655
-530
-220
135
304
318
266
226
214
324
381
305
209
76
-52
-178
-153
-12
115
217
261
303
330
359
409
502
509
361
291
196
37
-17
-87
-89
-58
45
24
-64
-149
-116
26
130
305
437
422
352
248
40
-26
-11
-16
3
126
67
-102
-239
-300
-322
-215
-25
103
143
58
-150
-320
-393
-451
-417
-374
-343
-300
-201
-134
-117
-154
-181
-126
-33
96
138
47
11
-53
-92
-127
-163
-193
-229
-184
-150
-182
-246
-278
-267
-168
-97
-142
-182
-176
-146
-22
148
230
278
309
308
348
325
248
193
154
174
203
149
42
-92
-200
-179
-127
-107
-62
86
225
321
354
356
407
500
481
462
429
368
198
61
47
107
117
50
51
106
102
-24
-65
-37
-9
-41
-65
-55
-42
-72
-124
-191
-187
-141
-126
-69
9
18
4
-10
-39
-26
-17
-60
-137
-187
-192
-247
-379
-439
-390
-338
-317
-294
-215
-116
-22
35
28
13
-26
-93
-89
20
64
11
-27
-72
-135
-89
-9
71
176
333
382
263
209
129
138
227
230
250
249
93
-1
-13
-28
-7
-45
-48
61
30
-122
-196
-262
-179
3
142
270
311
258
191
127
83
28
-9
68
117
-6
-60
-90
-254
-374
-309
-230
-213
-129
-55
-45
-77
-141
-134
-74
22
7
-52
14
62
67
25
7
-49
-154
-182
-164
-130
-71
-50
-25
-4
-51
-62
17
165
321
378
311
204
72
-35
-74
-74
23
156
220
190
121
-5
-146
-158
-110
-46
-8
-36
-56
-73
-108
-144
-164
-185
-114
-31
33
88
72
34
68
135
98
5
-101
-255
-302
-248
-175
-74
-8
18
8
11
73
134
161
188
218
220
206
190
193
167
118
112
59
-16
2
22
-13
32
72
30
127
219
247
314
356
297
281
231
107
88
45
-15
-57
-91
-71
-21
-69
-143
-220
-321
-290
-225
-187
-110
-153
-268
-318
-283
-259
-229
-207
-214
-243
-222
-191
-170
-168
-111
-83
-96
-86
-122
-184
-204
-173
-163
-105
-48
-21
-8
32
46
57
123
177
187
197
181
138
115
63
99
186
240
270
255
267
216
169
211
297
384
450
413
287
216
137
25
28
79
138
129
106
27
-122
-182
-137
-39
52
92
63
-33
-90
-125
-216
-243
-264
-266
-247
-284
-303
-258
-278
-269
-219
-248
-289
-307
-335
-361
-309
-286
-254
-134
-11
22
39
-10
-32
9
29
89
154
166
148
133
42
-46
-66
-81
-39
45
119
155
190
203
204
289
360
402
473
528
551
549
477
393
310
274
320
365
357
276
177
62
0
-78
-149
-141
-89
-56
-11
8
-45
-88
-120
-154
-131
-122
-111
-114
-187
-200
-238
-299
-328
-336
-357
-348
-356
-387
-412
-413
-342
-286
-228
-191
-196
-221
-227
-169
-142
-151
-116
-111
-140
-174
-163
-143
-143
-78
-25
-26
-17
37
7
-3
49
93
140
253
344
366
335
269
271
250
238
310
378
376
414
422
389
358
309
216
161
171
95
55
78
50
12
-28
-81
-132
-112
-94
-80
-23
-9
-23
-101
-176
-227
-222
-231
-217
-195
-230
-255
-277
-301
-305
-269
-196
-66
55
139
130
34
-65
-153
-199
-192
-201
-209
-241
-245
-220
-212
-166
-64
41
105
172
222
183
194
223
235
275
295
250
186
171
141
135
159
206
261
304
331
357
342
275
238
237
200
189
192
110
40
-44
-109
-102
-89
-59
36
72
59
58
6
-37
-50
-62
-50
-14
-27
-73
-146
-203
-245
-241
-196
-136
-59
8
-8
-71
-81
-117
-197
-226
-257
-325
-331
-317
-306
-260
-177
-181
-159
-65
-1
43
82
89
77
64
43
-23
-80
-87
-72
-61
-78
-58
-58
-78
-31
-9
56
153
238
276
280
270
244
182
115
111
110
63
-18
-67
-92
-95
-49
-4
78
116
93
82
76
69
21
12
-12
-79
-101
-130
-175
-205
-223
-191
-124
-52
-5
25
18
16
0
-19
-11
-85
-186
-257
-357
-367
-295
-257
-171
-61
-1
75
151
171
203
198
201
210
176
156
91
53
37
-22
-51
-60
-57
26
96
140
214
268
291
327
312
244
225
204
188
208
214
129
21
-6
-9
13
48
98
172
265
280
233
187
152
125
117
86
36
-89
-205
-241
-275
-288
-260
-243
-180
-85
-27
12
16
13
3
-28
-54
-69
-125
-163
-181
-212
-242
-266
-242
-202
-190
-125
-79
-42
33
49
14
31
13
0
60
81
39
44
53
35
116
152
156
205
170
113
97
36
35
33
30
48
21
-55
-101
-132
-134
-56
-19
-4
4
15
-7
-32
-37
-3
-31
-36
-11
-80
-149
-205
-259
-253
-225
-222
-191
-200
-243
-266
-309
-311
-278
-235
-204
-142
-110
-119
-103
-37
-48
-47
-43
-60
-60
-43
-48
-37
7
-8
22
89
128
168
211
208
174
198
211
223
252
265
245
238
239
233
230
252
260
235
230
205
175
175
165
173
231
223
202
213
205
195
200
186
165
139
120
100
68
21
-7
-43
-66
-96
-130
-178
-228
-246
-218
-172
-108
-72
-107
-94
-77
-108
-112
-109
-117
-87
-58
-106
-146
-187
-217
-188
-126
-90
-58
-27
-70
-100
-102
-123
-94
-2
63
94
107
82
51
28
36
75
132
168
200
168
113
120
91
99
112
103
110
79
30
19
51
76
85
133
152
124
90
19
-18
-36
-56
-38
-49
-85
-127
-211
-253
-257
-286
-301
-259
-246
-271
-258
-243
-201
-165
-140
-107
-74
-23
-32
-56
-90
-131
-210
-282
-293
-257
-199
-167
-150
-122
-107
-91
-51
-23
14
51
87
97
120
105
84
109
127
151
190
240
252
221
240
229
199
236
236
177
197
205
113
68
53
15
31
94
154
173
175
165
147
114
80
69
36
32
26
-17
-36
-48
-71
-70
-70
-65
-69
-84
-106
-90
-79
-69
-20
2
2
-10
-44
-92
-159
-176
-164
-134
-95
-76
-65
-51
-9
20
75
96
105
119
100
57
52
35
50
115
154
154
137
103
79
97
127
180
226
240
239
215
223
208
178
196
171
97
71
9
-66
-32
-49
-36
31
10
-19
-22
-102
-177
-167
-146
-151
-138
-134
-154
-199
-230
-272
-236
-162
-155
-194
-198
-173
-195
-210
-233
-249
-240
-242
-291
-321
-284
-267
-278
-229
-165
-137
-109
-76
-59
-57
-50
-46
-29
12
50
89
129
137
145
174
180
202
234
199
191
147
97
78
89
135
133
166
199
215
209
213
230
258
278
259
241
194
149
122
60
14
11
-23
-36
-52
-94
-112
-112
-141
-120
-76
-74
-45
-48
-42
-26
-61
-73
-71
-89
-123
-152
-161
-186
-204
-196
-183
-183
-143
-112
-101
-75
-100
-101
-81
-61
-22
23
36
51
69
60
75
104
134
199
256
296
319
294
243
191
135
147
165
166
191
176
162
156
112
130
163
161
180
202
166
140
138
88
83
65
17
2
-25
-78
-71
-66
-101
-104
-106
-121
-101
-85
-71
-70
-130
-173
-193
-240
-237
-235
-243
-260
-288
-307
-337
-317
-280
-252
-216
-191
-158
-154
-131
-114
-132
-120
-104
-75
-54
-17
-29
-38
-38
-43
-11
22
46
49
39
57
66
63
54
73
95
91
61
44
58
41
61
116
129
195
202
165
167
119
50
45
27
36
64
57
23
7
-16
-36
-12
33
87
127
149
119
85
50
36
21
50
52
41
36
-13
-42
-58
-109
-99
-44
-17
0
8
-14
-21
-30
-22
25
69
85
105
119
91
67
58
68
60
57
41
22
20
25
17
36
39
13
30
60
40
44
67
29
21
54
49
48
34
2
-25
-32
-38
-32
-25
-35
-8
-28
-56
-49
-46
-45
18
52
43
22
16
13
-18
-32
-32
-34
-25
-27
-44
-62
-88
-109
-141
-125
-78
-24
-3
32
40
18
-7
-25
-17
10
1
-9
11
-16
-45
-28
-57
-88
-40
-22
-24
-32
-21
-78
-94
-90
-101
-106
-100
-99
-105
-81
-64
-55
-41
-18
-62
-87
-98
-118
-131
-108
-113
-156
-168
-193
-228
-227
-195
-174
-126
-73
-53
-19
-20
-21
6
47
46
74
97
62
74
45
18
36
15
7
39
56
82
124
136
153
190
197
203
200
174
172
176
154
176
180
158
165
163
167
208
226
224
246
260
230
223
203
166
176
160
128
118
75
16
11
8
22
33
43
64
48
45
54
18
3
-28
-61
-101
-133
-151
-162
-158
-139
-119
-108
-94
-90
-73
-76
-87
-67
-84
-88
-92
-118
-132
-142
-145
-148
-118
-120
-113
-70
-35
5
20
27
24
31
42
54
52
12
-37
-52
-65
-47
-35
-37
-26
-45
-10
13
31
77
87
104
104
92
59
53
27
-2
35
-5
-52
-88
-110
-102
-94
-63
-27
-24
-53
-71
-97
-114
-106
-92
-99
-103
-89
-110
-149
-138
-141
-158
-131
-101
-120
-117
-101
-120
-105
-96
-108
-100
-92
-70
-73
-89
-82
-90
-72
-47
-3
30
27
34
27
-15
-9
10
-6
47
71
44
49
47
36
59
83
94
111
134
171
206
210
209
205
181
162
132
136
156
153
148
143
127
120
139
139
158
161
144
159
160
157
178
146
107
107
63
26
22
4
-32
2
16
-5
5
-20
-64
-79
-73
-74
-34
-34
-49
-30
-40
-52
-68
-78
-76
-59
-60
-72
-79
-87
-75
-48
-54
-52
-45
-22
28
48
67
60
32
25
13
-13
-3
-7
-36
-40
-44
-50
-75
-89
-76
-70
-33
-3
0
14
10
-11
-6
22
1
9
20
22
-4
-40
-47
-53
-63
-43
-24
-69
-71
-70
-70
-49
-67
-91
-78
-68
-64
-34
-31
-46
-74
-57
-52
-58
-25
-39
-34
-30
-17
3
35
17
22
30
-9
-28
-62
-70
-49
-28
-16
-1
10
26
29
53
54
53
62
50
35
41
27
-11
-30
-60
-56
-69
-64
-73
-99
-103
-79
-74
-60
-28
-17
-4
-2
2
17
16
9
20
-18
-22
-17
-26
7
28
-7
20
36
-5
29
53
50
95
127
133
152
180
164
142
133
108
72
82
73
53
74
78
86
135
147
144
177
151
129
129
111
106
107
87
66
40
8
-3
-9
17
8
-2
10
-16
-24
-1
-18
-33
-34
-50
-48
-59
-73
-81
-101
-104
-96
-107
-96
-68
-76
-70
-47
-47
-51
-28
-25
-26
-29
-58
-71
-47
-57
-62
-40
-64
-44
-32
-53
-41
-11
-4
22
35
10
15
3
-32
-37
-39
-45
-35
-30
-38
-58
-56
-57
-60
-38
-22
-19
-4
-6
-17
-7
-24
-28
-23
-30
-27
-17
-36
-28
-7
-34
-31
-41
-50
-51
-47
-7
-12
-46
-36
-53
-76
-56
-55
-54
-24
-21
-30
-11
6
-15
5
19
19
18
20
29
10
21
29
38
41
51
72
66
55
84
82
59
51
15
19
23
21
32
59
49
55
63
40
44
52
62
50
70
67
36
75
72
26
36
24
-22
-19
-23
-38
-4
23
14
34
35
26
46
34
33
27
11
9
14
12
11
22
20
27
50
60
76
78
60
69
65
50
53
52
44
56
49
35
42
40
49
53
46
42
37
23
23
1
-19
-8
-8
-8
-3
8
-23
-28
-33
-58
-65
-57
-58
-61
-59
-78
-112
-113
-122
-138
-143
-145
-152
-140
-120
-129
-138
-160
-151
-136
-128
-119
-96
-69
-71
-63
-67
-88
-85
-93
-107
-80
-78
-70
-51
-63
-56
-48
-36
-37
-37
-1
23
27
33
38
42
60
83
100
110
92
78
73
65
36
35
59
58
68
102
103
53
61
67
48
74
90
90
94
83
90
122
102
104
108
74
37
-6
-22
-23
-12
21
35
21
23
35
29
29
56
73
54
52
46
23
5
-11
-27
-35
-29
-24
-29
-20
-12
-25
-7
3
-13
0
6
-17
1
-3
-1
30
9
-6
7
-10
-22
5
25
25
17
-13
-14
15
16
6
22
14
-11
-14
7
10
1
14
33
30
37
38
30
31
16
12
6
-5
-12
-7
2
-4
-21
-18
-8
-8
2
13
14
6
10
11
17
20
-10
-28
-29
-70
-85
-80
-108
-105
-106
-140
-127
-114
-130
-139
-109
-122
-132
-86
-86
-88
-63
-75
-94
-95
-114
-102
-67
-89
-85
-52
-49
-49
-18
-25
-18
-2
16
57
62
55
57
48
46
71
85
106
113
119
98
97
84
64
76
81
74
88
72
50
53
50
53
71
80
99
113
83
66
59
69
45
26
25
2
-16
-33
-60
-64
-64
-55
-29
-11
0
-8
-7
-20
-3
-2
-7
-10
0
17
22
35
17
-1
-1
-2
-24
-26
-8
-12
-22
1
22
25
29
25
34
45
35
42
50
53
38
40
45
30
42
56
63
44
38
16
-11
-22
-37
-30
-11
-15
8
31
-6
-14
5
-15
-8
-11
-19
0
17
13
12
7
-40
-36
-14
-38
-36
-35
-68
-62
-51
-50
-22
-12
-28
-28
-41
-48
-37
-50
-48
-47
-47
-38
-35
-45
-29
-23
-33
-26
-30
-28
-30
-25
-40
-45
-47
-50
-41
-29
-23
-44
-45
-52
-45
-28
-44
-31
-34
-33
-30
-30
-45
-37
-25
-39
-17
-7
-16
8
12
-42
-20
7
-14
31
55
39
30
19
5
13
17
13
30
21
33
56
53
53
56
64
68
85
95
88
80
76
64
57
62
44
38
43
31
28
33
24
43
46
31
51
42
35
39
39
36
36
40
20
7
-10
-30
-21
-13
-20
-13
-1
-4
6
-8
-19
-20
-33
-8
11
12
6
-14
-30
-34
-42
-52
-58
-75
-51
-44
-32
-14
-12
-26
-14
0
1
12
-2
-8
-8
-23
-31
9
-6
0
21
13
1
3
-1
3
5
20
20
7
18
1
-10
-20
-9
4
12
18
18
6
-5
5
5
-5
9
-2
-21
-16
-32
-35
-27
-6
0
2
10
-4
-14
-12
2
-11
-11
-2
-10
-5
4
12
20
15
20
30
27
16
16
3
-1
3
-5
2
-5
3
-9
-25
8
8
7
22
18
16
23
-4
-1
16
-5
14
23
-4
2
-1
-33
-20
-4
-21
-1
2
-17
-19
-30
-42
-38
-38
-47
-26
-21
-29
-25
-38
-36
-39
-61
-58
-49
-52
-46
-31
-22
-12
-6
-4
12
23
11
19
24
5
14
26
11
23
23
11
33
18
4
32
15
12
42
45
51
58
49
41
38
26
35
44
42
34
11
3
1
-2
13
5
-14
-9
-14
-26
-20
-5
1
13
7
2
-5
-19
-24
-30
-20
-20
-6
4
-7
-8
-8
-17
-19
-9
-5
-6
-5
-10
-11
-5
-2
11
26
17
8
14
26
29
22
24
25
13
18
3
2
5
-6
-13
4
5
0
4
11
14
15
12
24
30
11
14
10
-1
0
12
11
14
3
-21
-20
-14
-17
-6
-14
-21
-26
-31
-38
-22
-20
-8
-5
-9
4
0
-15
-8
-3
-10
10
13
-1
8
-2
-14
-5
-14
-11
0
0
-16
-14
-21
-34
-32
-41
-38
-32
-26
-28
-28
-31
-31
-25
-16
5
8
17
27
8
-4
7
7
5
25
15
18
11
-8
-3
17
21
27
41
23
18
23
24
32
36
28
27
13
6
1
2
7
1
-5
-6
4
11
12
10
10
2
3
12
10
17
18
4
1
-2
-12
-10
-22
-20
-24
-37
-39
-27
-30
-41
-26
-22
-18
-11
-16
-16
-8
-13
-10
1
1
4
12
7
8
13
-8
-16
-4
-5
-5
5
-4
-1
13
11
13
14
5
22
18
26
31
21
15
11
-2
14
22
23
43
33
37
40
29
20
22
13
9
5
-6
-3
-2
-10
-11
0
-13
-11
-6
-17
-15
-9
-11
-5
-2
-20
-22
-29
-33
-17
-22
-23
1
3
-28
-13
-25
-37
-26
-35
-36
-25
-32
-24
-10
-21
-9
-1
-8
-11
3
6
4
7
8
-4
-7
4
11
24
34
39
33
38
39
38
34
36
25
13
21
17
13
15
9
4
2
7
17
16
-4
-11
-12
-23
-14
-3
-3
0
12
5
-5
4
-12
-13
-16
-29
-31
-25
-22
-24
-14
-14
-20
-17
-16
-21
0
14
0
1
10
10
14
23
3
-6
-6
-5
-2
16
10
14
26
26
32
29
40
43
42
46
54
39
31
36
10
25
24
-3
11
17
0
13
9
-3
21
13
-8
7
1
-7
-6
-18
-14
-24
-33
-40
-40
-41
-52
-63
-67
-60
-67
-58
-53
-53
-37
-31
-44
-52
-54
-62
-50
-40
-24
-28
-37
-22
-28
-26
-16
-11
-6
11
16
17
26
19
20
34
30
42
47
35
36
32
21
27
37
44
58
58
47
42
42
42
36
32
32
27
23
32
35
32
22
11
6
-6
-23
-17
-14
-35
-17
-5
-28
-7
-14
-32
-33
-39
-35
-27
-30
-24
-18
-42
-35
-29
-51
-42
-18
-37
-23
-6
-18
-13
0
-2
-4
0
9
6
2
16
24
15
20
14
18
20
9
19
18
9
13
25
26
15
17
28
22
24
39
32
32
52
40
36
36
26
28
30
25
38
37
25
36
26
18
6
3
-5
-19
-13
-1
-5
-14
5
-1
2
6
-11
-7
-2
-26
-30
-23
-29
-31
-29
-31
-32
-21
-27
-28
-23
-29
-32
-26
-20
-23
-8
-14
-28
-28
-38
-41
-21
-16
-18
-6
-20
-22
-18
-25
-19
2
-19
-17
0
17
2
108
325
252
-89
-267
-50
23
-107
-206
-29
222
160
-192
-353
18
244
71
-166
-3
212
146
-82
-139
7
54
7
13
143
161
100
-11
-32
-11
16
-39
-61
16
18
-16
-28
-47
-89
-56
-59
-41
-5
-2
-29
18
60
72
40
-74
-81
11
-16
-105
-76
20
73
46
-18
16
12
-66
-40
-8
15
-11
12
-14
-5
24
-44
-75
34
190
197
25
-90
-93
-79
-50
-37
25
106
158
-12
-182
-98
68
84
45
93
100
46
-2
5
25
20
2
38
78
68
17
-24
-20
-20
40
55
9
-7
7
-30
-67
32
28
-17
35
50
-11
-67
-39
4
-18
27
96
57
-3
-19
-59
-77
-8
18
25
57
85
35
-71
-81
-29
-19
-50
-50
-19
51
42
-21
-28
-49
-48
-70
-14
53
98
54
-31
-60
-79
-83
-31
70
74
64
12
-50
-39
-29
-69
-50
7
121
161
4
-115
-134
-103
-94
-32
48
112
95
-59
-207
-158
35
23
-114
-55
128
164
-5
-157
-108
-7
-17
-82
22
194
148
-74
-156
-85
10
33
-25
-29
66
62
-60
-81
-65
-35
8
21
25
45
56
23
-9
-20
-40
31
78
18
4
38
-10
-60
6
73
45
46
63
-22
-52
-94
-44
71
104
47
-13
42
30
-24
-45
56
94
17
2
73
66
12
4
29
48
-18
-33
45
138
85
-8
-7
56
-23
-110
1
100
53
-33
6
45
-35
-106
-71
46
80
16
-8
51
82
-2
-82
-19
78
18
-52
1
61
7
-68
-29
19
6
-46
-76
-37
-1
-17
-48
-1
15
-18
-21
-14
-1
10
15
18
29
28
-4
-30
-11
14
20
28
3
-10
9
24
-9
-48
-17
9
-15
-23
5
4
-29
-58
-28
24
20
-16
-30
-8
2
-37
-55
9
49
23
-3
-24
-15
-1
-49
-57
-3
8
-31
-44
-41
-59
-82
-90
-53
-7
27
29
-18
-51
-60
-94
-86
-16
23
20
27
20
-1
-37
-85
-56
12
37
55
66
41
11
-19
-41
-8
26
31
50
73
66
37
12
-9
-6
22
24
35
41
26
28
34
9
7
40
39
15
12
22
5
-3
21
33
16
3
4
12
36
34
11
8
-12
-22
-17
-7
9
12
-8
-18
-12
-12
-7
1
-6
-14
-16
-15
-28
-12
1
4
-4
-14
-9
1
18
32
40
37
23
0
-3
9
6
4
21
39
23
-1
7
18
17
14
21
27
33
13
-1
11
9
10
15
34
30
17
2
16
20
11
7
1
-9
-13
-7
-9
-4
11
19
0
2
-7
-24
-22
-28
-35
-25
2
-14
-13
-15
-31
-31
-35
-27
-23
-26
-13
-12
-30
-20
-30
-49
-48
-55
-53
-23
-11
-16
-18
-35
-47
-22
-14
-23
-21
-21
-34
-39
-35
-3
16
-7
-4
-1
-22
-17
-14
-26
-2
21
-1
-20
-27
-20
-12
-16
4
18
33
27
2
3
14
-6
-24
0
21
17
-1
-7
12
14
13
17
18
27
31
20
16
27
23
6
5
27
29
14
24
19
15
31
21
4
10
5
3
6
20
37
50
38
16
21
26
13
7
26
36
40
35
20
0
-13
-7
-3
11
19
31
20
12
8
8
-2
-23
-5
11
9
31
29
-1
-1
-7
-26
-6
17
24
14
5
1
-7
-4
-20
-17
16
12
-13
0
-1
-13
6
2
-4
14
2
-20
-7
-6
-24
-7
-7
-13
7
18
-9
-22
-15
-24
-6
-27
-43
-20
-21
-34
-29
-14
-11
-7
-26
-28
-8
-13
-27
-26
-21
-24
-36
-41
-31
-11
-3
-14
-27
-25
-34
-41
-28
-16
-13
-10
-17
-20
-12
-9
-9
-9
5
10
11
12
12
9
9
1
2
15
29
22
15
13
26
30
16
17
18
19
13
16
26
20
5
-6
3
9
8
2
16
25
22
10
16
28
22
12
19
26
13
1
1
15
6
4
2
-3
2
7
-3
2
11
-2
-6
13
12
1
-2
-8
8
5
4
11
10
2
0
5
4
14
8
1
3
-12
-20
-9
-10
-11
-8
-7
0
2
-12
-8
-2
-17
-9
-1
-2
0
-6
-8
0
1
-9
-9
-2
-6
-8
-10
-5
8
6
-10
-8
3
-3
-10
-5
-7
-5
-20
-20
1
1
-2
2
13
9
5
0
-2
-6
-2
2
6
9
8
-3
-15
-8
-13
-10
-5
-2
2
-3
-3
-7
-11
-19
-23
-14
-7
1
2
-8
-20
-28
-17
-6
1
2
4
1
4
-1
-12
-9
-6
-2
-2
2
6
9
0
-9
-5
-15
-13
-7
0
8
12
6
10
19
16
21
20
13
17
26
19
16
18
21
17
15
18
24
31
30
33
29
17
6
5
11
5
11
21
14
9
5
6
8
7
11
18
20
6
3
8
1
-8
-2
0
-11
-6
-7
-15
-9
-13
-18
-18
-18
-17
-20
-18
-10
-5
-11
-18
-16
-18
-14
-11
-7
-5
4
4
0
-1
-8
-7
-16
-15
-8
-9
-10
1
7
4
-1
-16
-17
-7
-9
-7
-2
-13
-13
-19
-22
-10
-13
-13
-13
-12
-8
-6
-6
0
-2
-12
-8
0
3
5
-6
-3
10
-13
-5
-2
-2
-1
-3
0
6
1
-8
4
2
7
5
-7
5
10
2
1
0
-6
-3
-6
-13
-8
-4
-14
-9
-1
4
3
-6
0
-7
-16
-8
-6
2
1
0
6
5
6
11
5
5
9
0
7
15
12
16
12
0
9
19
21
32
31
23
23
20
25
30
34
41
46
40
31
36
29
25
23
17
17
22
25
21
25
26
18
16
17
14
10
6
0
-3
5
0
-2
3
-1
-12
-10
-15
-25
-21
-21
-21
-20
-21
-25
-24
-29
-25
-22
-23
-22
-22
-22
-29
-31
-26
-19
-23
-12
-9
-13
-17
-22
-19
-21
-16
-11
-5
-7
-8
-9
-11
-10
-15
-5
-3
-5
-6
-4
-4
-5
-7
-8
3
5
-6
-14
-1
-4
-11
-2
3
4
5
0
-2
1
-11
-17
-11
-6
-4
-8
-12
-7
-9
-12
-13
-12
-8
-12
-6
-1
-9
-5
-4
-13
-9
-9
-11
-3
1
-1
-1
5
9
4
6
9
16
14
12
11
20
15
7
16
13
7
12
14
13
21
18
17
22
19
17
20
15
15
26
17
21
20
15
16
14
19
21
15
13
14
6
7
9
13
12
6
9
10
8
13
18
17
16
15
13
13
11
3
0
4
0
-2
-3
5
2
-8
-5
0
0
3
1
-5
-7
-4
-12
-18
-5
-3
-8
-2
-6
-9
-6
-2
3
0
-1
-2
-5
-9
-7
-7
-7
-12
-9
-9
-16
-15
-16
-25
-18
-11
-23
-19
-17
-21
-21
-17
-13
-10
-13
-9
-8
-15
-20
-18
-24
-24
-23
-19
-12
-8
-8
-9
-8
-13
-14
-15
-17
-14
-13
-8
-12
-12
-11
-10
-6
-9
-7
0
0
-1
5
7
7
7
0
-4
1
1
6
4
8
12
7
5
9
12
17
19
14
10
4
6
9
6
11
16
12
14
15
11
9
11
10
10
13
16
10
4
3
8
9
3
10
13
8
10
11
6
7
5
4
5
5
1
4
10
8
11
14
10
8
13
12
6
4
5
1
7
8
10
11
1
3
6
10
11
7
0
5
8
3
7
13
10
9
7
7
10
11
9
3
1
-1
-1
2
1
5
3
-7
-3
3
-2
-2
0
5
5
12
8
4
6
-2
-11
