SAMPLES:	12501
BITSPERSAMPLE:	16
CHANNELS:	1
SAMPLERATE:	16000
NORMALIZED:	FALSE
4
-3
8
-13
7
-4
0
-3
3
4
0
4
5
4
-2
12
-1
-2
13
-7
3
5
-1
12
-1
-2
16
-8
1
15
-8
5
17
-11
17
1
0
19
-18
21
0
-1
10
3
2
10
-3
10
-1
1
16
-11
6
14
-13
9
1
-7
4
-5
0
-5
5
-3
7
-8
10
-3
-4
0
-3
-4
-7
0
4
-12
0
5
-17
4
-4
-4
-3
-4
-5
7
-16
-2
4
-21
4
-7
-4
-6
-1
-2
-8
3
-4
-7
-5
2
-8
-4
1
1
-10
3
0
-4
-2
5
-9
1
1
-1
3
-11
16
-9
1
10
0
-6
15
-11
13
-2
0
11
-11
9
8
-9
6
9
-7
10
-6
8
2
-7
16
-7
-8
9
0
-10
9
1
-5
0
1
0
-7
3
1
-1
-3
7
-7
-1
2
0
-10
-1
2
-4
-7
2
0
-15
3
2
-11
4
-2
-4
9
-15
15
-13
0
7
-8
0
1
3
-4
4
5
-3
-4
9
-5
1
11
-1
4
4
0
3
-4
7
4
-4
12
3
4
-6
12
2
-4
7
7
-1
-6
15
-5
-2
8
-4
8
-5
2
8
-10
1
13
-15
8
10
-21
15
-4
1
1
-6
1
0
-10
3
3
-11
11
-3
-6
4
-6
3
-2
-7
8
-9
-2
4
-3
-1
-9
9
3
-7
6
0
-5
9
-7
5
0
-5
10
-5
-4
11
-6
-2
13
-9
12
-1
6
1
5
3
0
0
12
0
1
10
0
1
-2
10
-4
8
-4
13
-5
1
5
-7
-6
6
-2
-15
14
-10
-5
-4
0
-11
-2
-6
-5
-6
-11
3
-10
-13
2
-5
-13
1
-6
-8
-4
-2
-5
1
-11
8
-9
0
-6
-8
2
-10
7
-8
7
-4
-2
2
-5
2
0
0
3
2
2
6
2
-5
12
2
-8
23
-11
9
5
-5
5
3
3
6
-2
6
4
-13
19
-13
18
-9
9
6
-10
10
0
6
-1
8
-1
6
-1
5
-2
-3
9
-6
6
-5
5
9
-12
4
0
-1
2
1
3
-4
3
6
-6
6
-7
4
8
-11
7
-9
-6
7
-1
-10
9
-6
-11
16
-24
14
0
-7
12
-3
-10
13
-10
-11
10
-8
8
-4
3
2
-4
-2
-7
-7
7
-10
15
-12
2
-3
4
-15
-3
9
-21
23
-14
-6
8
-8
-5
3
-6
-6
8
-8
-1
3
-4
4
-2
-6
10
-9
-2
2
4
-13
15
-2
-3
6
-8
5
-12
6
-3
0
-1
20
-18
18
2
-13
7
-7
12
-15
12
4
1
-5
15
-9
5
2
-6
13
-9
11
-8
5
1
2
-12
15
-10
7
0
-9
15
-10
10
-5
0
-5
14
-11
3
0
-2
8
-11
15
-9
3
4
0
-5
1
-3
11
2
-4
17
-7
4
9
-6
16
-9
1
18
-4
4
2
-1
9
-9
15
1
-8
12
-1
-1
4
-7
10
-7
-6
17
-16
4
0
-3
2
-9
-4
10
-19
-3
16
-23
5
-2
1
-12
-3
6
-9
-9
6
-9
-16
3
-17
2
-10
-3
0
-8
-2
2
-5
-13
9
-4
-7
9
-17
17
-18
13
2
-4
2
2
9
-3
14
4
0
4
23
-23
22
-7
-1
19
-3
2
15
-4
0
22
-24
22
-11
-1
25
-25
13
11
-11
7
2
-1
-7
2
1
7
-19
21
-10
-14
15
-6
-7
3
-12
3
-6
-12
17
-12
10
-12
17
-10
3
1
-3
-10
2
-6
-4
2
-20
18
-14
-3
8
1
-11
15
-17
10
2
-10
19
-16
-4
26
-27
20
-6
-4
14
-15
30
-23
9
-3
9
-31
36
-15
10
-4
1
27
-41
36
-14
-4
-9
17
-8
-6
12
1
-11
-1
22
1
-22
31
-3
-20
14
5
-19
5
8
7
7
-17
22
0
-29
30
-9
-8
5
-4
10
-14
14
-23
6
-17
11
-1
-4
-5
13
-28
3
-2
-15
-3
3
9
-18
12
-2
-6
-12
6
-18
-1
16
-17
24
-2
-32
48
-47
14
22
-35
23
4
8
2
-6
-6
33
-27
5
27
-29
2
30
-4
-28
26
5
-2
-11
23
7
-13
22
2
-7
-5
10
-4
-16
24
-15
27
-21
28
-5
-19
6
18
-16
-8
25
-25
26
-33
28
-12
-30
24
15
-39
46
-27
-5
28
-50
29
-2
-36
29
-12
-25
24
-13
-24
14
-8
-18
52
-42
2
28
-50
15
5
-39
-1
15
-38
49
-4
-28
37
-16
-2
-33
24
14
-59
53
0
-34
27
2
3
-16
14
44
-63
37
12
-45
28
-12
8
29
-27
69
-14
-47
128
-79
6
33
-33
24
16
-4
30
-25
25
26
-36
38
-5
3
3
42
-21
5
17
-2
-5
11
-8
-1
-14
13
42
-47
8
36
-38
7
33
-51
7
11
-6
-3
-8
-18
22
-46
22
16
-49
16
42
-30
-22
23
-26
-6
-31
53
2
-77
45
-2
-52
26
5
-39
-9
42
-7
-52
15
41
-62
9
26
-58
7
-11
25
-24
-17
15
1
-37
1
17
-50
5
62
-45
-24
84
-73
5
12
-8
1
-28
7
26
-30
11
29
-51
-6
51
32
-67
50
11
-64
38
8
-43
-16
43
56
-15
13
40
-44
-25
60
-24
-23
64
-1
-11
44
-6
-5
6
-11
22
-7
-18
31
7
-17
64
-10
-2
16
1
-16
25
-2
-43
36
-11
-38
20
-27
8
57
-24
32
-14
-9
32
33
-2
1
8
40
3
15
34
-16
27
16
20
-2
-49
5
-19
-36
14
-27
-34
-2
-7
-5
-33
-2
14
-38
24
-10
-25
22
-25
6
21
-38
25
13
-15
23
-34
1
10
-37
-5
21
-45
-2
11
-37
0
-26
-17
-3
-12
-27
-27
-21
-12
-13
-33
-15
-18
-21
21
13
-15
6
21
0
-15
-3
-14
-10
30
38
4
7
26
-9
-19
2
-4
16
20
-6
1
-12
-36
25
6
-4
33
24
18
9
25
17
7
23
34
12
19
43
8
-7
31
17
-6
9
26
-8
-25
-4
5
-31
-8
19
-22
-12
-6
-18
-28
-2
1
0
1
10
10
-31
-25
-22
-29
-26
21
-3
17
-33
-60
59
-33
31
71
57
64
18
-59
-43
-67
-86
67
48
63
80
83
46
-24
-54
-28
-1
-37
17
78
57
45
48
25
-15
-16
-15
-43
-18
-1
-4
40
54
29
18
27
-20
-20
-47
-47
-41
-23
1
31
13
-21
-22
-56
-67
-62
-50
-79
-43
-23
-38
-35
-62
-67
-24
-41
-39
-41
-34
-21
-26
-3
-18
-49
-32
-25
-46
-56
-81
-61
-38
11
53
89
150
213
240
298
306
275
259
216
198
174
117
101
96
60
42
20
-19
-60
-44
-61
-92
-114
-127
-160
-196
-245
-290
-332
-358
-337
-317
-296
-257
-223
-189
-150
-126
-97
-79
-41
-8
-4
-44
-70
-137
-189
-266
-343
-430
-452
-476
-386
-356
33
480
756
955
1134
1209
1053
895
721
421
260
583
816
889
842
935
819
579
398
82
-308
-394
-311
-173
-184
-319
-501
-609
-710
-901
-1042
-1153
-1063
-782
-436
-213
-115
-54
84
137
63
-37
-183
-183
-114
-103
-128
-310
-462
-580
-665
-868
-1024
-1009
-894
-695
-441
-338
-174
-4
219
431
428
461
607
767
990
1082
1151
1301
1223
1280
1200
1082
875
733
712
557
282
247
38
-182
-293
-370
-266
-50
228
370
447
406
218
56
-99
-360
-509
-396
-116
-21
44
213
114
-42
-37
-224
-437
-622
-625
-555
-624
-655
-786
-937
-938
-991
-946
-960
-971
-816
-674
-496
-417
-361
-270
-142
-109
-63
-137
-171
-230
-181
-172
-246
-211
-93
-84
5
12
-17
272
867
1637
2272
2630
2876
2699
2167
1556
643
-210
-603
-419
19
334
635
783
641
510
171
-364
-832
-906
-704
-367
-177
-295
-556
-761
-912
-1167
-1313
-1381
-1122
-652
-207
100
43
-93
-180
-410
-743
-983
-1156
-1189
-1018
-976
-1055
-1291
-1426
-1454
-1624
-1651
-1550
-1287
-873
-316
46
158
326
311
433
370
938
2044
3303
4416
5247
5266
4803
3812
2308
749
-660
-1213
-988
-105
608
1180
1367
1373
911
108
-749
-1471
-1926
-1572
-896
-446
-370
-466
-714
-975
-1209
-1470
-1586
-1412
-831
-19
510
667
585
290
45
-360
-972
-1490
-1835
-1954
-1859
-1863
-1972
-2196
-2226
-2243
-2145
-1949
-1639
-1184
-664
-214
435
738
670
470
740
1708
3043
4213
4820
5226
5246
4751
3539
1814
-232
-1417
-1455
-785
-307
53
386
725
831
329
-521
-1321
-2007
-1795
-1046
-621
-542
-794
-830
-697
-779
-1011
-1317
-1248
-744
-72
561
747
567
276
66
-205
-800
-1630
-2175
-2400
-2396
-2405
-2484
-2604
-2488
-2258
-1932
-1591
-1242
-950
-379
213
684
894
924
780
570
1117
2189
3473
4201
4698
5053
4899
3931
2358
429
-1196
-1930
-1487
-802
-315
192
746
1167
1122
468
-420
-1109
-1482
-1160
-472
-131
-252
-301
-197
-15
-220
-658
-1005
-908
-510
15
352
494
407
412
364
15
-675
-1460
-2084
-2381
-2434
-2526
-2559
-2357
-2028
-1789
-1548
-1372
-1278
-1028
-654
-187
241
459
503
241
178
1227
2672
3632
4120
4649
4878
4455
3331
1640
-369
-1677
-1678
-960
-377
-77
352
888
1196
1011
346
-545
-1190
-1408
-801
-114
-88
-524
-598
-157
225
129
-390
-671
-518
-117
310
518
413
134
123
217
-12
-778
-1664
-2199
-2258
-2260
-2292
-2327
-2256
-2040
-1836
-1584
-1465
-1488
-1369
-1034
-453
139
450
573
475
374
948
2081
3165
3793
4247
4490
4364
3596
2185
341
-1111
-1620
-1313
-753
-306
13
342
745
894
655
-27
-729
-1174
-990
-494
-351
-621
-854
-803
-369
-137
-204
-473
-689
-570
-132
232
379
349
249
301
357
-1
-758
-1581
-2180
-2368
-2251
-2159
-2076
-2043
-2031
-1841
-1581
-1361
-1247
-1093
-646
-11
588
810
687
417
539
1396
2572
3517
4066
4365
4449
4195
3322
1875
146
-896
-1080
-697
-305
11
243
505
719
831
509
-233
-970
-1345
-1211
-857
-874
-1084
-1128
-853
-394
-87
-37
-201
-386
-244
80
390
483
273
103
92
34
-341
-966
-1790
-2281
-2382
-2344
-2170
-2104
-2265
-2308
-2064
-1663
-1361
-1140
-945
-550
48
705
816
726
490
661
1558
2653
3433
3791
3925
3830
3487
2665
1415
85
-626
-752
-444
0
371
596
694
744
803
540
-63
-724
-1110
-1054
-832
-816
-818
-850
-652
-279
-69
-52
-151
-353
-346
-127
203
414
365
215
108
47
-167
-630
-1121
-1532
-1749
-1765
-1717
-1586
-1696
-1830
-1725
-1472
-1143
-913
-688
-466
-158
258
595
697
621
475
402
855
1525
2014
2309
2401
2411
2295
1918
1332
595
42
-49
145
395
639
703
683
633
627
469
126
-304
-633
-757
-787
-771
-758
-774
-602
-362
-117
57
38
-91
-141
-139
-134
-18
34
105
161
88
-33
-212
-487
-742
-1029
-1264
-1446
-1505
-1533
-1514
-1455
-1404
-1252
-1082
-951
-759
-606
-475
-287
-97
48
161
162
50
121
338
588
888
1095
1189
1328
1412
1313
1202
924
661
662
788
887
1018
1001
997
995
932
901
722
513
323
229
269
291
280
129
-18
36
54
58
66
-32
-262
-353
-280
-279
-364
-404
-441
-452
-408
-460
-641
-846
-1085
-1154
-1156
-1126
-1093
-1103
-986
-806
-622
-525
-496
-522
-570
-623
-656
-636
-605
-577
-506
-391
-239
-150
-81
-15
73
207
341
595
861
1099
1234
1289
1399
1368
1220
1056
865
782
808
827
884
1008
1019
1060
1071
985
908
754
649
616
529
485
443
296
138
-39
-252
-375
-463
-558
-692
-774
-824
-894
-944
-1006
-1085
-1109
-1073
-989
-842
-736
-779
-764
-705
-695
-730
-783
-832
-834
-796
-734
-694
-679
-642
-583
-490
-452
-374
-264
-94
55
219
371
401
515
656
686
595
541
485
478
573
597
635
727
829
952
1096
1148
1102
1064
1085
1134
1101
962
809
730
616
515
466
418
261
84
-10
-163
-265
-419
-539
-598
-653
-706
-678
-698
-711
-733
-765
-771
-788
-791
-831
-824
-789
-746
-691
-622
-602
-590
-574
-538
-482
-395
-347
-306
-239
-189
-166
-81
24
65
164
206
162
139
136
92
20
54
165
281
404
596
708
852
946
952
1029
1132
1113
1044
987
888
746
581
469
353
259
134
1
-57
-126
-206
-241
-329
-325
-294
-284
-261
-295
-368
-470
-579
-618
-640
-685
-703
-679
-640
-563
-440
-308
-185
-129
-119
-77
-87
-192
-188
-172
-98
35
185
318
374
394
328
256
191
63
14
34
107
232
312
435
512
566
615
665
701
738
721
704
628
479
328
148
-47
-164
-298
-387
-415
-454
-395
-333
-292
-276
-286
-285
-282
-377
-445
-499
-578
-664
-683
-755
-809
-823
-856
-802
-745
-673
-529
-352
-237
-91
43
118
120
73
75
64
76
209
372
493
538
511
507
477
394
339
339
296
348
432
506
612
568
549
500
449
455
420
368
356
274
169
108
23
-88
-144
-161
-220
-203
-179
-151
-173
-157
-144
-123
-138
-215
-282
-445
-550
-626
-673
-640
-586
-580
-510
-437
-412
-383
-276
-152
-34
131
232
290
290
244
167
103
64
39
100
227
288
353
394
397
414
402
409
439
508
566
614
682
687
667
630
555
451
322
229
144
56
-6
-80
-224
-245
-252
-287
-297
-311
-278
-260
-230
-199
-218
-291
-359
-440
-470
-476
-565
-612
-579
-516
-428
-384
-326
-283
-229
-190
-103
-10
36
135
166
174
137
11
-147
-273
-373
-391
-325
-212
-53
153
288
405
534
535
549
558
548
564
549
564
555
485
431
383
239
83
6
-125
-207
-249
-295
-349
-367
-340
-328
-265
-207
-179
-166
-149
-131
-120
-142
-212
-295
-334
-399
-440
-481
-507
-457
-413
-318
-206
-154
-94
-44
-21
69
136
151
138
80
41
-4
-122
-236
-255
-279
-248
-77
85
191
344
438
494
604
663
688
677
723
715
712
697
604
513
459
357
279
183
45
-3
-40
-80
-104
-89
-91
-61
-13
33
50
50
25
-43
-113
-160
-221
-334
-403
-483
-526
-515
-501
-475
-388
-359
-324
-241
-193
-149
-130
-98
-45
26
47
-6
-75
-124
-207
-300
-320
-297
-295
-189
-65
43
190
245
269
367
424
423
423
384
340
359
369
352
343
331
262
185
152
67
34
24
-18
-2
37
48
63
68
36
21
-2
-69
-56
-95
-191
-202
-271
-319
-374
-433
-448
-420
-379
-334
-263
-199
-94
-15
40
121
122
92
119
103
24
-72
-106
-132
-149
-122
-114
-109
-83
-65
-34
75
140
201
301
373
453
505
476
449
410
290
234
149
48
0
-103
-189
-179
-165
-162
-127
-107
-91
-102
-72
-18
-41
-66
-90
-121
-122
-123
-107
-89
-105
-118
-155
-221
-253
-259
-256
-221
-159
-133
-80
-24
-3
25
103
119
79
67
73
40
24
21
18
5
-21
22
25
51
104
162
224
301
372
422
465
514
479
406
341
235
130
62
-27
-122
-185
-262
-275
-289
-325
-280
-224
-147
-55
-3
0
10
7
-44
-99
-138
-166
-180
-161
-153
-228
-293
-354
-400
-363
-324
-262
-173
-83
16
106
118
151
186
163
193
213
214
209
206
197
189
138
97
75
36
9
-15
-14
43
95
183
268
353
394
411
408
376
335
280
267
203
127
29
-64
-147
-223
-299
-332
-327
-251
-190
-126
-64
-70
-96
-88
-111
-140
-160
-196
-187
-204
-240
-289
-365
-427
-374
-324
-273
-178
-100
-9
76
115
144
124
42
-1
-43
-66
-65
-78
-50
17
64
92
77
72
59
29
52
75
101
153
216
247
301
316
301
318
288
277
302
233
173
167
66
-25
-37
-144
-181
-158
-211
-181
-156
-135
-84
-38
5
46
81
70
63
74
54
2
-50
-128
-218
-249
-262
-272
-205
-120
-81
-36
3
23
27
-15
-51
-53
-57
-54
-1
19
49
87
61
71
82
68
49
17
0
-29
-35
-23
-16
15
58
75
143
211
197
188
192
176
163
131
65
34
11
-46
-52
-43
-69
-51
-43
-60
-29
-12
-20
18
84
104
102
60
2
-73
-151
-233
-300
-346
-353
-308
-259
-188
-138
-133
-79
-34
3
8
0
-12
-37
-32
27
61
53
91
86
60
53
-25
-98
-100
-119
-88
-58
-41
-9
16
37
95
158
197
199
181
178
131
134
153
108
132
171
141
174
167
99
78
73
39
59
82
79
104
103
86
65
22
-30
-103
-168
-177
-177
-183
-148
-95
-68
-30
0
27
59
56
36
8
-23
-49
-39
-20
-18
41
76
101
133
108
47
-51
-127
-222
-261
-250
-232
-193
-145
-67
-27
21
42
44
43
21
15
31
47
113
177
196
216
201
150
84
37
-51
-76
-70
-54
-15
21
9
25
12
-19
-2
-38
-58
-74
-103
-111
-105
-76
-48
-13
50
72
79
92
55
2
4
-7
-36
-13
25
45
64
81
102
103
38
-42
-120
-201
-265
-282
-271
-225
-206
-199
-168
-145
-162
-177
-164
-155
-124
-54
21
58
114
158
140
138
112
66
42
-6
-51
-53
-62
-60
-21
-9
4
44
64
67
79
103
111
115
128
127
122
114
112
118
150
182
208
211
184
139
91
66
49
121
184
213
207
176
138
47
-52
-134
-162
-205
-221
-197
-184
-161
-127
-114
-98
-93
-128
-132
-128
-144
-116
-62
-25
20
67
58
66
41
-6
-31
-66
-103
-128
-135
-112
-105
-100
-41
-22
0
40
40
67
93
81
109
145
127
140
148
125
112
80
77
65
36
73
106
104
109
147
163
173
176
173
160
99
30
-19
-46
-72
-75
-81
-53
-50
-54
-47
-51
-61
-70
-89
-78
-75
-73
-29
-33
13
21
-3
-16
-33
-88
-126
-159
-230
-233
-204
-205
-183
-161
-172
-153
-136
-114
-104
-76
-66
-16
-3
28
47
20
28
26
10
15
8
-8
18
34
92
121
123
133
137
119
125
123
102
72
34
23
-20
-59
-85
-79
-83
-66
-39
-48
-61
-86
-93
-83
-71
-53
-38
-11
23
55
116
136
122
139
132
64
42
4
-60
-82
-102
-114
-106
-107
-101
-83
-70
-58
-39
-5
28
58
75
117
135
135
153
165
153
181
175
157
153
134
161
184
166
172
176
158
163
133
78
47
15
-31
-41
-56
-61
-55
-63
-72
-74
-106
-151
-172
-178
-146
-122
-109
-100
-69
-30
-1
15
45
4
-52
-73
-137
-180
-209
-257
-250
-221
-214
-166
-100
-73
-34
5
4
21
43
67
95
130
125
102
95
85
69
101
75
82
119
129
155
189
198
174
174
169
175
163
161
116
93
61
36
4
-36
-61
-55
-50
-43
-41
-99
-114
-110
-92
-82
-64
-67
-74
-78
-61
-65
-96
-87
-110
-130
-126
-172
-218
-231
-255
-230
-178
-145
-117
-115
-99
-99
-94
-110
-117
-72
-35
-23
3
10
2
28
32
45
88
113
126
166
196
187
172
184
203
210
224
237
216
215
193
144
119
102
95
83
36
10
-24
-61
-58
-94
-116
-109
-121
-132
-76
-49
-62
-29
-18
-39
-47
-90
-145
-150
-166
-180
-164
-140
-121
-87
-49
-46
-26
4
29
48
67
66
91
101
92
104
87
75
83
107
107
108
110
121
148
156
159
154
146
148
139
130
150
133
98
107
98
43
35
32
-4
6
-15
-61
-82
-145
-181
-172
-206
-205
-219
-225
-183
-180
-158
-103
-113
-119
-87
-123
-145
-142
-170
-158
-137
-120
-116
-108
-103
-71
-35
-7
21
38
77
98
132
163
149
145
131
118
132
108
132
149
161
215
221
202
188
195
172
170
157
137
154
153
139
132
123
77
51
39
20
17
-12
-41
-51
-118
-165
-184
-223
-230
-210
-223
-224
-211
-208
-189
-199
-219
-232
-238
-249
-234
-227
-204
-187
-180
-165
-179
-180
-167
-152
-122
-75
-48
-24
20
46
63
90
107
117
136
148
162
144
141
137
141
188
188
178
240
264
271
298
264
239
230
220
215
214
189
189
168
146
155
104
36
13
-27
-92
-80
-110
-158
-135
-145
-154
-156
-163
-185
-209
-242
-245
-261
-266
-217
-206
-188
-159
-185
-187
-155
-175
-150
-111
-130
-86
-70
-56
-20
13
45
66
72
81
109
125
147
140
135
153
134
149
155
127
149
177
195
237
256
262
273
253
238
243
247
220
230
216
195
161
103
57
36
2
-28
-42
-44
-48
-51
-30
-20
-11
-13
-33
-68
-92
-114
-120
-127
-131
-136
-144
-160
-174
-179
-208
-215
-228
-240
-193
-206
-206
-156
-148
-141
-94
-83
-67
-45
-77
-79
-80
-88
-90
-72
-74
-52
-33
-31
-9
5
18
37
50
61
74
104
128
118
117
115
77
47
23
-26
-43
-35
-27
-20
-9
-1
12
18
11
29
28
6
-3
-15
-12
-7
-9
11
17
10
-5
-9
-32
-23
-30
-74
-60
-63
-69
-36
1
9
34
53
45
67
82
62
78
59
34
46
41
21
13
34
50
79
86
104
102
88
104
118
123
130
124
121
120
93
90
68
43
26
17
-22
-40
-23
-47
-48
-27
-23
-27
-37
-48
-42
-54
-73
-65
-53
-45
-53
-64
-83
-109
-108
-107
-122
-114
-105
-111
-101
-73
-67
-35
-26
-19
16
21
22
31
31
6
24
10
4
9
-7
11
27
26
51
91
87
103
136
119
130
141
130
139
139
148
139
131
112
83
65
47
24
18
24
21
7
-16
-41
-48
-44
-41
-39
-43
-39
-28
-46
-62
-64
-85
-89
-94
-100
-118
-133
-144
-121
-122
-124
-108
-128
-136
-117
-102
-103
-78
-80
-65
-44
-77
-105
-83
-85
-86
-44
-38
-40
-21
-9
2
48
59
56
55
65
64
65
78
75
101
101
92
85
61
43
49
29
15
24
42
42
50
76
62
66
61
61
69
56
30
13
21
14
17
18
19
14
-11
-29
-48
-50
-50
-42
-45
-31
-38
-46
-42
-53
-52
-41
-41
-45
-24
-40
-34
-36
-66
-36
-13
-7
15
32
31
9
19
35
28
31
56
70
83
108
107
97
107
95
85
88
62
41
37
22
-3
-1
-11
-5
2
2
-1
-8
-7
-22
-37
-15
-11
-10
9
9
-11
8
10
-2
-9
-26
-38
-54
-38
-32
-19
-18
-15
-5
-8
-30
-13
-6
-9
17
26
18
20
7
11
17
-8
-12
-3
-18
-27
6
24
36
42
57
82
80
60
51
49
35
22
-6
-38
-58
-79
-100
-89
-102
-118
-114
-106
-96
-89
-78
-72
-78
-86
-75
-62
-42
-47
-57
-57
-69
-72
-51
-71
-90
-70
-76
-74
-44
-43
-36
-21
-6
15
18
36
29
27
28
31
28
32
50
39
44
44
42
42
54
86
115
132
149
152
140
160
162
152
167
162
129
97
75
51
45
53
54
39
39
30
20
14
24
13
15
25
10
12
-1
-18
-29
-51
-69
-80
-68
-70
-81
-87
-90
-89
-105
-110
-88
-81
-74
-73
-87
-60
-58
-62
-21
-21
-36
-9
-19
-33
-25
-43
-33
-2
-2
3
17
7
20
47
85
82
94
89
66
50
49
33
17
11
-16
-9
-12
-19
-1
14
24
30
41
32
46
31
7
7
-9
3
5
-5
-8
-10
-37
-53
-31
-37
-44
-32
-43
-78
-86
-99
-128
-87
-63
-67
-42
-32
-41
-30
-13
-34
-32
-23
-58
-54
-41
-45
-52
-57
-60
-42
-23
-21
13
12
6
42
44
47
58
56
48
54
53
11
22
34
32
30
66
52
35
53
44
57
60
36
27
50
32
38
57
58
62
81
57
54
64
39
16
30
21
3
4
-2
-15
-12
7
12
40
37
37
43
26
16
4
-9
-15
-24
-27
-40
-34
-14
-16
6
35
33
31
44
25
35
51
34
49
45
15
20
12
-29
-25
-23
-35
-32
-17
-21
-35
-27
-33
-46
-47
-33
-51
-69
-49
-41
-52
-55
-67
-68
-56
-44
-23
-18
-33
-18
-12
-13
-4
-8
-10
-6
-5
-9
-14
-14
-2
-3
-7
-5
-19
-38
-30
-34
-25
-8
9
15
22
29
29
24
31
48
42
41
33
27
25
32
29
19
10
5
15
8
-12
-12
-12
-22
-22
-7
7
6
-3
1
10
13
14
17
-5
-22
-35
-48
-44
-45
-44
-46
-38
-35
-26
-34
-34
-29
-34
-21
-17
-6
-4
-18
-31
-23
-41
-48
-33
-33
-40
-37
-49
-37
-22
-8
16
17
36
39
43
56
56
52
51
46
39
20
13
-7
-16
-10
-10
-2
0
11
22
43
67
90
104
116
122
111
111
113
106
89
83
69
50
55
42
32
71
65
58
75
59
24
33
16
-1
15
2
-3
-7
-24
-22
-30
-47
-46
-47
-44
-32
-44
-54
-55
-64
-73
-62
-63
-59
-61
-77
-76
-77
-96
-105
-96
-90
-98
-100
-89
-90
-96
-82
-75
-57
-45
-42
-32
-15
-16
-18
-7
4
6
12
12
15
24
19
27
43
57
65
60
57
66
49
43
55
44
37
43
41
34
49
53
40
51
51
40
49
26
22
13
-9
-9
1
-10
-26
-10
-19
-21
-19
-37
-49
-40
-49
-49
-31
-30
-27
-23
-28
-27
-34
-38
-26
-29
-33
-22
-22
-11
1
-1
13
22
12
28
54
48
61
54
43
42
35
25
26
33
35
25
21
25
22
17
26
28
30
20
11
23
17
11
10
0
-13
-11
-21
-22
-8
2
9
12
16
16
-3
11
21
-2
-11
-10
-15
-8
7
15
6
7
5
0
-14
-26
-10
-10
-9
-10
-10
-18
-14
-23
-19
-14
-19
-14
-9
-16
-13
-22
-33
-22
-19
-18
-16
-32
-23
-26
-28
-16
-13
-21
-35
-21
-40
-29
-21
-54
-49
-34
-35
-10
-10
-17
0
4
-1
7
3
7
8
-8
13
18
5
40
42
9
31
22
23
44
48
43
53
37
40
60
44
31
29
27
15
19
11
13
13
22
24
22
6
14
19
10
28
12
-3
-9
-6
-3
4
10
3
-11
-8
-10
-10
-3
-7
-10
-13
-10
-25
-32
-31
-36
-26
-14
-7
5
19
-3
-5
3
-14
-34
-21
-25
-38
-32
-19
-13
-18
-11
-7
0
6
7
-1
4
-11
-12
2
3
-3
5
8
-5
2
-5
-9
0
8
19
25
20
20
4
-2
25
26
39
62
56
59
55
32
31
26
4
23
27
8
8
1
-2
3
12
-3
-9
2
-34
-29
-15
-44
-47
-32
-48
-52
-45
-57
-50
-36
-40
-42
-26
-15
-7
-12
-14
-18
-30
-35
-34
-34
-21
-19
-27
-1
12
5
-5
-13
-27
-23
-25
-39
-12
-3
-2
4
9
12
19
16
12
12
20
7
-2
12
15
5
18
20
13
16
20
7
13
27
19
20
7
-4
-2
8
-6
-4
14
-5
-14
-3
-18
-13
0
2
2
11
13
29
41
37
35
11
-1
3
17
-1
27
40
23
24
23
3
-6
3
15
29
20
13
22
30
30
49
42
45
39
34
32
22
27
11
0
3
-9
-14
0
6
27
66
88
129
169
169
114
26
-203
-401
-295
-42
139
13
-210
-305
-223
28
228
127
-87
-90
13
117
125
41
-46
-85
-50
21
128
166
182
158
46
-173
-392
-453
-299
-60
147
193
81
120
7
-168
-279
-65
-4
-78
-86
-30
123
338
330
-146
-283
-81
350
539
283
-147
-193
102
331
170
-385
-424
-223
122
366
259
-263
-706
-483
118
392
149
-39
-265
-257
46
261
-45
-379
-269
124
374
305
174
-193
-183
21
88
44
110
-74
-35
92
70
45
-157
-193
-236
-7
187
141
28
17
-168
-38
97
24
-78
-120
67
87
81
47
77
36
112
184
52
-118
-60
106
43
-148
-112
294
211
-67
-72
-32
-57
85
43
-101
-159
15
290
109
-194
-227
-41
199
226
-67
-147
48
56
63
-53
-73
-3
115
133
51
-113
-275
-108
-104
48
117
210
173
36
-89
-273
-367
-222
117
206
11
105
345
171
47
-144
-317
-394
-129
303
317
99
5
-24
-218
63
225
-9
-320
-379
59
355
375
47
-372
-230
350
458
-10
-455
-562
-273
273
490
459
29
-360
-78
23
83
-56
-274
-364
-114
368
652
324
-280
-564
-526
-63
263
127
-153
-229
149
532
415
7
-541
-699
-228
256
388
4
-275
219
848
679
18
-860
-1249
-733
138
589
451
221
74
116
72
-22
-556
-624
-304
164
869
938
332
-447
-851
-875
-176
422
471
-66
-142
744
1007
407
-457
-960
-855
-118
660
721
165
-197
112
378
347
-167
-642
-531
-193
333
602
394
199
-160
-117
169
173
-174
-450
-305
46
411
492
572
3
-449
-508
-182
74
127
-136
-458
15
424
543
309
-406
-958
-451
223
245
-66
-261
-15
330
553
295
-318
-779
-504
134
271
221
60
-75
247
312
83
-193
-536
-401
-60
267
393
265
-10
-249
-166
112
114
-245
-241
-32
66
209
135
18
-91
-178
11
216
175
-51
-218
-129
49
153
151
-95
-303
68
231
56
-211
-256
5
329
285
-113
-263
-157
176
-9
-195
-168
84
175
130
139
-134
-212
-222
69
130
123
-20
-120
96
66
4
-65
-42
-52
-126
111
182
-5
-238
-262
-98
236
301
-34
-236
-98
145
55
-90
-124
-278
-33
336
360
14
-155
-135
-282
-165
-12
143
102
36
-90
89
234
178
-53
-387
-215
155
324
316
54
-54
43
87
95
46
-98
-281
-42
371
438
159
-79
-198
-208
-14
197
180
-197
-241
146
449
398
38
-424
-465
-44
299
403
73
-339
-246
147
397
180
-356
-419
-132
216
536
333
-91
-469
-399
111
415
218
-361
-622
-180
349
508
179
-396
-488
-100
602
633
-275
-900
-538
340
716
277
-249
-497
-279
370
463
-51
-563
-526
90
450
354
123
-296
-461
-148
395
596
88
-393
-368
-30
210
99
-217
-374
-218
266
542
232
-333
-544
-267
128
186
105
9
-68
35
196
154
-100
-194
-169
-26
57
134
138
-129
-317
-239
-30
77
2
-97
-248
-266
-19
35
-35
-169
-181
25
210
268
36
-332
-397
-33
347
314
-27
-63
-6
95
256
112
-301
-461
-138
463
668
384
30
-242
-157
173
230
-98
-94
127
399
644
507
-8
-294
-187
130
278
207
119
110
140
106
54
-143
-388
-424
-92
275
297
30
-158
-86
124
-31
-266
-308
-237
28
271
194
-186
-310
-79
139
106
-105
-327
-358
29
267
90
-284
-386
-228
-105
-41
-182
-150
9
261
249
56
-229
-330
-54
233
43
-197
28
321
291
47
-212
-238
77
439
480
143
-72
-4
320
531
279
-81
-78
158
384
335
160
-18
-122
100
413
268
-85
-267
-183
115
345
317
-46
-394
-285
147
141
-202
-433
-372
-15
249
20
-485
-706
-583
-287
-120
-244
-379
-350
-233
-258
-233
-366
-625
-782
-589
-58
288
-12
-537
-530
-117
234
69
-467
-823
-388
307
452
59
-316
-22
495
639
558
218
-53
106
539
752
701
494
373
568
936
1218
924
511
432
753
1115
1100
781
348
57
139
409
256
-236
-465
-196
267
420
133
-383
-720
-680
-431
-406
-753
-1083
-944
-504
-190
-288
-784
-1055
-854
-542
-365
-519
-758
-740
-533
-309
-336
-458
-690
-887
-689
-286
-168
-235
-375
-509
-511
-229
71
-152
-549
-363
330
953
970
614
348
571
1265
1661
1639
1529
1572
1811
1996
1752
1219
835
813
1093
1347
1321
1014
578
345
313
185
-27
-256
-418
-335
-169
-203
-630
-1131
-1357
-1213
-1070
-987
-951
-998
-1042
-953
-840
-941
-1078
-1100
-955
-757
-669
-739
-876
-990
-1100
-1140
-1092
-1159
-1287
-1320
-1216
-1046
-889
-744
-510
-317
-124
-86
-106
-135
-138
75
329
571
902
1165
1111
1164
1389
1824
2115
2197
2173
2246
2384
2330
1808
1105
877
1209
1668
1640
1177
758
667
608
399
-59
-470
-550
-315
-64
-118
-500
-910
-1091
-1124
-1067
-1096
-1229
-1280
-1235
-1115
-1000
-1064
-1202
-1140
-988
-827
-759
-940
-1184
-1168
-1044
-1012
-1142
-1393
-1367
-1229
-1122
-1143
-1192
-1179
-980
-555
-220
-23
-14
-51
27
242
445
638
796
1003
1275
1467
1638
1768
2047
2450
2682
2706
2515
2150
1892
1576
1197
1090
1270
1492
1584
1413
1064
635
275
7
-246
-364
-262
-83
-72
-332
-796
-1160
-1378
-1455
-1461
-1461
-1342
-1063
-984
-1083
-1150
-1151
-1147
-1079
-1057
-964
-876
-860
-1017
-1252
-1454
-1594
-1581
-1556
-1512
-1486
-1407
-1219
-1021
-964
-875
-688
-445
-304
-127
68
145
235
374
536
728
967
1086
1336
1817
2444
2953
3122
2824
2463
2306
2222
1880
1292
1025
1338
1799
1984
1574
777
150
-80
-100
-224
-390
-433
-165
113
127
-308
-979
-1496
-1680
-1629
-1507
-1402
-1307
-1219
-1097
-978
-967
-1047
-1131
-1208
-1076
-829
-703
-765
-1045
-1288
-1367
-1332
-1420
-1610
-1821
-1842
-1594
-1232
-886
-728
-682
-546
-301
-102
2
132
266
449
649
901
1163
1315
1563
2114
2807
3271
3515
3395
2978
2429
2032
1685
1342
1216
1404
1781
1932
1610
849
41
-474
-541
-412
-294
-212
-147
-88
-119
-499
-1128
-1748
-2072
-1945
-1499
-1125
-1049
-1062
-1051
-945
-900
-1078
-1261
-1240
-1059
-761
-726
-990
-1231
-1381
-1558
-1664
-1797
-1949
-1985
-1838
-1458
-1111
-874
-670
-477
-345
-178
-71
-59
33
298
628
938
1155
1196
1318
1672
2421
3247
3634
3532
3222
2898
2498
1865
1167
841
1120
1798
2223
1916
1022
156
-243
-350
-429
-537
-472
-52
383
331
-299
-1188
-1880
-2127
-1943
-1569
-1344
-1236
-1217
-1131
-1030
-1004
-1167
-1323
-1292
-1017
-647
-634
-1031
-1457
-1671
-1666
-1532
-1663
-1834
-1896
-1753
-1455
-1201
-1073
-951
-717
-422
-158
-39
-4
77
279
544
742
884
1045
1245
1659
2441
3317
3812
3836
3454
2993
2504
1967
1296
843
1034
1793
2358
2140
1271
357
-223
-369
-446
-511
-380
83
527
426
-190
-1104
-1836
-2136
-1996
-1697
-1336
-1089
-1018
-1113
-1207
-1271
-1300
-1319
-1282
-1057
-819
-807
-1043
-1413
-1666
-1719
-1654
-1638
-1759
-1840
-1778
-1528
-1295
-1205
-1026
-691
-303
-47
-12
-36
9
192
518
791
990
1221
1358
1616
2205
3044
3612
3819
3652
3270
2787
2285
1509
847
786
1405
2129
2196
1508
632
4
-310
-539
-838
-815
-313
407
683
229
-738
-1602
-2096
-2132
-1892
-1559
-1282
-1035
-945
-945
-1066
-1348
-1582
-1551
-1334
-957
-740
-896
-1220
-1462
-1499
-1503
-1719
-2039
-2095
-1857
-1518
-1313
-1210
-1088
-729
-246
29
-45
-151
-62
266
658
997
1112
1128
1019
960
1379
2283
3205
3879
4066
3786
3323
2558
1588
460
-23
489
1717
2496
2297
1346
405
-304
-724
-1128
-1277
-781
216
1050
1060
250
-947
-2021
-2545
-2431
-1972
-1331
-899
-665
-633
-777
-1132
-1494
-1774
-1636
-1103
-442
-208
-506
-1073
-1451
-1605
-1758
-1932
-2036
-1900
-1500
-1098
-846
-798
-678
-378
-108
83
178
220
315
493
655
720
693
777
847
1170
1991
3119
3843
4094
3753
3144
2471
1788
881
258
416
1254
2212
2317
1407
266
-449
-781
-797
-900
-717
-185
459
632
200
-758
-1735
-2307
-2260
-1780
-1108
-764
-805
-1000
-1110
-1151
-1396
-1650
-1627
-1232
-615
-304
-514
-1005
-1364
-1425
-1417
-1472
-1651
-1639
-1483
-1270
-1140
-1108
-1033
-686
-266
104
274
288
304
443
596
680
606
536
462
635
1366
2546
3735
4303
4195
3624
2864
1882
756
-272
-303
747
2162
2788
2124
770
-357
-996
-1357
-1418
-1024
-98
927
1397
894
-299
-1742
-2746
-2942
-2192
-1069
-298
-191
-545
-995
-1288
-1658
-2149
-2135
-1363
-307
249
4
-829
-1618
-1942
-1807
-1583
-1405
-1179
-893
-855
-936
-1082
-1202
-1027
-610
-1
629
861
695
311
138
309
562
628
622
701
1171
2133
3214
3874
3903
3599
3112
2553
1726
794
71
245
1243
2323
2378
1411
144
-749
-1131
-1100
-948
-507
272
927
1024
355
-860
-2008
-2500
-2291
-1416
-543
-247
-519
-985
-1481
-1790
-2092
-2228
-1822
-919
-75
174
-342
-1176
-1715
-1766
-1630
-1472
-1291
-1129
-1005
-1016
-1073
-1183
-1218
-1005
-503
120
573
633
466
317
391
517
545
540
603
715
1066
1859
3009
3886
4102
3824
3225
2426
1504
565
-155
145
1217
2215
2309
1412
209
-617
-1019
-1151
-931
-239
595
1140
1061
277
-907
-2159
-2863
-2568
-1505
-468
-3
-230
-714
-1125
-1635
-2191
-2348
-1930
-963
1
260
-169
-824
-1463
-1809
-1780
-1540
-1334
-1112
-971
-879
-794
-909
-1101
-1054
-616
38
661
778
550
320
315
425
474
412
347
334
633
1549
2706
3732
4093
3930
3490
2866
1810
626
-271
-243
645
1790
2066
1344
287
-695
-1213
-1335
-1092
-463
363
1014
1265
687
-542
-2117
-3061
-2813
-1589
-408
70
-120
-566
-1058
-1607
-2306
-2615
-2132
-955
216
692
317
-577
-1462
-1939
-1920
-1560
-1165
-911
-695
-574
-622
-978
-1339
-1398
-898
-64
685
893
698
429
308
332
365
370
448
620
832
1478
2437
3524
4061
4040
3684
3065
2080
986
-21
-208
448
1478
2068
1654
649
-410
-1114
-1248
-842
-147
658
1093
1121
565
-495
-1853
-2856
-2939
-1908
-630
207
350
-47
-695
-1470
-2147
-2363
-1984
-1214
-383
86
107
-390
-1234
-1961
-2115
-1710
-1103
-662
-459
-517
-697
-1058
-1408
-1447
-1056
-386
242
690
813
555
254
-74
-127
128
519
742
885
808
957
1826
2993
3802
3876
3598
3065
2475
1510
401
-447
-307
633
1579
1511
636
-398
-1016
-1074
-707
-290
203
633
836
654
-150
-1424
-2634
-3029
-2327
-1010
-4
165
-414
-1092
-1533
-1797
-1980
-1885
-1360
-360
517
775
163
-995
-1981
-2061
-1590
-999
-593
-533
-670
-781
-1008
-1259
-1296
-1072
-463
429
1151
1292
929
336
-57
-128
17
346
652
907
839
895
1566
2785
3773
3997
3725
3364
2679
1707
433
-648
-647
295
1380
1615
970
-6
-728
-994
-830
-419
156
531
752
570
-20
-1106
-2367
-2923
-2329
-1121
-221
28
-175
-592
-918
-1338
-1736
-1652
-1158
-388
181
344
7
-742
-1481
-1809
-1678
-1287
-1045
-923
-869
-853
-926
-1070
-1070
-824
-440
44
395
603
587
350
174
145
204
288
389
455
593
475
486
1369
2803
4046
4448
3998
3197
2184
974
-161
-882
-635
258
1270
1573
983
-26
-1017
-1461
-1143
-403
399
889
913
577
-123
-1232
-2370
-2827
-2352
-1214
-199
112
-140
-625
-1010
-1190
-1309
-1102
-607
38
566
535
-119
-1092
-1826
-1904
-1615
-1278
-1153
-1083
-943
-810
-772
-839
-917
-804
-390
144
499
524
269
49
100
292
279
97
54
298
595
595
400
532
1676
3259
4401
4552
3819
2634
1366
232
-532
-902
-448
602
1587
1704
776
-605
-1662
-1849
-1086
21
966
1313
1021
317
-713
-1871
-2889
-3042
-2060
-493
663
806
190
-541
-1030
-1246
-1133
-566
212
822
977
569
-370
-1563
-2513
-2629
-2068
-1201
-526
-288
-347
-558
-907
-1156
-1124
-765
-104
544
866
782
358
-154
-413
-400
-153
201
669
990
1070
872
244
-24
847
2448
3973
4409
3856
2989
1830
571
-592
-1278
-1014
28
1283
1682
995
-283
-1528
-1998
-1444
-365
590
978
859
446
-298
-1392
-2551
-3024
-2260
-705
536
931
569
-108
-617
-837
-843
-525
-74
356
650
459
-336
-1515
-2398
-2504
-1958
-1209
-638
-406
-479
-693
-923
-1062
-980
-736
-307
340
827
845
382
-171
-455
-340
42
362
561
734
833
677
459
107
119
1137
2702
4031
4299
3505
2383
1152
137
-616
-1055
-667
299
1154
1201
254
-1084
-2071
-2083
-1139
111
1074
1366
957
214
-742
-1766
-2493
-2431
-1436
20
1101
1144
374
-604
-1198
-1175
-678
6
498
645
414
-152
-977
-1898
-2434
-2191
-1419
-554
-181
-389
-841
-1247
-1351
-1034
-476
67
486
786
843
644
236
-143
-166
166
628
909
849
478
164
-106
-215
-109
-113
580
2097
3671
4399
3714
2503
1442
513
-100
-590
-773
-303
445
871
396
-661
-1666
-1916
-1216
-34
1073
1432
913
141
-541
-1052
-1619
-1980
-1531
-402
710
991
352
-568
-1095
-1002
-524
69
455
532
312
-180
-745
-1436
-2058
-2080
-1552
-766
-302
-436
-815
-1161
-1220
-1005
-549
-1
451
822
1017
909
629
193
-116
-20
291
600
639
356
-57
-223
-246
-157
-3
-51
571
1953
3213
3848
3252
2178
1231
258
-340
-823
-1132
-687
166
770
570
-407
-1463
-1859
-1246
-139
805
1182
1004
488
-177
-837
-1566
-1966
-1593
-575
579
1063
562
-355
-1039
-1080
-733
-241
263
566
587
132
-655
-1573
-2266
-2271
-1624
-713
-68
-101
-529
-956
-1115
-921
-451
234
869
1192
1140
706
12
-530
-705
-413
165
625
745
611
271
-155
-225
-279
-122
248
492
1219
2218
2888
3126
2583
1861
1143
292
-184
-539
-500
74
655
933
485
-377
-978
-1064
-592
81
704
911
717
297
-316
-864
-1317
-1430
-986
-228
468
580
133
-435
-746
-647
-420
-200
-54
-6
-94
-428
-887
-1339
-1593
-1460
-1054
-604
-358
-420
-583
-766
-834
-673
-363
10
218
328
360
258
51
-91
-65
148
335
428
298
166
-2
-89
-134
-161
7
129
109
412
1512
2692
3244
2836
2001
1081
351
-150
-276
-173
403
1121
1376
845
-326
-1425
-1750
-1158
34
1045
1432
1044
148
-716
-1368
-1739
-1780
-1221
-232
689
934
342
-642
-1263
-1290
-721
49
569
621
241
-352
-963
-1588
-1940
-1810
-1216
-562
-268
-463
-862
-1214
-1260
-916
-333
197
479
467
234
-52
-289
-315
-204
119
441
487
369
187
4
-124
-75
67
290
281
140
-2
-169
519
1816
3046
3598
3246
2462
1473
460
-90
-169
201
934
1574
1473
451
-839
-1782
-1825
-1082
26
931
1182
787
57
-709
-1283
-1570
-1328
-478
565
1172
913
112
-703
-1231
-1237
-824
-166
327
282
-215
-927
-1594
-2046
-2124
-1644
-890
-254
-64
-440
-1020
-1453
-1455
-961
-143
592
821
667
323
-172
-518
-648
-405
164
664
813
603
138
-400
-667
-432
-24
592
904
1079
1790
2550
3051
2946
2287
1857
1410
905
584
202
135
313
493
252
-427
-1120
-1395
-1138
-403
389
727
567
205
-304
-765
-1108
-1313
-1073
-348
439
722
333
-356
-1014
-1393
-1347
-1006
-587
-285
-223
-452
-766
-1181
-1628
-1746
-1326
-689
-164
-178
-490
-778
-936
-809
-489
-223
50
180
190
169
38
-100
-13
266
559
696
579
372
173
126
266
501
680
839
887
980
908
801
1220
1958
2725
2882
2289
1501
498
-249
-440
-322
225
882
1191
995
166
-721
-1227
-1070
-290
629
1140
995
255
-710
-1423
-1728
-1697
-1248
-568
-23
112
-343
-1067
-1647
-1677
-1199
-504
36
242
50
-388
-809
-1069
-1103
-914
-612
-331
-322
-632
-1100
-1483
-1555
-1187
-560
66
512
570
506
382
191
195
354
674
1045
1232
1166
909
540
189
200
440
628
843
868
785
450
531
1204
1803
2247
2033
1495
912
350
92
144
357
877
1142
952
321
-461
-994
-1034
-604
-56
286
53
-513
-1156
-1721
-1952
-1842
-1526
-949
-450
-293
-606
-1110
-1499
-1409
-861
-127
378
498
265
-203
-645
-952
-1197
-1221
-916
-532
-360
-481
-791
-969
-890
-538
60
635
1016
1071
863
635
459
309
383
594
859
992
837
545
350
313
466
645
809
962
894
665
348
51
-82
-169
416
1233
1791
1699
1123
568
190
90
201
373
476
697
714
414
-349
-988
-1316
-1194
-712
-205
2
-218
-714
-1121
-1245
-1151
-1054
-834
-441
-39
54
-223
-596
-894
-822
-471
-92
153
96
-251
-545
-657
-557
-444
-269
-7
257
422
359
86
-179
-300
-237
-29
159
125
-70
-235
-276
-103
154
381
615
743
793
744
675
604
572
584
563
507
334
56
-180
-387
-137
547
1125
1347
978
654
298
68
-45
72
231
605
763
530
-61
-712
-997
-961
-560
-60
260
105
-211
-697
-1034
-1123
-1088
-944
-510
-148
-3
-197
-598
-866
-823
-553
-166
103
238
217
49
-129
-209
-225
-136
53
235
270
88
-256
-580
-738
-624
-316
-8
219
243
211
106
52
78
254
520
709
775
754
599
367
182
121
94
49
-78
-153
-134
-120
-76
-66
194
510
831
889
712
519
178
142
321
459
523
549
419
283
-128
-408
-444
-315
-50
270
273
59
-232
-510
-474
-254
-13
102
162
56
-94
-353
-586
-716
-660
-404
-105
5
-8
-123
-190
-265
-326
-369
-382
-303
-173
-82
-113
-217
-293
-356
-310
-119
31
68
34
-34
-75
-82
-120
-134
-109
-109
-198
-246
-254
-216
-141
-54
57
147
176
175
160
170
205
342
416
650
815
773
679
403
320
270
344
359
328
165
114
74
93
135
77
130
227
418
506
567
379
158
39
37
87
83
-57
-235
-403
-548
-609
-641
-653
-556
-400
-272
-253
-369
-583
-677
-572
-412
-202
-107
-68
-102
-194
-245
-253
-219
-173
-62
60
72
-25
-250
-376
-368
-241
-39
154
214
175
136
82
62
42
46
144
295
371
401
357
253
211
170
223
335
421
431
457
493
539
494
393
406
361
313
236
189
111
97
53
20
39
-21
-16
-4
73
112
163
102
11
-28
-75
-42
-99
-124
-146
-140
-180
-295
-426
-436
-378
-303
-168
-121
-212
-359
-467
-609
-665
-622
-627
-492
-301
-204
-170
-210
-295
-277
-196
-80
91
164
192
155
84
-5
-81
-121
-83
-53
15
70
21
-15
4
9
94
249
344
469
528
500
480
488
445
383
331
282
230
196
179
186
187
141
72
24
-17
-3
48
35
33
57
29
-23
-66
-176
-221
-217
-220
-168
-105
-112
-98
-131
-236
-295
-344
-340
-259
-185
-176
-182
-239
-284
-289
-256
-158
-9
117
175
176
196
147
33
12
40
91
107
113
56
-5
-26
-18
23
76
183
282
360
393
395
333
274
273
262
302
311
233
147
60
-50
-109
-97
-69
12
79
117
91
5
-74
-93
-90
-55
-13
21
-17
-95
-180
-269
-305
-290
-232
-188
-83
-56
-103
-142
-224
-261
-226
-214
-131
-57
-77
-95
-107
-126
-148
-192
-214
-160
-44
42
141
216
194
120
113
52
34
36
7
37
38
85
125
140
113
136
206
301
341
322
288
275
243
202
174
121
16
-68
-126
-173
-201
-236
-244
-209
-137
-115
-105
-89
-91
-88
-69
-91
-91
-79
-96
-109
-111
-167
-200
-236
-240
-227
-231
-225
-196
-188
-226
-263
-263
-221
-175
-93
-54
-39
-34
-47
-58
-16
6
7
32
-24
-35
-11
-23
55
116
182
251
280
280
288
269
250
309
328
361
383
353
337
288
234
238
306
365
420
460
411
341
250
160
135
136
135
155
123
64
40
-68
-154
-166
-152
-124
-83
-94
-114
-144
-177
-132
-122
-145
-170
-226
-287
-320
-346
-300
-275
-269
-243
-258
-271
-270
-272
-215
-131
-54
-6
-9
-33
-89
-169
-163
-94
-26
30
11
-48
-49
-35
-22
112
226
319
366
293
175
113
24
-15
36
119
160
199
195
103
59
55
73
170
311
381
418
352
185
39
-45
-106
-44
-3
-26
-22
-114
-234
-303
-337
-321
-237
-203
-185
-151
-235
-337
-368
-364
-286
-189
-140
-38
-32
-106
-144
-160
-175
-161
-114
-107
-41
-12
-87
-143
-162
-210
-184
-132
-105
-27
23
13
24
65
56
49
87
141
235
309
319
327
311
242
210
165
97
107
121
135
151
124
125
149
156
197
282
297
326
352
370
364
309
237
181
158
128
95
55
43
-13
-42
-34
-83
-140
-201
-250
-232
-200
-220
-246
-265
-289
-241
-158
-102
-32
-4
-29
-68
-157
-232
-257
-297
-288
-223
-211
-263
-289
-280
-264
-235
-143
-60
26
86
70
86
54
-23
-16
16
63
163
209
201
200
170
121
103
71
74
127
148
180
257
252
218
204
193
225
300
351
387
394
365
327
260
180
146
133
147
134
94
55
-48
-108
-129
-148
-150
-194
-250
-292
-341
-361
-317
-302
-285
-226
-197
-203
-189
-195
-215
-207
-201
-214
-230
-260
-264
-271
-296
-276
-233
-183
-154
-102
-65
-87
-110
-110
-88
-46
6
63
105
130
145
153
173
212
228
257
277
233
181
143
93
84
75
63
91
96
88
82
84
110
162
193
221
249
218
196
166
118
106
80
47
38
11
-38
-59
-116
-170
-185
-235
-275
-258
-200
-191
-174
-147
-146
-144
-150
-150
-125
-63
-42
-18
23
-14
-72
-101
-151
-167
-170
-157
-135
-97
-55
-22
-3
35
95
118
190
265
271
275
272
251
226
218
222
261
324
343
352
298
205
115
53
41
82
90
121
183
167
133
140
109
117
153
193
239
222
160
55
-57
-129
-147
-166
-136
-97
-124
-195
-270
-344
-402
-376
-326
-241
-181
-136
-132
-159
-182
-209
-196
-160
-138
-100
-80
-111
-138
-138
-167
-185
-161
-152
-130
-114
-97
-82
-78
-45
4
32
71
87
98
120
110
81
95
151
179
196
250
233
213
214
157
96
66
11
-6
3
-19
-18
-28
-40
-42
-8
5
10
42
33
23
-5
-60
-73
-93
-101
-119
-141
-155
-206
-245
-229
-205
-192
-148
-118
-130
-101
-82
-67
-12
25
23
26
-16
-103
-150
-183
-178
-127
-72
1
49
64
88
77
63
62
67
76
129
156
153
192
192
191
216
230
217
239
259
258
274
268
270
309
275
260
296
271
227
228
189
123
122
98
112
139
114
103
108
68
40
55
52
14
-22
-64
-135
-165
-159
-181
-209
-200
-242
-290
-289
-294
-273
-195
-150
-147
-132
-180
-235
-227
-214
-216
-192
-178
-201
-195
-203
-188
-140
-124
-74
21
64
88
84
42
8
9
-7
-7
21
-1
25
52
40
58
91
92
127
146
146
174
172
160
151
139
133
127
110
93
61
1
-32
-57
-89
-95
-79
-87
-90
-89
-137
-147
-122
-108
-100
-77
-81
-92
-107
-155
-186
-202
-189
-182
-167
-117
-105
-128
-128
-136
-133
-112
-125
-117
-76
-82
-54
-21
-7
30
59
86
131
198
224
255
286
277
287
274
230
204
194
173
169
181
158
172
182
158
150
172
174
226
267
262
258
199
164
148
122
92
70
55
50
22
1
1
-54
-88
-69
-75
-68
-37
-55
-69
-67
-109
-134
-130
-155
-133
-110
-141
-160
-173
-202
-199
-192
-173
-173
-197
-176
-203
-213
-180
-173
-132
-86
-61
-29
-42
-4
17
6
38
45
37
74
111
113
154
137
136
180
171
167
135
80
68
55
52
41
52
19
10
25
38
65
74
56
40
48
20
-14
-17
-36
-57
-66
-111
-127
-122
-122
-99
-59
-21
-34
-40
-43
-50
-28
-50
-97
-129
-157
-193
-194
-181
-197
-188
-167
-161
-158
-156
-160
-171
-155
-127
-97
-72
-59
-34
-10
8
-25
-32
-6
7
38
63
69
73
79
58
65
100
134
184
253
282
269
219
171
148
143
174
225
231
209
181
151
106
67
66
102
122
131
136
109
47
-1
-24
-28
5
29
30
32
39
15
29
45
58
61
45
42
-8
-55
-78
-93
-103
-101
-133
-165
-184
-217
-204
-141
-111
-110
-92
-99
-91
-81
-73
-56
-35
0
25
65
90
78
59
46
32
22
31
9
14
30
36
67
101
102
114
111
107
120
112
94
94
79
103
91
58
49
10
-46
-45
-33
-81
-65
-72
-93
-69
-91
-109
-89
-100
-82
-32
-48
-48
-55
-95
-97
-110
-101
-46
-41
-70
-72
-94
-122
-95
-67
-47
-4
-25
-44
-48
-46
-22
-17
-29
-26
-30
-61
-48
-49
-43
-13
-4
15
40
23
20
26
-1
-23
-10
-3
-44
-72
-80
-87
-104
-93
-49
-25
18
47
40
70
47
23
37
33
25
29
13
-13
-24
-64
-76
-60
-67
-24
34
68
106
107
112
102
107
97
129
171
166
149
127
94
44
21
47
65
80
108
112
110
117
132
124
120
115
76
67
63
37
46
39
-13
-13
-24
-51
-18
-15
3
44
46
8
12
-22
-65
-48
-60
-82
-76
-78
-139
-149
-121
-140
-125
-85
-86
-73
-15
-31
-30
-16
-48
-40
-23
-47
-47
-42
-72
-71
-84
-84
-60
-36
-2
32
30
10
3
-2
27
68
93
119
101
44
11
-29
-39
-10
28
48
74
77
47
23
-6
-23
12
60
81
106
73
25
19
-1
-10
13
38
53
56
37
26
-1
-35
-22
-15
-14
5
-20
-57
-64
-110
-138
-114
-106
-68
-21
-57
-60
-45
-72
-71
-43
-42
-64
-42
-54
-92
-91
-96
-105
-93
-78
-68
-61
-31
-33
-33
-35
-38
-9
-2
3
34
33
17
28
48
63
89
72
73
55
24
59
92
112
145
162
119
115
97
52
74
59
50
76
84
68
64
47
48
93
101
106
104
65
36
34
14
18
38
35
42
35
3
-8
-45
-96
-85
-91
-105
-66
-62
-79
-65
-81
-109
-92
-97
-100
-108
-119
-90
-52
-47
-37
-42
-58
-84
-105
-115
-119
-84
-27
7
21
64
49
41
33
-2
15
21
21
31
-5
-11
22
13
37
70
65
72
99
100
87
65
30
30
37
58
76
51
26
7
-16
11
19
-10
-11
-1
-6
-28
-28
-10
-15
-5
12
34
46
31
26
52
41
21
28
-6
3
2
-14
-18
-15
-9
6
4
-15
-15
0
11
12
16
-27
-44
-53
-62
-24
-12
-31
-19
-3
-41
-25
7
-8
11
-2
-9
14
-14
-18
-25
-46
-41
-29
-42
-44
-27
-27
-24
-19
-17
1
4
-16
-25
-13
-24
-36
-50
-90
-103
-71
-22
-15
0
10
22
25
-8
-7
14
27
43
73
96
83
90
52
20
37
29
34
19
10
20
49
37
-7
-48
-51
-30
31
46
15
13
20
-7
-27
-16
-17
2
9
-4
-3
25
46
49
31
10
28
50
33
28
23
9
17
-10
-36
-17
-45
-59
-30
-27
-41
-32
-62
-85
-77
-51
-26
-15
-38
-51
-33
-63
-92
-86
-89
-83
-23
-29
-37
-15
5
40
54
49
43
43
44
70
95
101
79
51
25
37
59
75
99
106
94
106
127
75
55
65
56
59
72
61
64
69
74
62
55
64
81
66
34
8
-23
-31
-40
-25
-48
-50
-35
-64
-79
-97
-131
-109
-56
-49
-40
-65
-114
-125
-115
-135
-141
-120
-138
-131
-125
-161
-164
-136
-97
-66
-40
-39
-50
-39
-30
-7
13
-22
-45
-28
-9
19
29
27
67
106
97
95
99
94
94
99
84
71
77
89
79
71
79
80
77
50
48
81
65
5
1
-6
-12
29
11
-9
10
13
9
27
9
-30
-25
-15
-25
4
16
-5
4
-8
-18
15
31
18
8
-21
-54
-62
-60
-60
-56
-37
-42
-35
-36
-34
-7
-10
3
17
10
12
-3
3
27
11
17
58
34
18
45
44
56
40
25
53
70
58
66
79
37
34
40
39
41
27
14
9
-22
-11
10
-4
-11
23
29
-13
-18
-29
-54
-59
-38
-38
-39
-63
-86
-68
-58
-64
-38
-34
-49
-30
-20
-33
-27
-36
-72
-83
-88
-77
-47
-41
-54
-34
-49
-60
-34
-30
-28
-19
-16
-13
-17
-24
-20
-35
-48
-21
-27
-35
-22
-12
-15
0
11
15
46
25
23
37
47
75
81
61
58
66
75
70
65
68
71
78
84
72
72
67
24
15
12
18
15
17
30
33
32
40
48
15
25
6
-24
-27
-19
-1
-5
-21
-27
-18
-1
41
43
38
55
53
52
33
22
6
-10
-29
-30
-16
-37
-17
-6
-18
-4
7
2
6
38
32
6
-5
-9
-12
-8
-7
-42
-48
-37
-39
-31
-18
-20
-9
2
13
10
19
21
-12
-63
-71
-66
-72
-41
-43
-54
-61
-50
-58
-55
-40
-24
-21
-28
-22
-9
-21
-36
-29
-41
-47
-24
-25
-21
-19
-37
-55
-68
-64
-52
-35
-33
-23
-11
3
33
44
36
35
46
36
16
21
11
-7
-4
-3
4
15
35
42
42
54
65
78
58
48
44
42
51
38
12
32
41
44
64
46
27
30
30
32
38
31
18
36
42
58
57
23
13
10
4
8
9
8
6
2
2
-6
-9
-1
12
-4
0
-29
-69
-67
-60
-65
-51
-43
-42
-27
-3
3
18
7
-2
26
27
-9
-19
-27
-36
3
8
0
-2
-6
-38
-47
-39
-42
-26
-12
-22
3
37
20
30
38
8
-11
16
34
30
38
17
3
-1
10
27
42
44
49
39
12
1
-12
-31
-36
-13
4
18
-3
-26
-15
-22
-28
-27
-37
-22
4
-4
-13
-18
-20
-14
-5
-17
-6
3
-17
-7
-13
-52
-21
6
-20
-5
-9
-29
-17
-32
-32
10
16
24
47
28
26
17
-15
-36
-52
-42
-30
-18
-8
6
0
8
15
17
37
19
20
30
16
14
33
31
7
-4
-21
-32
-22
-8
-3
-14
3
18
11
37
25
26
31
16
31
55
75
63
50
42
59
70
36
34
20
-15
-14
-22
-29
-24
-39
-38
-13
-10
-17
-3
-12
-26
-19
-21
-23
-19
-46
-60
-59
-89
-91
-87
-103
-81
-68
-78
-65
-66
-75
-64
-50
-48
-47
-52
-42
-37
-32
-28
-19
-24
-11
13
-7
-12
5
13
27
45
35
21
26
3
-14
11
8
12
35
37
58
92
71
53
74
83
75
82
61
68
81
55
63
67
56
66
68
63
86
64
49
63
60
47
48
36
32
50
27
24
22
-2
-4
-15
-27
-12
-14
-11
5
13
2
-6
-19
-26
-14
6
15
33
31
18
12
-13
-18
-23
-32
-28
-23
-15
-5
2
-9
-6
4
0
10
3
-6
-3
-12
-19
-1
-7
-19
-18
-41
-38
-8
-24
-24
20
13
7
13
8
6
7
-9
-20
-27
-54
-56
-59
-48
-33
-24
-14
-12
-19
-14
-9
-16
-2
-9
-33
-37
-51
-78
-84
-87
-101
-102
-80
-98
-98
-85
-94
-98
-85
-82
-68
-63
-74
-55
-42
-50
-50
-42
-55
-56
-53
-46
-18
-14
-13
10
9
13
26
13
10
20
10
20
5
4
36
38
40
68
70
65
87
90
87
79
62
64
67
47
53
69
70
71
84
86
91
97
84
76
87
93
85
78
73
50
26
32
40
41
34
26
21
26
23
6
9
12
0
-19
-20
-10
-2
-8
-10
-2
3
-5
18
34
31
36
25
1
-14
-12
-33
-29
-25
-35
-9
-2
-10
1
27
28
26
37
43
23
26
14
-17
-15
-15
-26
-20
-37
-42
-58
-55
-43
-49
-38
-20
-27
-48
-27
-36
-41
-30
-48
-40
-11
-13
-9
0
-20
-5
6
-1
7
11
-4
-8
-11
-7
1
-12
-7
11
-3
-1
11
-21
-18
-24
-16
7
2
-5
0
4
-16
-2
1
-21
-10
-7
-16
-10
-13
-23
-11
-30
-35
-32
-43
-48
-30
-22
-30
-38
-43
-34
-31
-29
-18
-27
-24
-13
-36
-38
-26
-32
-21
-12
-22
-2
2
-17
21
10
-4
20
6
12
25
7
5
5
5
19
13
3
0
-4
1
17
-3
-2
23
24
34
50
40
29
15
2
16
13
6
7
4
1
19
39
42
54
52
31
21
15
15
12
25
43
45
42
26
20
33
34
32
32
24
19
11
15
29
36
34
58
61
50
51
40
24
28
34
32
23
12
2
-11
-17
-17
-25
-20
-14
-18
-27
-40
-50
-62
-69
-68
-68
-65
-65
-68
-65
-55
-40
-38
-30
-23
-27
-39
-48
-50
-43
-47
-38
-32
-17
-11
0
16
14
18
22
37
43
50
50
55
54
34
40
59
54
58
50
42
42
39
42
53
44
44
42
33
34
27
25
9
1
-2
-16
-24
-27
-38
-42
-42
-41
-31
-35
-39
-41
-58
-65
-51
-48
-40
-28
-36
-55
-49
-54
-66
-55
-44
-36
-26
-40
-47
-36
-37
-41
-24
-13
-23
0
3
6
28
25
19
25
33
34
36
35
29
42
44
39
47
56
57
57
63
51
46
62
55
49
64
45
17
13
-5
-20
-9
-2
-7
-7
-4
-15
-8
1
-6
12
5
-9
2
-3
-28
-19
-31
-36
-23
-31
-26
-13
-36
-58
-41
-48
-48
-45
-41
-37
-41
-42
-29
-24
-31
-19
-20
-17
-8
-18
-4
1
-6
-9
5
1
-2
13
-9
-10
6
-2
-12
-4
-2
-16
10
36
39
50
54
49
54
67
51
44
38
27
36
29
30
29
8
19
25
27
28
22
20
20
9
8
22
19
17
23
6
5
14
3
-1
-9
-22
-30
-19
-19
-16
5
3
-5
2
7
-4
6
1
7
-2
-12
-3
-25
-16
-8
-15
-22
-20
-24
-9
3
-5
-3
6
0
2
10
-1
-7
-21
-4
11
4
2
-5
-18
-15
-14
-13
-3
6
7
8
11
10
-3
-14
-1
7
-9
-11
-3
-11
-7
-9
-18
-11
-11
-10
-9
-12
-23
-28
-24
-36
-26
-25
-28
-16
-12
-12
-4
-10
-22
-23
-18
-19
-6
1
5
14
21
13
-7
11
19
19
17
17
13
9
1
0
11
16
15
21
29
25
14
10
3
0
6
11
1
0
-1
-8
-10
-15
-17
-2
-3
-9
8
14
14
18
16
3
1
-1
-3
-5
-4
-4
-5
-11
-11
-15
-2
6
-10
-12
-1
5
7
8
16
16
1
1
7
4
7
17
8
9
13
4
11
21
28
30
20
8
-3
-8
-3
2
10
20
11
4
5
1
5
16
12
5
0
-9
-16
-15
-8
-8
-12
3
0
-2
1
-2
1
8
3
-6
10
-8
-15
-4
-5
0
4
8
15
13
-1
3
-3
-1
10
8
11
12
-3
-18
-4
-7
-11
1
-7
-18
-6
-22
-31
-14
-16
-26
-8
-19
-19
-24
44
321
391
24
-379
-345
-120
-80
-177
-173
-27
198
269
-28
-352
-323
-47
120
88
43
27
4
-64
-235
-239
-6
179
218
214
284
284
41
-174
-145
-27
51
65
50
80
84
-4
-144
-199
-84
48
44
60
71
16
-58
-91
-26
12
-16
46
112
79
15
-17
-16
-6
51
90
67
62
31
-42
-27
7
-11
-45
-36
34
22
-51
-65
-84
-100
-14
24
-1
7
6
-8
-13
14
36
36
42
87
105
64
31
40
19
36
91
89
60
59
24
-17
-7
-22
-33
-3
36
25
-26
-72
-63
-8
-17
21
75
38
1
4
-5
-12
-28
-29
29
73
83
63
-9
-40
-25
-31
-19
-16
-3
-9
-7
-30
-77
-100
-109
-73
0
18
-19
-34
-58
-55
-33
-34
-24
0
-8
5
-3
-65
-81
-44
-16
7
11
-6
-40
-86
-97
-67
-65
-48
0
2
-21
-35
-72
-112
-83
-2
57
63
64
38
-1
-35
-54
-28
16
44
55
75
28
-32
-43
-37
-27
5
38
59
68
49
11
-45
-44
-7
3
20
68
72
30
-9
-35
-23
-5
16
60
67
39
10
-20
-12
-1
4
32
45
37
17
6
-21
-61
-40
17
47
41
30
22
12
-15
-48
-22
33
60
65
67
52
21
-6
-16
21
39
47
81
97
81
54
21
15
26
17
16
38
43
43
38
22
19
17
15
37
63
52
28
14
24
40
44
25
19
27
25
13
0
-4
4
17
8
-5
-16
-22
-14
-14
-30
-40
-39
-29
-27
-33
-44
-53
-63
-62
-50
-54
-54
-43
-47
-54
-57
-67
-53
-33
-30
-26
-37
-46
-39
-44
-48
-48
-53
-48
-38
-29
-21
-29
-49
-59
-48
-41
-29
-26
-24
-22
-26
-32
-32
-29
-29
-16
-15
-15
-22
-29
-17
-10
-3
-6
-12
-16
-7
-4
6
6
9
7
0
3
12
16
8
1
4
17
18
26
25
26
20
4
5
25
20
8
17
31
24
12
8
6
14
-9
3
31
25
19
15
10
20
30
12
5
17
24
9
-3
24
35
15
9
24
52
48
28
22
37
32
29
32
27
35
32
11
11
37
42
34
36
45
35
21
9
11
26
39
41
33
36
33
5
-1
8
32
53
48
29
23
32
25
5
1
12
18
28
10
8
5
-6
-11
-1
-7
-22
-21
-17
-11
-7
-20
-29
-17
-26
-27
-16
-25
-30
-21
-21
-4
2
-19
-31
-32
-35
-40
-53
-66
-44
-22
-19
-32
-52
-48
-43
-50
-38
-33
-32
-31
-46
-38
-12
-29
-48
-39
-25
-6
-1
-14
-14
-11
-26
-42
-50
-57
-37
-29
-28
-13
-4
-13
-17
-13
-5
-1
-1
0
8
16
6
-11
-13
-3
2
10
9
13
18
19
25
14
7
4
-7
-4
14
13
1
-5
-7
7
19
15
3
1
3
9
5
-2
13
22
10
12
3
-3
-7
-5
4
12
20
6
0
6
3
-7
-4
6
22
34
34
40
32
18
22
17
1
12
26
36
44
46
44
37
28
34
45
44
45
44
41
39
43
27
17
25
26
35
35
33
31
32
31
26
24
23
28
24
16
14
10
8
0
7
13
-2
-18
-23
-18
-11
-5
-17
-13
-14
-15
-9
-25
-28
-19
-18
-22
-19
-29
-31
-18
-31
-27
-21
-20
-16
-14
-11
-11
-28
-31
-29
-27
-18
-21
-31
-24
-22
-34
-31
-42
-39
-24
-22
-23
-6
-10
-20
-21
-29
-29
-34
-36
-29
-30
-32
-26
-20
-13
-10
-12
-9
-7
-10
-15
-26
-27
-25
-29
-30
-33
-20
-16
-25
-17
-9
4
1
-3
-6
-4
-7
-12
-10
-4
11
12
10
9
9
10
10
5
8
13
11
4
6
8
17
25
24
25
22
22
24
22
19
19
20
18
21
14
8
10
6
14
23
34
40
31
29
25
19
13
9
6
18
25
21
19
13
16
22
22
23
22
24
26
20
20
12
5
9
22
29
27
26
15
14
16
7
14
23
9
15
22
16
18
20
14
24
32
19
11
8
10
4
-1
8
11
11
9
8
3
-7
-11
-6
2
9
9
-5
-17
-20
-33
-41
-30
-24
-14
-11
-19
-29
-36
-47
-54
-48
-42
-36
-38
-44
-48
-47
-48
-53
-44
-40
-32
-27
-37
-38
-36
-39
-38
-31
-31
-30
-16
-19
-22
-22
-15
-13
-6
1
2
-2
-16
-13
-8
-9
-5
-6
-7
3
7
-1
-4
-8
-9
7
15
12
13
19
11
7
13
11
23
30
25
25
30
25
18
13
29
30
30
24
28
29
17
11
20
23
15
20
15
22
20
9
12
22
17
17
17
10
15
4
-7
11
11
1
10
7
2
9
1
-2
6
4
8
16
10
4
12
0
3
3
-5
-2
0
1
6
5
1
7
7
11
18
6
-1
5
2
-5
-3
-3
2
9
9
12
6
4
5
7
10
3
7
8
8
10
-3
-9
-7
-11
-6
-4
-19
-18
-13
-12
-7
-13
-16
-12
-18
-24
-17
-18
-19
-21
-16
-11
-14
-24
-29
-20
-11
-12
-12
-7
-8
-7
-7
-13
-10
2
6
13
11
3
2
-6
-8
1
1
-5
4
2
-9
-7
-8
-10
-7
-6
-7
-8
-6
-7
-5
-6
-13
-14
-3
-10
-13
-3
-10
-11
-4
-3
-14
-10
-3
-1
12
11
7
4
-4
-8
-7
-2
0
-2
-3
-7
-14
-10
-3
1
7
10
3
15
13
6
11
9
6
11
10
11
14
10
14
15
16
11
6
6
8
10
17
15
17
25
24
25
20
17
21
19
16
14
11
12
6
10
12
6
8
7
4
3
3
5
17
12
12
10
-2
-4
1
6
-1
-13
-13
-14
-14
-13
-11
-15
-14
-11
-15
-10
-2
-11
-6
-4
-10
-4
-10
-15
-15
-16
-18
-21
-19
-13
-5
-3
-5
-14
-17
-11
-15
-13
-8
-5
-1
1
-3
-3
3
5
1
6
1
2
7
1
-2
1
-1
0
7
12
12
15
6
9
1
0
-2
-8
-4
-3
-3
-2
1
-2
-2
-1
-2
2
2
5
5
4
5
4
1
4
0
-6
-6
-7
-2
-6
-7
2
5
2
4
1
-2
0
-3
-3
-2
-6
-6
-6
-6
2
3
-3
0
7
11
11
10
10
16
11
5
9
