SAMPLES:	12137
BITSPERSAMPLE:	16
CHANNELS:	1
SAMPLERATE:	16000
NORMALIZED:	FALSE
16
-10
12
10
-7
4
22
6
16
22
-12
6
10
10
12
14
7
-7
0
-2
-3
3
8
7
-3
0
-12
-6
-18
-8
-12
-6
6
-29
4
-6
-5
1
-32
5
-17
-12
2
-14
13
-5
14
1
5
6
7
5
-14
15
-15
-2
15
-2
26
11
10
8
22
12
1
23
4
26
28
0
20
1
-7
21
13
10
41
25
2
33
-8
-5
7
-4
12
-3
-3
-9
-19
-11
-3
5
-5
13
15
-21
10
8
-24
38
-14
12
13
-29
2
-7
-1
-9
2
15
-14
23
5
-4
30
0
9
13
-10
12
-21
-6
7
-19
4
-17
0
-8
-5
19
-5
-12
-1
14
-10
-7
6
-33
-1
0
-20
-15
-16
-10
-17
8
-9
-13
14
-22
-6
4
-18
14
-19
8
-17
-11
-1
-22
-11
-21
6
-28
9
27
-35
33
-14
-27
18
-12
-30
7
-15
-19
5
-11
-16
-7
-1
-21
-9
0
-10
-9
12
-20
5
-7
-15
17
-25
25
-10
-11
5
-31
7
-21
6
9
-1
7
-11
22
-17
12
18
0
10
14
13
28
-7
33
-11
25
25
14
58
0
46
3
-8
10
1
37
2
46
17
-1
22
-24
17
3
13
22
9
5
5
5
-10
11
25
-18
28
-14
-14
4
-22
23
3
19
29
8
29
-13
37
-11
16
30
-25
30
-3
-3
-6
7
8
5
7
-9
14
-6
-11
4
10
12
19
10
-32
19
-24
-16
-7
-26
27
-28
-14
-4
-30
2
-31
-1
-22
-29
-11
-55
-22
-45
-40
11
-35
18
-21
-43
-8
-25
-18
-24
-23
-36
9
-23
-33
-9
-31
3
1
3
10
-10
1
-9
-28
7
8
-13
-2
3
-5
-27
-10
-31
-20
15
-6
23
0
31
28
15
-10
25
19
-34
34
-15
18
24
-15
22
-20
23
20
-14
33
8
30
-6
22
25
-16
16
16
9
30
-2
-2
-12
-3
39
12
25
21
30
-2
-15
10
-20
12
5
25
3
-29
36
-2
-2
30
-16
13
17
28
-6
-14
48
-16
9
28
-48
38
-25
-17
-12
-32
32
-11
66
16
-1
75
-30
20
42
-3
28
-10
-9
-12
-20
19
5
20
20
6
-37
2
15
-48
32
16
4
13
14
7
-38
32
-61
-17
-12
-42
14
-18
10
-3
0
-33
-50
-18
-54
-28
-15
-19
-35
-11
-41
-3
-16
-47
11
-56
11
3
-5
-22
-6
6
-23
-8
-2
-37
13
-9
4
-25
-8
8
-14
-14
22
-11
9
28
10
1
11
-18
-34
6
0
29
25
29
21
-8
28
-16
-32
50
-38
15
-2
-23
8
-4
6
15
-7
15
-6
33
0
36
4
-19
6
-4
2
4
12
-20
20
8
-36
53
-37
29
42
2
-18
19
12
-22
37
-8
-8
54
-5
13
20
24
27
39
23
10
50
24
-4
25
-23
35
5
8
19
-32
14
-9
1
-3
16
29
-18
-6
-32
-6
-10
3
32
-23
15
-35
-33
-37
-16
69
-15
39
-10
-41
9
-54
0
8
30
0
-3
-12
-40
13
-5
-43
47
8
-62
16
-44
-49
31
-4
9
20
-7
-16
-12
-56
11
0
-20
49
-27
-27
-11
-14
7
-42
-29
-36
-21
13
-43
29
-41
11
0
-73
8
-47
-5
-4
-29
3
-1
7
14
20
-6
26
-20
28
-11
5
51
-54
57
-33
14
40
-15
75
-23
53
39
-37
69
-42
14
15
-7
31
-25
10
29
43
-2
52
16
-13
50
-39
-47
26
26
-42
50
-6
-49
9
-42
-39
-25
52
-44
18
35
-30
22
-32
-11
-7
-5
-21
-48
53
-14
6
10
27
-28
16
45
-61
61
43
-54
22
-11
-7
-6
-4
28
-1
48
2
-12
40
0
-4
24
2
26
27
-9
27
19
4
18
3
6
-12
36
-37
22
58
17
29
32
-18
3
21
-48
36
-14
25
27
-38
25
-34
-4
18
-2
31
10
21
-18
-31
-29
-16
9
-1
-57
0
-30
-38
-13
-43
-6
-4
1
0
-29
5
-6
-26
-22
-96
-26
-25
-50
1
-27
-2
-23
4
-42
-19
-5
23
16
-37
-8
-69
-7
-41
-29
5
-45
77
-42
20
-8
-33
3
-3
-11
18
31
-9
38
-40
41
-56
0
47
-63
84
-18
-14
27
-34
-31
5
26
9
17
-45
39
-4
-1
17
-10
60
7
17
18
-57
45
8
-18
65
-10
16
2
21
40
-11
41
-12
-23
60
-23
-8
56
11
32
24
33
22
6
64
-2
28
40
3
17
71
2
23
64
-8
51
18
12
-19
14
35
-13
5
96
24
-16
89
-76
-35
57
-5
-3
45
62
-32
55
29
-78
10
14
-56
-29
-58
-45
37
-9
7
31
-52
7
17
-45
-24
8
-72
-72
17
-32
-24
67
-26
-32
19
-84
-51
-17
-35
-54
55
-24
-99
51
-60
-20
-2
-2
-60
-46
32
-134
-28
-16
-48
6
-41
3
-35
54
-14
-55
91
-13
-33
41
-18
-19
-17
79
-146
-30
113
-167
50
-8
-19
27
-7
20
-11
50
-38
2
32
-67
66
24
-87
90
-51
-16
63
-51
70
-21
-14
-3
-33
-5
-1
9
33
52
8
30
-18
3
51
58
37
-12
69
-144
-53
22
-186
23
8
-56
66
-19
-39
65
19
61
107
23
71
-18
173
-29
-60
98
-95
17
5
-3
97
29
165
25
-13
31
-23
-17
21
23
119
83
1
86
3
-28
13
-20
28
36
91
26
-36
75
-4
-38
21
-18
47
15
41
-3
-100
-1
-31
-29
14
48
-8
114
-16
22
-55
-92
22
-34
-12
15
11
21
-26
30
-109
-49
-16
-74
26
5
37
17
-23
-32
-53
-78
-50
-4
-1
8
-18
-57
-32
-61
-56
-91
-21
6
34
2
-36
-72
-125
-71
-82
-26
-46
-1
-8
-81
45
-107
5
-7
-34
-19
-79
-18
-42
79
-59
38
-92
-105
25
-36
4
23
70
26
8
46
-78
67
69
31
17
-47
-34
31
-25
17
62
28
45
61
50
31
63
27
2
-19
10
-3
9
38
-14
-4
8
-10
-29
34
145
42
31
75
5
0
133
16
-15
56
54
105
-55
-29
48
-38
-39
10
21
-61
49
92
-88
-59
71
-7
7
44
52
28
-77
77
26
-69
85
43
-17
60
23
-15
-15
31
71
-92
-1
47
-105
-43
-13
-2
-7
47
91
-32
-4
-11
-75
12
-59
31
102
-25
50
17
-23
-59
8
3
-79
59
15
-37
6
-34
20
-5
-15
61
35
-23
20
4
-68
-3
14
-43
8
-10
-13
-32
-38
34
6
-15
14
48
-39
-27
28
-60
-21
28
-31
-52
-57
-4
-34
-110
-40
1
-98
-33
22
-86
-33
27
-49
-43
-22
-11
-42
-19
6
7
22
25
36
16
-10
-58
-29
-23
-26
-1
-65
-56
-43
-55
-13
-7
-6
-18
-9
-24
-32
16
56
24
-11
5
-2
-12
-1
38
60
65
97
67
4
-25
-9
-11
-41
-22
30
24
1
52
-10
-43
-13
-16
5
31
48
67
79
27
11
48
19
36
86
52
44
102
62
37
52
-3
-4
4
12
55
47
31
61
28
-22
-19
-42
-28
25
34
23
3
1
14
-8
-19
-17
14
48
64
42
12
-6
-26
1
-46
-40
-16
-65
4
6
-21
-23
-47
-23
9
-4
-38
-24
-13
2
11
-5
-8
17
43
44
4
-52
-4
41
54
80
36
23
23
23
-3
-19
-2
38
26
47
70
24
-6
17
-8
-70
-78
-42
-36
-48
6
-14
-59
-46
-24
-88
-107
-57
-85
-64
-62
-74
-72
-76
-80
-118
-142
-130
-114
-107
-80
-115
-130
-107
-118
-96
-131
-145
-138
-167
-135
-140
-133
-98
-67
-11
-27
-37
-45
-71
-63
-30
-25
22
127
204
269
320
449
574
646
705
703
682
544
477
412
293
274
290
230
182
120
-7
-120
-166
-216
-245
-277
-273
-247
-244
-254
-278
-302
-287
-259
-287
-212
-217
-204
-114
-63
-110
-79
-84
-164
-179
-269
-432
-574
-642
-724
-693
-689
-708
-674
-564
-476
-400
-366
-366
-257
-43
107
256
354
672
1265
1694
1948
2141
2253
2092
1851
1508
1012
710
654
585
488
296
80
-176
-351
-517
-672
-727
-772
-609
-357
-302
-335
-402
-386
-396
-305
-240
-225
-104
44
161
135
12
-162
-319
-421
-572
-799
-1035
-1247
-1361
-1528
-1727
-1913
-2011
-1976
-1850
-1733
-1377
-992
-666
-416
-146
12
52
145
223
497
917
1230
1483
1663
2083
2765
2978
2995
2893
2608
2084
1556
930
201
25
10
-17
54
6
-215
-486
-421
-621
-729
-515
-335
7
454
413
169
-41
-171
-208
-208
-225
-149
79
175
256
-90
-434
-731
-970
-1080
-1328
-1538
-1691
-1826
-1889
-1922
-2122
-2258
-2095
-1869
-1644
-1455
-1259
-792
-204
67
224
334
412
535
568
593
653
845
1181
1438
1641
2322
2916
3169
3257
3239
2808
2107
1415
715
328
233
209
238
397
418
197
-18
-244
-426
-395
-181
28
439
780
595
361
128
-157
-450
-537
-548
-416
-206
-151
-193
-430
-677
-898
-1241
-1343
-1561
-1658
-1699
-1805
-1885
-1941
-1995
-1937
-1701
-1555
-1390
-1297
-1246
-836
-378
-187
-71
20
150
106
-40
-124
-78
191
499
1038
1339
1888
2768
3210
3265
3088
2765
2027
1459
1024
390
200
254
240
319
184
-78
-294
-171
-243
-336
-149
-113
53
291
151
-180
-422
-492
-572
-388
-382
-433
-296
-199
-37
-145
-374
-737
-1011
-1129
-1457
-1704
-2009
-2110
-2008
-1907
-1782
-1786
-1655
-1434
-1141
-928
-1001
-1026
-692
-126
235
363
365
265
196
-47
-214
-111
209
687
1302
1767
2571
3082
3304
3192
3022
2792
1906
1323
775
356
374
386
351
246
321
114
-130
-31
-211
-75
159
433
564
590
453
59
-145
-332
-525
-598
-554
-449
-371
-195
-154
-354
-522
-819
-1054
-1229
-1458
-1616
-1754
-1635
-1645
-1508
-1451
-1549
-1478
-1264
-1039
-972
-1012
-1081
-890
-396
-178
-127
-70
-90
-85
-203
-203
-247
150
655
1076
1346
1981
2637
2944
3183
3204
3087
2597
1969
1239
630
459
319
301
400
437
316
68
131
9
-57
49
72
94
176
-43
-311
-438
-558
-663
-609
-696
-747
-621
-514
-382
-418
-513
-737
-884
-1083
-1357
-1465
-1590
-1695
-1810
-1782
-1829
-1939
-1784
-1722
-1566
-1393
-1319
-1427
-1318
-1000
-610
-277
-124
39
148
59
12
-85
81
398
888
1351
1680
2313
2939
3329
3415
3556
3003
2284
1676
1069
761
612
587
583
595
572
188
63
-25
-68
58
51
70
-26
-59
-310
-415
-454
-588
-619
-597
-518
-507
-523
-442
-506
-509
-646
-892
-970
-1078
-1198
-1354
-1461
-1651
-1862
-1933
-2091
-2065
-1984
-1848
-1517
-1191
-926
-885
-794
-517
-178
137
282
403
542
540
494
472
555
786
1074
1317
1500
1952
2417
2800
3161
3335
3211
2763
2211
1581
1155
859
631
558
469
567
571
471
543
449
249
17
-296
-642
-851
-1028
-1195
-1079
-1028
-1061
-1010
-1005
-1057
-1050
-1042
-1006
-843
-747
-702
-621
-530
-602
-822
-1102
-1458
-1785
-2016
-2191
-2196
-1983
-1683
-1374
-1030
-816
-765
-842
-883
-850
-579
-276
-62
349
669
818
920
988
1087
1294
1431
1494
1609
1873
2273
2548
2833
3024
2920
2533
2054
1536
1137
801
547
438
420
436
407
279
212
92
-125
-501
-931
-1230
-1369
-1365
-1296
-1118
-938
-981
-1024
-985
-1058
-1070
-1098
-1059
-863
-620
-511
-417
-280
-408
-679
-996
-1300
-1517
-1664
-1721
-1706
-1541
-1263
-1073
-943
-759
-714
-749
-798
-746
-519
-138
284
691
1112
1355
1443
1440
1326
1226
1251
1207
1122
1197
1264
1428
1753
2026
2261
2310
2108
1831
1443
1067
796
608
512
572
545
472
465
338
221
9
-202
-389
-570
-822
-1015
-1071
-1172
-1269
-1252
-1175
-1169
-1131
-1104
-1051
-929
-759
-642
-569
-435
-318
-324
-308
-360
-500
-576
-706
-816
-869
-983
-1008
-919
-805
-619
-448
-387
-321
-272
-259
-163
47
294
586
837
1053
1144
1079
1029
932
856
825
782
764
817
850
865
932
918
954
1089
964
847
775
458
279
268
213
173
261
230
148
106
-96
-328
-466
-627
-675
-655
-614
-616
-566
-545
-515
-518
-496
-501
-535
-516
-527
-489
-403
-376
-299
-248
-351
-338
-381
-417
-443
-457
-520
-462
-448
-460
-353
-329
-390
-333
-282
-317
-224
-191
-181
-113
-83
-12
111
150
187
343
386
385
426
446
511
516
562
572
481
411
344
295
337
431
508
561
588
463
334
191
48
21
-26
-109
-97
-118
-138
-49
33
82
217
253
298
338
263
198
239
234
251
341
336
341
253
155
83
3
-75
-109
-213
-294
-385
-483
-476
-460
-445
-319
-207
-151
-101
-181
-238
-263
-312
-289
-232
-285
-273
-256
-266
-248
-238
-227
-159
-4
1
3
50
76
43
71
143
141
118
108
93
30
-43
-83
-190
-288
-260
-362
-340
-224
-104
51
144
318
425
400
387
355
249
195
164
147
213
301
407
446
410
339
252
228
134
-7
-97
-165
-181
-209
-176
-154
-37
124
178
211
191
93
15
25
-29
-65
-122
-121
-86
-118
-140
-170
-135
-110
-139
-165
-172
-207
-319
-309
-264
-279
-286
-297
-200
-79
-23
84
150
100
28
12
-64
-145
-184
-160
-136
-197
-260
-249
-216
-192
-147
-155
-199
-151
-69
-17
95
158
161
193
241
283
326
306
286
242
89
-71
-186
-197
-140
-89
19
117
218
308
313
305
381
308
185
115
23
-7
48
28
-28
7
-29
-23
8
17
58
94
64
48
80
108
165
222
260
315
322
344
352
351
407
392
293
219
161
17
-129
-238
-379
-484
-486
-495
-446
-348
-226
-180
-86
-56
-33
-9
15
39
-32
-50
-121
-180
-209
-195
-223
-253
-233
-185
-86
-49
-52
-21
-30
-33
-17
14
0
-38
-39
-76
-156
-189
-199
-211
-152
-78
4
73
106
105
139
180
199
191
149
147
202
211
194
242
304
322
318
367
298
210
170
62
-47
-143
-219
-333
-386
-360
-336
-299
-269
-261
-190
-111
-78
32
95
116
170
153
72
-7
-106
-187
-230
-243
-257
-225
-183
-140
-97
-79
-53
-53
-81
-65
-41
-75
-51
-4
6
66
159
163
141
116
49
68
64
17
67
125
104
175
202
182
149
127
113
107
164
185
234
325
374
322
256
181
91
-20
-80
-119
-148
-163
-159
-124
-99
-114
-53
-32
-70
-32
-78
-76
-63
-79
-27
5
-25
28
56
16
32
14
-72
-31
-1
-47
31
63
46
129
105
57
126
80
37
54
0
0
9
34
5
-57
-88
-159
-204
-130
-98
-93
17
65
57
104
80
53
55
49
47
100
97
80
90
3
-44
-75
-179
-229
-199
-228
-239
-192
-181
-183
-101
-23
-2
41
54
-25
-35
-99
-161
-169
-218
-195
-177
-157
-114
-129
-108
-69
-49
0
73
79
122
191
213
245
211
195
166
120
105
81
80
68
68
20
-4
-45
-84
-64
-47
-19
15
-2
12
55
61
94
113
135
208
230
257
268
214
158
113
83
59
56
10
4
22
-3
10
44
22
-4
-31
-74
-127
-201
-223
-292
-303
-324
-338
-319
-301
-230
-173
-166
-145
-168
-213
-201
-171
-173
-121
-66
-36
2
70
141
127
175
162
109
84
8
3
24
-15
-18
-14
-47
-55
27
73
116
170
177
185
245
244
302
401
380
418
460
414
405
370
265
212
166
102
48
12
-40
-1
36
-17
-7
-7
-68
-54
-90
-125
-139
-143
-118
-146
-155
-206
-260
-264
-299
-303
-271
-268
-275
-214
-204
-222
-217
-285
-286
-284
-298
-282
-229
-178
-130
-65
-73
-69
-66
-26
0
75
101
140
164
173
234
251
273
297
274
262
288
219
238
226
258
326
327
358
381
356
335
271
186
130
63
52
20
9
20
-37
-56
-41
-47
-77
-96
-127
-169
-173
-217
-272
-328
-342
-328
-378
-408
-366
-352
-345
-290
-268
-275
-269
-210
-169
-193
-193
-221
-230
-226
-225
-188
-147
-109
-32
7
11
55
72
98
182
234
247
295
323
319
362
320
252
249
202
147
153
199
199
231
297
338
351
314
260
163
115
100
30
26
28
1
11
30
-11
-31
-30
-66
-51
-66
-49
-18
-22
-19
-27
-92
-162
-188
-237
-287
-321
-321
-339
-320
-241
-223
-207
-140
-127
-139
-80
-63
-69
-12
81
54
108
159
125
172
203
166
196
244
230
255
209
178
163
114
60
63
21
-22
15
37
63
142
178
228
281
252
230
179
113
74
55
6
4
-11
-44
-15
-38
-44
-46
-84
-99
-163
-239
-257
-273
-300
-280
-271
-297
-298
-313
-355
-369
-342
-375
-297
-205
-221
-144
-95
-85
-6
34
48
87
121
107
107
130
116
110
103
116
115
71
4
24
39
-23
-1
14
7
17
67
108
159
211
205
261
295
292
326
327
299
308
309
225
188
133
67
59
11
-11
-59
-53
-118
-166
-156
-211
-226
-215
-247
-291
-251
-230
-209
-174
-140
-132
-166
-145
-180
-216
-180
-177
-177
-171
-136
-106
-27
34
17
16
16
-13
23
15
-13
59
71
52
94
87
29
25
-32
-21
24
-3
4
65
95
142
215
272
345
382
408
391
343
324
278
229
236
237
183
181
188
168
137
98
47
-20
-67
-84
-99
-107
-144
-154
-155
-175
-158
-176
-179
-166
-160
-126
-95
-103
-127
-90
-107
-149
-93
-104
-129
-77
-95
-108
-81
-96
-85
-50
-53
-72
-62
-102
-95
-107
-136
-113
-105
-107
-135
-92
-89
-92
-65
-65
-54
-14
50
94
132
199
189
210
257
206
188
198
122
70
112
117
69
82
39
2
-20
-55
-63
-73
-108
-103
-65
-60
-61
-51
-54
-57
-16
-20
-36
-49
-71
-86
-68
-52
-22
33
23
11
8
-42
-39
-50
-32
-38
-19
20
77
110
132
162
155
130
113
95
67
35
6
26
1
-14
7
2
51
107
94
89
117
127
103
122
109
76
67
35
45
54
33
27
6
-43
-98
-158
-202
-250
-285
-308
-321
-329
-296
-239
-206
-164
-146
-134
-113
-106
-94
-43
-58
-78
-12
-9
-27
16
-14
-34
12
-5
-1
55
94
104
184
238
261
312
361
391
369
369
303
240
196
183
195
178
184
167
157
144
158
155
116
132
131
93
98
79
55
59
52
8
7
-25
-79
-73
-114
-173
-163
-209
-290
-280
-312
-363
-343
-350
-373
-351
-339
-351
-359
-362
-368
-342
-329
-319
-295
-256
-252
-242
-208
-168
-158
-122
-93
-94
-70
-16
59
61
133
217
262
327
382
387
422
452
368
330
283
219
171
178
167
197
244
202
216
224
193
186
209
188
228
229
166
151
144
96
112
159
151
151
126
40
-42
-100
-166
-194
-267
-285
-261
-228
-282
-266
-237
-273
-237
-188
-194
-195
-168
-196
-231
-234
-250
-244
-217
-196
-165
-154
-152
-144
-114
-78
-33
50
132
172
184
204
188
183
204
167
145
166
132
125
134
114
156
178
195
196
216
183
162
140
100
141
121
92
116
97
18
19
1
-4
31
8
-22
-1
-26
-105
-176
-237
-216
-233
-272
-246
-199
-185
-172
-154
-156
-149
-147
-193
-206
-250
-254
-252
-233
-150
-90
-14
33
21
10
-20
-38
28
41
76
115
149
133
155
208
226
284
275
245
266
241
194
213
241
263
308
344
343
314
250
161
43
11
-13
9
60
34
23
30
18
-36
-67
-96
-109
-101
-121
-148
-178
-217
-259
-281
-291
-314
-313
-341
-332
-265
-262
-268
-261
-232
-161
-113
-82
-93
-92
-85
-81
-79
-38
27
48
68
39
-5
-53
-55
-17
33
137
212
256
268
274
270
300
308
323
358
346
309
300
268
212
237
239
226
239
163
114
107
30
-19
-12
-59
-67
-74
-131
-156
-197
-222
-207
-243
-282
-276
-281
-311
-280
-237
-253
-282
-288
-324
-328
-316
-331
-307
-265
-234
-221
-221
-219
-243
-206
-151
-143
-90
-63
-37
-1
9
4
4
24
34
104
171
213
303
336
351
403
426
414
424
391
359
358
349
320
341
360
311
315
283
242
229
225
210
219
217
238
246
178
175
144
33
-50
-87
-131
-155
-181
-153
-129
-140
-138
-129
-186
-223
-200
-244
-248
-280
-330
-333
-330
-336
-299
-247
-237
-197
-188
-172
-155
-197
-187
-148
-174
-158
-117
-146
-127
-115
-101
-38
0
60
118
140
177
200
228
247
242
250
235
201
181
199
164
184
224
207
246
219
191
212
208
169
215
211
176
168
124
75
10
-31
-65
-104
-110
-125
-164
-164
-176
-197
-160
-152
-202
-178
-178
-219
-184
-197
-235
-191
-193
-240
-228
-239
-275
-243
-241
-212
-169
-203
-178
-169
-204
-167
-112
-120
-100
-51
11
48
45
69
59
4
37
64
77
134
135
110
125
117
68
140
100
51
119
101
67
146
175
151
189
220
175
176
154
112
102
49
55
75
53
28
71
79
90
110
105
88
95
71
78
54
6
43
75
73
65
78
55
38
32
19
11
-11
-15
-26
-26
6
-6
-6
2
-39
-65
-30
-52
-54
19
28
45
79
-12
-16
1
-77
-97
-78
-65
-55
-55
-79
-57
-54
-71
-16
-17
-30
16
12
-19
-5
-17
-58
-51
-61
-81
-61
-85
-109
-63
-63
-65
-55
-68
-52
-19
-26
2
-18
-40
1
-11
-24
16
33
49
68
89
98
70
84
88
103
72
26
43
16
-4
26
33
-12
-61
-77
-91
-98
-73
-48
-15
18
38
5
6
10
-6
-17
-27
-31
-62
-30
-5
-12
-14
17
21
27
48
22
1
11
-17
-50
-44
-51
-84
-78
-70
-67
-65
-40
-40
-66
-47
-39
-59
-95
-112
-104
-63
-63
-70
-14
3
-21
21
41
8
8
39
25
46
72
69
52
59
40
16
28
5
-4
-6
-50
-33
-3
-7
36
69
88
102
94
86
68
69
65
66
92
82
71
50
61
82
109
140
123
115
58
48
50
0
0
9
14
22
19
-8
-16
-25
-41
-14
0
-7
-39
-61
-22
-23
-57
-25
4
-29
6
-23
-25
3
-17
-6
37
22
3
37
23
22
52
50
66
88
49
41
-6
-64
-62
-63
-81
-59
-20
-24
19
39
35
65
70
33
35
26
-3
1
-11
-20
-56
-79
-70
-52
-20
-20
-36
-65
-85
-90
-114
-81
-44
-45
-46
-36
-47
-53
-43
-52
-62
-37
-68
-64
-41
-43
-10
7
-1
-2
17
23
37
38
34
21
44
39
41
51
35
31
23
15
-21
-34
-51
-48
-53
-83
-88
-138
-152
-111
-92
-55
-5
-9
-22
20
21
11
8
-15
-20
-25
-54
-58
-101
-164
-135
-115
-144
-128
-84
-112
-93
-20
-8
4
39
36
1
7
17
2
12
67
92
129
116
125
141
128
156
183
194
208
225
215
207
156
140
163
144
151
173
172
164
170
158
130
110
112
91
61
43
22
-27
-66
-70
-64
-64
-27
-8
-34
-20
-26
-56
-56
-84
-46
-26
-39
-55
-57
-109
-177
-170
-187
-184
-153
-100
-89
-75
-59
-23
-10
20
22
0
22
56
48
36
61
39
49
60
72
51
67
51
35
78
65
44
52
39
10
43
65
22
25
52
28
40
69
42
28
25
-51
-83
-59
-75
-79
-25
-64
-74
-48
-118
-104
-66
-115
-124
-102
-182
-184
-141
-184
-169
-107
-120
-105
-83
-104
-110
-154
-175
-160
-151
-154
-133
-130
-126
-97
-105
-105
-81
-34
-24
-25
-14
-9
-31
-7
-6
25
87
73
109
121
99
125
134
96
136
137
102
130
117
130
173
142
153
165
140
134
158
136
166
159
116
131
111
47
47
30
9
40
18
25
62
24
33
43
31
68
85
65
78
54
-22
-18
-20
-65
-34
-26
-33
8
2
-19
11
8
-29
4
17
-4
-12
-29
-79
-107
-105
-120
-101
-66
-54
-9
-6
18
78
84
83
111
121
119
128
113
96
91
88
99
116
84
54
55
46
38
17
65
42
9
14
-11
-35
-59
-105
-121
-136
-169
-173
-170
-157
-153
-156
-131
-144
-147
-120
-148
-156
-112
-137
-148
-114
-132
-126
-67
-100
-101
-63
-113
-125
-85
-100
-124
-84
-102
-113
-118
-143
-132
-116
-96
-31
15
41
67
74
86
84
95
94
103
119
134
143
136
141
122
98
120
124
108
105
84
36
8
14
-1
8
39
29
35
50
7
-4
32
27
59
60
35
25
10
-14
-36
-51
-44
-30
-24
-26
-23
-10
-10
0
22
37
23
32
29
-7
-19
-45
-49
-51
-43
8
12
28
44
34
29
69
79
73
75
57
79
85
101
122
133
120
126
126
93
115
89
40
78
73
55
90
79
58
96
66
9
36
13
3
35
6
-1
9
11
-24
-42
-37
-58
-67
-33
-38
-51
-29
-44
-33
-33
-80
-90
-71
-107
-118
-93
-96
-117
-89
-113
-115
-68
-68
-66
-70
-85
-96
-91
-106
-84
-72
-98
-80
-63
-61
-27
-12
5
12
36
37
46
46
28
10
-34
-51
-39
-26
-14
-8
-4
6
-10
-33
-18
-49
-83
-79
-60
-89
-75
-44
-57
-5
9
-14
4
-10
-32
-13
-4
6
17
0
12
37
27
16
19
-7
-2
18
-5
16
28
-6
21
29
15
31
43
23
30
44
13
47
61
49
87
80
93
106
117
109
87
91
66
54
81
65
51
77
54
50
71
52
32
49
44
38
29
13
30
7
-21
-25
-19
-7
-11
-14
5
20
35
63
69
27
18
20
-10
-7
4
4
-4
11
37
35
39
18
-5
18
15
8
23
19
-2
-10
29
17
-2
-6
-36
-42
-42
-27
-21
-10
-14
-10
5
-3
-35
-35
-51
-50
-48
-52
-40
-58
-70
-77
-88
-123
-115
-115
-103
-103
-143
-111
-109
-136
-109
-96
-132
-94
-64
-84
-56
-55
-62
-34
-42
-37
-24
-60
-51
-51
-65
-51
-32
-33
-3
-8
-18
21
-6
8
43
17
22
46
10
7
22
14
27
35
45
66
58
71
85
86
91
93
91
110
136
117
100
102
97
88
114
110
64
56
67
58
74
84
64
48
52
45
39
39
15
12
14
23
24
12
12
9
-6
13
13
-13
-5
2
-11
-12
-20
-41
-38
-59
-53
-49
-32
-23
-19
20
3
-18
-9
-20
-27
-2
5
8
14
1
9
11
13
26
0
-5
15
-1
6
-10
-14
11
4
-3
27
6
9
25
-6
0
12
3
18
44
24
43
60
29
33
32
26
6
-2
3
-21
-23
-1
-11
-19
-3
-25
-32
-19
-42
-62
-67
-83
-102
-87
-71
-79
-73
-69
-78
-66
-58
-77
-88
-60
-80
-70
-38
-57
-64
-48
-74
-82
-37
-46
-42
-19
-57
-52
-29
-53
-65
-44
-40
-38
-30
-30
-17
-21
1
19
9
11
29
41
41
34
15
12
3
21
46
36
54
62
36
56
66
35
49
51
44
57
45
22
37
10
0
2
12
17
15
19
6
8
8
26
40
45
55
36
34
16
11
35
40
39
51
74
56
69
79
66
85
77
35
55
69
33
41
52
29
40
40
54
74
45
1
34
21
-2
7
0
-5
14
22
17
15
12
23
17
16
4
-14
-27
-15
-26
-14
-11
-31
-15
-6
1
-4
-26
-25
-21
-23
-25
-26
-48
-53
-50
-55
-75
-53
-51
-55
-24
-26
-34
-35
-36
-42
-51
-38
-33
-19
-19
-20
3
-10
-22
-18
-33
-16
-26
-38
-31
-34
-36
-15
-20
-36
-27
-33
-25
-30
-30
-33
-31
-31
-27
-37
-27
-13
-27
-22
-14
-31
-18
-2
-29
-11
-15
-46
-36
-33
-55
-21
-6
-41
-28
-22
-35
-27
-16
-32
-57
-22
-19
-14
7
-2
-13
-9
7
11
6
11
13
9
31
37
31
42
32
29
43
40
47
63
47
38
69
71
69
80
96
91
87
90
75
80
78
73
70
70
62
53
53
34
52
59
40
50
54
43
38
30
19
6
2
-1
10
13
-2
-7
-17
-23
-23
-4
-24
-22
-14
-14
-16
-6
-9
-20
-14
-14
-27
-6
-11
-21
-9
-14
-4
2
13
12
23
16
11
22
31
42
27
14
16
11
26
28
16
16
7
24
32
8
10
-3
-36
-34
-22
-35
-48
-46
-76
-78
-68
-85
-74
-70
-90
-73
-91
-104
-86
-95
-83
-62
-81
-85
-86
-69
88
295
352
111
-308
-567
-628
-519
-354
-96
204
451
433
93
-284
-476
-428
-261
-29
210
367
345
121
-134
-283
-311
-158
74
230
472
586
401
84
-198
-375
-286
-23
118
225
319
342
269
12
-283
-295
-107
197
384
416
323
216
105
-159
-262
-257
-123
143
286
414
393
251
-35
-151
-52
-129
-161
11
85
146
239
-8
-313
-191
-54
-23
59
79
38
144
206
165
73
33
-76
-137
-189
-288
-221
-196
27
158
155
45
-203
-227
-212
-240
-98
229
293
123
68
-57
-250
-331
-229
-18
241
429
435
143
-114
-218
-247
-169
-61
19
113
122
118
-5
-59
-252
-173
57
-2
8
132
95
59
71
61
-6
39
24
-40
-19
37
74
-44
-192
-97
118
161
-1
-244
-205
17
29
-137
-247
-149
55
134
84
-70
-289
-286
-68
-63
-53
-63
-140
-87
8
28
-158
-134
8
59
154
117
-22
-183
-173
72
144
73
-22
-83
46
160
123
-32
-161
-124
156
267
203
86
-3
48
170
110
-50
-82
117
346
313
13
-110
62
178
211
186
-26
-31
77
8
-43
50
140
-69
-184
62
183
54
-63
-135
-165
16
121
-82
-190
14
143
54
-229
-474
-353
17
190
50
-199
-228
18
142
-64
-303
-300
-50
72
-116
-242
-24
239
298
126
-68
-37
90
95
18
64
190
245
177
19
1
-12
-11
38
44
145
260
191
15
-60
-17
96
168
194
205
158
114
46
-48
-59
32
149
153
163
75
-16
13
18
17
-61
-137
-113
-129
-184
-204
-148
-102
21
21
-150
-267
-336
-251
-135
-140
-152
-120
-20
-31
-162
-228
-234
-165
-103
-142
-201
-181
-118
-42
21
21
-93
-210
-304
-272
-120
-9
30
71
106
189
118
-198
-330
-197
77
278
286
250
212
238
291
235
245
354
434
516
462
334
271
324
511
579
499
313
127
41
-20
9
76
127
115
26
-91
-223
-331
-385
-368
-292
-165
-105
-196
-373
-476
-500
-439
-435
-448
-284
-122
-117
-259
-405
-487
-403
-340
-338
-328
-374
-393
-335
-242
-173
-190
-188
-132
-127
-188
-312
-272
47
369
534
622
523
341
261
427
802
1304
1715
1813
1696
1375
865
335
24
146
614
1077
1181
896
398
-57
-358
-564
-645
-537
-141
244
248
-168
-803
-1181
-1126
-882
-703
-676
-561
-302
-191
-360
-690
-900
-841
-625
-506
-511
-592
-606
-465
-533
-860
-1120
-1300
-1377
-1261
-1083
-821
-381
-32
6
-151
-338
-388
-339
-262
-57
372
850
1132
1242
1360
1783
2331
2470
2179
1934
1844
1773
1521
1119
944
1205
1483
1345
837
277
-44
-180
-300
-441
-435
-289
-106
-89
-438
-930
-1128
-1085
-882
-647
-549
-405
-170
-82
-213
-479
-702
-739
-671
-562
-571
-592
-640
-870
-1209
-1418
-1585
-1649
-1536
-1410
-1236
-1123
-1140
-1282
-1301
-1068
-627
-107
211
305
328
344
292
233
349
763
1492
2338
2941
3024
2761
2319
1847
1451
1118
852
901
1377
1811
1731
1146
357
-230
-456
-506
-617
-527
-144
303
465
10
-796
-1353
-1363
-1074
-657
-309
-16
273
340
82
-450
-995
-1164
-888
-469
-208
-261
-577
-913
-1209
-1656
-2036
-2166
-1993
-1653
-1175
-840
-883
-1149
-1417
-1427
-1187
-814
-382
115
568
778
714
401
77
35
497
1421
2513
3241
3390
3096
2490
1728
1058
636
587
1070
1845
2207
1766
758
-212
-656
-683
-651
-530
-139
413
790
503
-327
-1095
-1441
-1254
-781
-415
-181
-3
121
104
-145
-592
-899
-943
-768
-525
-451
-622
-927
-1177
-1365
-1608
-1877
-2086
-2007
-1641
-1186
-953
-1020
-1210
-1330
-1278
-976
-592
-223
253
693
847
641
341
68
205
898
2065
3253
3837
3687
3076
2239
1377
626
213
484
1339
2221
2316
1495
221
-722
-1137
-1116
-879
-444
168
827
921
279
-607
-1280
-1416
-1137
-652
-256
41
241
297
125
-271
-662
-981
-1173
-1049
-757
-628
-653
-917
-1250
-1472
-1756
-2163
-2440
-2264
-1705
-1014
-621
-673
-1013
-1259
-1221
-975
-555
-53
488
962
1045
737
269
64
492
1565
2835
3690
3932
3508
2655
1713
926
407
474
1119
1785
1992
1522
591
-323
-939
-1083
-820
-292
276
684
771
452
-121
-671
-925
-882
-616
-227
19
30
-79
-192
-295
-443
-743
-1093
-1230
-1128
-961
-1026
-1303
-1579
-1749
-1860
-2163
-2447
-2366
-1810
-1141
-738
-765
-1098
-1349
-1433
-1263
-911
-295
380
886
968
681
196
-114
111
1023
2389
3669
4343
4115
3273
2070
986
215
30
594
1553
2175
2057
1198
37
-797
-1106
-982
-477
275
944
1291
1063
327
-584
-1172
-1189
-737
-233
156
384
366
120
-280
-722
-1039
-1062
-955
-797
-898
-1139
-1462
-1751
-2066
-2311
-2454
-2452
-2212
-1798
-1385
-1047
-897
-945
-1023
-1161
-1200
-1006
-565
11
552
850
808
504
160
131
681
1771
3024
3978
4303
3889
2879
1721
682
140
335
1116
1866
2077
1620
707
-262
-911
-1108
-805
-122
727
1344
1289
690
-119
-753
-967
-731
-311
91
302
374
182
-227
-660
-1031
-1151
-972
-778
-702
-1009
-1503
-1938
-2246
-2378
-2448
-2417
-2100
-1520
-1061
-1011
-1189
-1283
-1262
-1142
-971
-805
-520
-95
343
581
540
350
193
62
182
796
1824
2998
3884
4149
3730
2822
1572
397
-206
80
1005
1909
2157
1676
762
-286
-1114
-1554
-1386
-402
959
1814
1764
969
-142
-909
-1164
-1048
-592
-7
485
640
306
-368
-998
-1344
-1312
-1084
-1080
-1199
-1355
-1505
-1656
-1945
-2263
-2343
-2211
-2018
-1745
-1375
-1022
-678
-499
-673
-959
-1188
-1248
-997
-579
15
662
1052
967
524
-23
-130
445
1615
3043
4241
4615
4084
2839
1274
63
-358
139
1217
2177
2355
1728
650
-607
-1402
-1533
-954
170
1237
1834
1697
898
-137
-962
-1283
-1025
-380
243
521
419
-24
-587
-1036
-1300
-1358
-1340
-1155
-1065
-1256
-1505
-1782
-2012
-2125
-2236
-2264
-2054
-1590
-1059
-672
-514
-641
-861
-1073
-1159
-1067
-787
-345
182
582
777
587
196
-191
-258
405
1660
3180
4307
4648
4283
3277
1844
472
-274
-7
978
1934
2218
1709
766
-287
-1096
-1461
-1115
-119
1000
1766
1816
1170
199
-788
-1277
-1221
-746
-180
118
76
-116
-464
-979
-1495
-1831
-1762
-1321
-918
-1084
-1491
-1832
-2032
-2195
-2472
-2588
-2206
-1424
-697
-479
-615
-822
-970
-974
-937
-838
-614
-314
54
284
351
273
22
-186
-194
370
1357
2639
3894
4574
4564
3842
2422
916
-64
-114
643
1677
2221
1961
1119
-80
-1213
-1792
-1601
-568
785
1806
2117
1531
452
-751
-1470
-1500
-1008
-256
259
401
224
-228
-968
-1612
-1992
-1906
-1519
-1029
-818
-1033
-1361
-1650
-2029
-2382
-2466
-2176
-1388
-447
16
-99
-420
-753
-958
-981
-836
-524
-170
119
230
202
99
15
-107
-98
30
379
1222
2550
3925
4775
4819
3952
2545
1026
-127
-439
190
1295
2197
2112
1231
-240
-1648
-2385
-2139
-874
897
2236
2592
1914
581
-893
-1836
-1996
-1425
-336
451
702
384
-377
-1228
-1880
-2184
-2163
-1727
-1016
-387
-289
-754
-1440
-2099
-2512
-2554
-2243
-1477
-521
192
269
-239
-781
-1199
-1233
-943
-491
-10
227
129
-88
-316
-427
-512
-354
-73
363
1195
2419
3670
4430
4485
3897
2679
1287
79
-460
99
1200
2054
1943
892
-558
-1830
-2455
-2110
-769
1050
2427
2775
2023
577
-936
-1971
-2052
-1222
-46
846
956
415
-367
-1197
-2005
-2388
-2202
-1564
-749
-171
-55
-268
-803
-1608
-2245
-2392
-2050
-1384
-593
111
486
264
-448
-1228
-1474
-1107
-527
-69
182
197
-23
-345
-557
-650
-426
-79
185
426
1113
2270
3558
4272
4425
3896
2818
1382
20
-486
103
1260
1927
1478
335
-926
-2064
-2447
-1965
-521
1217
2520
2653
1715
239
-1222
-2129
-2004
-1090
144
822
881
372
-525
-1474
-2345
-2628
-2154
-1212
-284
303
465
241
-451
-1402
-2281
-2507
-2201
-1420
-373
424
793
455
-369
-1133
-1515
-1210
-605
-62
289
261
-42
-555
-890
-737
-426
140
491
680
1014
1742
2870
3905
4338
4123
3428
2309
992
32
-199
171
808
942
302
-640
-1509
-2105
-1870
-773
661
1826
2254
1798
749
-479
-1440
-1786
-1237
-278
427
561
129
-643
-1494
-2168
-2376
-1981
-1103
-222
373
629
245
-564
-1647
-2474
-2541
-2063
-1305
-492
79
427
188
-383
-989
-1179
-870
-369
40
182
-43
-518
-1004
-1043
-711
-293
150
367
613
699
704
1300
2442
3716
4465
4399
3552
2147
723
-369
-765
-181
615
917
394
-418
-1344
-1999
-1876
-998
482
1907
2396
1925
845
-445
-1374
-1674
-1265
-489
264
438
101
-542
-1422
-2005
-1991
-1400
-470
254
486
201
-288
-929
-1601
-2135
-2223
-1753
-1095
-514
-93
-20
-75
-337
-583
-789
-744
-503
-310
-59
-14
-286
-630
-857
-653
-167
289
634
665
762
719
919
1796
3049
4089
4329
3926
2937
1540
222
-659
-579
241
925
980
161
-772
-1569
-1860
-1325
-176
1187
2117
2360
1715
469
-807
-1796
-1819
-1057
-76
628
590
139
-658
-1390
-1831
-1944
-1474
-696
48
435
262
-405
-1216
-1724
-1946
-1954
-1660
-1179
-569
-152
-54
-364
-739
-909
-989
-858
-589
-302
-55
-37
-136
-383
-620
-580
-409
3
371
564
513
408
544
1230
2396
3568
4019
3895
3154
2001
643
-448
-831
-452
244
639
295
-378
-1153
-1617
-1375
-531
622
1560
1883
1577
769
-274
-1125
-1379
-883
-115
431
375
-94
-814
-1444
-1705
-1578
-1081
-329
238
612
606
38
-903
-1729
-2164
-2070
-1603
-1075
-616
-201
-122
-356
-710
-904
-806
-364
208
517
383
-31
-597
-923
-947
-672
-145
414
718
708
417
130
-28
329
1547
3088
4274
4352
3584
2258
806
-399
-898
-700
134
789
829
184
-673
-1516
-1727
-1060
158
1309
1975
1848
1236
246
-652
-1308
-1387
-754
-73
325
357
1
-679
-1110
-1233
-1073
-656
-131
104
178
-93
-726
-1315
-1706
-1857
-1872
-1568
-1154
-761
-345
-160
-76
21
32
-88
-197
-184
-153
-315
-491
-692
-799
-800
-681
-345
114
444
472
352
329
321
330
714
1622
2807
3765
3837
3115
2099
1039
147
-463
-494
-43
345
415
-17
-702
-1330
-1584
-1154
-251
783
1443
1398
1057
367
-366
-935
-1083
-730
-114
450
449
-24
-630
-1275
-1588
-1400
-933
-470
-154
-124
-554
-1083
-1610
-1895
-1771
-1300
-717
-345
-201
-138
-176
-4
129
158
74
-68
-243
-487
-645
-797
-819
-635
-485
-135
257
563
799
836
814
701
607
664
825
1200
1915
2826
3341
3102
2525
1685
942
131
-466
-550
-198
38
-108
-657
-1124
-1370
-1197
-629
296
1114
1399
1196
720
93
-532
-915
-785
-421
-1
141
-204
-688
-1224
-1581
-1654
-1258
-762
-356
-75
-73
-325
-697
-925
-873
-680
-479
-474
-557
-563
-425
-267
-5
204
162
13
-203
-425
-507
-483
-315
-126
4
48
-33
147
445
786
1008
1092
1048
930
786
766
703
845
1279
1944
2312
2162
1500
628
-48
-603
-955
-726
-131
384
362
-65
-679
-1172
-1129
-751
-7
674
958
833
373
-202
-781
-1230
-1159
-839
-331
-35
-43
-424
-907
-1203
-1212
-893
-341
83
281
206
-204
-844
-1308
-1202
-843
-390
-312
-518
-713
-742
-462
-40
421
864
869
587
59
-469
-695
-526
-86
423
811
880
793
683
520
475
406
315
376
364
326
157
-49
306
1052
1842
2147
1899
1477
1022
580
156
6
232
313
90
-542
-1184
-1596
-1585
-1052
-343
342
626
398
155
-188
-412
-431
-260
52
331
324
-122
-555
-886
-947
-702
-417
-162
-101
-287
-431
-705
-837
-843
-685
-495
-380
-387
-538
-476
-213
126
601
754
643
405
99
-77
-177
-51
107
206
195
7
-162
-330
-166
188
454
698
570
237
-196
-554
-562
-251
340
1095
1778
2093
1849
1470
1017
761
648
486
286
-107
-646
-1183
-1529
-1442
-1079
-512
62
400
381
285
247
254
382
508
516
572
486
128
-281
-595
-881
-961
-730
-457
-293
-244
-319
-528
-602
-537
-510
-437
-239
-114
-125
-254
-485
-535
-301
35
306
364
316
83
-278
-461
-625
-610
-414
-256
-118
-98
-238
-439
-378
-175
-19
214
259
119
-155
-444
-436
-229
113
418
865
1463
1649
1560
1323
1106
912
572
228
-153
-202
-129
-191
-277
-468
-579
-520
-135
314
567
919
938
692
477
194
-15
-75
39
128
131
22
-341
-562
-581
-470
-351
-202
-5
58
51
-39
-268
-451
-490
-438
-328
-231
-190
-157
-22
62
66
-28
-152
-284
-361
-448
-506
-539
-484
-466
-527
-582
-679
-578
-308
-35
232
340
264
122
-142
-277
-208
-20
218
517
814
1258
1465
1404
1283
1041
855
670
658
616
473
300
-107
-389
-529
-547
-307
5
323
372
281
217
104
169
268
417
488
428
294
72
-166
-497
-752
-775
-666
-478
-304
-225
-271
-363
-514
-592
-460
-414
-321
-202
-341
-654
-1132
-1353
-1248
-957
-471
-190
-92
-205
-514
-794
-932
-830
-586
-195
170
182
69
-126
-162
22
250
459
563
527
280
-17
-169
-154
4
249
567
967
1440
1794
1914
1694
1322
930
723
722
707
810
813
524
38
-442
-557
-280
243
717
893
840
506
155
-143
-260
-124
47
248
257
-35
-409
-814
-994
-898
-576
-302
-101
-88
-407
-681
-981
-1120
-1053
-978
-801
-730
-833
-994
-1114
-968
-694
-362
-140
-107
-164
-326
-337
-348
-249
51
323
533
521
302
100
-62
40
227
363
374
188
43
-53
-21
193
573
924
924
804
755
988
1448
1730
1942
1948
1647
943
236
-101
-106
122
230
257
153
-156
-434
-608
-426
-134
97
389
500
283
-193
-682
-918
-905
-666
-500
-435
-523
-867
-1194
-1329
-1213
-997
-694
-444
-380
-427
-574
-697
-752
-806
-782
-833
-809
-781
-662
-409
-282
-138
-63
7
149
306
461
502
596
550
353
215
19
-122
-115
59
296
417
523
568
549
621
688
813
993
1123
1180
1152
989
695
541
505
382
354
302
312
472
484
421
282
185
8
-160
-80
-54
2
6
-89
-180
-386
-546
-740
-754
-737
-809
-752
-784
-757
-660
-574
-452
-311
-156
-83
-2
68
38
39
-69
-203
-319
-433
-431
-384
-353
-418
-394
-316
-256
-76
95
285
429
525
503
425
417
345
311
306
189
181
221
260
396
521
606
675
704
553
411
266
63
-34
-48
-32
-31
-130
-303
-387
-254
-116
95
330
415
412
298
216
112
70
3
-21
-27
-158
-193
-277
-308
-286
-300
-328
-350
-384
-516
-539
-493
-371
-223
-202
-81
-110
-263
-339
-391
-297
-160
35
170
218
115
-26
-50
-93
-110
-120
-7
108
160
129
25
39
-63
-104
-69
-96
34
30
40
-33
-185
-304
-415
-307
-145
87
202
182
159
34
-68
-80
-91
-60
60
161
163
134
37
-59
-137
-179
-204
-241
-216
-158
-71
2
11
97
291
524
713
848
933
849
762
649
531
448
289
210
126
68
53
-75
-168
-237
-207
-138
12
179
225
287
225
164
100
-16
-92
-81
2
18
16
-31
-21
-21
-43
-20
-54
-55
-86
-163
-259
-421
-601
-751
-776
-785
-700
-569
-447
-344
-321
-337
-360
-323
-228
-55
93
214
264
245
223
140
58
3
-6
86
186
242
215
236
248
233
265
322
407
448
420
323
221
161
126
120
107
63
73
90
136
223
249
183
235
350
391
482
536
478
416
300
97
-90
-251
-376
-334
-273
-290
-365
-476
-590
-663
-638
-475
-273
-174
-130
-198
-330
-463
-540
-512
-357
-209
-198
-214
-304
-378
-416
-462
-361
-224
-144
-108
-114
-210
-306
-400
-432
-273
-143
-14
154
241
318
382
392
403
413
389
348
352
314
271
288
233
199
171
125
156
245
318
366
308
171
14
-73
-61
35
196
326
387
357
253
127
29
-59
-142
-193
-198
-194
-202
-193
-136
-19
76
121
146
153
166
130
106
98
49
28
38
-5
-24
-38
-87
-46
-41
-22
50
86
90
84
126
142
234
352
401
409
394
339
234
176
128
56
77
97
58
55
48
-18
-118
-133
-134
-173
-189
-157
-102
-72
-109
-120
-121
-166
-187
-220
-229
-207
-193
-208
-216
-220
-274
-317
-329
-346
-309
-324
-346
-396
-462
-523
-479
-403
-315
-168
-120
-116
-133
-135
-186
-162
-67
26
97
148
182
148
102
15
21
104
212
349
412
394
375
353
277
271
301
299
276
243
177
142
170
185
187
157
147
115
81
110
110
42
-18
-88
-138
-126
-127
-138
-110
-115
-128
-114
-154
-206
-226
-283
-309
-285
-313
-350
-394
-466
-485
-423
-305
-186
-52
18
23
-9
-39
5
72
154
180
146
92
58
-11
-44
-33
-69
-16
83
207
301
388
452
496
560
623
728
827
866
838
746
631
488
358
311
276
240
176
129
69
19
-5
-32
-34
-25
16
80
144
89
7
-59
-177
-269
-316
-349
-333
-326
-351
-391
-413
-468
-528
-552
-581
-591
-586
-541
-467
-388
-392
-398
-379
-344
-340
-279
-285
-314
-268
-269
-224
-151
-73
12
83
133
112
50
-6
-35
-17
67
166
201
242
292
309
357
443
490
503
507
489
405
355
362
325
363
354
299
277
166
24
-30
-84
-72
36
101
146
124
58
-7
-72
-146
-146
-162
-189
-219
-304
-335
-390
-452
-448
-436
-452
-416
-361
-398
-375
-338
-361
-290
-203
-154
-90
-61
-108
-86
-33
-26
-5
14
-39
-78
-72
-96
-101
-60
-22
13
82
143
189
270
371
424
435
437
446
432
436
439
417
399
359
340
358
361
361
380
369
343
359
338
289
274
243
180
158
89
26
-31
-66
-78
-63
-70
-78
-90
-109
-168
-217
-249
-262
-220
-207
-229
-214
-230
-237
-237
-277
-241
-213
-190
-132
-95
-125
-164
-203
-251
-279
-271
-250
-186
-147
-103
-50
10
31
39
89
159
185
171
159
98
50
24
-18
-56
-6
35
58
113
58
-21
-37
-49
5
86
135
175
140
101
93
52
21
7
-89
-122
-116
-178
-163
-143
-144
-122
-107
-111
-73
-71
-100
-95
-151
-197
-213
-249
-286
-261
-237
-207
-160
-122
-40
-5
64
158
191
225
215
138
70
-14
-91
-99
-125
-143
-107
-94
-67
-1
60
127
223
263
288
304
293
251
207
209
183
199
195
155
134
88
64
80
80
48
45
50
33
37
44
50
62
80
97
78
52
-8
-70
-62
-101
-148
-114
-114
-105
-85
-86
-37
-60
-92
-20
45
48
48
45
10
8
-43
-95
-98
-136
-114
-65
-73
-35
13
21
83
157
152
155
169
137
56
-23
-89
-134
-110
-26
14
61
109
86
82
105
85
107
158
175
196
204
141
95
105
78
89
86
65
25
-38
-89
-159
-201
-175
-168
-113
-45
-43
-63
-100
-134
-138
-106
-87
-56
-39
-58
-91
-109
-157
-214
-231
-236
-216
-192
-179
-172
-149
-148
-113
-20
42
93
103
54
-6
-109
-169
-180
-212
-168
-115
-102
-29
35
22
62
96
105
119
93
76
56
40
25
26
-3
4
34
18
39
54
64
106
160
201
202
197
155
139
95
66
54
25
8
-18
-26
-20
-29
-51
-43
6
65
95
88
112
106
70
80
53
7
24
55
45
65
47
5
-24
-93
-151
-176
-169
-129
-98
-45
-17
-19
-48
-41
-4
29
48
84
90
59
15
-42
-97
-147
-173
-140
-89
-11
46
33
59
5
-43
-21
29
101
159
167
125
70
60
23
6
84
127
170
203
180
127
66
5
7
21
46
100
87
9
-8
-1
-21
29
84
89
136
141
129
112
77
28
-3
-21
-77
-92
-139
-196
-189
-215
-209
-171
-125
-79
-64
-76
-98
-100
-134
-103
-66
-51
-65
-95
-123
-152
-171
-181
-163
-153
-120
-82
-83
-41
-33
-58
-35
-29
-7
41
95
107
76
19
-8
-21
13
74
113
133
142
117
105
60
20
21
22
39
93
102
96
52
8
-33
-14
55
111
170
217
217
165
96
34
-1
-4
28
6
-9
-23
-69
-125
-163
-179
-184
-158
-121
-108
-116
-132
-149
-116
-50
-33
-41
-36
-88
-107
-116
-111
-105
-130
-113
-92
-77
-39
-8
48
121
132
141
169
132
98
127
138
129
132
126
105
89
25
-3
7
2
25
78
129
212
243
253
280
237
213
240
238
243
246
175
132
91
3
-40
-42
-65
-73
-103
-146
-184
-219
-217
-199
-182
-166
-161
-152
-145
-163
-162
-140
-151
-148
-152
-184
-180
-208
-255
-254
-246
-224
-201
-177
-181
-142
-99
-62
-41
-21
-18
-44
-18
12
33
43
55
70
78
101
135
160
185
200
181
183
159
143
151
146
157
181
189
191
179
191
175
188
210
242
272
266
229
155
116
72
39
46
25
-31
-66
-124
-177
-166
-144
-130
-90
-73
-91
-68
-54
-87
-123
-126
-174
-211
-237
-251
-235
-257
-280
-269
-257
-272
-220
-126
-107
-99
-74
-69
-71
-21
-11
-42
-30
-47
-71
-52
-36
-33
-9
52
139
213
245
261
256
234
245
262
265
289
305
262
233
207
189
190
200
215
223
237
193
149
116
58
39
28
15
26
39
-5
-24
-29
-27
-26
-4
15
8
20
11
-7
-29
-97
-154
-173
-218
-252
-239
-249
-282
-267
-278
-291
-277
-234
-194
-136
-125
-154
-150
-161
-167
-155
-115
-93
-58
-63
-59
-57
-94
-112
-97
-68
-29
-1
4
26
21
10
34
53
60
73
51
31
39
29
46
58
50
66
45
28
34
11
-2
35
41
64
100
62
84
75
67
113
126
108
152
132
119
144
119
129
177
184
175
198
131
112
75
57
45
30
24
-5
-12
-10
10
5
-18
-21
-42
-94
-80
-36
-18
32
48
42
15
-5
-20
-12
15
30
56
43
33
-33
-101
-114
-116
-130
-78
-47
-57
-49
-103
-96
-69
-69
-37
-5
-17
-49
-70
-111
-129
-52
-27
-51
12
30
2
56
94
101
135
147
169
181
150
117
103
76
69
49
18
3
-33
-34
8
-7
-1
64
61
54
82
52
19
49
22
16
57
-19
-61
-26
-72
-87
-36
-52
-36
4
-30
-56
-50
-112
-155
-162
-193
-204
-210
-218
-188
-187
-165
-139
-132
-116
-134
-150
-126
-121
-147
-135
-157
-184
-201
-210
-225
-217
-172
-141
-85
-64
-46
1
57
78
96
106
106
122
132
149
179
179
138
147
125
87
96
123
152
185
203
220
219
198
173
177
211
215
244
252
244
244
225
208
200
193
191
174
160
120
92
77
74
57
55
18
-8
-11
-54
-44
-21
-44
-31
-31
-43
-30
-47
-84
-60
-59
-95
-79
-126
-192
-236
-291
-333
-298
-288
-274
-236
-210
-197
-178
-149
-151
-141
-118
-105
-82
-58
-109
-117
-138
-167
-153
-122
-92
-52
8
39
80
113
120
113
126
137
122
140
159
166
167
169
159
133
94
88
107
138
176
157
142
159
150
127
145
110
101
96
47
42
18
-24
-5
26
22
16
-5
-42
-13
-44
-56
-40
-91
-115
-91
-87
-109
-101
-99
-99
-105
-103
-102
-124
-101
-97
-112
-78
-89
-121
-94
-87
-75
-51
-91
-99
-64
-118
-89
-23
-71
-71
-52
-101
-81
-54
-55
12
24
-5
43
51
31
68
43
17
57
35
7
39
75
95
111
165
162
155
170
145
153
154
141
140
158
139
125
112
90
93
95
96
92
69
42
42
40
53
77
61
52
-8
-40
-69
-105
-115
-101
-111
-129
-116
-159
-175
-138
-116
-106
-59
-61
-31
-4
-10
-35
-32
-60
-98
-83
-81
-89
-82
-102
-112
-102
-96
-77
-21
1
11
59
71
48
32
19
-2
10
10
5
24
51
58
58
57
39
34
23
47
62
77
92
108
123
106
84
59
55
26
19
48
64
56
56
76
74
56
83
84
37
60
56
-2
-6
4
-25
-39
-22
-50
-80
-72
-76
-62
-34
-30
-21
-18
-3
-3
-18
-3
-4
-33
-28
-63
-88
-92
-131
-160
-160
-139
-142
-106
-70
-78
-44
-13
6
24
30
37
1
-13
-22
-34
-41
-42
-69
-87
-89
-94
-85
-63
-34
-43
-17
15
23
19
28
60
71
61
72
73
60
42
16
0
0
14
10
34
56
54
53
28
31
39
14
36
57
17
3
-13
-60
-60
-27
-27
7
1
-26
-36
-18
-15
18
58
57
79
68
32
28
29
2
13
38
27
10
34
39
21
47
62
46
91
95
67
82
69
39
50
57
53
45
46
21
0
-5
-16
-13
20
22
53
63
20
32
25
3
6
13
7
-8
-8
-12
-33
-25
-19
-50
-52
-27
-34
-35
-8
-1
23
73
71
62
54
-1
-42
-47
-73
-72
-56
-58
-59
-37
-53
-48
-17
-28
-12
8
-11
-1
0
-39
-35
-45
-52
-43
-34
-42
-46
-61
-75
-57
-63
-67
-27
-22
-34
-41
-47
-77
-86
-93
-115
-86
-77
-75
-66
-40
-57
-75
-58
-53
-42
-36
-36
-34
-6
-4
-20
-18
5
4
13
30
22
40
58
20
16
27
-9
31
47
27
72
85
50
72
94
53
65
76
77
96
117
100
98
98
69
94
88
79
80
67
51
65
44
43
71
56
52
76
64
26
58
55
48
40
10
-23
-2
5
-15
0
4
-26
-25
-1
-14
-12
5
-33
-31
-24
-65
-70
-77
-70
-64
-65
-53
-50
-60
-57
-67
-67
-49
-57
-33
-8
-25
-22
-32
-53
-22
-18
-50
-16
-4
-20
-9
6
-17
-4
1
-15
19
52
33
6
38
10
-20
-10
-22
-14
9
9
10
-7
-22
-3
-4
-21
-6
20
4
2
3
-2
10
7
-1
-22
-44
-47
-68
-80
-43
-19
-23
-4
-2
-31
3
3
-25
17
8
4
17
-6
-32
-29
-45
-31
18
31
64
113
106
81
81
62
63
65
52
68
67
41
42
41
-13
10
36
26
93
88
36
21
13
-6
21
65
39
27
17
-14
-12
5
5
-17
-6
-43
-93
-65
-82
-128
-92
-98
-122
-99
-93
-102
-71
-50
-75
-61
-49
-72
-64
-76
-98
-52
-56
-68
-15
7
9
56
71
57
60
44
25
39
32
27
23
20
44
20
25
72
62
58
77
51
62
65
61
86
97
77
69
88
56
74
91
63
87
79
62
77
66
46
56
38
7
-20
-54
-59
-49
-74
-65
-51
-75
-53
-45
-57
-59
-39
-56
-51
-51
-59
-47
-74
-86
-68
-100
-127
-101
-137
-132
-90
-75
-71
-55
-50
-82
-83
-82
-66
-50
-33
-25
-26
-13
10
22
39
70
92
80
114
110
90
112
109
111
149
136
108
124
111
97
105
109
109
109
116
123
133
133
107
90
81
47
41
44
38
21
8
-12
-31
-49
-78
-88
-114
-123
-113
-100
-112
-125
-159
-175
-189
-206
-186
-167
-170
-156
-145
-173
-175
-156
-154
-142
-97
-110
-123
-115
-122
-123
-100
-91
-54
-34
-42
-17
1
0
41
85
98
121
127
110
108
95
79
79
81
78
91
115
133
141
141
174
179
159
180
173
150
150
120
104
105
108
94
96
77
80
93
67
72
50
23
22
19
17
19
26
8
2
24
14
28
30
27
41
35
12
1
1
-35
-15
-24
-44
-6
-4
-20
-20
-42
-45
-26
-37
-41
-18
-37
-39
2
-1
-17
2
-6
-46
-18
-8
-31
-45
-47
-61
-68
-44
-48
-49
-68
-88
-76
-91
-115
-111
-97
-93
-85
-98
-64
-39
-50
-53
-41
-44
-57
-59
-50
-10
-36
-50
-7
-26
-35
-4
-19
-30
1
4
0
27
14
-23
-5
-7
-14
-18
-11
6
1
-26
-21
-13
-40
-40
-43
-56
-47
-62
-70
-64
-45
-69
-68
-71
-81
-70
-50
-34
-30
-25
-36
-57
-29
-29
-28
7
4
-11
0
3
-26
-17
-40
-14
16
9
11
37
33
28
65
71
69
73
68
62
91
103
129
151
164
154
142
170
152
140
144
115
111
132
106
92
116
97
91
120
112
118
154
120
80
106
88
82
110
100
95
87
79
71
64
57
51
41
41
41
60
64
49
54
21
7
-9
-7
-20
-33
-17
-22
-19
-18
-48
-66
-95
-118
-112
-95
-97
-101
-85
-88
-114
-120
-121
-131
-125
-134
-126
-151
-150
-138
-140
-123
-111
-103
-106
-119
-126
-106
-85
-83
-82
-69
-75
-66
-55
-51
-33
-10
7
0
-8
-21
-33
-49
-30
-19
-14
8
-10
4
-2
-35
-31
21
13
20
71
45
38
36
10
25
18
1
22
7
-9
-4
-27
-23
-19
-41
-31
-22
-33
-29
-25
-37
-50
-44
-61
-25
-6
-7
13
15
3
-8
1
-1
9
11
3
6
15
8
24
27
14
-4
21
31
21
44
25
31
62
61
64
87
71
66
86
89
81
78
60
71
73
59
76
61
42
44
63
46
74
113
73
77
99
51
59
84
57
67
79
32
28
41
10
12
30
11
21
32
24
26
23
18
36
47
22
7
-6
-9
0
-20
-3
-4
-30
-40
-48
-67
-54
-46
-62
-41
-32
-47
-50
-50
-51
-48
-48
-41
-43
-49
-37
-22
-36
-22
-14
-23
-11
-16
-24
-24
-27
-41
-43
-46
-50
-32
-42
-27
-19
-31
-38
-36
-50
-56
-17
-31
-44
-32
-26
-32
-18
-13
-15
1
-25
-27
-10
2
-2
-4
-10
-28
-37
-24
-8
6
1
-4
14
10
-19
-16
-18
-30
-22
-17
-7
-20
-15
-14
-18
-7
2
-4
-9
-6
-10
1
1
10
5
8
17
19
39
43
26
6
24
22
18
25
16
2
7
16
9
18
-1
-8
13
4
16
16
15
18
35
15
8
14
-17
-22
4
12
-3
26
38
36
30
24
14
10
8
7
28
33
19
28
12
10
24
37
22
27
32
30
43
33
18
35
43
34
39
38
28
31
69
74
61
61
44
46
35
27
25
-7
1
11
-11
-8
-4
-23
-25
-17
-20
-2
-14
-29
-22
-32
-33
-40
-52
-40
-32
-55
-40
-30
-41
-34
-20
-41
-36
-20
-36
-19
-7
-23
-23
-20
-31
-23
-19
-11
1
7
9
-4
-2
8
-2
-13
11
8
8
11
-9
2
8
-6
8
2
-23
-19
-28
-42
-26
-26
-51
-65
-61
-66
-56
-58
-64
-38
-39
-50
-33
-34
-47
-44
-37
-18
-16
-22
-29
-42
-44
-40
-33
-15
-15
-16
-16
-3
-16
-16
-5
-21
-9
5
-1
8
20
4
1
15
21
24
43
54
52
47
48
67
66
48
36
29
23
27
39
44
36
36
52
60
64
64
58
71
70
62
57
47
45
42
41
42
58
60
50
48
45
36
39
39
45
57
55
58
55
45
38
39
16
-9
14
-1
-4
11
12
11
24
17
12
9
-15
-30
-22
-26
-28
-17
-15
-28
-26
-23
-37
-21
-22
-29
-25
-43
-45
-37
-59
-49
-38
-31
-30
-28
-34
-32
-33
-46
-34
-23
-35
-39
-25
-22
-51
99
366
341
-48
-428
-382
-138
4
-28
-84
96
276
79
-366
-536
-234
110
182
45
-38
29
13
-202
-335
-233
-9
107
107
110
101
15
-148
-245
-187
-61
-14
-43
-41
-39
-12
-35
-114
-133
-126
-100
-55
12
49
39
54
101
107
110
32
-57
-27
184
282
111
22
66
153
163
-5
-96
21
180
128
15
-6
45
100
31
-32
5
81
93
66
74
166
190
104
67
139
160
111
109
118
143
135
104
23
-37
-2
18
21
61
20
-39
-9
6
3
30
8
3
53
59
-5
-55
-86
-36
65
110
102
34
-1
22
-21
-92
-84
-20
25
-5
-20
-21
-115
-201
-225
-168
-47
38
-14
-74
29
9
-131
-194
-187
-91
-4
25
84
82
15
-87
-113
-84
-93
-114
-103
30
119
77
-18
-78
-63
-69
-143
-145
-69
-7
18
-16
-15
-8
-81
-146
-122
-23
14
-16
-43
-42
9
31
-8
-43
-40
-6
-14
-51
-92
-66
-22
-32
-18
-4
-49
-80
-49
-60
-49
-13
-25
-33
-18
3
0
-45
-72
-49
31
59
57
34
5
57
80
72
86
43
7
35
59
77
96
102
131
142
125
65
-16
-16
72
116
141
164
138
115
65
10
-4
40
95
145
184
197
118
-11
-90
-67
2
66
139
175
169
127
9
-125
-178
-127
-33
81
147
122
54
-15
-102
-152
-115
-82
8
108
133
105
18
-88
-115
-96
-87
-30
18
68
94
72
21
-45
-99
-119
-100
-46
50
86
58
48
1
-57
-122
-157
-119
-37
42
96
78
4
-39
-114
-144
-156
-79
26
62
72
61
32
-82
-138
-131
-87
-13
-20
-45
8
43
-2
-86
-127
-96
-53
-43
-26
-7
6
-6
-38
-78
-66
-49
-63
-41
2
10
-17
-61
-78
-58
-21
-29
-37
-13
-18
-41
-38
-32
-27
-16
-26
-28
3
-13
-27
-12
11
24
13
10
10
25
40
-17
-26
21
56
82
68
27
14
34
14
16
42
50
70
65
45
73
76
38
26
33
23
38
61
62
73
59
43
54
69
26
-7
41
51
32
59
42
36
51
-16
-78
-19
29
46
47
35
27
1
-51
-34
-27
-15
11
-8
-5
23
6
-37
-29
3
15
31
52
34
19
17
-10
-12
0
-9
-2
23
17
23
19
-10
-2
-8
-14
10
31
20
9
27
14
-8
-17
-15
8
26
28
22
17
-4
-17
-20
-22
1
4
-8
1
7
-22
-56
-68
-63
-54
-33
-13
-41
-38
7
-18
-60
-60
-63
-36
-21
-47
-61
-35
-34
-37
-38
-49
-32
-8
4
8
-2
-10
-30
-76
-80
-53
-47
-46
-38
-21
-1
-8
-19
-3
10
-11
-21
-1
9
-12
-24
-17
3
18
1
-10
8
57
40
3
20
24
19
24
13
-8
22
12
-8
3
-3
3
9
16
21
3
-8
13
24
31
35
23
9
12
5
10
6
7
14
14
23
21
26
23
26
18
7
18
42
39
30
33
29
15
-5
-9
5
14
4
7
20
47
47
19
16
32
42
37
32
44
68
45
16
17
17
15
19
19
28
60
53
26
27
32
18
5
13
20
22
29
7
-9
-11
-25
-26
-14
-21
-31
-10
1
-13
-20
-25
-24
-41
-52
-45
-47
-49
-40
-30
-8
-14
-36
-31
-25
-39
-59
-60
-43
-35
-33
-36
-41
-46
-43
-47
-41
-30
-28
-45
-48
-39
-14
-6
-41
-27
-37
-53
-30
-10
-13
17
20
-19
-15
-13
-20
-20
-17
-9
-11
3
24
8
-7
-4
-14
-13
0
0
11
5
-6
0
-2
-1
-8
9
16
25
47
44
41
44
31
2
6
12
14
39
38
30
53
33
17
40
28
14
29
29
35
42
35
22
16
20
23
19
22
40
42
35
43
23
24
30
5
4
16
4
1
14
4
-1
9
-1
-7
-3
-6
9
15
8
24
30
10
-1
-8
-14
-7
6
11
17
31
22
11
19
15
5
-3
1
10
3
-7
-16
-14
-7
-5
-15
8
3
-13
3
4
-6
0
-7
-27
-23
-29
-46
-33
-39
-50
-54
-62
-67
-60
-58
-59
-42
-40
-46
-40
-33
-30
-30
-35
-42
-36
-30
-29
-24
-31
-43
-34
-22
-25
-18
-20
-18
7
4
-3
4
9
6
2
-2
-7
-1
5
14
11
6
2
3
14
30
29
18
19
8
9
21
16
4
-4
1
5
0
10
8
-2
-7
2
0
-3
-3
-4
0
4
2
11
29
39
42
35
34
30
33
42
35
30
44
35
24
40
29
26
43
35
40
48
35
43
44
49
64
50
35
42
36
35
42
37
39
37
26
19
22
16
0
6
2
7
4
0
-3
-20
-26
-25
-33
-24
-14
-11
-7
-15
-27
-26
-38
-42
-25
-25
-24
-17
-20
-24
-30
-40
-24
-16
-17
-14
-23
-29
-36
-42
-38
-45
-41
-33
-21
-18
-10
-18
-14
-19
-37
-30
-25
-35
-30
-23
-34
-30
-28
-32
-34
-22
-18
-16
-15
-11
-4
-14
-17
-12
-12
-6
-11
-13
-10
-18
-22
-21
-30
-19
-2
-10
-7
-1
-11
-13
-3
-4
-6
-1
-3
2
4
2
-2
-4
-11
-11
-8
-7
-4
3
15
11
6
5
16
24
23
26
17
18
19
11
7
12
28
29
22
30
35
28
22
18
24
30
30
35
32
38
43
40
55
51
41
44
37
34
36
38
42
35
22
14
21
24
28
43
39
35
23
11
5
1
3
16
24
32
25
14
7
0
4
-4
-1
6
16
10
9
17
2
-7
-11
-10
-5
9
10
7
7
-1
-4
-7
-13
-9
-13
-10
-13
-25
-25
-27
-31
-29
-28
-36
-24
-17
-17
-21
-27
-30
-42
-39
-26
-31
-39
-37
-45
-41
-30
-41
-48
-44
-42
-37
-37
-45
-48
-42
-44
-42
-47
-45
-38
-40
-37
-27
-30
-33
-20
-12
-6
0
1
1
7
1
3
3
-5
11
26
35
30
21
7
7
15
21
36
39
32
20
19
15
11
23
30
19
17
21
10
0
9
11
2
3
12
13
15
12
0
-7
-7
-3
4
13
10
7
4
5
3
-3
-12
-18
-27
-26
-16
-6
3
15
18
18
14
0
-5
8
18
24
29
19
18
22
26
27
35
30
28
35
38
40
32
26
36
38
32
34
22
16
9
5
-1
-10
-8
3
3
9
9
3
0
1
-3
-15
-3
-3
-7
-9
-9
-12
-21
-15
-9
-6
4
5
-9
-8
7
6
7
10
-5
-6
2
-3
-4
-2
-15
-12
-4
-8
-3
8
7
8
16
8
9
3
