SAMPLES:	13834
BITSPERSAMPLE:	16
CHANNELS:	1
SAMPLERATE:	16000
NORMALIZED:	FALSE
-3
-2
-3
-3
-3
-3
-4
-2
-1
-2
-1
2
1
0
1
-1
0
2
1
1
1
1
2
2
3
2
2
4
3
5
6
5
6
5
6
6
6
6
6
6
6
6
6
7
7
8
8
8
8
8
8
8
6
8
10
9
8
9
7
6
6
5
6
5
4
4
5
5
5
5
5
3
2
2
2
2
2
3
1
0
0
0
0
1
0
-1
0
-1
1
-1
-1
-1
-3
-2
-3
-3
-4
-4
-3
-3
-2
-1
-4
-3
-3
-3
-5
-3
-3
-4
-6
-6
-7
-6
-6
-6
-6
-6
-7
-6
-6
-8
-6
-6
-7
-6
-6
-6
-7
-6
-6
-6
-5
-5
-6
-5
-6
-5
-4
-4
-6
-4
-4
-6
-4
-4
-2
-3
-3
-3
-3
-3
-4
-3
-2
-2
-2
-2
-2
-3
-4
-3
-3
-1
-1
-2
0
0
-1
0
-1
-2
-1
0
-1
-1
-1
-1
0
0
1
4
4
2
3
4
2
4
2
2
5
5
5
5
4
5
6
5
7
7
6
7
6
6
6
7
6
7
10
6
5
4
3
3
4
5
5
5
6
6
7
7
5
7
6
6
7
7
7
7
6
7
8
8
6
6
4
5
7
7
7
8
8
8
7
7
5
6
6
6
7
6
1
1
1
-1
0
1
-2
-3
-4
-4
-4
-4
-4
-7
-8
-8
-8
-11
-12
-12
-12
-12
-13
-14
-14
-15
-14
-14
-15
-14
-13
-13
-13
-14
-14
-13
-13
-13
-12
-14
-14
-13
-14
-13
-10
-11
-10
-7
-6
-6
-5
-5
-5
-5
-5
-4
-2
-1
0
0
1
2
1
3
3
2
2
2
3
4
5
7
7
7
8
8
7
7
7
5
6
7
7
7
6
5
5
4
4
4
5
4
4
5
4
2
4
2
3
2
0
1
1
1
1
1
1
2
2
2
3
3
3
1
1
1
1
1
1
2
2
3
4
6
5
5
6
7
7
9
9
11
13
14
15
16
19
21
21
21
21
20
21
22
23
24
22
20
18
18
20
18
18
16
15
13
11
7
7
4
-1
-1
-6
-8
-11
-14
-18
-22
-24
-27
-28
-32
-36
-36
-38
-40
-41
-42
-42
-42
-43
-46
-45
-46
-45
-43
-44
-40
-39
-38
-36
-33
-31
-26
-22
-19
-16
-11
-8
-4
-1
3
10
13
21
27
32
35
36
38
41
43
45
50
54
58
63
68
69
71
72
71
70
68
62
56
51
43
35
29
24
17
10
2
-7
-16
-24
-28
-32
-40
-47
-52
-59
-65
-69
-76
-78
-80
-82
-85
-86
-88
-91
-88
-88
-89
-88
-88
-86
-81
-75
-71
-62
-55
-48
-39
-33
-27
-21
-14
-6
2
15
35
51
66
79
84
87
90
91
93
99
108
124
143
155
167
173
174
177
175
170
165
155
148
140
125
108
92
72
56
41
26
17
3
-7
-16
-34
-50
-65
-82
-93
-103
-116
-125
-133
-139
-144
-149
-157
-166
-170
-177
-179
-180
-182
-181
-178
-171
-160
-148
-135
-122
-107
-96
-85
-70
-56
-43
-30
-18
-5
8
21
36
47
63
76
86
104
122
132
141
150
153
158
160
158
163
159
153
149
144
138
135
131
120
112
100
92
89
86
78
62
40
18
0
-11
-25
-31
-38
-45
-48
-57
-69
-83
-97
-107
-113
-122
-131
-135
-143
-146
-145
-154
-154
-154
-152
-142
-131
-126
-115
-106
-98
-90
-78
-72
-61
-45
-32
-15
1
16
30
40
48
57
63
70
81
85
86
95
91
93
106
108
108
115
112
109
110
105
100
100
91
85
86
77
69
67
56
53
50
43
36
30
20
8
3
0
1
5
8
6
5
2
-3
-4
-7
-7
-10
-16
-17
-16
-17
-19
-25
-28
-33
-40
-47
-50
-57
-64
-63
-63
-63
-63
-63
-66
-69
-73
-77
-76
-83
-90
-96
-104
-113
-118
-117
-118
-113
-110
-107
-102
-94
-89
-86
-80
-83
-79
-74
-69
-61
-52
-45
-29
-12
10
52
85
118
141
142
139
139
136
134
147
161
187
227
257
291
309
317
329
322
317
306
283
269
248
216
187
147
106
73
47
13
-16
-47
-73
-93
-127
-156
-186
-221
-240
-244
-258
-264
-277
-293
-302
-304
-313
-320
-327
-345
-346
-342
-341
-329
-318
-301
-269
-238
-208
-168
-128
-98
-78
-68
-64
-55
-33
-16
15
43
63
100
135
158
181
196
200
218
248
254
277
310
346
383
387
366
331
286
253
224
213
207
214
251
293
326
335
325
304
288
277
249
217
194
160
132
97
39
-9
-60
-109
-133
-150
-181
-190
-197
-208
-217
-245
-281
-297
-306
-316
-320
-321
-328
-324
-316
-322
-338
-351
-368
-368
-362
-365
-359
-356
-337
-299
-251
-230
-210
-199
-203
-191
-187
-186
-165
-149
-126
-93
-74
-40
5
40
72
108
155
231
314
378
409
402
367
342
328
317
330
366
433
514
599
667
667
654
650
617
593
560
510
466
427
365
295
230
137
58
21
-23
-57
-106
-151
-175
-215
-273
-333
-400
-458
-482
-490
-488
-489
-519
-558
-606
-655
-655
-657
-669
-669
-683
-723
-748
-766
-719
-592
-497
-436
-373
-332
-292
-255
-224
-209
-191
-165
-120
-86
-51
10
62
145
268
357
410
455
499
574
689
812
953
1090
1177
1274
1318
1318
1303
1255
1221
1193
1135
1044
950
850
748
624
490
378
254
116
23
-97
-219
-303
-447
-571
-654
-793
-912
-946
-986
-980
-913
-879
-809
-697
-651
-602
-509
-484
-466
-442
-459
-463
-488
-568
-642
-711
-788
-863
-925
-964
-938
-888
-852
-729
-598
-501
-362
-251
-161
-21
96
174
289
396
469
528
581
601
662
722
758
806
823
782
723
881
1188
1495
1676
1707
1672
1537
1306
979
674
449
212
16
-123
-178
-266
-437
-512
-448
-323
-249
-242
-189
-89
-94
-232
-402
-547
-675
-752
-831
-806
-679
-638
-583
-485
-333
-262
-356
-425
-438
-460
-564
-736
-810
-821
-863
-933
-956
-902
-849
-805
-739
-617
-452
-369
-262
-40
185
356
437
498
580
636
538
416
364
353
304
259
288
357
377
301
250
234
481
1002
1618
2150
2408
2478
2325
2005
1506
964
495
36
-260
-456
-553
-547
-555
-532
-433
-201
19
94
117
65
49
-79
-332
-467
-594
-624
-582
-461
-322
-228
-120
-133
-164
-215
-430
-630
-766
-819
-817
-828
-899
-922
-871
-886
-919
-956
-955
-954
-922
-845
-695
-572
-475
-339
-149
76
209
223
258
252
152
62
-25
-43
60
148
224
344
396
358
293
137
285
877
1641
2317
2675
2794
2648
2219
1478
658
43
-405
-749
-994
-925
-700
-584
-457
-294
61
378
425
322
208
217
43
-219
-340
-310
-257
-333
-297
-206
-189
-268
-569
-773
-796
-924
-1118
-1166
-973
-811
-741
-752
-836
-844
-968
-1149
-1215
-1091
-885
-785
-585
-304
-95
-43
-75
16
155
259
255
192
254
273
184
184
342
541
617
610
575
568
455
239
77
235
967
1904
2743
3298
3408
3124
2504
1582
518
-262
-818
-1164
-1156
-924
-565
-281
-130
-37
76
59
-73
-218
-357
-233
-123
-161
-80
-26
-85
-261
-440
-627
-786
-956
-1245
-1347
-1268
-1137
-993
-912
-715
-626
-646
-772
-1005
-1157
-1279
-1300
-1186
-857
-471
-229
-43
43
33
-75
-239
-314
-249
-66
118
290
475
581
612
616
633
643
517
357
308
357
362
378
395
770
1722
2678
3288
3351
3000
2398
1503
463
-440
-841
-844
-668
-455
-142
78
11
-332
-707
-741
-703
-613
-425
-37
481
688
636
402
160
-344
-986
-1316
-1478
-1293
-1090
-1026
-867
-561
-492
-703
-889
-1040
-1137
-1188
-1202
-1078
-863
-672
-582
-476
-273
-195
-308
-482
-569
-509
-438
-343
-137
217
569
619
548
409
194
-46
-100
105
408
598
646
669
737
652
416
189
423
1339
2460
3185
3310
3021
2430
1495
421
-527
-1016
-946
-697
-463
-162
45
-85
-502
-741
-822
-648
-403
-205
297
766
950
665
260
-111
-632
-1138
-1421
-1405
-1069
-665
-500
-514
-478
-586
-868
-1156
-1334
-1351
-1273
-1106
-796
-484
-282
-326
-533
-596
-609
-744
-868
-780
-580
-330
-53
155
330
450
346
143
-25
-153
-140
155
605
950
1035
974
853
680
443
226
68
552
1832
3108
3806
3696
2973
2092
1012
-117
-936
-1024
-465
74
416
451
286
-209
-916
-1296
-1236
-731
-155
381
1004
1371
1212
351
-533
-1102
-1465
-1582
-1487
-1052
-425
-14
-128
-510
-840
-1324
-1773
-1911
-1721
-1282
-946
-727
-564
-485
-632
-1093
-1394
-1344
-1060
-808
-597
-276
10
116
44
-114
-208
-212
-227
-233
-90
276
659
940
1060
985
790
528
315
224
398
615
1014
2005
3202
3893
3715
2832
1813
840
-15
-541
-462
297
966
1136
740
52
-760
-1661
-2034
-1629
-592
586
1355
1724
1648
1053
-174
-1398
-1892
-1825
-1273
-666
-163
353
415
-204
-1282
-2105
-2411
-2334
-1959
-1248
-362
98
-56
-667
-1315
-1737
-2008
-2037
-1559
-624
146
375
193
-165
-454
-703
-820
-527
88
617
772
595
408
317
304
316
476
780
1030
1099
1032
944
822
691
1190
2393
3409
3696
3101
2271
1500
743
86
-269
182
789
934
400
-456
-1017
-1499
-1651
-1342
-469
629
1195
1160
723
219
-544
-1337
-1549
-1181
-520
-69
31
-71
-236
-780
-1715
-2285
-2137
-1550
-947
-615
-408
-372
-724
-1420
-2011
-2006
-1558
-1068
-622
-131
201
12
-515
-953
-975
-658
-302
113
512
733
511
-25
-356
-131
400
841
1023
1066
1168
979
467
67
109
469
1278
2502
3607
4002
3337
2151
1059
319
-49
-161
290
1038
1530
1089
-161
-1220
-1881
-1947
-1515
-619
559
1385
1558
856
-32
-776
-1353
-1410
-979
-188
398
573
200
-526
-1115
-1762
-2186
-2057
-1336
-538
-212
-358
-877
-1261
-1594
-1915
-1920
-1526
-869
-430
-222
-266
-440
-528
-708
-757
-559
-130
311
479
504
346
132
-90
-49
360
896
1235
1045
708
504
333
262
274
517
995
1932
3067
3566
3364
2489
1499
711
346
392
654
1228
1582
1330
327
-1076
-1979
-2190
-1575
-547
459
1184
1205
618
-424
-1256
-1666
-1514
-767
-7
526
579
227
-509
-1276
-1766
-1958
-1631
-981
-329
-74
-372
-1066
-1794
-2133
-2151
-1893
-1416
-868
-475
-476
-621
-917
-1030
-871
-588
-201
108
388
434
277
53
-110
-103
218
834
1258
1355
1075
585
313
218
286
472
781
1176
1686
2388
2905
2990
2462
1678
1073
785
942
1208
1438
1617
1357
524
-710
-1658
-1946
-1515
-617
196
758
810
288
-664
-1471
-1714
-1395
-647
92
400
334
16
-538
-1139
-1469
-1493
-1193
-705
-384
-329
-619
-1034
-1435
-1679
-1638
-1524
-1315
-1095
-868
-780
-837
-819
-756
-597
-443
-331
-196
-26
211
404
431
418
396
441
691
1031
1175
1044
762
445
311
339
382
545
797
1102
1748
2448
2710
2472
1964
1417
1062
1005
1113
1369
1606
1568
1113
50
-1010
-1433
-1352
-810
-127
327
464
243
-497
-1355
-1780
-1700
-1066
-321
58
54
-176
-481
-871
-1202
-1239
-990
-546
-171
-108
-401
-836
-1259
-1568
-1585
-1194
-907
-894
-1063
-1382
-1513
-1451
-1211
-915
-549
-330
-332
-353
-442
-426
-197
203
568
850
1085
1154
1042
749
456
341
473
685
898
958
937
882
1014
1554
2057
2312
2066
1583
1014
722
1038
1419
1759
1774
1303
530
-382
-917
-1060
-523
196
572
759
342
-361
-1170
-1603
-1545
-1094
-354
-36
-57
-396
-742
-984
-1104
-866
-613
-282
-155
-244
-558
-920
-1026
-1145
-1009
-816
-790
-844
-1039
-1244
-1374
-1198
-919
-639
-440
-572
-810
-982
-833
-413
86
457
583
598
445
352
386
586
905
1070
1176
1032
704
483
444
556
669
976
1441
1898
2125
1899
1528
1053
791
925
1260
1611
1639
1339
713
-35
-617
-727
-237
354
750
717
133
-626
-1342
-1731
-1548
-974
-412
-96
-174
-616
-965
-1203
-1293
-1027
-637
-243
-54
-199
-602
-994
-1179
-1111
-837
-600
-437
-521
-837
-1192
-1448
-1461
-1124
-724
-486
-457
-746
-1022
-910
-663
-318
70
307
413
494
513
543
654
861
1114
1191
1114
891
672
615
627
783
1365
1898
2094
2038
1644
1068
662
652
1020
1629
1911
1650
1046
154
-529
-718
-459
176
727
787
364
-404
-1264
-1735
-1609
-1131
-471
-95
-255
-634
-1089
-1362
-1396
-1086
-612
-142
99
-47
-521
-969
-1083
-1041
-759
-473
-382
-439
-680
-1100
-1405
-1328
-1024
-657
-395
-483
-814
-1164
-1237
-966
-545
-101
213
337
332
325
389
561
789
1054
1265
1198
969
761
675
780
910
1348
2009
2268
2128
1782
1393
1014
957
1220
1623
1951
1710
1149
396
-201
-431
-253
262
571
630
260
-384
-1105
-1560
-1476
-1097
-583
-301
-391
-796
-1272
-1465
-1375
-980
-529
-218
-82
-257
-653
-1001
-1040
-845
-591
-542
-687
-874
-1075
-1256
-1268
-1071
-821
-702
-752
-975
-1370
-1537
-1377
-930
-347
60
191
75
-28
-28
251
791
1281
1601
1624
1374
955
704
709
979
1246
1577
2105
2248
2050
1623
1287
1109
1062
1374
1702
1925
1623
1055
445
-139
-269
-171
124
324
304
-13
-531
-964
-1374
-1354
-1075
-855
-729
-893
-1270
-1592
-1627
-1504
-1018
-541
-405
-389
-623
-927
-1121
-1018
-784
-587
-589
-848
-1086
-1190
-1154
-974
-685
-461
-477
-679
-1069
-1344
-1352
-1068
-558
-87
162
123
-83
-217
-35
423
1100
1657
1819
1699
1396
1018
848
1030
1411
1742
1806
1817
2003
2012
1819
1670
1553
1434
1403
1436
1477
1472
1202
794
404
-25
-249
-310
-175
-44
-9
-115
-510
-964
-1321
-1387
-1233
-1013
-878
-924
-1075
-1277
-1315
-1232
-1042
-803
-699
-619
-604
-744
-923
-998
-997
-1006
-950
-926
-869
-750
-779
-900
-915
-786
-717
-720
-803
-898
-849
-689
-468
-283
-123
-34
46
132
341
738
1114
1381
1429
1388
1254
1055
1015
1149
1314
1356
1422
1710
1981
1992
1705
1384
1209
1107
1202
1349
1469
1410
974
477
-67
-403
-495
-330
-15
70
27
-327
-854
-1333
-1581
-1406
-1067
-826
-839
-994
-1261
-1458
-1403
-1186
-884
-656
-574
-624
-739
-913
-1008
-970
-871
-725
-677
-736
-757
-831
-849
-835
-708
-486
-459
-599
-777
-874
-866
-571
-295
-98
75
121
142
168
334
705
1213
1518
1490
1335
1084
928
1038
1332
1597
1648
1616
1785
1867
1814
1639
1516
1507
1482
1532
1519
1514
1264
846
505
60
-168
-207
-116
6
40
-75
-395
-749
-1139
-1283
-1154
-967
-812
-810
-925
-1117
-1187
-1123
-1017
-828
-709
-688
-720
-795
-937
-981
-910
-861
-793
-844
-862
-802
-870
-891
-883
-857
-816
-786
-817
-836
-767
-714
-575
-517
-521
-381
-221
-31
195
464
790
1015
1005
960
934
876
962
1176
1371
1457
1318
1287
1695
1900
1921
1861
1688
1523
1351
1286
1295
1407
1215
928
558
-27
-260
-332
-161
45
93
-45
-477
-967
-1390
-1405
-1136
-805
-611
-718
-919
-1176
-1280
-1210
-1055
-824
-699
-678
-772
-956
-1089
-1086
-955
-777
-626
-687
-797
-922
-1015
-1019
-836
-590
-410
-375
-635
-851
-973
-911
-621
-307
-76
56
105
68
97
317
738
1120
1259
1232
1091
972
963
1098
1334
1512
1498
1494
1706
1799
1793
1733
1685
1659
1592
1580
1506
1402
1151
788
448
141
46
83
166
156
-33
-244
-553
-846
-1029
-1010
-858
-777
-776
-928
-1098
-1204
-1188
-988
-853
-798
-774
-783
-803
-860
-829
-703
-622
-669
-796
-902
-931
-867
-741
-607
-487
-510
-568
-707
-913
-929
-790
-597
-460
-366
-325
-325
-277
-154
81
407
729
913
850
754
772
860
1037
1200
1239
1227
1145
1124
1434
1732
1871
1783
1607
1389
1218
1133
1120
1233
1147
876
470
17
-251
-226
-74
9
14
-131
-512
-903
-1188
-1236
-961
-664
-579
-763
-1102
-1423
-1463
-1183
-912
-706
-631
-673
-895
-1119
-1127
-961
-651
-471
-518
-735
-891
-917
-872
-658
-478
-334
-330
-542
-797
-946
-804
-519
-203
-68
-69
-110
-207
-199
-53
311
747
1038
1101
935
780
774
969
1156
1323
1404
1347
1218
1254
1492
1667
1822
1805
1654
1379
1111
954
988
1092
989
810
458
78
-116
-164
-116
21
74
-114
-407
-780
-1014
-952
-822
-672
-632
-796
-1007
-1087
-1064
-987
-813
-700
-720
-781
-928
-1072
-1056
-835
-596
-442
-471
-662
-832
-875
-856
-656
-365
-225
-283
-548
-745
-836
-734
-433
-164
19
92
19
-112
-124
32
369
848
1076
1029
943
798
756
870
998
1142
1279
1250
1189
1401
1564
1649
1636
1521
1407
1189
1023
908
878
829
683
523
262
110
-60
-151
-103
-151
-197
-388
-607
-890
-1019
-1027
-982
-886
-974
-1046
-1101
-1181
-1203
-1140
-1031
-992
-963
-988
-986
-1018
-974
-818
-785
-724
-768
-806
-811
-747
-600
-444
-338
-414
-530
-666
-753
-635
-468
-219
-29
-13
-66
-81
-127
-89
178
507
834
1055
1059
999
941
868
897
1060
1190
1241
1272
1199
1386
1538
1615
1610
1512
1389
1144
1014
873
925
934
843
760
404
87
-58
-44
43
75
60
-163
-416
-738
-903
-842
-781
-683
-753
-872
-979
-1090
-1134
-1118
-1033
-987
-912
-956
-1002
-1000
-974
-860
-747
-669
-615
-536
-521
-526
-472
-449
-428
-391
-411
-431
-426
-351
-222
-105
-77
-38
27
37
136
217
375
536
753
949
887
800
771
747
830
933
1020
1128
1109
972
951
1164
1311
1405
1333
1165
937
778
800
778
848
839
714
422
76
-100
-119
-27
20
45
-39
-274
-506
-745
-850
-810
-754
-700
-763
-969
-1189
-1253
-1244
-1219
-1181
-1152
-1153
-1195
-1210
-1206
-1106
-953
-778
-675
-678
-686
-681
-618
-529
-437
-305
-261
-275
-288
-328
-318
-243
-140
-52
30
87
113
172
240
354
556
755
786
714
673
669
744
881
1010
1081
1106
1048
934
954
1191
1310
1390
1331
1240
1060
880
875
878
996
919
764
514
224
83
-3
150
254
199
44
-218
-482
-730
-671
-540
-441
-432
-694
-964
-1197
-1253
-1228
-1138
-1025
-1017
-981
-1054
-1096
-1076
-941
-673
-507
-467
-591
-651
-659
-617
-444
-263
-91
-104
-243
-395
-442
-320
-128
114
220
206
129
78
110
204
398
567
716
703
563
492
477
582
768
856
876
876
786
657
609
767
1026
1224
1199
1005
850
677
590
597
684
749
669
436
202
8
-59
58
209
252
159
-98
-383
-531
-628
-580
-445
-422
-575
-848
-1174
-1340
-1311
-1158
-976
-910
-963
-1043
-1093
-1066
-927
-725
-544
-461
-549
-720
-736
-618
-424
-203
-139
-199
-344
-387
-333
-215
-35
106
235
224
123
49
35
135
269
394
509
582
531
400
383
444
607
734
772
727
637
554
570
732
818
968
1035
994
827
640
553
538
650
613
654
604
479
404
202
183
202
279
325
250
107
-91
-160
-287
-329
-369
-463
-517
-673
-844
-968
-957
-904
-811
-778
-874
-888
-887
-803
-689
-639
-557
-441
-427
-453
-459
-467
-336
-154
-84
-16
-20
-97
-82
-49
-7
122
248
281
254
178
143
207
263
309
328
306
343
393
378
317
291
322
428
493
476
457
482
491
434
376
400
511
535
488
414
377
385
328
313
294
272
240
270
273
166
165
134
150
174
66
-95
-177
-208
-294
-343
-430
-490
-522
-611
-680
-748
-761
-668
-582
-605
-674
-702
-730
-658
-557
-451
-365
-383
-396
-366
-377
-402
-369
-296
-187
-113
-113
-126
-146
-121
-54
-39
0
70
36
4
19
-33
2
135
171
165
146
118
168
261
250
216
291
333
323
352
344
303
336
373
376
396
423
447
444
422
408
519
607
578
517
476
499
454
360
270
227
265
267
265
263
239
133
56
31
-50
-79
-103
-72
-95
-224
-319
-313
-279
-308
-344
-373
-383
-375
-391
-380
-363
-354
-320
-259
-235
-264
-280
-283
-222
-188
-195
-133
-105
-90
-104
-162
-202
-211
-103
-54
-106
-200
-221
-121
-103
-126
-160
-105
2
29
-19
-60
-20
50
105
71
75
138
193
224
208
179
280
422
485
390
237
243
265
328
360
333
283
222
178
190
215
139
112
168
269
328
256
126
90
173
129
53
-40
-36
-14
-90
-141
-131
-79
-97
-168
-199
-183
-176
-245
-287
-298
-288
-292
-332
-298
-289
-314
-409
-393
-336
-391
-446
-428
-350
-318
-314
-389
-354
-303
-424
-421
-335
-300
-303
-306
-325
-360
-357
-401
-314
-129
-101
-106
-26
58
77
120
193
377
447
363
278
281
342
375
401
423
469
379
250
253
342
360
361
389
499
567
436
344
395
456
447
411
451
554
550
417
360
451
516
460
351
314
350
305
223
206
201
173
115
61
-24
-76
-156
-256
-268
-237
-265
-340
-394
-445
-458
-515
-545
-436
-362
-442
-536
-523
-479
-425
-521
-639
-543
-426
-424
-515
-538
-432
-294
-251
-202
-70
-53
-131
-147
-58
97
188
107
67
228
322
251
117
89
246
398
337
220
307
414
340
267
252
299
312
241
223
301
333
278
277
309
335
312
238
232
342
337
267
260
227
169
100
26
77
158
111
-19
-117
-151
-158
-192
-290
-326
-299
-265
-309
-420
-500
-540
-497
-455
-506
-547
-558
-617
-661
-643
-601
-579
-598
-670
-651
-510
-398
-384
-357
-244
-171
-144
-217
-275
-99
35
1
-45
-58
45
99
25
22
202
340
319
271
246
299
344
336
356
433
513
513
479
442
529
564
465
444
509
537
473
408
415
521
587
523
449
400
422
449
400
360
353
345
253
161
114
130
157
123
130
153
100
-93
-190
-170
-162
-147
-223
-274
-242
-252
-377
-519
-468
-423
-438
-473
-491
-397
-319
-272
-318
-358
-330
-299
-327
-410
-362
-213
-180
-245
-322
-292
-176
-113
-141
-156
-76
-32
-64
-49
-16
7
-28
9
155
214
123
33
72
204
280
173
117
234
362
308
193
160
253
385
303
154
160
231
256
189
82
79
132
160
125
97
96
155
154
105
127
114
-8
-57
-15
-24
-40
-85
-137
-104
-98
-176
-254
-289
-274
-209
-208
-272
-244
-179
-223
-280
-282
-225
-172
-208
-252
-221
-199
-256
-325
-349
-171
-15
-110
-203
-140
-80
-85
-187
-238
-91
19
-31
-56
-11
4
-20
-54
0
164
176
81
83
186
273
262
161
153
281
377
290
180
263
334
357
236
126
148
226
269
217
234
261
252
224
204
134
155
164
110
164
191
182
141
69
-14
-5
12
8
54
68
13
-76
-79
-12
27
-30
-131
-90
69
50
-184
-250
-195
-75
-72
-199
-221
-93
15
-29
-141
-299
-225
-47
-44
-112
-72
29
14
-29
-205
-317
-164
-40
-73
-95
-88
-173
-125
-101
-194
-136
-85
-103
-66
11
-40
-60
-51
-70
-74
-68
-61
-58
-2
8
34
78
95
104
84
54
30
43
50
60
96
70
46
66
78
50
57
74
66
99
121
122
152
116
94
118
108
70
69
73
50
25
10
-9
-11
16
30
2
9
-6
-50
-53
-63
-34
-32
-46
-85
-95
-120
-189
-163
-111
-70
-45
-44
-68
-78
-79
-137
-102
-48
-74
-10
45
14
0
17
-70
-53
-28
-86
-8
54
35
46
46
3
31
16
-64
10
57
27
78
57
40
70
57
24
89
87
45
113
136
89
96
78
77
125
132
129
152
127
135
156
90
60
75
27
55
105
79
94
124
91
75
64
34
32
24
32
17
-8
-16
13
-13
-53
-7
47
-43
-80
124
205
84
-227
-468
-382
-201
-144
-137
-73
-96
-237
-359
-461
-297
-133
-146
-137
-166
-162
-184
-257
-253
-133
-97
-145
-131
-119
-81
-46
-61
-45
11
30
28
50
32
45
32
52
77
90
118
111
140
133
140
158
179
208
167
141
146
144
182
209
203
210
206
197
173
154
118
125
144
116
90
100
47
38
49
30
44
51
53
58
44
-32
-50
-64
-75
-31
-3
-22
-48
-72
-122
-153
-157
-139
-122
-133
-125
-128
-127
-149
-187
-214
-213
-198
-199
-186
-167
-167
-156
-163
-140
-128
-122
-91
-109
-120
-124
-112
-67
-26
4
29
63
88
98
93
106
98
65
89
112
113
147
160
176
210
200
213
248
233
238
248
222
229
240
210
234
235
225
247
233
224
232
219
199
185
123
86
73
54
47
27
-28
-61
-91
-108
-108
-127
-117
-124
-122
-121
-107
-127
-187
-216
-231
-220
-238
-264
-249
-239
-217
-221
-260
-244
-214
-231
-263
-258
-244
-226
-208
-205
-205
-174
-177
-151
-83
-25
-10
-41
-30
22
8
-11
12
18
33
34
28
39
69
112
119
113
121
143
140
141
154
138
130
136
129
128
144
134
139
178
183
163
152
120
104
146
151
125
98
88
67
33
-11
-36
8
10
-26
-28
-53
-100
-93
-85
-72
-35
-52
-56
-84
-110
-77
-94
-125
-104
-103
-119
-150
-121
-81
-67
-67
-71
-86
-79
-72
-70
-47
3
-7
13
32
-34
-23
10
5
49
64
56
80
64
26
51
74
90
118
135
183
165
151
149
149
196
174
117
95
106
119
106
132
139
129
100
81
94
106
105
104
83
28
16
2
-16
-22
-30
-16
-56
-78
-85
-112
-102
-96
-82
-82
-91
-122
-110
-127
-117
-91
-104
-111
-115
-126
-125
-148
-149
-137
-151
-105
-64
-95
-101
-92
-103
-71
-33
-63
-79
-48
-77
-53
-9
-25
6
42
20
6
15
-16
11
53
24
51
70
53
82
98
106
104
94
73
90
103
104
74
2
2
-5
-3
31
11
9
24
4
-46
-51
-38
-56
-77
-89
-60
-65
-85
-78
-82
-80
-38
-57
-55
-31
-93
-122
-128
-113
-51
-19
-56
-44
-47
-31
-35
-61
-58
-23
-9
11
34
11
21
51
58
73
116
98
63
83
90
98
86
94
146
172
150
126
114
121
159
166
141
126
104
121
168
183
170
137
144
167
163
117
107
113
103
113
109
72
13
-3
16
22
12
14
-9
-19
-4
-48
-95
-107
-115
-138
-130
-158
-161
-179
-221
-181
-186
-220
-206
-199
-181
-141
-129
-163
-162
-149
-145
-130
-162
-157
-131
-142
-154
-172
-180
-138
-131
-120
-52
-27
-60
-29
-13
36
717
841
91
-314
-360
-453
-304
47
216
417
328
-259
-520
-355
-3
714
742
418
262
-294
-732
-522
16
283
469
508
71
-206
-319
-163
119
569
800
496
37
-181
-155
15
327
338
368
428
436
129
-124
-325
-163
313
233
-66
-137
-515
-753
-747
-682
-357
-42
-57
-290
-458
-644
-627
-340
-56
127
69
-151
-180
-30
96
268
440
346
221
290
243
195
389
387
229
95
-19
43
101
181
279
122
-30
62
163
235
306
294
229
154
211
323
353
350
419
374
308
317
293
366
399
297
186
67
-42
32
101
-35
-158
-204
-318
-392
-331
-364
-391
-402
-531
-554
-350
-532
-676
-347
-396
-628
-553
-404
-279
-282
-418
-499
-308
-355
-469
-190
-130
-233
-244
-251
-306
-238
-158
-218
-205
-203
-128
-43
-46
24
92
68
97
206
248
302
360
349
357
367
368
457
504
527
527
557
565
517
573
527
427
372
440
407
316
321
245
187
160
165
128
35
-21
-48
-110
-202
-237
-296
-380
-384
-404
-485
-474
-495
-505
-535
-602
-691
-687
-592
-510
-466
-480
-518
-492
-511
-462
-428
-408
-354
-287
-280
-266
-127
-5
119
256
397
685
802
720
811
893
1158
1342
1289
1255
1262
1318
1261
1285
1240
1209
1252
1206
1098
931
758
631
434
274
123
-178
-346
-503
-722
-893
-993
-1006
-1083
-1185
-1289
-1391
-1296
-1142
-1053
-1043
-1132
-1114
-1053
-989
-906
-831
-834
-783
-766
-838
-790
-728
-738
-620
-580
-542
-546
-664
-483
-445
-317
-329
-201
-263
232
1167
855
804
622
890
1425
1774
1721
1633
1981
1833
2101
2154
1890
2006
2218
1937
1815
1716
1434
1314
1108
600
234
66
-337
-420
-705
-1298
-1510
-1452
-1730
-1781
-1851
-2133
-1978
-1800
-1761
-1738
-1714
-1693
-1459
-1251
-1344
-1206
-1087
-976
-739
-733
-771
-674
-606
-580
-563
-558
-615
-505
-530
-430
-211
-184
-166
-300
-248
-114
-50
88
1213
1269
1071
924
978
1622
1843
1977
1781
2150
2165
2352
2666
2287
2243
2416
2336
2316
2182
1911
1628
1302
1057
617
404
23
-182
-347
-907
-1239
-1361
-1582
-1743
-1849
-2035
-2093
-1983
-1879
-1833
-1775
-1753
-1607
-1451
-1470
-1473
-1447
-1363
-1177
-1115
-1022
-959
-919
-875
-845
-745
-735
-701
-640
-661
-560
-359
-264
-384
-453
-324
-92
-69
277
1207
1114
857
806
1066
1654
1960
2001
1907
2177
2230
2411
2689
2388
2443
2660
2579
2464
2382
2273
1926
1748
1422
958
752
358
151
-183
-711
-1020
-1125
-1383
-1634
-1735
-2023
-2165
-1975
-1848
-1914
-1973
-2058
-1966
-1812
-1837
-1877
-1817
-1708
-1593
-1490
-1429
-1438
-1347
-1229
-1131
-1099
-1089
-1012
-993
-954
-721
-509
-435
-630
-702
-560
-309
-234
552
1058
815
758
701
1263
1764
2013
1701
1833
2180
2288
2693
2589
2236
2539
2756
2723
2679
2502
2188
2009
1868
1438
1160
762
431
217
-195
-631
-720
-925
-1212
-1314
-1712
-2028
-1945
-1735
-1760
-1880
-2019
-2040
-1814
-1767
-1901
-1893
-1836
-1666
-1480
-1449
-1415
-1391
-1366
-1186
-1056
-1075
-1051
-943
-909
-745
-521
-441
-569
-428
-462
-192
-170
163
1109
985
893
712
1038
1512
1819
1838
1629
2057
2155
2373
2788
2339
2366
2665
2704
2747
2620
2438
2045
1979
1710
1401
1181
632
436
156
-315
-555
-774
-1014
-1118
-1295
-1682
-1824
-1690
-1631
-1658
-1847
-2013
-1894
-1790
-1800
-1846
-1874
-1832
-1710
-1552
-1474
-1495
-1537
-1464
-1319
-1186
-1196
-1164
-1120
-982
-776
-541
-551
-638
-630
-396
-130
-9
798
845
769
685
807
1427
1640
1713
1480
1833
2047
2233
2631
2440
2281
2456
2554
2683
2528
2402
2179
1935
1756
1454
1173
765
531
256
-197
-502
-732
-945
-1150
-1387
-1734
-1936
-1904
-1793
-1691
-1915
-2079
-2169
-2080
-1915
-1956
-1985
-1982
-1873
-1787
-1702
-1676
-1768
-1648
-1433
-1299
-1266
-1231
-1137
-1083
-829
-588
-458
-511
-454
-434
-87
-40
455
1120
1022
968
897
1349
1740
2049
1912
1819
2245
2394
2720
2883
2530
2560
2766
2997
2991
2808
2537
2167
2105
1849
1594
1287
852
614
249
-120
-445
-679
-963
-1154
-1340
-1777
-1928
-1871
-1882
-1997
-2172
-2293
-2230
-2062
-2106
-2239
-2333
-2301
-2077
-1919
-1864
-1924
-2012
-1819
-1616
-1513
-1484
-1337
-1241
-1056
-725
-531
-508
-492
-476
-254
-28
291
1025
1191
1145
986
1190
1597
2058
2085
1923
2165
2334
2546
2889
2726
2567
2750
2844
2924
2866
2569
2267
2171
1984
1740
1395
905
619
405
40
-368
-701
-1020
-1189
-1248
-1627
-1921
-1997
-2013
-1962
-1908
-2140
-2347
-2254
-2258
-2175
-2137
-2276
-2305
-2152
-2010
-1870
-1855
-1855
-1700
-1554
-1481
-1297
-1158
-1062
-866
-645
-420
-415
-335
-383
-90
124
747
1177
1112
1034
887
1467
1789
2040
1953
1969
2213
2315
2631
2727
2502
2454
2562
2716
2663
2585
2313
2017
1963
1696
1439
1039
662
442
152
-167
-514
-771
-999
-1117
-1334
-1743
-1859
-1888
-1775
-1808
-2020
-2194
-2278
-2128
-2056
-2004
-2153
-2249
-2106
-1918
-1740
-1745
-1820
-1734
-1582
-1409
-1296
-1208
-1157
-980
-708
-450
-373
-394
-366
-100
88
491
1057
1170
1199
1092
1312
1570
1929
2053
2049
2254
2320
2482
2703
2671
2648
2749
2826
2765
2666
2468
2185
2072
1821
1542
1218
800
530
304
11
-350
-623
-961
-1109
-1184
-1525
-1809
-1904
-1864
-1849
-1921
-2087
-2250
-2230
-2207
-2144
-2147
-2211
-2195
-2122
-1964
-1912
-1936
-1858
-1690
-1554
-1463
-1333
-1187
-1018
-798
-515
-452
-362
-344
-227
0
261
899
1121
1223
1199
1262
1503
1841
2139
2104
2241
2397
2491
2710
2686
2622
2586
2657
2726
2614
2484
2161
2000
1851
1579
1234
774
486
225
18
-322
-658
-969
-1182
-1201
-1476
-1813
-2062
-2154
-2046
-2038
-2120
-2291
-2355
-2379
-2306
-2176
-2255
-2285
-2168
-1982
-1828
-1870
-1838
-1712
-1546
-1428
-1287
-1186
-1118
-912
-653
-363
-277
-238
-241
-38
165
675
1121
1307
1388
1326
1434
1686
1936
2091
2254
2384
2408
2515
2653
2592
2665
2712
2753
2692
2546
2395
2235
2127
1901
1589
1135
717
488
282
17
-302
-675
-973
-1040
-1123
-1408
-1658
-1872
-1950
-1951
-1955
-1992
-2064
-2132
-2158
-2105
-2155
-2176
-2158
-2036
-1834
-1781
-1868
-1801
-1654
-1518
-1345
-1182
-1107
-983
-750
-510
-394
-409
-415
-308
-151
125
594
902
1101
1183
1288
1355
1515
1712
1895
2164
2306
2312
2346
2394
2421
2483
2543
2552
2447
2312
2141
2051
1895
1657
1348
951
619
368
156
-94
-356
-643
-835
-1001
-1264
-1483
-1629
-1730
-1831
-1850
-1911
-1978
-2021
-2027
-1978
-2042
-2102
-2106
-2056
-1899
-1795
-1793
-1780
-1709
-1578
-1462
-1320
-1196
-1081
-956
-791
-614
-522
-399
-317
-171
-46
188
513
815
1079
1170
1255
1340
1498
1637
1838
2051
2157
2278
2384
2439
2492
2483
2496
2469
2395
2241
2091
1979
1791
1621
1346
1009
688
430
218
-42
-308
-546
-706
-892
-1082
-1264
-1415
-1557
-1666
-1716
-1761
-1816
-1856
-1841
-1841
-1875
-1942
-1956
-1867
-1732
-1701
-1660
-1611
-1522
-1386
-1263
-1182
-1098
-974
-850
-651
-476
-384
-317
-227
-54
44
125
371
668
966
1119
1269
1405
1519
1595
1637
1785
1852
1954
2105
2240
2301
2228
2219
2225
2189
2085
1904
1733
1526
1355
1150
895
636
359
137
-133
-426
-668
-869
-1062
-1196
-1295
-1415
-1537
-1622
-1716
-1758
-1837
-1889
-1880
-1881
-1887
-1897
-1902
-1808
-1702
-1678
-1616
-1505
-1374
-1289
-1172
-1029
-934
-871
-777
-635
-527
-414
-274
-140
50
211
298
392
524
713
900
1054
1217
1361
1493
1618
1637
1600
1662
1762
1814
1847
1874
1910
1888
1891
1923
1825
1672
1555
1390
1222
1099
852
633
512
266
54
-98
-306
-515
-693
-804
-975
-1123
-1256
-1299
-1365
-1439
-1453
-1482
-1534
-1562
-1531
-1497
-1513
-1538
-1547
-1522
-1401
-1308
-1223
-1110
-1033
-965
-872
-727
-596
-551
-496
-392
-258
-112
23
112
230
351
414
525
620
704
845
1005
1112
1174
1262
1357
1436
1473
1442
1421
1465
1490
1504
1502
1488
1456
1408
1410
1354
1264
1148
1017
920
781
670
515
329
113
-53
-184
-385
-554
-660
-782
-874
-977
-1098
-1159
-1287
-1399
-1418
-1426
-1455
-1498
-1533
-1504
-1478
-1443
-1385
-1296
-1247
-1191
-1118
-1003
-941
-910
-853
-773
-657
-545
-414
-306
-187
-114
-15
131
241
315
391
452
470
505
595
710
808
796
829
940
1013
1061
1106
1099
1058
1064
1100
1120
1096
1104
1040
1014
1016
990
926
874
755
673
625
493
363
224
103
-27
-94
-219
-304
-437
-561
-648
-725
-786
-846
-928
-951
-916
-932
-921
-871
-874
-893
-871
-828
-769
-772
-784
-757
-712
-670
-600
-546
-503
-490
-473
-377
-237
-173
-84
-42
-25
-11
53
155
240
253
229
287
344
424
495
520
525
563
627
690
736
753
737
753
813
832
832
809
776
739
742
725
678
626
586
574
498
460
434
334
259
190
103
57
-46
-169
-214
-254
-307
-322
-370
-392
-415
-496
-493
-467
-527
-561
-613
-636
-625
-606
-628
-588
-554
-629
-594
-494
-458
-450
-424
-404
-451
-416
-304
-272
-227
-238
-272
-230
-160
-133
-93
-74
-86
1
107
135
163
196
178
261
341
324
354
394
366
410
469
441
453
468
451
424
414
381
361
325
256
217
189
153
110
99
84
51
-4
-13
-33
-89
-124
-181
-191
-178
-209
-241
-252
-279
-314
-287
-277
-270
-275
-301
-291
-211
-196
-212
-178
-175
-181
-128
-108
-94
-96
-110
-114
-57
-7
-34
-43
-62
-41
33
89
70
96
87
97
149
157
180
209
211
192
220
261
243
233
286
281
240
254
216
158
161
154
151
133
104
56
44
61
52
46
30
21
17
-21
-55
-43
-77
-112
-86
-82
-81
-73
-49
-62
-46
-62
-49
-23
-49
-42
-48
-29
-17
40
64
92
55
-12
-36
-27
35
53
29
10
17
12
15
59
35
-32
-28
0
3
28
38
15
30
23
-16
-17
-20
-8
-26
-31
-67
-90
-94
-122
-84
-66
-72
-86
-109
-130
-93
-85
-107
-108
-106
-104
-102
-114
-106
-102
-133
-126
-80
-131
-134
-91
-112
-77
-50
-54
-31
-34
-33
28
50
40
63
96
97
116
92
72
66
85
126
99
84
87
94
65
70
57
52
61
58
52
39
45
53
54
72
54
34
7
16
22
20
-11
-57
-59
-83
-82
-52
-27
-42
-65
-69
-57
-30
-27
-64
-81
-91
-103
-93
-107
-147
-161
-163
-132
-113
-154
-165
-157
-142
-81
-44
-60
-42
-16
-13
26
66
67
105
109
140
159
153
160
193
226
196
226
212
191
206
226
214
228
199
195
230
227
215
219
218
171
176
166
127
135
172
144
126
97
67
56
25
16
22
-14
-49
-58
-75
-40
-66
-145
-206
-227
-239
-235
-237
-267
-323
-332
-309
-277
-286
-342
-371
-351
-335
-308
-266
-254
-215
-196
-126
-65
-34
-57
-21
29
73
95
114
144
158
156
181
217
215
241
279
317
320
303
260
273
296
254
237
268
208
157
187
144
123
156
132
142
149
64
47
67
24
28
-3
-70
-109
-152
-156
-131
-160
-253
-301
-320
-360
-395
-428
-492
-548
-540
-475
-457
-496
-512
-521
-508
-439
-432
-435
-405
-395
-339
-248
-203
-151
-86
-28
86
123
128
163
237
299
330
387
413
436
462
476
489
510
512
484
512
528
501
528
559
557
549
521
454
450
469
429
404
356
287
264
253
219
180
112
17
-22
-36
-88
-133
-183
-251
-273
-303
-340
-364
-441
-511
-515
-526
-531
-546
-589
-613
-605
-592
-589
-548
-534
-513
-465
-400
-339
-331
-312
-242
-144
-59
6
53
72
122
183
230
301
339
353
388
420
454
479
480
511
525
497
538
581
572
544
502
441
424
425
411
448
388
266
252
220
176
184
158
69
3
-32
-97
-170
-211
-323
-383
-392
-432
-469
-515
-596
-640
-643
-649
-643
-678
-704
-695
-689
-674
-675
-696
-695
-651
-589
-496
-463
-450
-400
-341
-238
-121
-50
-15
80
134
175
280
332
367
399
456
508
558
585
623
643
622
649
679
721
735
729
721
681
681
706
690
658
582
487
430
410
388
371
319
246
184
120
81
34
-59
-133
-178
-220
-266
-348
-413
-480
-554
-555
-555
-610
-673
-717
-709
-710
-704
-709
-692
-699
-664
-586
-575
-534
-500
-460
-370
-279
-213
-162
-92
-35
18
60
148
203
232
275
317
374
406
454
508
524
540
563
568
591
623
588
572
577
573
577
579
545
464
422
361
331
282
223
165
87
46
-3
-32
-98
-183
-206
-254
-326
-365
-390
-446
-494
-491
-527
-579
-605
-662
-662
-648
-669
-678
-636
-613
-583
-491
-443
-414
-380
-368
-315
-245
-197
-140
-85
-73
-24
55
94
164
232
260
292
349
367
388
472
481
468
493
502
499
537
541
488
471
465
452
451
418
385
363
325
326
287
222
199
128
73
71
34
-20
-64
-110
-153
-183
-221
-262
-286
-334
-369
-373
-400
-411
-427
-428
-435
-438
-424
-426
-405
-375
-335
-298
-247
-214
-193
-139
-107
-60
13
24
51
116
126
154
196
228
228
248
268
302
328
353
393
390
375
357
383
425
420
382
363
356
332
322
304
261
232
214
185
177
166
98
41
20
-15
-51
-93
-127
-175
-203
-229
-278
-308
-349
-369
-390
-401
-420
-446
-476
-450
-434
-444
-431
-418
-412
-379
-353
-349
-310
-282
-273
-218
-146
-158
-117
-83
-73
-15
11
40
84
127
149
193
210
226
287
314
325
350
338
317
343
355
353
320
296
278
279
296
269
233
211
178
162
179
141
92
73
58
43
40
-11
-61
-87
-119
-165
-175
-222
-291
-289
-340
-356
-366
-406
-407
-388
-387
-380
-350
-352
-343
-319
-302
-266
-244
-234
-175
-159
-138
-60
-16
12
76
124
130
190
238
269
317
327
362
405
428
447
478
443
431
413
403
425
431
427
395
383
364
347
324
299
265
215
193
178
163
123
71
22
-10
-30
-75
-110
-155
-188
-226
-239
-266
-305
-308
-355
-370
-374
-409
-399
-418
-421
-380
-410
-429
-401
-400
-387
-324
-304
-293
-232
-222
-202
-132
-105
-98
-40
17
52
110
166
160
197
251
245
282
325
315
327
341
324
302
330
323
336
352
318
303
263
260
256
252
231
190
137
112
106
38
-8
-56
-114
-128
-150
-181
-216
-253
-279
-275
-292
-311
-325
-339
-357
-368
-369
-361
-398
-371
-353
-367
-349
-347
-353
-342
-284
-282
-268
-215
-209
-169
-90
-61
-26
26
41
65
120
155
177
219
268
283
311
355
358
347
373
369
361
368
393
392
391
371
315
293
299
295
290
269
207
144
138
121
102
82
44
19
17
13
-20
-40
-92
-136
-159
-180
-181
-188
-182
-190
-198
-213
-237
-250
-230
-206
-204
-193
-223
-241
-217
-232
-214
-159
-162
-135
-86
-78
-20
18
14
57
78
104
143
154
192
223
200
229
254
233
252
258
256
283
262
229
248
237
207
204
182
174
204
195
174
165
102
54
42
12
-25
-44
-74
-109
-147
-161
-187
-208
-223
-242
-273
-272
-296
-322
-302
-264
-256
-257
-260
-276
-282
-265
-279
-284
-274
-271
-259
-227
-196
-175
-159
-137
-131
-102
-57
-64
-45
-8
-8
21
78
101
115
151
163
172
194
214
217
201
212
206
198
226
222
220
206
168
143
171
149
116
103
57
31
17
11
-7
0
-33
-50
-53
-81
-78
-98
-133
-157
-165
-162
-172
-177
-186
-188
-188
-193
-179
-180
-162
-138
-118
-98
-96
-75
-55
-55
-52
-14
0
31
54
61
109
126
130
162
194
199
248
273
263
290
286
273
306
331
311
337
330
317
319
298
315
297
258
225
212
179
172
144
108
96
67
58
43
18
-10
-31
-70
-99
-117
-150
-195
-213
-239
-253
-244
-258
-230
-242
-265
-274
-297
-330
-339
-335
-339
-332
-314
-290
-285
-261
-239
-228
-218
-207
-178
-169
-116
-76
-55
-23
4
12
60
85
134
150
185
176
219
162
504
774
389
120
-66
-49
42
197
272
443
524
219
-20
-121
-150
-1
87
162
313
329
167
-14
-127
-157
-156
-205
-187
-82
47
36
-79
-125
-251
-377
-548
-552
-289
-88
-69
-209
-349
-454
-506
-470
-366
-190
-81
-76
-175
-270
-273
-279
-236
-150
-21
52
34
49
101
108
77
95
93
123
220
277
323
407
381
302
274
232
253
348
442
466
442
317
209
178
200
308
412
417
369
277
107
65
104
123
184
226
181
119
37
-22
-26
-33
-22
4
-17
-54
-73
-162
-214
-233
-246
-232
-210
-187
-148
-142
-186
-219
-289
-317
-263
-198
-146
-117
-141
-201
-268
-271
-218
-114
-39
-29
-10
-26
-53
-17
-13
3
49
26
24
25
42
36
38
54
55
43
36
26
21
54
55
55
87
74
65
88
98
108
65
16
-24
-10
6
32
71
58
0
-61
-85
-73
-35
-10
-18
5
7
-51
-87
-104
-117
-90
-75
-84
-85
-82
-101
-139
-126
-115
-87
-63
-27
10
3
-48
-67
-53
-21
-3
0
33
28
32
31
13
16
41
44
52
79
93
87
68
79
63
67
48
25
46
27
6
26
65
113
134
99
78
62
34
30
101
134
82
46
51
45
36
6
8
47
22
-21
-29
11
18
4
4
17
52
42
27
49
73
52
17
-3
-6
22
48
41
66
89
33
30
39
71
121
85
8
33
55
34
-14
-58
-61
-76
-91
-78
-3
31
3
-32
-85
-107
-63
-44
-36
1
-12
-89
-129
-132
-109
-44
-13
26
18
-22
-60
-96
-115
-112
-72
-22
34
21
-48
-72
-66
-69
-76
-40
19
26
-40
-106
-100
-53
-35
-56
10
129
121
19
-11
9
19
28
16
22
60
52
-12
-1
32
11
-17
-8
62
54
-10
-67
-100
-48
-28
-72
-80
-50
-59
-78
-121
-146
-79
-84
-86
-19
-30
-54
-71
-111
-103
-88
-82
-47
-24
-51
-79
-71
-66
-39
12
40
68
74
16
-20
-44
-66
18
112
114
101
110
41
26
66
89
135
176
173
138
106
52
46
86
119
142
167
196
195
148
79
32
-13
0
44
82
48
-30
-56
-44
-84
-65
-27
-29
-12
-52
-75
-62
-98
-125
-96
-91
-45
-11
-20
-20
4
1
14
68
121
169
190
170
187
247
223
261
320
341
343
345
339
391
372
314
323
318
338
327
277
218
190
134
59
45
27
-28
-71
-154
-209
-251
-331
-356
-345
-328
-321
-390
-467
-548
-620
-597
-564
-551
-537
-563
-630
-633
-654
-661
-616
-573
-574
-551
-522
-567
-563
-534
-475
-394
-294
-257
-229
-202
-195
-149
-54
3
128
256
291
452
634
773
889
951
978
1073
1150
1185
1175
1210
1296
1306
1198
1045
945
851
853
793
690
579
441
275
100
-86
-332
-494
-578
-643
-703
-837
-959
-989
-1008
-1032
-974
-919
-843
-728
-697
-709
-697
-675
-595
-473
-403
-391
-409
-420
-421
-457
-466
-466
-442
-405
-411
-429
-416
-443
-443
-399
-364
-317
-242
-165
-96
-6
3
32
163
341
545
810
1204
1492
1546
1459
1461
1538
1505
1446
1591
1873
1979
1846
1556
1258
1054
897
844
936
967
799
486
155
-214
-553
-797
-818
-727
-733
-883
-1141
-1327
-1461
-1521
-1423
-1222
-1055
-893
-775
-773
-861
-926
-874
-738
-601
-486
-382
-360
-441
-550
-631
-640
-607
-556
-494
-497
-579
-654
-664
-584
-490
-425
-356
-270
-233
-233
-172
-114
-38
135
312
481
629
689
700
734
759
808
847
947
1314
1673
1704
1427
1205
1184
1087
892
843
1027
1247
1267
1010
611
279
79
8
143
301
306
151
-82
-370
-702
-1093
-1217
-1009
-756
-653
-786
-987
-1205
-1302
-1293
-1222
-1022
-744
-505
-400
-480
-664
-757
-657
-481
-336
-212
-138
-169
-277
-454
-570
-547
-502
-310
-159
-254
-399
-505
-518
-405
-332
-313
-206
-49
-17
32
91
159
309
482
693
856
833
779
868
1122
1608
1954
1953
1762
1674
1661
1454
1248
1228
1437
1572
1534
1278
792
329
87
38
153
219
81
-112
-360
-707
-1052
-1343
-1408
-1204
-1011
-955
-976
-1111
-1292
-1353
-1323
-1162
-880
-614
-337
-245
-371
-447
-505
-520
-406
-263
-178
-132
-112
-211
-381
-546
-634
-602
-524
-431
-433
-446
-426
-430
-457
-460
-395
-221
2
200
289
287
266
350
569
688
747
850
965
1000
930
762
687
1029
1517
1706
1525
1198
1074
957
710
534
578
735
888
879
526
-22
-424
-514
-330
-109
-44
-92
-151
-311
-643
-1062
-1341
-1270
-969
-659
-567
-692
-912
-1114
-1171
-1078
-955
-767
-428
-140
-66
-169
-369
-533
-543
-409
-207
-23
35
-22
-85
-258
-491
-572
-515
-285
-89
-73
-81
-86
-135
-146
-117
-58
121
315
452
506
404
318
404
540
618
675
729
766
747
610
509
494
814
1334
1479
1254
992
880
711
440
236
339
606
804
780
457
-2
-335
-399
-254
-59
53
91
21
-130
-415
-858
-1150
-1089
-837
-562
-408
-484
-689
-855
-908
-891
-801
-613
-327
-45
39
-35
-147
-304
-413
-381
-246
-129
-49
-20
-52
-99
-270
-453
-537
-422
-246
-108
-96
-89
-72
-146
-156
-162
-167
-73
96
208
268
218
169
212
271
268
308
351
345
353
273
202
265
627
909
973
902
798
855
640
314
220
498
798
832
768
589
345
71
-194
-122
174
358
385
231
38
-208
-533
-845
-903
-723
-483
-321
-297
-524
-791
-886
-866
-781
-659
-418
-177
-23
14
-142
-431
-604
-563
-351
-130
-66
-122
-198
-288
-503
-762
-885
-754
-475
-227
-121
-130
-233
-356
-389
-320
-170
40
321
513
527
412
304
273
398
567
652
753
796
666
450
298
236
533
1218
1697
1671
1253
921
707
308
101
341
683
942
1033
720
146
-416
-693
-514
-56
340
513
407
100
-223
-700
-1137
-1128
-763
-299
24
3
-434
-915
-1148
-1152
-988
-662
-245
47
108
-126
-564
-962
-1009
-706
-341
-135
-133
-253
-498
-795
-960
-877
-575
-167
29
-49
-130
-272
-316
-103
186
460
670
706
587
380
149
71
247
512
738
799
573
275
76
-96
-135
-25
21
79
164
493
1154
1519
1612
1321
893
726
637
602
799
1130
1137
719
154
-646
-1317
-1216
-750
-194
203
88
-429
-943
-1189
-1277
-1018
-405
57
347
254
-311
-786
-979
-767
-310
91
276
41
-316
-646
-922
-917
-615
-241
-97
-217
-577
-1077
-1235
-963
-476
-36
148
123
-101
-240
-267
-149
305
821
1124
1112
826
415
101
158
349
523
623
470
110
-236
-522
-573
-349
18
288
409
286
-4
-183
-136
135
866
2043
2719
2647
1809
950
400
184
333
695
1120
960
329
-756
-1784
-2131
-1726
-741
270
648
316
-352
-989
-1165
-828
-152
560
1046
972
324
-523
-1210
-1299
-722
-91
260
116
-396
-944
-1278
-1290
-1030
-510
-33
165
-6
-476
-946
-1011
-619
-30
446
550
335
-84
-402
-522
-212
419
912
1128
828
293
-335
-561
-374
3
509
615
355
-68
-529
-830
-725
-208
415
779
723
142
-358
-737
-674
-254
347
770
1396
2120
1933
1329
372
246
417
685
732
738
569
-49
-675
-1243
-1464
-1253
-730
4
408
160
-235
-651
-554
-186
193
467
635
499
63
-278
-653
-741
-478
-116
111
-73
-426
-695
-740
-563
-245
16
126
147
-66
-386
-604
-675
-402
-29
259
175
-77
-375
-588
-620
-498
-79
245
465
500
306
60
-29
63
353
545
497
381
198
-68
-198
-187
-38
144
127
82
-77
-354
-557
-477
-168
290
441
1066
1811
2014
1639
993
689
656
695
440
611
589
226
-223
-820
-1173
-1130
-837
-188
378
395
101
-65
-260
-134
212
331
584
619
315
-32
-420
-688
-549
-217
-19
5
-206
-573
-699
-821
-797
-561
-374
-255
-296
-423
-738
-879
-798
-559
-233
-201
-311
-605
-724
-765
-675
-383
-55
348
419
320
67
-200
-159
61
353
492
422
200
-146
-404
-507
-385
-150
-5
132
2
-191
-339
-371
-79
222
631
742
1411
1992
2101
1792
1135
934
800
789
767
884
844
346
-128
-675
-862
-788
-494
206
633
673
295
-56
-245
-95
187
399
590
488
143
-205
-619
-782
-674
-431
-265
-393
-694
-973
-1012
-1012
-826
-603
-572
-575
-741
-886
-968
-933
-801
-640
-439
-452
-590
-707
-708
-532
-224
81
275
435
585
515
422
308
283
448
572
590
447
324
100
-62
-247
-333
-206
-55
212
321
265
12
-210
-192
22
326
578
842
938
1603
2099
1995
1630
1130
1018
875
824
595
680
558
139
-198
-774
-983
-838
-434
95
375
303
-39
-243
-373
-241
-25
81
209
93
-249
-591
-810
-905
-751
-561
-547
-636
-819
-934
-886
-856
-778
-625
-543
-609
-708
-862
-969
-895
-725
-481
-368
-348
-311
-272
-180
-121
33
131
234
334
318
296
300
410
385
359
307
201
226
200
126
26
2
4
17
22
41
73
168
336
400
503
453
410
400
815
1677
2114
2191
1615
1028
557
312
273
554
928
863
485
-314
-1044
-1317
-1080
-418
258
472
226
-251
-731
-927
-708
-344
103
267
65
-455
-945
-1162
-1005
-590
-180
-87
-275
-646
-943
-1020
-894
-615
-344
-256
-476
-764
-1086
-1159
-843
-374
10
125
104
-78
-228
-210
-106
217
467
610
556
420
285
225
350
498
667
687
510
311
146
3
19
139
295
417
354
139
35
-60
-23
217
322
408
312
350
375
733
1446
1723
1871
1327
922
628
331
253
426
832
647
250
-454
-973
-1005
-845
-387
-45
39
-193
-483
-655
-718
-540
-292
37
122
-62
-435
-705
-640
-440
-204
-61
-166
-395
-616
-806
-910
-808
-656
-584
-633
-936
-1183
-1179
-930
-664
-446
-328
-285
-308
-432
-468
-374
-189
60
307
471
537
423
329
276
384
419
396
403
361
330
256
167
55
-47
9
67
284
376
333
191
-23
-72
4
188
343
636
742
701
716
1058
1393
1558
1321
1089
944
936
823
722
584
375
222
-181
-545
-783
-734
-450
-196
-191
-288
-467
-620
-530
-383
-247
-53
35
-9
-118
-230
-369
-364
-301
-241
-289
-409
-569
-731
-799
-845
-855
-798
-763
-827
-852
-844
-743
-517
-320
-241
-266
-304
-304
-265
-124
98
302
380
396
364
370
418
523
621
740
731
567
460
349
221
142
197
273
285
186
42
-75
-18
97
200
302
357
427
529
552
533
932
1518
1631
1405
1051
809
734
550
532
697
694
250
-331
-698
-936
-861
-703
-429
-250
-379
-653
-861
-894
-724
-422
-127
-76
-232
-468
-701
-701
-618
-424
-281
-299
-545
-765
-900
-928
-824
-693
-543
-591
-805
-958
-930
-796
-567
-360
-287
-289
-375
-483
-420
-298
-106
121
346
467
375
324
407
577
798
922
927
769
575
428
334
362
373
357
320
239
161
88
83
166
297
410
363
216
54
52
116
277
525
663
706
1034
1115
1112
868
774
835
773
805
498
392
111
-33
-188
-415
-455
-543
-452
-431
-436
-448
-540
-470
-467
-410
-377
-333
-238
-239
-303
-378
-342
-334
-313
-309
-336
-317
-348
-381
-382
-442
-481
-510
-493
-502
-481
-560
-614
-642
-714
-718
-624
-520
-284
10
153
217
148
262
421
546
657
751
761
657
518
376
326
293
283
371
333
213
163
92
125
121
106
75
82
78
44
77
69
188
340
396
518
852
987
1059
869
734
800
825
659
574
573
442
267
-108
-301
-356
-428
-485
-433
-420
-449
-605
-746
-774
-793
-820
-695
-551
-444
-393
-453
-467
-428
-407
-349
-292
-344
-408
-475
-623
-713
-707
-701
-668
-688
-792
-860
-906
-920
-818
-693
-600
-419
-342
-275
-161
82
261
373
478
473
590
614
685
743
788
807
829
889
866
790
704
624
608
602
582
497
353
233
120
71
1
-17
125
258
387
354
403
376
663
965
1144
1245
1003
1043
902
836
706
526
523
330
188
-136
-390
-520
-658
-586
-728
-761
-887
-975
-980
-1036
-967
-948
-765
-658
-637
-584
-577
-508
-444
-416
-404
-404
-359
-358
-240
-238
-291
-288
-338
-281
-295
-359
-407
-415
-357
-324
-271
-310
-318
-257
-182
-92
29
229
411
528
584
554
650
799
940
1082
1094
984
813
762
683
654
523
332
274
111
-15
-88
-191
-274
-396
-414
-410
-342
-290
-193
-18
74
127
273
535
629
682
533
606
612
515
431
267
239
159
62
-180
-376
-490
-548
-490
-515
-627
-617
-627
-598
-632
-631
-660
-637
-559
-509
-483
-448
-419
-380
-287
-200
-66
90
150
150
152
86
107
83
53
-34
-95
-172
-247
-271
-337
-381
-410
-408
-382
-344
-278
-193
-37
108
234
350
397
463
562
647
732
756
788
749
644
539
421
353
251
161
42
-43
-105
-188
-282
-334
-337
-343
-239
-189
-169
-176
-175
-24
210
344
342
413
436
506
514
531
573
610
637
598
530
403
288
221
198
135
15
-71
-160
-279
-332
-511
-556
-586
-634
-579
-563
-538
-495
-389
-318
-248
-161
-78
95
143
115
92
37
42
102
121
-13
-129
-241
-293
-305
-390
-455
-483
-510
-525
-554
-568
-520
-409
-296
-172
-120
-53
78
181
256
342
374
428
470
510
517
451
390
337
349
316
236
145
52
31
-7
-12
38
31
32
-33
-29
-19
175
285
418
456
491
584
541
602
518
586
614
704
667
546
373
178
170
146
30
-85
-266
-373
-501
-644
-795
-874
-794
-784
-763
-856
-910
-895
-798
-683
-573
-477
-407
-297
-189
-208
-171
-130
-127
-67
-99
-188
-258
-306
-327
-294
-343
-437
-417
-393
-347
-313
-289
-168
-59
50
134
184
200
276
363
495
633
679
733
764
770
740
697
704
695
676
632
551
465
340
209
176
144
83
-25
-73
-84
-75
-56
-5
181
235
301
270
303
435
496
555
608
695
635
566
454
369
382
329
238
137
5
-154
-323
-412
-480
-499
-536
-604
-615
-692
-746
-759
-719
-646
-569
-472
-454
-424
-433
-473
-436
-370
-298
-248
-228
-243
-290
-278
-287
-287
-231
-226
-216
-181
-204
-245
-306
-358
-351
-267
-208
-174
-156
-135
-84
-85
-16
104
191
255
288
299
337
400
425
474
515
491
462
437
405
366
339
294
264
260
273
288
250
266
294
278
278
289
334
369
414
458
458
390
376
314
315
292
254
235
194
117
7
-43
-166
-235
-238
-301
-382
-464
-545
-594
-667
-691
-679
-645
-627
-637
-666
-634
-574
-560
-523
-489
-439
-377
-343
-324
-274
-182
-88
-7
-16
-51
-57
-37
6
7
-58
-41
21
49
76
99
116
159
239
299
349
367
402
431
483
530
541
560
618
636
646
645
592
576
588
542
453
391
296
290
226
174
140
144
140
89
125
91
129
176
214
267
258
256
228
245
228
194
207
121
119
132
66
4
-95
-153
-211
-282
-369
-459
-522
-631
-668
-707
-786
-814
-833
-848
-859
-867
-857
-851
-830
-819
-787
-703
-619
-563
-495
-417
-388
-321
-245
-169
-128
-83
-60
-37
-8
-77
-44
-21
-32
10
-20
-16
49
91
96
121
182
237
364
455
521
598
581
597
646
691
714
657
633
660
641
613
570
484
429
459
451
453
461
423
431
419
447
443
441
429
420
399
334
301
213
150
93
55
2
-59
-104
-210
-266
-250
-284
-327
-383
-435
-452
-450
-524
-634
-687
-737
-760
-773
-801
-835
-844
-848
-841
-804
-750
-697
-573
-463
-397
-357
-310
-253
-182
-114
-79
-61
-64
-33
-12
-11
-37
12
60
72
130
170
239
308
348
437
519
581
641
693
665
670
675
665
693
655
632
639
638
610
599
565
512
516
523
490
472
490
455
478
484
466
461
404
333
312
308
194
140
60
25
-42
-134
-206
-235
-262
-317
-351
-433
-439
-459
-522
-556
-619
-665
-640
-666
-729
-814
-867
-941
-929
-883
-881
-898
-889
-858
-802
-747
-747
-706
-646
-568
-479
-444
-402
-330
-264
-186
-151
-141
-121
-66
-29
7
71
107
162
200
278
352
416
471
524
563
575
624
645
624
623
606
608
673
693
686
684
667
642
669
633
598
621
587
608
599
592
552
559
581
522
488
439
424
362
290
257
155
41
-5
-60
-139
-208
-296
-381
-423
-480
-511
-482
-509
-552
-601
-661
-695
-678
-676
-713
-706
-730
-778
-800
-814
-824
-851
-815
-770
-718
-661
-630
-575
-504
-451
-381
-304
-245
-185
-137
-90
-32
22
71
124
158
189
238
319
406
467
537
613
670
701
764
809
842
862
881
879
848
820
804
814
785
714
661
635
588
575
547
544
514
470
465
437
425
355
353
351
311
244
170
90
5
-81
-172
-235
-281
-331
-390
-458
-551
-581
-598
-630
-685
-691
-707
-737
-750
-806
-858
-860
-835
-823
-829
-831
-853
-843
-822
-815
-755
-717
-650
-601
-564
-512
-444
-364
-331
-286
-255
-208
-157
-129
-81
-47
8
88
173
210
254
292
344
436
510
549
593
656
697
718
750
750
746
772
790
783
731
660
582
525
478
459
416
400
375
360
368
320
307
312
317
340
352
341
300
284
272
253
235
193
131
89
33
-45
-85
-133
-200
-210
-252
-331
-365
-396
-452
-478
-491
-516
-531
-545
-554
-565
-598
-585
-573
-581
-546
-542
-544
-513
-483
-498
-452
-420
-380
-344
-371
-355
-320
-316
-277
-237
-246
-210
-166
-165
-98
-5
-3
51
109
130
215
250
292
352
383
443
489
504
549
608
613
651
683
611
593
581
531
532
525
479
467
453
441
453
422
406
401
359
342
322
286
274
233
197
161
114
58
36
-22
-105
-142
-205
-227
-244
-305
-345
-362
-404
-431
-457
-532
-555
-562
-575
-567
-591
-616
-626
-651
-640
-634
-617
-594
-542
-516
-494
-446
-443
-381
-320
-314
-299
-264
-251
-230
-188
-177
-146
-134
-130
-60
-13
8
71
101
152
238
276
328
384
419
447
497
527
521
536
583
591
593
622
604
577
580
556
517
508
501
478
488
463
450
435
410
396
345
331
324
294
246
218
199
166
150
109
74
24
-7
-2
-31
-82
-129
-178
-215
-221
-253
-303
-328
-359
-393
-423
-464
-500
-512
-515
-514
-529
-557
-575
-581
-568
-544
-517
-499
-504
-502
-475
-461
-448
-407
-366
-363
-321
-288
-280
-247
-213
-187
-156
-107
-65
-44
-25
0
38
98
135
194
232
240
291
299
327
403
433
476
507
511
516
544
550
551
571
552
527
556
543
504
511
472
430
432
409
378
390
357
293
272
201
127
109
66
23
-5
-28
-61
-89
-122
-148
-158
-193
-246
-292
-300
-344
-406
-440
-497
-519
-509
-510
-494
-492
-495
-502
-522
-505
-473
-472
-450
-438
-459
-445
-406
-397
-367
-319
-337
-292
-254
-256
-191
-122
-103
-47
8
3
45
55
65
130
160
181
221
231
226
293
329
350
414
455
464
511
506
497
492
502
512
536
559
532
504
484
475
447
425
412
385
392
378
331
303
263
240
196
175
178
133
109
87
37
-11
-41
-59
-63
-93
-135
-187
-245
-283
-316
-322
-340
-367
-393
-398
-440
-456
-478
-488
-473
-481
-498
-487
-504
-513
-485
-494
-493
-488
-471
-466
-450
-440
-416
-380
-349
-313
-278
-223
-181
-151
-96
-61
-29
31
56
88
105
123
148
208
238
292
308
309
365
391
420
464
487
495
521
532
527
552
546
522
528
479
460
472
441
423
409
357
336
344
305
293
259
185
164
155
107
85
86
32
-15
-64
-140
-199
-222
-235
-268
-311
-331
-378
-409
-395
-405
-419
-399
-401
-395
-390
-414
-435
-431
-421
-427
-399
-383
-395
-407
-407
-405
-405
-368
-320
-299
-275
-273
-275
-232
-205
-202
-135
-84
-63
-4
29
23
73
121
125
198
242
238
275
319
334
348
384
403
421
457
473
476
471
465
477
469
459
448
425
422
415
401
401
385
362
357
343
299
276
235
182
157
113
56
70
49
19
30
-2
-52
-70
-129
-185
-192
-248
-314
-329
-353
-386
-377
-386
-398
-413
-420
-405
-413
-425
-411
-410
-413
-381
-367
-352
-315
-333
-350
-335
-325
-303
-271
-275
-259
-224
-231
-206
-152
-133
-126
-104
-105
-97
-50
-16
13
46
88
117
145
161
171
218
238
268
296
330
361
353
347
397
411
396
451
474
436
435
417
369
384
367
349
342
303
257
238
226
214
204
196
183
150
136
129
132
126
97
65
39
-10
-52
-85
-151
-180
-177
-225
-260
-257
-310
-327
-301
-349
-330
-323
-328
-313
-328
-320
-310
-309
-308
-289
-315
-322
-296
-313
-312
-277
-284
-272
-231
-208
-200
-155
-143
-134
-114
-105
-95
-75
-56
-37
23
37
48
67
83
137
190
216
258
292
296
325
335
343
390
404
408
417
421
406
407
381
372
359
309
314
313
279
282
266
219
193
183
156
128
124
98
75
48
13
-19
-50
-62
-96
-151
-155
-177
-217
-219
-254
-293
-299
-338
-357
-367
-380
-362
-357
-339
-337
-362
-359
-364
-360
-331
-298
-295
-285
-291
-307
-304
-297
-251
-227
-185
-151
-136
-149
-118
-103
-77
-16
-14
2
17
-1
15
37
50
77
91
92
126
150
156
188
202
213
238
265
280
299
294
291
314
338
340
338
339
342
338
336
332
319
303
285
253
225
202
188
169
146
141
141
124
96
90
74
51
36
-10
-22
-36
-59
-77
-77
-90
-132
-137
-125
-112
-122
-129
-133
-144
-177
-215
-221
-250
-262
-269
-273
-262
-259
-242
-237
-235
-215
-211
-213
-172
-141
-132
-114
-119
-136
-122
-89
-89
-67
-53
-61
-53
-59
-53
-15
-2
10
62
73
95
97
106
141
136
134
169
176
178
216
194
196
229
237
231
263
255
236
232
208
191
190
170
130
131
123
92
91
98
87
94
69
36
42
22
-35
-50
-75
-87
-86
-95
-111
-125
-145
-178
-199
-206
-208
-224
-230
-224
-244
-268
-241
-235
-257
-236
-242
-276
-259
-262
-277
-251
-265
-259
-218
-204
-170
-134
-119
-112
-95
-100
-78
-25
-21
3
16
-4
11
37
60
90
107
101
132
141
160
194
205
211
255
253
252
280
259
254
257
254
257
273
287
295
286
286
257
236
249
238
213
200
179
151
166
165
117
115
92
56
57
48
32
-9
-42
-39
-32
-22
-21
-42
-57
-74
-102
-105
-112
-117
-137
-153
-174
-196
-203
-204
-198
-182
-153
-157
-155
-145
-156
-146
-128
-136
-139
-154
-176
-158
-165
-161
-130
-130
-154
-135
-104
-101
-77
-68
-79
-68
-28
-10
2
18
12
-11
-16
-4
-3
-8
-2
10
4
31
75
92
99
134
151
143
165
174
164
161
165
163
169
163
164
158
132
148
130
117
120
106
103
85
61
41
39
29
42
44
22
10
-13
-49
-59
-73
-81
-81
-97
-101
-105
-127
-140
-152
-168
-144
-145
-158
-160
-171
-178
-202
-214
-201
-176
-173
-178
-168
-167
-159
-133
-94
-89
-89
-92
-110
-104
-85
-81
-73
-64
-39
-21
-25
-6
17
37
59
83
79
106
139
135
129
167
168
172
199
187
202
219
195
205
237
225
240
252
223
227
226
199
209
212
198
200
179
152
146
139
110
108
102
82
89
74
57
51
45
39
20
12
7
-12
-19
-38
-64
-64
-88
-108
-105
-135
-152
-133
-167
-171
-156
-184
-191
-185
-220
-206
-181
-205
-195
-179
-213
-213
-194
-210
-202
-203
-208
-210
-201
-195
-182
-163
-160
-145
-130
-113
-95
-71
-47
-27
-22
-17
-6
25
37
42
51
46
60
74
100
126
144
145
171
194
203
230
234
234
241
231
221
224
211
204
190
165
180
185
163
152
161
140
128
117
107
89
64
40
11
-12
-25
-34
-40
-42
-63
-92
-112
-144
-168
-182
-208
-205
-207
-230
-223
-205
-197
-197
-193
-184
-197
-196
-175
-177
-165
-147
-159
-131
-107
-102
-81
-69
-84
-57
-50
-65
-39
-36
-25
0
12
39
77
83
101
130
113
125
147
134
148
159
142
154
182
179
195
211
198
210
222
236
242
267
250
220
219
213
204
205
178
161
167
134
139
129
102
84
78
59
38
34
3
-8
2
-26
-43
-54
-95
-123
-130
-168
-208
-215
-214
-215
-202
-210
-222
-226
-235
-234
-227
-223
-217
-213
-229
-245
-234
-221
-236
-204
-182
-185
-176
-148
-175
-169
-128
-126
-132
-105
-90
-84
-64
-71
-36
-13
-6
16
47
40
47
62
60
75
102
109
116
140
132
149
174
173
176
179
178
195
205
208
223
215
205
214
220
219
218
201
199
167
141
134
114
96
94
67
63
53
27
29
19
-12
-17
-44
-71
-64
-91
-99
-95
-123
-135
-132
-165
-189
-178
-185
-184
-166
-167
-167
-154
-158
-160
-144
-128
-132
-126
-114
-115
-116
-94
-87
-71
-32
-22
-24
-2
-2
5
22
27
28
38
45
54
93
94
106
115
119
146
169
180
192
185
163
162
160
155
179
183
164
166
147
127
155
144
123
144
132
89
93
87
58
68
44
21
44
18
-4
-4
-18
-10
-19
-31
-45
-48
-45
-54
-68
-64
-68
-82
-74
-65
-83
-123
-145
-166
-185
-183
-176
-164
-172
-160
-164
-169
-167
-184
-190
-169
-168
-173
-170
-160
-184
-180
-170
-178
-148
-132
-142
-116
-129
-147
-128
-100
-81
-71
-56
-56
-39
-5
-4
7
28
19
17
26
35
34
65
67
74
102
110
108
130
151
153
154
171
166
177
188
198
203
203
206
185
191
191
188
192
187
178
178
173
152
148
130
89
75
83
81
76
74
55
30
19
10
7
1
-17
-46
-57
-46
-51
-58
-55
-52
-57
-74
-66
-57
-94
-97
-87
-113
-96
-76
-82
-80
-95
-136
-117
-128
-126
-88
-98
-88
-81
-91
-69
-44
-47
-47
-45
-55
-45
-28
-33
-19
-42
-52
-39
-39
-20
-9
-2
0
5
22
35
45
58
57
58
64
64
75
82
86
103
108
96
104
119
105
114
132
129
135
132
144
156
126
103
88
51
42
64
35
27
42
17
16
9
-20
-51
-75
-87
-96
-91
-89
-112
-124
-130
-126
-122
-134
-139
-145
-170
-170
-174
-179
-163
-144
-147
-143
-132
-130
-129
-124
-129
-138
-144
-149
-129
-83
-62
-51
-26
-15
-15
10
27
29
34
52
48
59
81
90
111
106
109
115
130
128
135
147
142
117
146
141
130
145
131
99
115
102
86
114
101
109
132
121
102
93
63
57
67
59
68
60
45
46
36
14
-13
-24
-29
-57
-57
-60
-89
-81
-98
-116
-103
-96
-110
-121
-117
-102
-100
-97
-86
-108
-116
-112
-124
-123
-106
-103
-124
-122
-112
-122
-115
-94
-78
-72
-58
-58
-41
-26
-20
-7
3
4
16
27
42
56
55
45
60
63
68
85
84
89
79
85
89
92
106
128
122
115
127
122
125
129
115
107
127
128
139
164
149
132
123
90
96
103
88
78
75
71
44
35
26
7
6
1
-22
-20
-10
-10
-18
-16
-10
-32
-28
-36
-62
-84
-104
-116
-115
-124
-135
-154
-158
-163
-165
-163
-156
-148
-150
-133
-148
-151
-158
-160
-153
-147
-143
-148
-142
-129
-110
-105
-101
-72
-64
-56
-38
-27
-31
-20
-19
-12
2
-4
0
14
23
28
42
58
62
86
81
76
80
77
83
99
115
120
134
135
132
138
152
159
151
136
121
126
130
113
122
121
90
90
104
88
79
99
57
30
38
30
18
22
-4
-27
-37
-62
-66
-54
-61
-75
-51
-63
-65
-54
-68
-84
-84
-96
-106
-79
-79
-72
-60
-79
-82
-82
-95
-82
-73
-88
-79
-62
-67
-40
-19
-10
4
-3
3
16
15
30
49
44
43
55
48
41
40
44
50
39
48
59
75
79
84
86
87
92
95
96
97
76
69
71
70
68
99
91
50
54
60
30
20
18
3
-14
-14
-7
-27
-26
-36
-35
-72
-66
-73
-98
-89
-88
-104
-104
-86
-108
-97
-95
-101
-100
-93
-103
-99
-103
-104
-116
-131
-135
-123
-112
-102
-77
-82
-73
-72
-81
-77
-38
-22
-36
-25
-20
-33
-13
-4
4
25
34
27
46
57
62
78
77
90
103
108
111
106
110
121
121
132
149
143
135
138
135
137
138
144
135
119
115
104
94
98
92
77
75
53
41
47
30
20
30
19
-3
0
-19
-34
-25
-43
-45
-66
-85
-72
-65
-51
-47
-62
-58
-57
-89
-100
-93
-107
-118
-113
-98
-87
-82
-73
-72
-68
-58
-71
-70
-71
-87
-83
-71
-72
-69
-64
-63
-67
-59
-57
-41
-30
-30
-9
1
4
24
29
21
35
24
31
49
40
60
69
55
65
83
71
81
86
95
85
75
91
96
91
102
111
93
97
81
70
83
69
60
42
25
16
12
12
10
7
4
-9
-8
-14
-33
-47
-38
-61
-87
-68
-64
-91
-98
-94
-110
-114
-94
-101
-104
-98
-118
-120
-117
-111
-99
-104
-94
-100
-109
-92
-82
-83
-68
-62
-68
-53
-71
-62
-36
-40
-27
-2
-7
-10
19
25
27
55
50
38
61
59
62
84
80
82
96
106
109
126
115
101
115
116
126
130
136
128
123
133
129
105
124
129
102
123
126
95
104
101
71
72
68
34
54
45
26
46
42
21
30
17
-7
7
-13
-25
-4
-21
-25
-22
-24
-39
-39
-54
-70
-71
-89
-80
-88
-93
-89
-92
-98
-87
-88
-104
-107
-102
-104
-110
-113
-124
-146
-136
-129
-140
-113
-93
-100
-89
-72
-73
-55
-48
-51
-30
-29
-43
-38
-32
-44
-39
-24
-16
2
11
14
27
40
48
60
82
79
66
63
60
58
66
82
80
75
72
64
61
60
63
64
68
45
27
25
8
3
22
25
6
20
25
6
0
-7
-18
-16
-17
-18
-3
-10
-11
-10
-27
-23
-17
-27
-31
-43
-36
-31
-40
-29
-15
-36
-25
-6
-27
-15
-6
-41
-36
-20
-37
-20
8
2
14
10
-4
1
2
11
20
33
43
46
25
44
70
59
70
70
42
46
53
41
40
54
45
50
61
73
94
73
73
84
62
40
41
35
28
31
35
31
34
38
26
29
29
11
0
9
16
14
13
5
-10
-10
-22
-20
-23
-23
-19
-25
-22
-20
-22
-34
-45
-51
-70
-87
-83
-77
-91
-93
-85
-100
-100
-86
-104
-106
-94
-111
-122
-97
-92
-91
-68
-74
-75
-52
-52
-56
-27
-52
-48
-13
-15
-3
21
7
13
42
28
34
56
44
52
55
54
57
66
76
67
73
73
75
69
71
64
62
51
48
48
48
46
43
39
24
25
18
19
36
25
9
14
16
10
14
13
7
8
-9
-12
-22
-23
-29
-36
-33
-34
-28
-16
-24
-24
-8
-17
-21
-5
-10
-30
-25
-29
-33
-19
-31
-30
-22
-36
-48
-31
-9
-3
0
2
-7
-11
-4
-11
-9
2
-12
-19
-14
-18
-12
7
12
5
16
5
-6
1
8
17
30
23
16
22
20
26
31
27
23
14
9
19
12
20
37
25
32
37
24
21
27
11
15
22
14
23
34
19
6
1
6
7
15
18
6
5
-2
-11
-3
8
1
10
25
13
8
1
-22
-24
-18
-29
-31
-21
-24
-23
-17
-13
-10
-5
2
-12
-18
-21
-26
-23
-18
-9
-15
-6
-2
-8
-10
2
-4
-2
-2
-6
3
0
-4
9
3
-2
0
-4
-4
-3
-5
-14
-10
-17
-19
-10
-3
-14
-6
-12
-26
-16
-16
-12
-10
-8
-7
-9
-12
-7
-8
-2
4
2
2
7
5
8
13
14
16
13
12
13
3
0
13
2
4
23
7
3
2
-11
-9
-4
-7
4
4
-12
-12
-16
-16
-7
-3
-5
4
-8
-22
-14
-15
-11
-5
0
9
3
-17
-12
-20
-29
-19
-14
-10
8
-1
-7
-8
-11
-5
-2
-1
1
-5
-8
-6
-3
18
33
22
27
35
18
12
27
26
38
40
33
54
53
42
49
49
39
41
36
34
53
53
46
51
38
31
37
24
22
33
27
25
35
29
26
21
9
8
2
4
13
4
-4
-5
-16
-27
-16
-24
-25
-22
-32
-33
-34
-35
-32
-35
-45
-53
-55
-55
-55
-54
-62
-79
-86
-81
-71
-65
-64
-54
-50
-51
-39
-40
-48
-48
-45
-44
-39
-41
-34
-37
-40
-26
-31
-29
-10
-16
-4
13
12
15
23
18
18
27
19
18
20
13
18
26
24
25
31
45
54
64
67
50
46
43
31
38
33
30
34
41
39
45
44
36
31
21
13
20
30
20
27
21
9
3
5
0
-1
6
0
-11
-10
-13
-18
-8
-4
-9
-16
-13
-8
-2
-4
6
-1
-17
-20
-13
-15
-27
-22
-24
-28
-14
-9
-7
-1
0
-4
6
-1
-4
8
6
11
13
12
7
8
4
4
2
2
3
3
7
16
12
13
17
4
10
4
3
17
22
13
15
9
1
8
3
4
11
2
-6
-1
-5
-4
-1
-4
-5
2
1
-3
-2
-7
-18
-22
-14
-17
-24
-23
-30
-31
-26
-37
-31
-25
-24
-12
-14
-18
-17
-13
-16
-19
-11
-7
-19
-20
-22
-28
-23
-21
-16
-15
-8
-8
-6
-7
-9
-3
-2
-8
-1
2
5
13
10
8
6
-3
0
11
11
17
19
15
11
14
24
23
26
35
37
32
27
27
27
24
23
24
23
34
35
32
37
30
21
28
21
21
25
19
7
8
5
6
12
3
0
-6
-11
-10
-2
1
3
0
-5
-4
-8
-9
