SAMPLES:	11698
BITSPERSAMPLE:	16
CHANNELS:	1
SAMPLERATE:	16000
NORMALIZED:	FALSE
1
0
-2
-4
-3
0
-1
1
0
0
-1
-3
-1
2
2
1
2
2
1
0
2
4
3
2
3
3
4
5
5
5
6
4
3
3
4
1
2
1
2
2
1
1
1
1
1
1
1
-1
-1
0
0
-1
-2
-3
-4
-7
-4
-2
-1
-1
0
0
-2
0
0
0
1
0
1
-1
-2
-5
-4
-4
-3
-3
-1
1
2
1
-1
-2
-2
0
-2
0
2
1
-1
-1
2
0
0
0
4
5
4
4
7
8
5
4
5
5
4
2
3
4
4
2
4
4
3
3
2
2
2
3
3
3
4
2
3
1
1
-1
0
-2
-2
-3
-3
-2
-2
-2
-2
-3
-3
-5
-5
-6
-6
-5
-4
-4
-4
-4
-7
-9
-10
-6
-5
-4
-4
-3
-3
-4
-6
-5
-5
-6
-4
-3
-3
-2
-1
0
0
0
2
1
1
1
1
1
-3
-3
-3
-4
-2
-2
2
3
3
2
0
0
-3
-5
-2
1
1
0
1
2
-1
-1
0
2
2
0
1
2
3
2
0
2
3
3
3
5
5
3
1
3
5
6
4
4
4
4
3
3
3
4
5
4
4
3
4
4
4
5
5
6
4
4
3
3
3
0
1
0
0
0
2
2
1
-1
0
-2
-1
-1
0
2
1
0
-1
-3
-5
-5
-4
-3
-4
-6
-5
-4
-3
-2
0
2
1
-2
-3
-3
-2
-3
0
1
1
-2
-3
-3
-2
-2
-1
2
3
4
3
4
3
0
-1
0
0
0
1
3
1
0
0
-1
0
0
2
4
4
1
-1
-2
-1
1
2
2
0
-4
-8
-8
-6
-5
-3
0
1
-1
-4
-5
-6
-4
-3
-1
0
0
-3
-6
-7
-6
-4
-2
0
-1
-1
-2
-2
-1
-1
1
1
3
1
0
0
-1
0
0
-1
0
0
0
1
2
2
3
3
2
1
-1
1
1
-1
0
1
1
1
1
2
2
1
0
-2
-3
-3
-2
1
4
5
4
3
3
1
-1
-1
1
2
3
4
4
2
1
2
2
3
5
6
7
7
3
3
3
4
5
6
6
5
2
1
1
1
2
3
4
3
2
0
0
1
2
4
4
5
4
2
1
2
2
2
0
-1
-1
-2
-2
0
2
2
2
1
-1
-3
-5
-6
-4
-2
-1
-1
0
0
-2
-3
-1
-2
-3
-4
-4
-4
-6
-7
-7
-7
-6
-4
-2
0
0
-2
-3
-7
-7
-6
-5
-4
-4
-4
-6
-6
-5
-4
-3
-3
-4
-4
-5
-8
-8
-8
-6
-5
-4
-2
0
-1
-1
-1
-2
-3
-2
2
2
4
3
1
-2
1
3
4
5
4
2
0
0
0
1
1
2
3
3
4
4
4
4
4
4
3
2
3
4
4
3
3
3
5
4
3
3
2
1
-1
2
3
4
5
5
6
3
0
1
0
1
0
1
1
-1
-1
0
1
1
1
1
2
3
4
4
3
0
-2
-1
0
1
1
2
2
2
1
0
3
3
2
3
4
4
0
-3
-2
-1
-1
0
0
-1
-3
-3
-3
0
1
3
2
2
2
0
0
1
2
2
1
-2
-4
-4
-3
-2
-2
-1
-2
-2
-2
-2
-3
-2
-2
-2
-1
0
-1
-2
-3
-4
-4
-3
-2
0
0
-3
-2
-2
-2
-2
-1
0
0
-3
-2
-1
-1
-3
-3
1
-1
-1
0
0
0
-1
-2
-1
1
0
0
1
1
-1
-3
-2
0
-1
-1
0
0
2
1
1
0
-3
-5
-5
-4
-3
-1
0
0
-1
-1
-2
-1
-1
0
0
0
1
2
3
3
2
0
-2
-1
-1
0
0
0
1
0
4
4
3
2
3
4
4
4
4
2
2
2
2
3
3
3
4
5
6
5
5
3
4
3
2
2
5
5
3
2
-1
-2
-4
-4
-1
2
2
1
0
1
-1
0
1
0
0
-4
-5
-5
-5
-4
-1
1
2
1
-1
-1
0
-1
-1
-1
0
0
0
2
2
1
1
0
0
1
1
3
2
2
0
0
1
2
5
5
5
3
2
-1
-2
-4
0
3
1
0
-2
-3
-3
-5
-4
0
-2
-5
-2
-1
-2
-5
-4
-4
-3
-4
-2
-2
-4
-4
-3
0
0
-1
-2
-3
-4
-6
-5
-2
-1
-2
-2
-2
-2
-4
-3
-1
1
-1
-2
0
-1
-3
-1
2
1
1
0
2
3
2
2
4
5
4
3
6
4
4
4
4
6
5
4
3
3
1
2
1
2
3
2
2
1
0
-1
0
0
2
1
2
1
0
-3
-5
-5
-5
-5
-4
-3
-2
-3
-5
-5
-6
-7
-6
-6
-3
-3
-5
-5
-4
-4
-3
-1
-2
0
-3
-2
-1
1
1
3
5
3
5
6
7
6
4
3
3
1
3
5
6
7
7
7
5
6
4
7
8
7
5
6
6
6
7
8
8
5
2
-1
-1
-2
-2
-1
1
1
0
-1
-4
-3
0
-1
-2
0
-1
-3
-6
-6
-6
-6
-6
-7
-5
-6
-8
-7
-7
-6
-5
-4
-4
-5
-7
-4
-3
-3
-1
-2
-1
-4
-8
-8
-8
-9
-8
-5
-2
-2
-3
-3
-1
-1
-3
-3
-2
0
-2
-3
-1
-2
-4
-4
-1
0
-1
-1
1
2
1
3
4
4
3
1
4
4
4
3
4
5
4
6
8
8
8
6
8
8
9
9
10
8
7
6
6
6
6
7
7
8
5
5
4
4
2
4
4
5
4
2
1
-1
-1
-1
0
1
2
0
1
2
0
-2
-1
-3
-3
-3
-2
-3
-2
-1
-2
-2
-4
-5
-3
-2
-3
-1
0
0
-1
-1
-2
-3
-4
-3
1
2
-1
-2
-1
0
-1
-2
-1
1
-1
-1
1
1
-3
-4
-4
-3
-5
-5
-3
-1
-1
0
0
1
-3
-3
-2
-2
-4
-7
-4
-4
-5
-7
-4
-2
-2
-5
-4
-7
-7
-9
-8
-4
-3
-5
-5
-3
-4
-6
-4
-2
-1
-1
-2
-1
-1
-2
-2
0
1
2
0
3
3
4
3
4
6
3
1
1
2
-1
2
4
4
6
3
1
2
2
5
5
7
4
2
3
5
5
4
5
9
10
8
9
9
6
2
4
3
3
1
1
1
-1
-2
-2
2
2
0
-1
-3
-4
-5
-3
-2
-1
-3
-5
-6
-7
-9
-8
-5
-3
-4
-4
-7
-6
-6
-7
-8
-2
-2
-1
1
-2
-3
-4
-2
-1
4
5
6
7
4
6
4
4
8
10
9
10
13
14
15
13
13
11
11
10
11
11
10
6
8
9
8
11
10
7
5
6
8
7
3
3
3
-1
-5
-8
-9
-9
-10
-9
-6
-6
-8
-11
-11
-12
-15
-14
-12
-13
-17
-20
-21
-19
-22
-19
-16
-16
-17
-21
-21
-19
-17
-18
-14
-11
-14
-14
-14
-10
-10
-10
-11
-14
-12
-12
-4
-2
2
2
3
3
7
5
7
10
7
12
12
14
16
15
18
22
19
21
23
22
27
25
22
24
23
24
24
22
22
21
17
20
17
15
19
17
13
10
11
11
8
2
4
1
2
3
0
0
-8
-11
-14
-9
-8
-9
-10
-9
-17
-24
-20
-21
-21
-24
-22
-15
-14
-18
-14
-16
-17
-15
-16
-16
-13
-18
-19
-12
-16
-12
-8
-6
-3
-8
-7
-2
-1
-10
-6
0
-6
-1
-1
-8
5
-1
-2
4
8
4
8
15
10
18
15
18
23
21
18
19
22
20
26
24
24
32
27
26
32
32
24
27
23
26
25
21
22
19
19
15
10
8
8
4
3
2
-1
-1
-4
-2
-3
-16
-16
-19
-33
-29
-24
-39
-26
-44
-39
-44
-46
-48
-47
-43
-60
-31
-62
-34
-49
-50
-41
-47
-50
-39
-41
-34
-30
-33
-24
-22
-22
-15
-11
-12
5
-7
9
2
12
18
21
29
26
20
32
32
27
41
45
42
62
44
59
55
50
56
56
50
60
60
53
61
59
58
59
48
48
52
39
43
40
36
25
21
17
25
13
9
3
-2
-13
-23
-24
-24
-25
-36
-41
-42
-53
-66
-54
-64
-58
-55
-72
-52
-71
-72
-66
-77
-76
-79
-74
-70
-55
-64
-58
-38
-66
-37
-45
-34
-16
-35
-13
-17
-7
-7
8
8
17
20
25
34
35
40
44
53
50
59
66
62
70
71
73
83
75
81
76
80
81
80
74
72
79
78
75
76
68
59
50
46
42
39
35
26
26
13
1
-7
-16
-24
-25
-19
-26
-37
-45
-65
-70
-80
-88
-81
-91
-90
-95
-82
-95
-86
-95
-98
-80
-112
-95
-94
-100
-97
-109
-97
-91
-74
-98
-42
-79
-57
-57
-65
-32
-47
-17
-21
-10
-13
-4
-2
2
20
19
55
56
39
84
59
89
79
81
107
101
92
94
102
101
110
112
114
128
130
99
123
114
96
115
107
122
118
111
112
101
87
74
69
69
64
45
49
28
19
11
-3
-8
-1
-32
-28
-43
-65
-54
-92
-80
-102
-101
-118
-86
-124
-123
-106
-145
-120
-134
-141
-114
-116
-128
-120
-115
-145
-118
-140
-138
-92
-119
-106
-75
-93
-83
-65
-87
-45
-47
-52
-11
-7
-28
-5
-8
7
37
9
55
51
36
61
50
66
89
93
90
123
79
111
104
100
131
109
129
114
121
112
123
110
136
112
129
123
93
134
96
107
107
91
85
78
57
46
51
34
34
11
11
0
-17
-8
-35
-28
-40
-60
-51
-67
-93
-76
-109
-101
-104
-115
-120
-135
-133
-155
-119
-153
-128
-141
-148
-132
-166
-123
-153
-130
-129
-138
-97
-113
-112
-87
-104
-90
-35
-98
-21
-39
-52
-2
-15
-24
45
16
29
94
23
104
80
78
133
96
131
161
111
158
156
142
208
160
176
203
163
175
190
180
207
177
163
173
157
145
155
149
149
130
115
104
96
68
74
65
41
20
-19
-18
-49
-45
-70
-85
-93
-101
-122
-134
-150
-158
-168
-191
-201
-201
-194
-221
-190
-239
-209
-248
-221
-226
-230
-194
-245
-180
-251
-198
-208
-215
-164
-144
-173
-121
-119
-120
-63
-121
-57
-9
-62
22
-12
10
21
27
58
99
44
122
122
106
189
114
177
215
153
207
239
154
276
180
218
255
189
249
228
232
227
239
233
246
242
237
239
180
198
137
165
167
115
138
108
87
78
54
14
33
-25
-53
-52
-75
-94
-89
-132
-136
-157
-180
-189
-201
-194
-224
-202
-224
-221
-253
-226
-264
-255
-239
-268
-209
-266
-233
-245
-224
-236
-212
-185
-192
-142
-157
-176
-114
-105
-126
-51
-67
-43
-14
-49
9
-8
18
41
86
44
113
79
126
148
121
206
185
225
242
208
235
242
223
242
276
272
295
268
276
269
245
217
224
228
233
258
227
253
186
185
153
142
96
110
91
91
56
34
30
5
-29
-32
-28
-94
-84
-123
-176
-172
-190
-238
-200
-268
-233
-223
-279
-259
-315
-261
-352
-312
-333
-303
-304
-352
-285
-357
-311
-346
-312
-264
-290
-277
-246
-235
-232
-182
-230
-119
-126
-164
-66
-106
-5
-20
-1
48
48
46
107
86
175
123
202
199
272
232
303
273
342
296
297
400
311
358
326
373
319
393
349
395
426
359
342
318
284
280
278
261
252
246
173
206
171
161
112
101
35
65
2
14
-27
-61
-81
-97
-111
-142
-89
-158
-154
-201
-209
-226
-285
-261
-316
-307
-316
-356
-331
-303
-346
-297
-259
-368
-216
-327
-349
-276
-383
-349
-236
-319
-248
-219
-307
-160
-191
-254
-60
-131
-65
-51
-93
-2
7
-50
14
45
87
122
83
166
192
193
209
245
263
248
315
283
300
280
291
318
330
311
319
362
277
336
311
329
353
298
252
293
235
222
229
175
221
136
108
118
99
38
43
11
16
-6
-79
-62
-64
-149
-134
-155
-160
-178
-252
-223
-228
-308
-260
-303
-283
-283
-372
-348
-321
-358
-317
-305
-308
-290
-295
-328
-343
-302
-378
-291
-256
-284
-229
-239
-237
-169
-164
-120
-103
-91
-9
-30
-24
-18
22
1
31
121
50
93
122
138
148
173
221
236
326
187
325
257
260
299
248
345
340
325
347
373
345
381
311
350
343
292
335
345
310
283
271
232
294
191
216
208
181
155
117
35
66
81
-46
53
-65
-39
-70
-146
-113
-170
-155
-209
-153
-261
-219
-239
-282
-230
-319
-259
-285
-332
-318
-292
-319
-351
-364
-290
-362
-306
-359
-315
-323
-327
-293
-367
-230
-348
-166
-253
-157
-204
-169
-107
-141
-56
-158
-3
-69
-27
35
29
69
132
128
69
209
151
212
239
153
309
252
299
291
331
326
317
346
347
426
322
410
317
382
346
338
246
342
240
299
271
221
311
149
240
111
171
147
146
89
15
80
-99
-19
-84
-52
-117
-104
-219
-132
-188
-232
-193
-299
-212
-312
-229
-346
-287
-378
-393
-350
-464
-356
-394
-326
-349
-349
-352
-326
-380
-265
-327
-288
-268
-361
-189
-371
-181
-146
-125
-140
-68
-137
-61
-12
-34
50
58
19
133
177
131
313
207
273
299
283
293
414
298
310
368
360
488
419
397
484
389
452
387
437
445
430
381
466
336
417
386
333
398
256
301
265
250
165
129
127
82
8
54
15
48
-55
-103
-58
-145
-181
-168
-188
-186
-258
-281
-334
-293
-387
-406
-276
-463
-350
-366
-455
-375
-507
-502
-420
-457
-505
-416
-463
-459
-424
-461
-427
-398
-412
-357
-385
-321
-335
-360
-248
-349
-210
-222
-149
-160
-139
-14
-107
37
-67
62
88
106
103
177
216
239
226
223
325
301
349
421
395
422
408
427
429
453
398
424
434
431
392
409
377
455
512
335
517
327
301
257
296
245
289
273
254
234
108
229
87
179
93
131
112
0
-45
-32
-150
-75
-124
-162
-109
-250
-175
-238
-130
-242
-238
-207
-334
-299
-384
-293
-391
-376
-399
-426
-227
-428
-364
-251
-372
-320
-401
-316
-319
-259
-391
-274
-224
-389
-179
-295
-106
-113
-256
-90
-110
-58
-109
53
79
65
93
76
180
185
157
244
339
175
310
354
342
393
373
303
323
426
311
412
489
347
472
381
437
410
317
381
363
367
311
280
219
202
242
164
228
89
48
35
-47
-23
-191
-28
-85
-191
-61
-268
-129
-240
-303
-250
-308
-214
-440
-381
-402
-430
-448
-371
-454
-407
-432
-546
-517
-490
-527
-449
-374
-489
-332
-485
-489
-321
-503
-371
-312
-240
-209
-282
-233
-157
-202
-220
46
-40
20
168
97
116
144
139
224
432
235
308
539
316
310
418
456
530
600
472
582
646
382
543
631
537
548
534
559
593
403
448
535
500
379
501
430
385
321
205
229
241
91
232
161
78
68
-197
-39
-104
-160
-159
-173
-105
-217
-304
-304
-422
-488
-402
-354
-312
-434
-389
-543
-502
-597
-537
-443
-426
-440
-508
-420
-528
-639
-371
-686
-485
-215
-674
-335
-249
-521
-422
-272
-472
-208
-8
-401
-14
-194
-466
108
-179
17
75
122
103
232
116
114
297
267
526
373
299
435
365
309
401
439
477
662
546
578
505
376
511
640
572
661
677
467
573
355
346
491
582
329
545
313
248
306
44
367
111
245
189
-59
-41
-198
-134
-121
-155
-256
-71
-332
-293
-223
-462
-523
-335
-504
-438
-478
-433
-572
-703
-424
-829
-440
-548
-676
-523
-716
-698
-569
-628
-631
-378
-618
-493
-592
-520
-462
-545
-222
-202
-378
-279
-113
-332
114
-103
-44
193
-32
242
8
313
271
291
475
400
481
511
416
503
841
506
645
937
408
633
832
411
909
825
562
899
722
531
757
755
486
745
486
351
591
249
317
458
400
310
286
113
128
-126
45
8
-196
38
-258
-205
-295
-341
-504
-391
-558
-443
-422
-605
-421
-612
-685
-618
-751
-616
-595
-622
-733
-474
-896
-677
-676
-828
-577
-707
-637
-735
-510
-828
-467
-553
-345
-265
-248
-313
-355
-152
-412
44
153
342
-175
422
11
118
309
228
631
479
559
301
488
348
472
545
665
777
733
714
482
733
612
592
868
770
638
692
537
603
673
298
752
613
400
686
298
271
417
80
137
375
-27
135
201
-336
23
-134
-511
126
-213
-400
-202
-509
-635
-587
-653
-725
-474
-735
-677
-592
-960
-640
-602
-794
-568
-660
-814
-520
-857
-767
-642
-734
-528
-572
-494
-702
-231
-577
-594
-278
-698
-316
-236
-179
-25
42
-77
107
126
32
447
468
124
765
359
273
549
546
737
784
751
726
855
449
755
762
850
857
707
1076
584
906
900
657
868
789
788
753
875
476
678
610
361
527
306
386
161
316
81
128
225
-28
48
119
-167
-319
-352
-552
-335
-540
-681
-523
-630
-869
-662
-842
-805
-571
-1120
-620
-936
-1084
-873
-869
-972
-692
-977
-917
-818
-1201
-637
-851
-916
-493
-712
-735
-435
-654
-537
-232
-603
-61
-186
-362
-22
-139
51
-92
309
282
-42
557
382
333
674
675
504
945
754
511
1041
680
927
1058
737
1089
967
873
1105
1026
1148
1067
927
1054
765
882
814
778
900
661
574
593
400
262
469
186
309
233
-170
99
-311
-551
-238
-624
-589
-375
-861
-664
-757
-1171
-731
-1045
-1181
-730
-1083
-1013
-699
-1296
-1175
-871
-1268
-934
-898
-1025
-701
-848
-718
-796
-727
-701
-552
-419
-320
-589
-476
69
-550
-42
55
-281
272
-50
342
284
307
549
620
754
618
881
855
1069
1013
1053
989
1010
1270
1180
1143
1556
1204
967
1251
1052
1077
1061
1087
1043
1128
825
639
955
676
572
622
444
97
183
-79
-178
-49
-441
-499
-442
-886
-736
-592
-862
-573
-877
-1021
-1081
-1209
-1366
-872
-998
-1008
-845
-1332
-1110
-1146
-1422
-1123
-1093
-1406
-897
-1167
-1376
-868
-828
-838
-432
-646
-687
-299
-674
-674
-310
-298
-183
18
26
70
350
170
209
472
446
625
999
957
1071
1215
1196
1143
1191
1181
1373
1453
1374
1534
1324
1422
1377
1183
1339
1220
1123
1262
1039
909
703
514
480
377
310
203
-59
-200
-339
-477
-418
-467
-619
-505
-576
-856
-911
-1002
-1011
-790
-759
-805
-717
-821
-1142
-1021
-982
-1027
-773
-845
-1171
-1137
-930
-947
-875
-545
-582
-715
-663
-693
-876
-655
-383
-364
-72
-463
-339
-230
-257
42
333
445
355
675
750
585
725
968
1137
1115
1290
1284
1164
1211
1121
1315
1470
1422
1492
1562
1093
1157
1213
866
982
953
557
400
187
18
36
-48
-138
-276
-342
-607
-768
-821
-909
-804
-818
-996
-939
-969
-1168
-962
-833
-827
-784
-801
-938
-784
-837
-880
-801
-918
-844
-673
-799
-732
-467
-805
-808
-549
-736
-503
-326
-411
-214
-469
-450
139
-46
-81
142
141
467
597
898
1145
964
952
1050
1001
1080
1383
1565
1819
1644
1321
1367
1302
1434
1699
1701
1473
1115
749
533
340
368
366
276
106
-302
-700
-892
-1030
-951
-756
-890
-1109
-1281
-1593
-1561
-1255
-1309
-1205
-1117
-1234
-1245
-1217
-1228
-1099
-869
-729
-777
-853
-975
-1022
-842
-553
-313
-264
-176
-282
-550
-605
-434
-269
-93
97
247
180
71
143
277
338
665
1332
1388
1447
1388
1172
1222
1276
1627
1895
1961
2054
1979
1760
1431
1658
2039
2103
2080
1844
1309
793
699
677
507
488
152
-234
-633
-1131
-1181
-1100
-1180
-1131
-1188
-1586
-1810
-1930
-1874
-1781
-1562
-1523
-1730
-1669
-1677
-1604
-1508
-1258
-1209
-1199
-1126
-1139
-1093
-1063
-993
-731
-759
-699
-540
-634
-743
-558
-446
-362
-117
-140
24
32
-25
34
329
241
844
1482
1424
1505
1572
1579
1753
1833
1825
2384
2331
2157
2325
2023
1823
2142
2417
2409
2125
1745
1482
1224
951
849
631
251
-89
-276
-563
-857
-1057
-1081
-1146
-1352
-1510
-1994
-2064
-1910
-1874
-1855
-1840
-1840
-1786
-1807
-1721
-1489
-1405
-1440
-1265
-1285
-1419
-1485
-1400
-1110
-960
-926
-826
-836
-694
-754
-717
-574
-603
-474
-358
-111
-139
-264
-124
-46
277
1054
1338
1570
1396
1393
1493
1828
1919
2264
2685
2514
2410
2122
2008
2266
2641
2782
2637
2229
1785
1447
1431
1375
1153
753
361
72
-304
-658
-797
-1015
-1077
-1266
-1447
-1699
-1913
-1967
-1785
-1737
-1846
-1878
-1892
-1844
-1578
-1386
-1484
-1422
-1534
-1371
-1195
-1246
-1286
-1228
-1136
-989
-967
-769
-835
-745
-660
-744
-574
-742
-649
-450
-287
-313
-232
-256
182
1102
1453
1528
1537
1430
1709
1877
2162
2556
2710
2612
2475
2360
2103
2354
2661
2954
2677
2195
1697
1330
1317
1211
1007
654
-10
-367
-657
-1001
-1164
-1377
-1454
-1613
-1881
-2220
-2450
-2290
-2109
-1867
-1918
-2219
-2255
-2139
-1857
-1645
-1533
-1566
-1568
-1496
-1388
-1361
-1127
-1053
-916
-846
-960
-837
-907
-835
-712
-658
-609
-485
-394
-327
-99
-95
-215
20
828
1260
1581
1511
1554
1638
1720
2075
2498
2898
2775
2816
2731
2550
2626
2912
3285
3114
2556
2088
1686
1676
1594
1357
1071
404
-158
-405
-773
-811
-904
-1057
-1453
-1781
-2232
-2465
-2300
-2138
-1995
-2106
-2293
-2370
-2266
-2000
-1628
-1602
-1624
-1807
-1845
-1644
-1359
-1178
-1092
-1171
-1292
-1280
-1031
-860
-827
-803
-752
-829
-840
-654
-372
-251
-224
-383
-119
615
1035
1418
1427
1608
1722
1918
2119
2524
2953
2965
2870
2842
2608
2782
3111
3396
3172
2693
2389
1917
1871
1769
1398
1012
482
89
-123
-616
-764
-996
-1183
-1547
-1849
-2076
-2313
-2095
-1885
-1960
-2162
-2402
-2355
-2062
-1827
-1694
-1735
-1820
-1989
-1887
-1763
-1581
-1357
-1398
-1387
-1451
-1507
-1195
-1025
-948
-977
-1155
-1223
-1113
-811
-538
-640
-707
-863
-84
692
1076
1191
1022
1097
1243
1616
2063
2635
2767
2804
2674
2440
2352
2884
3405
3440
2976
2503
2179
2083
2332
2190
1685
866
180
72
12
-138
-252
-580
-918
-1315
-1559
-1775
-1737
-1641
-1708
-1801
-2063
-2248
-1966
-1665
-1322
-1287
-1644
-1712
-1625
-1354
-1128
-1091
-1181
-1419
-1464
-1414
-1194
-856
-773
-890
-1038
-1128
-1121
-970
-671
-565
-569
-797
-898
199
864
1039
917
913
961
1230
1547
1952
2459
2352
2212
2317
2240
2358
2839
3111
2965
2461
2081
1721
1863
1954
1598
1056
422
-94
-151
-190
-379
-481
-736
-1336
-1553
-1686
-1839
-1783
-1768
-1933
-1995
-2038
-2087
-1713
-1393
-1214
-1249
-1553
-1650
-1360
-1065
-877
-883
-1005
-1209
-1122
-962
-594
-428
-569
-787
-754
-706
-563
-359
-315
-308
-531
-788
21
809
1044
1095
949
966
1071
1514
1866
2496
2404
2072
2127
2072
2086
2610
2912
2820
2326
1810
1639
1665
1706
1439
1033
268
-198
-365
-350
-507
-798
-1112
-1491
-1890
-1932
-1950
-1876
-1990
-2135
-2209
-2213
-2005
-1792
-1598
-1455
-1512
-1679
-1534
-1201
-821
-685
-791
-987
-1054
-935
-557
-268
-279
-437
-650
-658
-558
-312
-143
-75
-249
-443
-594
60
1001
1334
1427
1147
1177
1257
1679
2076
2443
2382
2049
2091
2158
2263
2721
2919
2895
2413
2087
1876
1816
1976
1738
1080
283
-337
-457
-236
-367
-777
-1204
-1587
-1938
-1835
-1938
-1961
-1988
-2319
-2606
-2428
-2277
-1946
-1664
-1617
-1744
-1875
-1826
-1532
-1009
-886
-981
-1188
-1297
-1093
-719
-411
-301
-383
-619
-629
-441
-119
3
-35
-163
-385
-555
77
1197
1548
1459
1126
1142
1240
1641
2126
2488
2394
2062
2141
2299
2396
2703
2826
2799
2268
1987
1977
1880
1946
1556
1072
181
-380
-304
-133
-132
-672
-1508
-1808
-1877
-1712
-1763
-1872
-2130
-2402
-2428
-2361
-2069
-1871
-1682
-1505
-1754
-2044
-1888
-1450
-931
-864
-1030
-1286
-1279
-970
-527
-101
-65
-448
-538
-454
-180
17
2
-59
-122
-276
-644
217
1246
1658
1315
873
888
1294
1819
2014
2465
2212
1777
1855
2167
2440
2782
2828
2466
1988
1673
1644
1945
1877
1364
648
-111
-535
-388
-171
-255
-853
-1705
-2058
-1950
-1722
-2002
-2121
-2453
-2715
-2654
-2458
-2194
-1979
-1954
-1778
-1791
-1893
-1749
-1388
-994
-1026
-1109
-1336
-1284
-860
-392
-63
-3
-255
-269
-83
162
299
352
296
125
30
74
919
1801
1680
1464
1298
1521
2146
2464
2585
2475
2383
2118
2454
2834
2800
2857
2672
2492
2073
2050
2257
2093
1849
1063
458
35
-257
-32
-117
-619
-1367
-1938
-1957
-1769
-1872
-2294
-2651
-2836
-2936
-2614
-2336
-2330
-2394
-2413
-2239
-2161
-2132
-1902
-1619
-1515
-1658
-1706
-1575
-1368
-1041
-904
-776
-502
-423
-371
-160
-36
-63
-105
-39
88
165
227
1245
1857
1677
1309
1409
1873
2261
2496
2650
2726
2516
2418
2823
2959
2951
3059
2861
2558
2060
2202
2252
2319
1785
914
396
-44
-70
81
-174
-698
-1387
-1802
-1804
-1608
-1777
-2348
-2615
-2837
-2771
-2688
-2564
-2528
-2603
-2580
-2325
-2126
-2073
-2110
-2016
-1922
-1834
-1749
-1669
-1457
-1257
-1183
-966
-734
-633
-449
-294
-120
-102
-58
-89
130
200
672
1613
1827
1664
1321
1596
2085
2670
2751
2897
3019
2653
2815
3088
3163
3190
3182
3066
2620
2267
2431
2538
2377
1617
994
419
81
249
419
9
-942
-1629
-1605
-1390
-1407
-1886
-2423
-2697
-2761
-2509
-2348
-2153
-2346
-2485
-2482
-2286
-2161
-1998
-1958
-1941
-2056
-2011
-1869
-1654
-1439
-1474
-1435
-1264
-1008
-877
-607
-500
-431
-409
-512
-437
-170
-204
647
1361
1407
1130
1032
1504
1972
2355
2528
2797
2767
2654
2854
3053
2931
3095
3043
2827
2348
2344
2504
2504
2238
1426
727
210
206
510
398
-303
-1056
-1532
-1331
-1228
-1496
-2087
-2465
-2561
-2321
-2088
-2028
-2127
-2309
-2348
-2138
-1975
-1874
-1712
-1774
-1791
-1895
-1787
-1612
-1378
-1362
-1400
-1260
-1068
-957
-758
-688
-624
-614
-645
-660
-495
-387
-56
884
1194
1031
967
1229
1704
2142
2281
2475
2695
2481
2459
2792
2941
3081
3211
3103
2732
2331
2488
2750
2637
2061
1278
580
305
403
485
83
-671
-1251
-1415
-1307
-1233
-1376
-1921
-2401
-2452
-2257
-2000
-1806
-1934
-2128
-2296
-2110
-1801
-1576
-1525
-1680
-1760
-1796
-1681
-1389
-1234
-1263
-1305
-1203
-1058
-893
-685
-584
-639
-753
-821
-740
-484
-353
540
935
994
786
907
1452
1956
2359
2269
2532
2354
2388
2679
2884
2973
3024
2866
2720
2360
2429
2375
2403
1967
1162
645
144
123
275
187
-504
-1307
-1520
-1270
-1133
-1381
-1959
-2162
-2465
-2337
-1973
-1686
-1825
-2123
-2176
-2113
-1906
-1641
-1416
-1343
-1521
-1661
-1488
-1328
-1128
-1180
-1159
-1010
-879
-862
-692
-544
-543
-761
-809
-772
-598
-569
168
1026
984
688
619
1226
1624
1829
2055
2486
2429
2230
2346
2700
2690
2770
2910
2762
2294
1993
2291
2478
2133
1313
740
287
131
322
288
-308
-915
-1348
-1274
-1087
-1283
-1652
-1940
-2116
-2101
-1857
-1657
-1620
-1799
-1879
-1793
-1620
-1468
-1136
-965
-1114
-1290
-1242
-1089
-906
-827
-821
-876
-748
-614
-590
-420
-405
-427
-541
-630
-598
-573
88
975
1128
943
691
1072
1422
1775
2100
2356
2334
2065
2363
2625
2651
2689
2764
2678
2131
1805
1948
2132
2086
1439
660
74
-399
-183
5
-251
-1015
-1673
-1812
-1621
-1389
-1685
-2032
-2328
-2505
-2267
-1898
-1763
-1758
-1909
-1887
-1845
-1633
-1378
-1155
-1078
-1273
-1333
-1272
-1150
-964
-830
-689
-688
-771
-727
-533
-306
-360
-463
-644
-660
-512
350
1149
1353
1069
657
945
1456
1933
2104
2397
2358
2210
2276
2352
2641
2863
2898
2507
2034
1810
1923
2164
2174
1498
595
-190
-325
-96
34
-335
-999
-1554
-1789
-1548
-1369
-1583
-1919
-2145
-2235
-2026
-1729
-1452
-1364
-1481
-1723
-1732
-1718
-1304
-928
-783
-937
-1241
-1395
-1239
-935
-726
-545
-638
-704
-746
-542
-334
-255
-327
-548
-597
-600
122
1094
1490
1249
789
922
1519
1925
2100
2464
2459
2255
2093
2281
2540
2901
2806
2474
2086
1626
1691
1920
1972
1460
505
-278
-539
-313
-100
-341
-820
-1474
-1822
-1837
-1619
-1610
-1866
-2122
-2251
-2115
-1790
-1514
-1378
-1345
-1489
-1605
-1591
-1347
-1000
-761
-800
-1016
-1157
-1113
-840
-513
-290
-274
-461
-661
-603
-362
-229
-218
-341
-449
-628
-74
950
1551
1375
877
880
1274
1603
1777
2209
2328
2180
1943
1923
2192
2535
2563
2438
2020
1645
1386
1460
1628
1417
620
-331
-790
-659
-444
-515
-857
-1446
-1805
-1969
-1799
-1754
-1880
-2174
-2275
-2221
-2017
-1760
-1474
-1330
-1291
-1401
-1396
-1291
-1033
-730
-624
-745
-1026
-1068
-936
-650
-324
-84
-57
-243
-388
-251
-57
109
-1
-82
-242
29
809
1500
1606
1165
867
1014
1481
1842
2241
2400
2323
2163
1991
2009
2294
2624
2667
2200
1611
1285
1402
1545
1525
990
199
-502
-731
-595
-464
-541
-1009
-1546
-1957
-1964
-1914
-1863
-1926
-1951
-1971
-1914
-1829
-1694
-1478
-1315
-1219
-1293
-1363
-1298
-962
-591
-390
-557
-822
-996
-911
-602
-197
1
-145
-529
-594
-285
-82
-5
-114
-219
-237
189
951
1623
1700
1298
1174
1418
1601
1732
1933
2248
2445
2269
1937
1760
1992
2327
2437
2089
1641
1312
1302
1411
1327
842
60
-545
-827
-730
-637
-844
-1329
-1641
-1718
-1749
-1978
-2215
-2171
-1873
-1738
-1781
-1824
-1772
-1584
-1358
-1183
-1150
-1290
-1339
-1138
-886
-812
-969
-1150
-1261
-1067
-709
-527
-479
-501
-459
-417
-352
-227
-74
-59
-147
74
515
823
1083
1307
1338
1325
1272
1385
1782
2069
2165
2171
2171
2015
1653
1609
1980
2370
2271
1765
1463
1494
1337
1022
615
344
55
-205
-367
-559
-740
-916
-953
-946
-1014
-1281
-1578
-1716
-1545
-1302
-1142
-1224
-1378
-1446
-1319
-1060
-933
-915
-856
-722
-714
-807
-926
-906
-749
-705
-852
-827
-663
-500
-289
7
354
302
-85
-372
-198
227
348
301
474
935
1299
1320
1093
941
1027
1181
1429
1620
1651
1642
1531
1337
1125
944
1078
1312
1402
1384
1279
1033
654
337
133
-41
-312
-567
-661
-604
-568
-633
-816
-943
-1082
-1306
-1527
-1586
-1286
-1009
-952
-1033
-1201
-1219
-1143
-1016
-962
-890
-847
-746
-726
-818
-755
-693
-704
-793
-822
-741
-378
-31
72
40
35
9
-22
40
142
273
421
454
409
518
817
946
947
1006
1122
1328
1231
913
985
1275
1331
1030
802
768
1004
1195
1135
1036
887
707
553
387
245
97
-67
-104
-206
-268
-429
-613
-689
-598
-565
-638
-759
-933
-984
-910
-852
-878
-961
-992
-777
-595
-540
-615
-745
-820
-746
-623
-613
-702
-713
-564
-276
-108
-126
-238
-171
41
176
161
36
-43
217
493
490
314
85
81
259
529
707
970
1165
1184
1013
849
728
657
718
831
922
968
1006
827
620
567
545
509
388
271
378
563
472
179
-116
-156
-157
-200
-305
-417
-381
-426
-493
-596
-705
-898
-1004
-968
-849
-744
-680
-667
-594
-520
-646
-811
-941
-890
-629
-297
-94
-277
-568
-710
-538
-211
-171
-214
-175
-193
-58
41
129
-45
-39
205
524
403
-14
-148
172
515
286
172
373
888
841
337
42
370
622
376
267
467
875
817
360
203
254
461
679
685
644
764
775
461
80
-106
59
248
223
-16
-132
-89
-38
-191
-458
-566
-569
-445
-387
-359
-434
-551
-555
-414
-358
-315
-310
-408
-454
-421
-327
-251
-308
-558
-575
-464
-344
-362
-442
-359
-230
-28
-126
-172
-139
-186
-407
-507
-170
-1
-158
-401
-108
301
110
-108
83
437
493
249
256
583
778
688
583
408
552
879
1011
976
884
958
1084
1034
747
591
733
774
601
395
386
356
218
7
-130
-119
12
-36
-224
-392
-473
-440
-457
-546
-597
-478
-302
-238
-433
-628
-726
-735
-651
-644
-676
-574
-484
-450
-456
-599
-689
-421
-411
-712
-968
-933
-408
-142
-478
-839
-675
-203
24
-185
-763
-744
-216
166
98
35
448
856
705
99
-24
586
1108
1240
1168
1041
1004
1039
836
508
542
894
1278
1244
989
831
723
489
153
-93
80
473
548
294
33
-66
-26
-233
-547
-634
-391
-66
-41
-264
-466
-467
-487
-633
-806
-741
-539
-375
-319
-369
-468
-643
-851
-897
-853
-594
-405
-382
-604
-711
-563
-671
-648
-605
-592
-476
-327
-485
-792
-653
-313
17
-76
-212
179
737
946
908
878
789
785
884
893
749
819
1111
1230
1200
1174
1125
1094
1003
834
748
803
817
751
519
359
253
98
-102
-158
-66
19
-18
-215
-395
-568
-644
-602
-567
-580
-614
-589
-402
-309
-415
-482
-564
-718
-823
-769
-726
-612
-646
-790
-882
-895
-981
-982
-806
-557
-354
-317
-507
-739
-881
-1006
-692
-307
-217
-106
483
671
435
302
560
1017
1090
952
1178
1380
1318
1107
1037
1177
1228
1249
1234
1314
1362
1222
857
537
457
446
374
274
101
51
74
61
-167
-481
-634
-537
-399
-471
-682
-846
-769
-597
-465
-564
-818
-868
-724
-519
-463
-530
-600
-592
-602
-787
-963
-1024
-896
-762
-768
-809
-838
-897
-838
-678
-617
-693
-718
-632
-380
-176
-233
-204
-40
359
727
975
1087
1237
1223
1009
964
1228
1502
1572
1553
1565
1466
1261
1166
1166
1206
1174
963
776
679
610
437
132
-134
-265
-327
-420
-495
-548
-470
-404
-395
-506
-681
-765
-694
-609
-492
-488
-496
-449
-314
-196
-266
-491
-727
-877
-874
-633
-497
-506
-777
-1085
-1111
-962
-922
-860
-697
-443
-427
-587
-781
-892
-867
-766
-378
188
889
1265
1360
1262
1102
1006
1009
1160
1560
1970
2137
2017
1538
1164
1106
1119
1014
811
787
954
1010
688
121
-366
-703
-830
-929
-1039
-1068
-901
-654
-515
-634
-840
-989
-1032
-991
-833
-585
-319
-85
-21
-58
-150
-320
-545
-696
-726
-602
-468
-441
-548
-773
-835
-754
-722
-689
-784
-949
-1035
-918
-784
-709
-637
-594
-436
-93
407
891
1243
1368
1471
1622
1711
1742
1764
1797
1878
1886
1734
1584
1564
1501
1335
1055
828
640
530
371
14
-418
-778
-954
-1066
-1133
-1182
-1150
-1155
-1184
-1126
-1037
-1047
-995
-869
-667
-433
-200
53
127
155
137
154
28
-99
-203
-249
-213
-319
-527
-822
-992
-994
-877
-821
-793
-824
-890
-886
-886
-866
-933
-864
-367
448
1173
1476
1598
1609
1628
1546
1530
1643
1905
2213
2366
2245
1934
1725
1563
1335
872
394
197
266
329
58
-454
-892
-1139
-1413
-1624
-1761
-1787
-1630
-1382
-1173
-1080
-1099
-1102
-986
-854
-574
-367
-236
-134
33
215
291
210
-31
-292
-430
-473
-520
-674
-918
-944
-842
-696
-726
-818
-895
-885
-853
-934
-1001
-920
-460
267
1125
1604
1792
1849
1951
1954
1871
1846
2011
2419
2706
2696
2330
1882
1640
1421
1058
597
222
111
117
-3
-361
-868
-1323
-1641
-1832
-1926
-1920
-1859
-1704
-1445
-1141
-976
-1046
-1128
-1077
-794
-466
-252
-170
28
268
360
239
-8
-251
-381
-426
-540
-819
-1085
-1074
-911
-703
-719
-806
-885
-780
-654
-725
-977
-1246
-811
204
1345
1948
2162
2255
2425
2527
2336
2104
2094
2481
2850
2917
2517
2047
1771
1519
942
184
-370
-516
-423
-504
-793
-1189
-1532
-1892
-2168
-2218
-2201
-2108
-1926
-1632
-1242
-1018
-1035
-1070
-1008
-670
-283
-164
-220
-139
182
439
398
-18
-460
-580
-523
-601
-921
-1305
-1368
-1104
-750
-712
-850
-824
-644
-566
-620
-761
-615
2
945
1895
2472
2847
2959
3093
2955
2791
2687
2748
2892
2895
2704
2379
2112
1763
1248
589
99
-347
-646
-1062
-1379
-1625
-1856
-2045
-2205
-2242
-2182
-2177
-2238
-2094
-1750
-1337
-1163
-1094
-1010
-628
-246
-102
-179
-247
-131
47
122
-107
-454
-655
-730
-869
-1128
-1386
-1497
-1447
-1380
-1290
-1134
-981
-869
-816
-724
-638
-530
-94
664
1644
2289
2812
3036
3328
3404
3297
3324
3287
3255
3069
2886
2548
2205
1803
1418
957
426
-47
-409
-746
-1178
-1615
-1952
-2150
-2261
-2244
-2125
-1999
-1881
-1841
-1721
-1509
-1328
-1151
-995
-691
-387
-190
-150
-184
-147
-172
-289
-453
-674
-871
-996
-1175
-1461
-1729
-1827
-1702
-1537
-1375
-1288
-1222
-1133
-1018
-889
-806
-671
-153
577
1581
2257
2865
3263
3579
3758
3545
3505
3319
3396
3164
2939
2658
2459
2261
1776
1195
582
167
-247
-634
-1020
-1346
-1587
-1775
-1927
-1923
-1858
-1787
-1808
-1763
-1522
-1209
-1065
-1074
-1024
-765
-428
-278
-265
-220
-143
-78
-188
-361
-610
-862
-1089
-1390
-1597
-1781
-1818
-1787
-1699
-1557
-1387
-1294
-1176
-1042
-941
-890
-884
-518
116
1078
1866
2461
2988
3323
3561
3379
3167
3011
2968
2939
2728
2471
2219
2082
1770
1243
729
243
-177
-650
-1135
-1456
-1706
-1838
-1939
-1891
-1693
-1489
-1367
-1323
-1201
-1059
-999
-979
-914
-750
-482
-249
-205
-179
-187
-118
-190
-434
-756
-1053
-1196
-1404
-1634
-1877
-1961
-1971
-1779
-1491
-1170
-1043
-983
-947
-868
-694
-709
-571
-118
762
1705
2364
2936
3369
3630
3653
3393
3286
3141
2930
2582
2268
2159
1941
1775
1283
1037
734
352
-216
-795
-1131
-1444
-1701
-1918
-1964
-1755
-1480
-1291
-1151
-878
-666
-604
-727
-877
-828
-701
-522
-407
-274
-179
-149
-270
-507
-758
-1085
-1425
-1723
-1898
-2021
-2133
-2199
-2107
-1800
-1448
-1203
-1015
-794
-564
-483
-564
-625
-212
461
1296
2032
2684
3339
3704
3880
3750
3591
3474
3253
2920
2419
2154
1827
1650
1404
1132
949
571
142
-418
-852
-1258
-1709
-2038
-2220
-2007
-1638
-1377
-1208
-1065
-763
-641
-685
-795
-845
-836
-847
-875
-832
-709
-660
-625
-637
-744
-961
-1273
-1572
-1832
-2144
-2501
-2695
-2530
-2204
-1777
-1430
-1088
-830
-585
-544
-523
-601
-553
-124
476
1485
2098
2875
3386
3955
4160
4039
3908
3574
3391
2859
2471
1972
1728
1530
1348
1185
992
715
386
-70
-473
-924
-1399
-1651
-1826
-1765
-1622
-1394
-1141
-865
-615
-435
-421
-499
-608
-677
-707
-804
-888
-928
-841
-734
-756
-878
-1060
-1278
-1532
-1879
-2262
-2596
-2745
-2697
-2398
-2126
-1757
-1368
-895
-489
-314
-266
-368
-319
97
646
1357
1863
2636
3222
3800
4121
4092
4136
3828
3674
3046
2594
2059
1699
1495
1144
976
702
585
433
207
-95
-600
-1020
-1454
-1797
-1879
-1857
-1721
-1570
-1184
-818
-569
-468
-481
-467
-600
-794
-1048
-1198
-1261
-1321
-1297
-1257
-1211
-1251
-1426
-1660
-1959
-2291
-2667
-2863
-2926
-2769
-2493
-2149
-1691
-1247
-751
-400
-235
-214
-237
115
519
1146
1653
2285
3040
3625
4131
4210
4457
4328
4179
3606
3043
2490
1917
1647
1250
1172
1044
940
770
641
513
202
-245
-723
-1035
-1281
-1498
-1592
-1494
-1188
-865
-709
-488
-295
-149
-240
-447
-755
-1098
-1383
-1638
-1729
-1788
-1720
-1687
-1708
-1780
-1971
-2206
-2487
-2777
-3008
-3116
-3044
-2813
-2446
-1939
-1382
-856
-510
-255
-171
102
434
832
1333
1826
2436
3061
3671
3922
4240
4301
4369
4170
3697
3114
2489
2026
1570
1185
820
751
726
749
724
573
385
78
-324
-665
-970
-1168
-1363
-1280
-999
-718
-481
-316
-116
-63
-101
-374
-772
-1096
-1450
-1738
-1964
-2094
-2192
-2212
-2132
-2169
-2220
-2436
-2633
-2907
-3023
-3103
-3008
-2752
-2402
-1893
-1383
-885
-579
-269
-102
193
584
954
1456
1850
2443
3031
3527
3785
3990
4186
4219
4034
3465
2946
2455
2013
1529
1058
734
655
663
686
729
637
474
270
14
-239
-544
-847
-1019
-967
-798
-633
-488
-316
-99
21
-79
-393
-697
-1027
-1364
-1644
-1937
-2110
-2235
-2374
-2435
-2392
-2368
-2478
-2630
-2749
-2817
-2886
-2871
-2713
-2394
-1954
-1502
-1009
-548
-252
-50
106
532
906
1403
1764
2287
2837
3244
3507
3592
3858
3830
3717
3264
2863
2445
1996
1486
1032
796
677
644
595
621
667
605
408
217
-26
-226
-467
-638
-638
-495
-386
-360
-287
-153
-100
-216
-405
-618
-824
-1081
-1395
-1650
-1921
-2046
-2150
-2192
-2256
-2337
-2454
-2616
-2660
-2701
-2677
-2624
-2394
-2102
-1704
-1341
-957
-602
-326
-99
0
312
681
1045
1436
1776
2336
2818
3189
3346
3508
3581
3397
3254
2811
2456
1977
1527
1161
876
744
620
657
700
800
782
642
481
298
29
-238
-467
-581
-552
-543
-521
-449
-319
-290
-394
-613
-827
-1016
-1223
-1427
-1589
-1744
-1901
-1969
-2008
-2034
-2097
-2187
-2260
-2314
-2372
-2375
-2284
-2137
-1901
-1588
-1320
-1009
-701
-384
-168
29
67
251
605
924
1266
1619
2138
2562
2900
2980
3188
3317
3253
2986
2628
2269
1934
1435
970
725
580
531
568
634
722
841
708
594
401
104
-198
-434
-589
-739
-850
-970
-923
-786
-746
-743
-761
-834
-933
-1030
-1191
-1364
-1519
-1660
-1802
-1872
-1981
-2000
-1948
-1950
-1910
-1910
-1897
-1817
-1655
-1462
-1193
-1026
-794
-542
-278
-124
-63
-19
170
520
860
1206
1576
2005
2386
2671
2830
2920
3048
3073
2955
2729
2318
1945
1606
1278
1008
790
744
746
754
737
720
657
504
337
53
-228
-467
-695
-852
-963
-1057
-1090
-1021
-956
-945
-887
-830
-771
-742
-861
-1013
-1133
-1228
-1376
-1479
-1590
-1680
-1728
-1744
-1690
-1652
-1613
-1544
-1406
-1306
-1162
-1016
-867
-706
-557
-383
-272
-137
-42
190
469
645
965
1325
1789
2165
2429
2649
2774
2862
2809
2685
2427
2103
1811
1523
1264
1007
817
726
659
606
543
495
424
217
-36
-334
-582
-812
-1011
-1206
-1290
-1293
-1231
-1167
-1133
-1050
-943
-790
-737
-706
-730
-831
-981
-1112
-1231
-1371
-1469
-1520
-1487
-1411
-1384
-1395
-1326
-1245
-1200
-1171
-1034
-904
-798
-710
-561
-471
-408
-292
-106
137
374
714
1039
1438
1752
2145
2413
2685
2794
2884
2919
2802
2600
2298
2011
1643
1316
999
802
626
518
429
375
310
188
4
-175
-389
-586
-820
-1050
-1261
-1397
-1456
-1436
-1346
-1242
-1060
-911
-725
-572
-516
-498
-567
-604
-660
-790
-940
-1061
-1120
-1145
-1175
-1200
-1199
-1132
-1076
-999
-892
-766
-666
-635
-563
-445
-326
-188
-14
149
272
452
654
947
1273
1552
1899
2248
2532
2701
2758
2770
2685
2464
2090
1722
1395
1069
722
421
235
124
5
-89
-127
-231
-376
-481
-601
-799
-1045
-1267
-1427
-1522
-1596
-1592
-1438
-1276
-1102
-934
-744
-565
-411
-333
-250
-226
-311
-442
-571
-765
-941
-1034
-1107
-1084
-1113
-1101
-1081
-1011
-973
-867
-690
-478
-278
-121
36
147
238
296
376
476
618
796
1020
1266
1522
1780
2054
2245
2346
2345
2342
2301
2091
1826
1508
1280
948
574
269
53
-110
-269
-337
-387
-352
-389
-424
-482
-658
-869
-1025
-1119
-1196
-1290
-1310
-1248
-1115
-955
-787
-626
-442
-304
-258
-242
-286
-399
-550
-678
-833
-966
-1058
-1095
-1121
-1102
-1011
-872
-710
-549
-378
-183
-20
124
200
267
341
392
399
378
445
529
675
814
975
1175
1308
1469
1621
1744
1821
1862
1856
1777
1597
1316
1052
768
477
154
-73
-237
-330
-359
-362
-393
-383
-393
-377
-440
-498
-644
-847
-1004
-1162
-1227
-1259
-1155
-1020
-796
-646
-505
-379
-278
-232
-185
-203
-253
-358
-513
-673
-781
-754
-727
-640
-528
-400
-237
-82
32
116
226
339
362
377
378
372
348
294
224
213
212
241
355
515
627
755
930
1153
1329
1459
1510
1520
1428
1207
927
654
411
189
-14
-160
-253
-336
-310
-268
-222
-223
-237
-297
-360
-469
-588
-737
-867
-968
-1060
-1051
-991
-885
-763
-690
-582
-441
-307
-244
-233
-231
-269
-360
-411
-415
-381
-359
-293
-181
-63
31
82
149
218
218
161
100
89
76
22
-9
-17
-62
-89
-93
-94
-22
14
119
238
439
594
735
869
984
1042
1045
1006
1028
977
836
716
592
464
263
129
69
-13
-98
-128
-98
-48
-107
-115
-157
-211
-335
-447
-501
-547
-619
-664
-635
-571
-518
-446
-335
-276
-221
-163
-72
6
73
144
238
268
229
166
129
76
-11
-122
-198
-207
-251
-291
-294
-308
-324
-348
-361
-384
-401
-430
-446
-405
-386
-342
-296
-184
-63
72
224
388
542
661
766
844
887
889
856
778
692
556
432
296
165
50
-43
-62
-73
-83
-83
-85
-131
-177
-177
-157
-119
-140
-198
-231
-280
-329
-402
-361
-279
-144
-30
144
305
398
464
515
548
521
448
314
150
-13
-117
-220
-320
-425
-509
-573
-610
-667
-688
-727
-719
-713
-758
-752
-682
-663
-621
-585
-521
-460
-421
-375
-271
-116
7
196
393
614
735
866
896
944
973
945
870
756
622
447
317
228
177
114
123
155
218
267
283
318
345
303
238
168
106
60
26
19
48
110
158
243
372
432
446
390
337
216
98
0
-65
-135
-243
-342
-451
-557
-720
-854
-915
-958
-1002
-1044
-1048
-1045
-996
-892
-804
-709
-647
-578
-572
-546
-530
-469
-388
-298
-185
-41
136
326
512
675
857
969
1031
1001
1019
982
913
803
712
635
605
592
558
601
597
612
568
558
541
491
484
450
432
427
418
387
342
254
147
54
-37
-119
-203
-265
-289
-308
-330
-318
-333
-407
-542
-675
-786
-876
-928
-996
-1079
-1149
-1183
-1202
-1141
-1030
-989
-955
-940
-887
-845
-788
-776
-740
-653
-568
-503
-421
-273
-111
47
191
395
523
623
698
843
957
1012
1076
1158
1262
1267
1306
1349
1329
1255
1174
1130
1064
976
903
890
870
809
758
699
654
526
388
288
190
58
-83
-171
-251
-354
-424
-471
-475
-529
-585
-630
-648
-651
-726
-763
-808
-847
-889
-918
-943
-954
-994
-1021
-1030
-1036
-1009
-1006
-987
-961
-934
-912
-858
-764
-699
-596
-456
-306
-177
-71
66
194
297
397
507
626
731
873
981
1101
1170
1215
1288
1355
1393
1393
1386
1373
1314
1226
1146
1049
930
782
672
550
418
260
179
129
112
100
89
29
-66
-151
-258
-332
-412
-521
-587
-648
-727
-802
-873
-921
-985
-998
-973
-939
-895
-872
-848
-811
-796
-818
-841
-866
-918
-964
-959
-945
-929
-890
-792
-641
-477
-307
-158
18
178
300
427
568
661
684
703
768
809
820
821
847
913
991
1038
1111
1166
1156
1125
1125
1102
1029
888
764
656
499
373
243
159
118
85
31
-24
-44
-116
-168
-195
-206
-233
-322
-376
-408
-487
-611
-704
-775
-824
-832
-812
-774
-762
-766
-777
-750
-693
-680
-649
-581
-527
-543
-576
-564
-541
-521
-494
-405
-315
-210
-133
-54
70
157
254
364
487
588
664
735
775
753
707
662
641
609
598
565
548
539
561
575
565
574
538
523
490
463
420
349
288
240
190
146
89
48
3
-50
-112
-147
-151
-143
-181
-210
-224
-245
-271
-318
-345
-377
-415
-490
-564
-608
-666
-683
-658
-599
-510
-445
-376
-325
-254
-225
-200
-124
-97
-82
-51
21
67
40
9
30
78
94
157
229
285
317
304
324
328
236
162
161
132
60
-21
-44
-60
-83
-107
-54
-12
62
65
119
158
187
154
166
199
214
200
142
125
58
-8
-55
-28
-13
-4
44
103
129
111
107
103
62
-17
-60
-83
-97
-142
-151
-142
-134
-109
-82
3
74
95
75
105
121
97
71
75
101
96
48
10
-28
-76
-143
-212
-203
-208
-234
-264
-240
-241
-275
-302
-288
-279
-294
-343
-365
-379
-396
-421
-370
-299
-219
-130
-52
8
43
103
154
195
217
244
261
266
265
278
306
341
359
369
411
459
460
417
415
417
391
402
442
473
470
466
457
418
372
324
273
227
205
187
144
134
112
94
57
34
2
-51
-126
-172
-202
-272
-348
-426
-485
-554
-595
-662
-689
-694
-703
-681
-619
-607
-589
-619
-637
-655
-658
-610
-543
-448
-408
-396
-392
-378
-332
-285
-202
-97
-8
68
112
165
225
272
326
386
431
484
511
527
542
588
603
628
690
721
755
770
768
754
744
728
704
687
669
643
586
501
434
380
354
303
247
169
104
7
-123
-237
-339
-449
-511
-547
-584
-597
-635
-623
-628
-655
-690
-752
-754
-783
-840
-888
-903
-902
-882
-847
-803
-737
-677
-606
-548
-484
-414
-340
-269
-214
-167
-132
-78
-17
55
106
182
311
441
579
685
766
845
903
947
1008
1052
1043
1000
950
912
905
889
895
908
929
903
827
788
717
617
493
429
348
233
76
-56
-162
-263
-351
-419
-458
-478
-516
-555
-587
-647
-694
-769
-785
-831
-884
-932
-940
-908
-918
-905
-851
-816
-818
-814
-773
-740
-707
-641
-542
-480
-454
-394
-295
-228
-148
-62
34
134
183
268
343
432
495
564
679
777
849
905
973
1040
1046
1011
994
966
911
857
833
822
763
697
630
573
496
444
403
331
257
166
84
-16
-118
-238
-334
-392
-432
-456
-470
-483
-515
-550
-583
-647
-702
-746
-773
-732
-702
-687
-710
-722
-723
-729
-719
-686
-643
-614
-571
-519
-504
-462
-420
-371
-277
-171
-68
26
120
168
222
289
337
377
456
534
601
644
692
732
764
749
753
788
778
754
664
613
561
506
473
438
426
396
360
331
303
254
226
197
177
143
45
-72
-125
-166
-225
-257
-302
-272
-292
-309
-294
-279
-282
-288
-291
-308
-342
-428
-508
-569
-574
-568
-567
-534
-489
-476
-453
-381
-298
-229
-205
-130
-62
-9
36
49
83
101
102
118
182
231
231
253
258
271
268
265
267
279
273
243
233
217
212
175
141
111
73
30
5
-12
-12
25
16
6
3
-6
-46
-77
-126
-167
-230
-248
-241
-208
-199
-179
-150
-131
-123
-118
-129
-173
-190
-195
-163
-153
-139
-137
-51
7
68
99
128
150
158
169
197
228
229
239
237
260
250
213
211
202
173
123
112
122
136
139
153
157
119
87
34
8
-9
-40
-80
-123
-173
-218
-250
-225
-196
-205
-226
-222
-223
-268
-328
-351
-324
-311
-304
-265
-234
-228
-217
-178
-121
-56
-9
27
76
63
29
9
47
126
155
224
286
348
386
429
473
517
528
519
547
562
530
486
448
430
411
392
385
362
319
226
201
157
112
53
18
-3
-53
-119
-176
-210
-269
-317
-342
-342
-357
-382
-415
-426
-439
-462
-490
-468
-440
-456
-469
-440
-435
-462
-482
-472
-431
-430
-410
-383
-353
-331
-315
-286
-220
-157
-104
-38
47
80
115
160
210
246
304
386
459
497
504
525
538
565
567
572
562
538
488
449
452
448
414
349
294
233
169
119
82
33
-24
-85
-127
-162
-189
-212
-230
-228
-247
-251
-274
-301
-350
-410
-420
-427
-427
-422
-423
-425
-445
-429
-421
-373
-348
-335
-331
-314
-281
-236
-205
-183
-177
-168
-160
-119
-36
37
113
213
297
344
396
440
466
486
518
549
602
614
601
580
567
538
532
529
527
503
467
429
375
327
291
240
186
133
88
32
-49
-121
-196
-244
-276
-306
-356
-407
-439
-463
-454
-478
-459
-447
-481
-500
-536
-541
-559
-543
-519
-481
-438
-424
-401
-358
-320
-290
-274
-254
-206
-180
-103
-42
12
42
66
121
172
243
291
345
417
454
490
545
629
670
688
707
718
728
693
662
638
592
544
522
487
453
418
389
344
312
246
134
42
-24
-96
-156
-210
-226
-257
-291
-342
-367
-399
-467
-546
-596
-625
-654
-705
-726
-733
-761
-781
-744
-692
-661
-626
-602
-558
-536
-501
-473
-417
-382
-339
-271
-174
-103
-80
-38
49
120
175
221
294
349
369
404
488
546
558
599
659
691
678
670
676
659
633
614
593
605
551
490
441
410
349
281
275
269
241
198
157
123
41
-52
-114
-142
-172
-235
-281
-312
-370
-465
-529
-532
-554
-579
-583
-550
-550
-574
-570
-528
-491
-492
-482
-456
-423
-401
-364
-313
-249
-198
-157
-87
-6
26
42
85
122
154
190
236
298
348
378
430
472
479
500
528
549
580
562
537
519
473
421
400
411
403
389
395
405
409
398
375
341
330
280
219
158
72
-10
-90
-135
-191
-241
-301
-323
-371
-426
-451
-452
-464
-511
-552
-547
-517
-522
-555
-556
-528
-556
-558
-526
-490
-486
-475
-462
-426
-396
-379
-355
-286
-258
-216
-166
-137
-73
-30
11
53
132
191
204
203
205
222
235
282
336
416
456
456
490
513
513
504
512
536
521
471
433
409
358
310
284
248
226
174
142
107
74
38
21
11
-23
-86
-141
-177
-242
-272
-308
-319
-304
-303
-314
-315
-308
-301
-284
-233
-220
-212
-224
-228
-223
-237
-240
-246
-235
-226
-207
-184
-155
-114
-62
-12
45
79
126
176
231
262
276
269
243
256
264
280
309
353
376
358
397
439
443
426
400
369
319
247
189
150
110
83
63
77
69
37
-3
-20
-45
-77
-104
-107
-110
-160
-214
-231
-232
-244
-254
-251
-232
-228
-230
-224
-177
-177
-207
-218
-212
-235
-247
-266
-257
-234
-256
-269
-265
-228
-232
-239
-207
-155
-118
-107
-71
-50
-53
-45
-6
55
81
74
59
61
66
73
114
165
192
187
170
169
138
111
109
148
148
120
121
134
112
67
42
40
30
-25
-64
-12
26
3
19
62
94
64
72
87
106
83
86
94
89
83
42
43
31
12
-37
-42
-40
-3
8
24
48
52
25
7
-4
-48
-107
-136
-138
-132
-107
-97
-63
-73
-61
-45
-22
-3
9
11
-7
-14
-11
11
6
19
16
17
40
29
31
28
25
42
42
40
54
46
26
37
54
61
45
42
37
26
24
27
36
54
78
110
131
130
115
84
86
83
86
78
59
45
41
27
5
6
2
-20
-22
-33
-48
-78
-109
-123
-135
-134
-136
-141
-153
-159
-179
-164
-138
-123
-91
-83
-73
-68
-87
-98
-96
-95
-104
-86
-74
-53
-46
-50
-33
-24
-2
19
53
70
60
45
34
21
17
12
12
48
54
53
73
78
56
73
68
73
100
88
103
110
118
102
58
31
18
35
11
6
-25
-46
-94
-120
-123
-119
-98
-95
-69
-70
-95
-114
-88
-61
-42
-44
-41
-52
-80
-120
-101
-57
-21
-3
23
51
39
13
-11
19
29
19
11
41
52
19
26
27
33
19
31
57
69
66
36
24
55
88
81
110
141
145
103
96
113
93
64
60
70
58
30
23
59
95
114
117
146
140
105
93
91
92
76
42
33
24
-2
-24
3
34
28
26
27
36
12
14
6
20
-5
-58
-100
-103
-115
-113
-108
-83
-79
-122
-139
-145
-145
-171
-164
-117
-104
-98
-102
-75
-62
-87
-95
-72
-68
-110
-125
-110
-87
-65
-36
11
48
44
29
3
2
-17
-26
-22
1
10
4
7
24
29
17
31
54
74
58
52
68
61
50
53
66
67
71
49
26
-4
-18
-16
-18
-3
-26
-45
-75
-50
-56
-51
-55
-35
-32
-21
-14
-29
-31
-62
-45
-54
-39
-55
-43
-52
-46
-49
-7
17
55
90
94
70
55
26
13
47
86
115
106
112
87
55
30
45
44
48
39
49
52
23
40
68
72
48
33
28
21
-22
-41
-52
-36
-11
5
32
48
41
27
-16
-36
-38
-51
-54
-34
-4
-6
-22
-19
8
6
-5
6
12
34
30
-5
-10
-16
-34
-58
-44
-7
15
39
54
53
39
46
48
46
61
81
66
33
33
45
19
13
37
67
58
39
16
23
25
-12
-10
-17
-32
-76
-78
-62
-70
-89
-89
-82
-75
-82
-86
-71
-66
-61
-60
-55
-45
-38
-39
-32
-47
-70
-93
-89
-87
-78
-42
-20
-11
-6
16
21
1
-17
-13
-22
-22
-37
-40
-54
-66
-60
0
47
66
71
47
41
15
-1
8
47
57
62
45
56
40
15
-10
4
31
29
33
60
70
46
5
-3
-1
-17
-46
-42
-42
-70
-72
-53
-45
-38
-55
-44
-32
-37
-47
-24
-2
0
-20
-24
-22
-39
-51
-15
16
30
17
24
46
66
65
62
87
65
42
47
80
75
58
69
81
79
65
84
114
104
79
48
65
85
67
71
99
99
61
42
43
57
28
-15
-12
4
3
-36
-8
-10
-32
-56
-78
-48
-27
-32
-28
-17
-19
-30
-77
-71
-61
-77
-74
-56
-35
-44
-53
-47
-51
-45
-41
-18
-24
-4
-24
-24
-28
-41
-6
2
13
9
26
38
41
47
27
25
18
-2
-15
0
10
-15
-22
-9
13
18
-6
-3
-31
-61
-80
-71
-49
-39
-27
-5
1
-24
-42
-60
-70
-59
-25
-15
1
14
-9
0
-5
21
22
5
5
7
-18
-35
-19
-31
-22
-15
9
29
30
22
27
46
52
59
31
48
59
54
62
49
62
44
33
36
47
21
-16
-38
-18
-31
-41
-41
-3
26
26
29
38
39
-20
-50
-37
-11
-39
-49
-44
-5
19
36
55
56
29
13
5
15
31
24
17
0
8
19
28
14
25
15
3
-31
-16
-1
-5
-14
-32
-16
-21
6
22
54
67
36
6
-8
-37
-36
-20
5
13
30
39
18
-2
-34
-54
-59
-67
-77
-72
-73
-87
-100
-92
-70
-39
-12
10
21
36
15
6
11
22
14
11
34
33
23
11
37
40
35
41
52
55
37
44
60
65
28
6
6
21
15
8
3
14
-16
-55
-40
-11
-21
-45
-42
-36
-20
-21
-1
42
38
10
-14
-40
-55
-81
-65
-33
-6
7
9
8
2
-20
-33
-22
-26
-43
-66
-66
-46
-50
-52
-37
-10
-10
-36
-26
3
6
-4
15
43
40
19
28
35
21
-10
7
26
35
17
13
18
9
-19
1
12
13
-19
-28
-26
-24
-27
-10
43
60
28
-4
-4
-23
-31
-33
4
11
25
13
15
33
23
-1
7
32
29
17
23
59
63
79
100
125
120
81
50
44
26
33
38
57
67
61
29
33
30
16
8
26
28
38
30
51
48
38
24
12
26
4
-10
-26
-22
-35
-31
-27
-3
-29
-69
-92
-98
-100
-84
-69
-49
-67
-91
-107
-128
-152
-141
-130
-101
-79
-67
-72
-85
-99
-86
-79
-57
-20
5
31
18
37
32
24
11
44
59
85
82
84
68
43
25
17
38
30
27
26
28
47
51
68
85
89
67
51
35
20
20
17
46
66
67
57
55
18
-7
-25
-16
-39
-45
-53
-70
-89
-95
-99
-105
-113
-110
-75
-55
-38
-42
-27
-57
-65
-61
-47
-28
-35
-43
-47
-65
-65
-41
-22
-35
-36
-19
-23
13
33
32
46
45
60
65
52
42
36
43
39
27
42
54
74
105
118
139
117
79
58
83
82
91
82
76
58
43
15
24
13
-11
-16
8
27
2
-1
-5
4
-21
0
17
31
12
-16
-29
-32
-63
-88
-64
-40
-58
-87
-90
-78
-66
-53
-45
-28
-22
-59
-87
-57
-36
-28
-9
32
51
46
36
24
24
1
-2
17
64
63
66
94
124
123
117
132
133
103
71
96
95
85
52
56
80
74
73
88
111
92
55
34
60
40
27
6
21
-23
-64
-92
-74
-32
-49
-61
-74
-90
-134
-160
-149
-140
-177
-183
-170
-160
-165
-194
-193
-179
-191
-218
-208
-192
-206
-206
-189
-176
-169
-175
-160
-111
-70
-30
7
53
54
42
32
37
34
11
20
34
66
86
125
142
149
125
124
124
119
96
112
126
103
79
79
78
74
61
49
51
38
38
26
61
69
58
36
38
39
38
51
58
55
40
12
-10
-27
-36
-46
-36
-7
18
-5
10
18
28
35
41
28
27
29
11
16
22
20
34
64
95
120
126
113
99
88
59
26
17
25
13
29
45
71
39
25
18
34
26
-6
-7
-2
-15
-21
-7
13
-1
-42
-57
-64
-71
-74
-48
-33
-22
-28
-33
-30
-52
-73
-107
-105
-112
-96
-90
-84
-88
-73
-74
-69
-48
-35
-20
-50
-52
-63
-57
-58
-59
-55
-35
-27
-7
15
36
30
23
14
-25
-17
-33
-9
-10
-9
-17
1
39
57
66
60
44
17
-18
-22
-23
-11
28
43
58
41
32
15
12
1
-17
5
8
2
-16
-31
-31
-47
-58
-53
-29
-37
-33
-43
-21
-12
-15
-17
-11
-25
-59
-55
-42
-6
-1
9
12
20
22
29
70
71
62
52
66
79
81
90
110
130
110
103
60
45
2
-29
-11
23
31
36
39
49
55
30
39
53
72
40
32
17
-10
-64
-73
-65
-67
-67
-58
-48
-42
-38
-33
-19
-6
-16
-10
4
-4
-29
-48
-39
-45
-61
-69
-28
-11
-36
-22
6
31
40
45
67
74
52
21
26
37
28
23
21
43
37
14
13
51
60
55
46
61
59
47
31
25
7
-37
-49
-52
-32
-31
-28
-18
-17
-41
-55
-62
-43
-57
-90
-106
-119
-121
-115
-92
-79
-64
-55
-52
-44
-67
-76
-71
-55
-52
-52
-29
-7
-7
3
18
28
19
6
0
-2
-10
-27
-6
25
38
30
52
50
51
65
72
82
84
92
91
93
105
102
99
77
71
66
91
103
105
95
92
78
58
49
33
33
23
21
10
-16
-43
-50
-49
-35
-9
-4
-28
-79
-106
-123
-117
-95
-52
-37
-69
-80
-81
-56
-67
-78
-72
-68
-89
-103
-89
-72
-55
-43
-43
-35
-61
-81
-95
-99
-101
-74
-39
8
32
34
36
36
34
36
32
26
34
37
73
88
117
113
115
91
92
93
87
94
98
101
92
76
74
69
84
67
55
55
23
29
15
18
24
42
17
15
-6
-36
-45
-55
-34
-19
-10
-33
-40
-50
-67
-74
-49
-46
-55
-66
-48
-29
-40
-32
-23
-24
-26
-21
-17
-20
-40
-46
-60
-34
-40
-33
8
33
40
34
37
36
52
31
39
38
44
24
20
23
12
-4
-10
11
20
30
55
67
42
4
-24
-26
-51
-67
-82
-74
-70
-56
-51
-25
-31
-61
-76
-73
-83
-104
-111
-106
-72
-77
-68
-43
-19
-36
-49
-34
-17
-26
-21
-3
33
30
9
9
22
33
22
68
85
115
105
108
112
110
102
113
123
118
114
126
119
95
85
71
79
97
116
90
84
65
42
45
63
67
59
27
8
-13
-59
-84
-95
-90
-97
-104
-89
-83
-104
-99
-86
-85
-106
-126
-131
-126
-131
-125
-117
-92
-70
-76
-41
-18
-5
-5
16
25
35
41
65
101
99
86
68
37
15
38
52
72
72
83
64
50
51
56
61
82
80
75
64
48
37
41
44
39
30
3
-6
-16
-38
-44
-38
-40
-49
-70
-62
-65
-82
-76
-69
-79
-86
-71
-53
-46
-48
-41
-48
-73
-84
-76
-68
-73
-65
-63
-47
-53
-52
-48
-27
-9
-3
-10
-13
8
11
14
19
17
21
15
2
-11
-2
9
0
7
13
1
-22
-7
4
24
39
44
54
56
56
61
77
87
75
45
41
39
27
25
22
30
15
11
3
24
51
41
52
48
48
27
25
24
34
26
9
5
1
0
-4
-22
-39
-55
-68
-64
-44
-26
-45
-54
-88
-79
-37
-17
-3
-9
-44
-72
-100
-91
-56
-38
-20
3
26
30
37
34
44
32
26
21
38
46
47
56
74
99
86
91
111
128
122
97
80
74
53
52
41
42
31
1
-6
0
-8
-21
2
7
12
-16
-31
-35
-49
-67
-87
-69
-61
-64
-81
-79
-86
-85
-92
-59
-20
-25
-41
-49
-69
-104
-121
-102
-77
-73
-49
-3
15
9
-10
-24
-4
-5
-18
3
17
6
-6
20
35
31
26
15
35
46
42
43
61
69
38
29
57
79
60
48
54
43
21
4
12
9
-16
-50
-66
-67
-79
-76
-38
-1
19
11
-3
-19
-52
-50
-43
-17
1
-14
-23
-12
-7
-15
-25
-2
28
36
46
80
101
103
101
92
87
57
40
30
23
7
-1
20
57
77
72
56
28
-4
-25
-19
1
22
21
35
49
41
27
32
39
34
13
10
11
13
3
-19
-15
-24
-39
-62
-35
-28
-37
-57
-67
-68
-68
-73
-60
-45
-33
-43
-58
-51
-45
-29
-3
23
39
39
8
3
1
-9
-17
-16
-4
-14
-29
-28
-13
-20
-13
2
32
25
-7
-24
-36
-50
-55
-31
9
26
14
-22
-48
-57
-69
-64
-46
-19
-4
11
2
5
-8
-21
-33
-33
-17
-12
-42
-55
-59
-58
-60
-35
-6
29
24
2
-3
-30
-35
-24
17
30
21
-17
-23
-36
-38
-20
-4
16
29
41
43
53
49
46
58
62
55
51
37
36
29
35
51
68
62
61
51
55
46
41
43
44
47
51
55
44
35
24
13
19
22
22
33
52
68
77
69
61
54
38
34
25
17
9
15
27
15
-12
-21
-18
-25
-30
-43
-42
-36
-50
-56
-49
-50
-66
-70
-54
-34
-45
-63
-69
-51
-63
-65
-46
-43
-55
-75
-71
-58
-50
-33
-6
38
45
54
40
32
27
-9
-18
-25
-29
-35
-19
-9
14
1
4
16
8
-4
12
27
12
23
21
45
47
34
39
37
37
5
-8
-3
0
0
9
24
24
11
-10
-15
-2
3
-9
11
8
-2
-24
-34
-8
0
26
39
54
47
14
1
-8
-6
-16
-13
-4
-16
-32
