SAMPLES:	8634
BITSPERSAMPLE:	16
CHANNELS:	1
SAMPLERATE:	16000
NORMALIZED:	FALSE
-3
-3
-1
0
2
1
2
2
0
-1
-3
-6
-6
-3
-2
-2
-1
-1
0
0
1
2
2
1
0
-1
-1
0
1
3
3
3
-1
-2
-3
-3
-3
-3
-1
-2
-1
-1
-1
2
3
3
3
3
1
1
0
0
1
1
1
2
1
2
2
2
1
2
2
4
5
6
4
4
3
2
2
3
5
7
7
5
4
3
0
-1
2
3
2
2
2
2
0
-1
-1
0
-1
-1
0
0
-2
-3
-5
-4
-5
-5
-4
-3
-5
-5
-6
-7
-5
-4
-2
-3
-3
-5
-8
-9
-9
-7
-5
-6
-4
-4
-3
-3
-2
-1
0
2
2
1
2
1
1
2
2
3
3
3
2
3
4
4
4
4
5
5
6
5
5
4
3
3
2
2
2
2
2
1
0
-1
-3
-1
0
1
2
0
-1
-1
-2
-1
0
1
1
1
-1
-2
-5
-5
-5
-3
-2
0
0
0
-1
0
0
0
1
0
0
1
-1
-1
0
0
2
1
2
1
2
2
2
2
2
2
3
3
5
3
2
2
1
1
-1
0
0
1
1
1
0
-2
-1
-1
0
1
1
0
-1
0
0
0
1
2
2
2
1
-1
-1
-2
0
1
2
1
-1
-1
-1
-1
-2
-2
0
0
1
0
0
0
-1
0
0
-2
-2
-3
-5
-7
-5
-6
-6
-3
-1
-1
0
-1
-1
-2
-3
-2
0
0
0
-1
-1
-1
1
2
2
1
1
-1
0
1
1
1
2
2
4
4
2
5
3
1
1
1
2
2
3
3
2
1
0
0
0
-1
-1
0
-1
-1
-1
-1
-2
-2
-3
-2
-1
-2
-4
-4
-3
-4
-3
-2
-3
-2
-4
-3
-1
-1
-3
-4
-5
-4
-3
-2
-2
-2
-3
-3
-2
0
0
1
2
2
0
1
0
-1
1
1
2
1
2
0
1
2
1
1
3
3
4
3
4
3
4
4
5
5
6
7
6
5
6
4
4
4
4
4
4
6
4
3
2
2
3
3
3
1
0
0
1
1
2
1
1
0
-1
-3
-2
-1
0
0
-1
-2
-3
-5
-5
-5
-5
-5
-6
-4
-4
-3
-2
-2
-2
-3
-3
-3
-3
-3
-3
-1
-2
-1
-1
-3
-2
-2
-2
-2
-2
-1
-1
-2
-2
-2
-2
-3
-1
-1
0
0
-1
-1
-3
-1
0
0
2
0
0
2
2
1
3
2
1
-1
-1
-1
0
1
1
2
1
0
-2
-1
0
0
2
4
4
3
3
2
3
3
2
2
0
-1
-1
-2
-2
0
0
0
1
1
1
1
1
0
0
-2
-1
-1
1
1
0
0
-1
0
0
-1
-2
-3
-3
-4
-1
0
1
1
0
-1
0
-1
0
0
0
0
0
1
2
4
4
4
4
3
2
0
1
0
0
1
1
2
3
3
3
3
3
3
2
3
2
2
1
1
1
0
-1
0
-2
-2
-1
0
0
1
1
0
-2
-1
-2
-2
-1
-1
-1
0
1
0
2
1
0
0
-2
-1
-2
-2
-3
-1
0
0
1
1
1
-1
-1
-3
-3
-3
-1
2
4
3
1
-1
-2
-4
-4
-4
-2
-1
1
0
-1
-3
-3
-1
-1
-2
-3
-4
-3
-1
0
0
2
2
0
1
-1
-3
-4
-4
-4
-4
-3
-2
-1
0
0
-2
-5
-7
-7
-6
-3
-2
-1
3
4
2
1
1
0
1
-1
-2
-2
-2
-2
-1
2
9
11
10
9
7
4
3
2
2
2
0
-2
0
4
4
6
6
2
4
7
10
10
9
6
2
1
3
7
8
11
7
2
2
3
4
2
3
3
0
-3
-4
-6
-1
2
1
4
5
2
-4
-4
-7
-8
-6
-2
4
1
-3
-4
-3
-1
-1
-3
-2
-4
-6
-6
-7
-9
-7
-8
-8
-6
-6
-6
-8
-11
-14
-16
-15
-11
-11
-10
-5
-8
-6
-3
-3
-5
-8
-10
-12
-10
-6
-4
-1
1
-1
-1
0
1
6
13
15
11
8
5
6
8
10
10
6
6
7
8
12
14
16
16
15
14
14
13
13
12
15
14
6
-2
-5
-3
1
6
9
12
10
8
6
3
2
2
0
0
-1
-2
-6
-9
-9
-10
-13
-15
-14
-14
-14
-16
-16
-18
-18
-18
-17
-14
-14
-17
-20
-19
-17
-16
-13
-14
-13
-10
-8
-6
-1
0
-3
-3
-3
-1
5
6
6
6
8
13
13
18
24
23
24
23
24
24
20
18
16
17
18
15
16
19
17
16
19
15
16
18
15
16
17
16
13
7
3
-1
-5
-4
-5
-2
-1
-3
-4
-3
-5
-10
-13
-17
-20
-23
-20
-15
-11
-9
-7
-10
-19
-26
-25
-18
-17
-13
-10
-10
-11
-11
-10
-10
-14
-15
-19
-20
-16
-10
-1
4
4
1
-9
-17
-21
-18
-11
-3
4
8
13
18
100
150
86
-21
-105
-137
-125
-69
-6
162
329
230
-42
-242
-236
-160
-85
-1
99
238
310
166
-82
-241
-185
-136
-122
-69
80
197
99
-77
-262
-279
-176
-155
-145
-91
19
-3
-125
-110
-4
12
-6
56
83
52
43
50
116
221
297
280
222
305
282
165
151
184
223
179
218
332
310
266
180
80
35
15
-21
-48
19
100
59
-11
5
-45
-177
-260
-294
-285
-279
-241
-213
-222
-178
-209
-305
-345
-371
-407
-419
-336
-259
-262
-237
-212
-244
-264
-313
-307
-258
-146
-64
-16
26
44
22
100
149
249
346
400
521
589
630
513
494
565
583
638
759
794
753
772
684
483
290
271
154
54
64
-56
-221
-310
-387
-551
-696
-829
-1009
-1136
-1089
-1138
-1184
-1048
-941
-839
-750
-674
-666
-593
-426
-460
-550
-517
-434
-275
-42
161
220
168
45
-173
-346
-465
-440
-302
86
738
1004
1237
1364
1336
1110
939
856
717
950
1421
1640
2031
2397
2246
2123
2017
1705
1175
1007
954
669
828
887
517
268
127
-344
-1000
-1345
-1850
-2367
-2353
-2317
-2417
-2193
-1792
-1802
-1768
-1591
-1792
-2022
-1789
-1650
-1587
-1113
-621
-277
77
374
89
-355
-453
-731
-863
-741
-579
-571
-183
126
148
812
1023
1229
1257
1537
1500
1487
1846
1657
1730
2097
2242
2272
2588
2638
2600
2611
2647
2126
1779
1702
1015
721
495
124
-395
-593
-926
-1569
-1966
-2277
-2706
-2990
-2989
-3154
-3123
-2783
-2557
-2534
-2221
-1974
-1945
-1587
-1333
-1401
-1499
-1204
-986
-802
-243
-38
-108
-93
3
-513
-731
-753
-974
-1006
-131
907
1139
2184
2594
2715
2636
2716
2213
1581
2093
2139
2298
2997
3360
3278
3530
3746
3087
2431
2149
1371
730
578
-23
-549
-738
-857
-1453
-1835
-2003
-2699
-3124
-3413
-3796
-4076
-3728
-3281
-3088
-2444
-1843
-1573
-1247
-806
-1009
-1344
-1208
-1111
-1046
-540
-128
28
236
451
241
-113
-124
-522
-936
-950
-128
275
1067
2042
2710
3069
3312
3311
2579
2330
2290
2245
2395
2894
3201
3481
3994
4137
3697
3272
2823
1804
1007
270
-485
-1066
-1251
-1321
-1816
-2011
-2213
-2693
-3246
-3592
-4077
-4460
-4258
-4029
-3749
-3100
-2325
-1926
-1288
-784
-884
-1091
-869
-959
-1175
-878
-797
-760
-451
55
-74
-36
95
-106
-592
20
506
488
1394
2040
2592
2873
3557
3244
2744
3131
2905
2595
2933
3116
3077
3485
3863
3475
3066
3074
2192
1390
926
32
-784
-1286
-1483
-2150
-2505
-2662
-3036
-3283
-3465
-3732
-4079
-4018
-3823
-3736
-3380
-2806
-2430
-1838
-1227
-958
-890
-635
-549
-751
-628
-659
-777
-746
-391
-300
-135
-191
-126
-513
-292
619
517
1213
1606
2381
2445
2859
3198
2646
3016
3103
2918
2953
3318
3346
3319
3731
3704
3205
3246
2972
2156
1659
869
-28
-962
-1194
-1796
-2531
-2716
-3050
-3163
-3564
-3565
-4021
-4174
-3875
-3925
-3656
-3285
-2756
-2208
-1547
-965
-892
-741
-450
-458
-425
-451
-407
-410
-403
-291
-413
-285
-226
-246
-426
138
715
855
1401
1881
2273
2325
2776
2665
2530
2816
2821
2714
2958
3288
3240
3433
3713
3522
3381
3354
2917
2216
1673
836
-66
-735
-1144
-1872
-2375
-2626
-2956
-3236
-3488
-3670
-3942
-3895
-3818
-3766
-3576
-3095
-2668
-2196
-1592
-1241
-1012
-751
-368
-210
-158
-45
-171
-210
-194
-256
-403
-240
-253
-378
-518
153
561
852
1469
1906
2219
2451
2923
2667
2551
2715
2604
2459
2661
2791
2742
3052
3478
3301
3217
3257
2629
1988
1496
791
-279
-807
-1266
-2191
-2526
-2695
-2995
-3290
-3381
-3762
-4013
-3750
-3690
-3660
-3426
-3057
-2899
-2384
-1878
-1629
-1361
-819
-381
-263
0
51
-133
-104
-46
-219
-308
-193
-347
-493
-425
186
495
1031
1673
2119
2489
2757
3133
2889
2921
2997
2789
2650
2791
2785
2658
2992
3296
3146
3228
3174
2726
2202
1760
934
-34
-634
-1312
-2152
-2531
-2786
-3208
-3404
-3390
-3549
-3765
-3392
-3357
-3442
-3182
-3039
-2912
-2502
-1948
-1750
-1510
-926
-727
-525
-229
-121
-204
8
156
-166
-201
-125
-346
-369
-351
-97
243
723
1437
1699
2465
2779
3099
3089
2994
3042
2851
2894
2848
2772
2752
2854
2989
2985
2970
2957
2712
2415
1920
1267
425
-327
-965
-1789
-2398
-2817
-3169
-3423
-3673
-3657
-3840
-3553
-3345
-3268
-3081
-2856
-2573
-2431
-2027
-1849
-1721
-1381
-1083
-770
-498
-170
9
90
302
196
87
22
-191
-296
-448
-408
124
437
1090
1433
2062
2415
2763
3105
2918
3021
3022
2994
2824
2740
2752
2573
2817
2851
2624
2635
2675
2467
2099
1803
1183
388
-147
-1008
-1997
-2568
-3073
-3497
-3801
-3753
-3860
-3786
-3382
-3345
-3159
-2894
-2645
-2565
-2184
-1861
-1878
-1644
-1322
-1124
-935
-597
-412
-329
11
181
36
51
59
-127
-217
-351
-146
43
494
988
1306
1956
2368
2845
2969
3114
3256
3219
3221
3069
2909
2706
2695
2820
2699
2586
2485
2341
2185
1982
1570
877
379
-122
-903
-1529
-2182
-2745
-3161
-3524
-3792
-3945
-3662
-3441
-3162
-2726
-2361
-2096
-1878
-1570
-1532
-1497
-1403
-1336
-1186
-1035
-852
-737
-466
-35
60
101
201
180
-27
22
-172
63
296
630
807
1219
1803
2040
2639
2801
3008
3174
3291
3221
3010
3030
2847
2749
2790
2496
2313
2186
2195
1913
1590
1203
564
196
-305
-1027
-1728
-2289
-2768
-3266
-3585
-3767
-3985
-3791
-3655
-3423
-3159
-2731
-2391
-2069
-1653
-1463
-1338
-1277
-1133
-1134
-1107
-1046
-963
-784
-415
-251
-194
-12
146
38
22
-22
211
349
694
891
1250
1739
2148
2498
2676
2886
3051
3205
3254
3304
3216
3179
3037
2926
2631
2384
2188
1908
1602
1314
888
529
132
-303
-937
-1540
-2035
-2533
-2979
-3422
-3654
-3873
-3752
-3673
-3472
-3104
-2625
-2220
-1905
-1656
-1444
-1278
-1035
-866
-847
-771
-741
-590
-516
-361
-203
-83
86
277
373
427
357
620
738
1010
1195
1545
1971
2296
2630
2706
2902
3131
3265
3278
3241
3093
2924
2892
2790
2486
2306
2128
1806
1460
1133
687
248
-59
-477
-1095
-1592
-2083
-2558
-3012
-3455
-3790
-4022
-3888
-3856
-3644
-3310
-2978
-2519
-2067
-1676
-1467
-1263
-1063
-974
-983
-949
-885
-730
-532
-333
-299
-177
-51
166
186
341
313
614
824
1004
1138
1466
1860
2143
2505
2601
2752
3067
3270
3241
3211
3097
2915
2821
2799
2358
2114
1950
1714
1407
1174
748
296
-23
-513
-1170
-1679
-2074
-2521
-2871
-3162
-3441
-3656
-3519
-3525
-3451
-3194
-2836
-2512
-2102
-1692
-1513
-1309
-1009
-918
-950
-868
-786
-802
-683
-486
-492
-362
-73
177
204
447
478
793
934
1180
1272
1627
2101
2346
2673
2828
3068
3221
3349
3276
3131
3015
2929
2793
2639
2369
2124
1959
1804
1509
1120
719
273
-117
-564
-1157
-1689
-2101
-2403
-2821
-3291
-3540
-3723
-3658
-3631
-3386
-3140
-2756
-2397
-2046
-1802
-1663
-1412
-1207
-1016
-975
-955
-926
-765
-687
-591
-474
-278
-190
-12
-21
121
91
502
721
1009
1278
1623
2089
2287
2693
2669
2916
3156
3273
3251
3226
3232
3116
2932
2732
2283
2054
1897
1727
1408
1159
787
310
-15
-463
-1063
-1604
-1982
-2419
-2829
-3179
-3388
-3618
-3473
-3424
-3291
-3143
-2796
-2478
-2135
-1738
-1545
-1274
-968
-730
-718
-595
-572
-522
-478
-416
-418
-299
-124
54
95
226
245
504
775
892
1072
1359
1837
2113
2548
2640
2809
2960
3035
2867
2725
2627
2509
2450
2348
2042
1819
1663
1479
1200
929
659
257
-32
-424
-941
-1432
-1784
-2235
-2610
-3012
-3280
-3470
-3389
-3373
-3332
-3119
-2797
-2435
-2038
-1608
-1407
-1063
-712
-556
-583
-445
-373
-258
-235
-141
-220
-58
74
210
226
369
423
587
1029
1097
1368
1521
2083
2122
2512
2601
2662
2748
2988
2875
2709
2697
2498
2298
2265
2020
1645
1620
1489
1172
866
744
189
-153
-477
-1021
-1643
-1957
-2389
-2832
-3132
-3347
-3595
-3571
-3414
-3412
-3137
-2793
-2400
-2059
-1582
-1361
-1106
-749
-487
-456
-343
-188
-161
-217
-115
-162
-128
95
226
200
259
525
562
1034
1173
1379
1481
1952
2121
2310
2543
2613
2629
2730
2702
2473
2401
2385
2299
2197
2055
1717
1577
1371
1176
853
689
406
70
-265
-760
-1268
-1730
-2157
-2679
-3068
-3375
-3614
-3655
-3530
-3443
-3198
-2838
-2355
-2006
-1555
-1247
-991
-752
-529
-452
-445
-406
-299
-238
-139
-57
-44
34
170
322
357
610
611
1030
1092
1303
1405
1718
1960
2101
2352
2317
2506
2602
2677
2481
2429
2284
2135
2084
1961
1663
1577
1500
1307
999
808
419
-34
-290
-714
-1200
-1607
-1861
-2332
-2665
-2956
-3258
-3444
-3344
-3292
-3141
-2783
-2306
-1973
-1507
-1064
-836
-654
-437
-390
-498
-345
-274
-255
-227
-62
-115
7
116
211
193
391
397
657
966
1093
1209
1477
1863
1914
2200
2221
2304
2386
2510
2401
2360
2342
2209
2074
2010
1688
1468
1363
1211
915
682
494
85
-158
-551
-1037
-1571
-1917
-2261
-2637
-2901
-3095
-3178
-3148
-3053
-2924
-2689
-2244
-1819
-1502
-1169
-916
-668
-464
-321
-357
-319
-257
-215
-212
-170
-185
-119
5
133
232
333
494
568
942
959
1178
1287
1704
1888
2086
2224
2220
2380
2444
2410
2333
2289
2252
2055
2012
1779
1484
1416
1241
1066
771
542
168
-175
-495
-966
-1394
-1805
-2150
-2564
-2886
-3192
-3323
-3237
-3114
-3012
-2699
-2385
-2028
-1689
-1355
-1108
-820
-584
-507
-424
-384
-325
-257
-212
-159
-122
11
72
179
271
363
457
557
963
993
1284
1443
1775
1890
2096
2228
2200
2388
2475
2360
2294
2225
2043
1985
1931
1728
1471
1477
1229
1012
730
491
125
-155
-514
-1011
-1412
-1852
-2229
-2619
-2858
-3174
-3298
-3218
-3083
-2989
-2715
-2397
-2028
-1688
-1279
-1007
-739
-471
-329
-339
-313
-277
-223
-181
-42
54
160
242
352
376
511
630
746
1101
1131
1387
1494
1917
2050
2282
2376
2327
2458
2496
2432
2262
2193
2144
2030
1968
1758
1552
1495
1279
1058
688
441
26
-283
-629
-1107
-1527
-1880
-2250
-2594
-2901
-3099
-3232
-3198
-3109
-3038
-2780
-2517
-2143
-1820
-1450
-1165
-851
-631
-426
-392
-339
-278
-238
-222
-144
-58
-27
161
281
349
400
576
606
985
1081
1314
1449
1806
1928
2075
2308
2295
2479
2520
2546
2336
2336
2156
2040
1875
1637
1361
1315
1199
957
703
457
67
-259
-592
-1085
-1495
-1888
-2245
-2593
-2878
-3157
-3286
-3305
-3175
-3126
-2889
-2614
-2235
-1938
-1569
-1270
-945
-720
-506
-415
-405
-259
-191
-151
-90
45
97
215
315
387
434
555
573
950
1084
1364
1530
1944
2141
2322
2455
2422
2498
2566
2573
2460
2421
2290
2097
1934
1783
1492
1385
1287
1080
849
628
270
-65
-365
-802
-1232
-1627
-2042
-2442
-2823
-3072
-3200
-3215
-3116
-3041
-2776
-2546
-2178
-1891
-1516
-1244
-917
-625
-433
-382
-334
-302
-272
-199
-199
-80
-25
130
204
373
359
544
557
870
971
1137
1347
1566
1810
1901
2207
2214
2354
2456
2457
2357
2312
2194
2024
1909
1785
1492
1386
1262
1068
785
595
317
-56
-362
-765
-1269
-1640
-1911
-2226
-2597
-2887
-3100
-3224
-3200
-3258
-3128
-2846
-2382
-2046
-1644
-1264
-960
-720
-507
-401
-415
-281
-221
-217
-218
-89
-69
72
189
334
364
516
550
674
985
1043
1308
1505
1917
1980
2227
2293
2350
2434
2502
2367
2289
2173
2075
1888
1792
1560
1351
1282
1111
951
740
510
110
-121
-457
-881
-1302
-1665
-2037
-2412
-2727
-2921
-3063
-3087
-3107
-2997
-2776
-2542
-2223
-1934
-1602
-1351
-999
-763
-555
-458
-350
-266
-159
-177
-101
-40
32
127
192
251
338
536
582
938
972
1206
1349
1743
1866
2082
2239
2226
2319
2431
2388
2302
2363
2263
2128
2005
1796
1429
1403
1195
998
780
702
351
29
-175
-593
-992
-1307
-1643
-2010
-2355
-2711
-3014
-3130
-3120
-3115
-2845
-2516
-2150
-1869
-1482
-1177
-915
-633
-398
-278
-205
-95
-56
-104
-125
-121
-153
-53
-1
85
102
289
261
523
717
866
1074
1357
1669
1774
2003
2055
2102
2125
2198
2062
1977
1910
1860
1669
1608
1386
1275
1149
977
731
536
289
-23
-281
-613
-955
-1320
-1607
-1938
-2296
-2615
-2749
-2917
-2935
-2907
-2830
-2602
-2213
-1815
-1491
-1086
-733
-480
-325
-209
-233
-264
-197
-165
-155
-47
79
140
284
378
464
532
616
587
761
866
1005
1178
1395
1617
1686
1936
1922
2052
2102
2094
2000
1989
1879
1770
1635
1425
1232
1125
947
732
563
381
175
-91
-286
-626
-986
-1346
-1636
-1958
-2252
-2536
-2695
-2827
-2801
-2789
-2550
-2268
-1958
-1622
-1306
-1002
-797
-517
-415
-247
-146
-26
-9
19
-18
2
57
79
151
206
327
356
474
479
761
838
1041
1162
1378
1456
1566
1780
1737
1936
2023
2068
1932
1915
1784
1612
1516
1353
1080
965
884
721
578
453
197
-57
-274
-601
-991
-1274
-1533
-1868
-2181
-2402
-2570
-2685
-2580
-2498
-2304
-2073
-1743
-1537
-1226
-909
-683
-444
-227
-133
-143
-56
-69
-121
-137
-66
-33
49
156
168
194
266
341
244
486
557
719
888
1124
1278
1410
1602
1562
1673
1818
1795
1695
1736
1699
1525
1436
1337
1075
971
881
713
568
476
267
63
-96
-333
-643
-931
-1262
-1591
-1911
-2158
-2325
-2417
-2348
-2297
-2176
-1932
-1655
-1398
-1148
-797
-567
-365
-230
-145
-163
-155
-107
-110
-101
-116
-97
-125
-86
-62
40
127
240
279
425
638
696
838
960
1132
1214
1468
1583
1580
1669
1736
1661
1608
1579
1425
1276
1262
1096
942
917
838
715
630
484
191
-58
-237
-532
-771
-1011
-1262
-1526
-1756
-1974
-2156
-2189
-2103
-2078
-1866
-1600
-1375
-1171
-857
-660
-491
-279
-157
-124
-131
-99
-178
-194
-168
-152
-116
-38
40
13
89
127
205
127
335
465
525
707
877
1100
1176
1427
1376
1467
1540
1557
1419
1410
1277
1122
1046
1061
900
873
908
801
633
505
319
46
-96
-349
-626
-851
-1027
-1338
-1528
-1692
-1811
-1916
-1875
-1839
-1806
-1605
-1418
-1214
-1044
-758
-633
-436
-275
-204
-248
-236
-194
-233
-206
-149
-155
-137
-33
-49
-74
53
65
134
167
374
462
545
729
812
1006
1086
1318
1263
1344
1378
1367
1258
1257
1203
1160
1136
1066
900
819
820
718
623
521
343
131
-45
-191
-403
-573
-761
-966
-1157
-1296
-1407
-1525
-1496
-1465
-1436
-1399
-1214
-1079
-946
-658
-526
-386
-272
-166
-175
-148
-135
-176
-195
-201
-204
-141
-61
-2
-12
80
107
83
54
41
210
172
377
424
614
719
928
1024
1080
1153
1241
1223
1199
1182
1065
991
929
831
661
678
607
521
443
408
260
199
132
-63
-241
-383
-577
-755
-913
-1073
-1250
-1359
-1345
-1427
-1363
-1259
-1114
-1050
-813
-693
-641
-501
-364
-326
-294
-193
-241
-269
-305
-335
-449
-364
-329
-301
-300
-192
-201
-121
-60
-48
128
130
326
316
636
614
794
818
930
947
1058
1035
1017
1048
982
995
934
897
737
824
728
741
717
757
628
600
503
345
195
42
-159
-361
-535
-711
-877
-1006
-1081
-1196
-1093
-1089
-931
-826
-662
-618
-545
-478
-460
-492
-480
-484
-522
-492
-509
-481
-449
-349
-334
-318
-312
-267
-229
-218
-198
-292
-92
-125
-3
50
202
280
357
530
502
646
751
890
922
1012
1016
1023
1026
969
902
916
952
913
921
943
929
871
845
722
522
389
241
27
-216
-435
-616
-780
-825
-933
-979
-961
-946
-966
-925
-802
-794
-678
-582
-517
-549
-510
-521
-599
-612
-638
-659
-677
-627
-676
-627
-589
-545
-528
-480
-470
-518
-290
-256
-115
-51
153
209
327
439
513
635
775
859
907
991
959
1011
1054
1110
1094
1246
1314
1358
1325
1384
1311
1281
1189
1088
936
757
584
328
69
-225
-416
-682
-761
-929
-1000
-1051
-1002
-1033
-1046
-1030
-1041
-993
-1007
-953
-976
-930
-902
-888
-918
-859
-872
-878
-877
-889
-905
-914
-879
-835
-787
-702
-683
-612
-436
-424
-255
-144
85
146
401
499
622
800
934
1001
1031
1211
1228
1357
1472
1548
1579
1767
1828
1913
1971
1985
1887
1829
1671
1406
1173
976
733
401
144
-159
-448
-676
-845
-1088
-1197
-1297
-1302
-1370
-1320
-1358
-1324
-1255
-1253
-1244
-1231
-1165
-1219
-1176
-1192
-1189
-1218
-1144
-1156
-1118
-1030
-971
-897
-821
-708
-575
-435
-344
-131
-89
63
146
288
349
541
680
758
1026
1170
1283
1391
1580
1618
1816
1985
2023
2019
2085
2073
1992
2003
1956
1828
1717
1582
1305
1083
853
520
202
-87
-422
-734
-947
-1194
-1455
-1597
-1697
-1828
-1880
-1825
-1820
-1787
-1706
-1673
-1697
-1614
-1537
-1536
-1491
-1399
-1368
-1317
-1237
-1179
-1102
-982
-900
-801
-655
-535
-445
-335
-257
-188
-39
0
184
279
526
653
911
1054
1262
1469
1634
1768
1927
2074
2113
2222
2216
2209
2168
2230
2144
2108
2042
1911
1704
1552
1328
989
763
477
125
-198
-467
-833
-1109
-1368
-1596
-1822
-1876
-1963
-1997
-1990
-1955
-1938
-1879
-1763
-1747
-1721
-1636
-1544
-1496
-1371
-1286
-1217
-1142
-1036
-998
-892
-741
-617
-527
-386
-255
-201
-72
49
79
238
349
479
604
823
1022
1141
1396
1456
1648
1800
1946
2030
2168
2197
2222
2288
2189
2058
1983
1878
1713
1616
1521
1320
1132
950
727
506
300
10
-259
-504
-799
-1088
-1358
-1595
-1858
-2030
-2169
-2239
-2234
-2189
-2094
-2039
-1884
-1759
-1674
-1565
-1410
-1327
-1229
-1143
-1118
-1089
-1007
-940
-880
-693
-559
-482
-363
-211
-136
15
158
293
382
534
672
735
911
1008
1137
1208
1399
1365
1444
1568
1658
1688
1814
1861
1805
1875
1809
1691
1646
1597
1398
1293
1225
1060
901
863
708
456
288
31
-252
-517
-801
-1086
-1290
-1506
-1680
-1828
-1861
-1894
-1881
-1842
-1704
-1605
-1483
-1302
-1257
-1257
-1209
-1140
-1092
-999
-936
-893
-829
-743
-684
-564
-423
-287
-110
90
226
319
452
515
572
648
726
756
715
753
754
796
836
967
992
1070
1188
1272
1309
1362
1424
1405
1456
1465
1391
1311
1287
1173
1037
976
861
720
606
499
296
176
9
-235
-436
-655
-910
-1097
-1226
-1358
-1488
-1552
-1606
-1652
-1669
-1622
-1607
-1532
-1417
-1334
-1247
-1112
-987
-936
-825
-710
-642
-563
-420
-359
-308
-159
-26
74
213
284
323
376
466
473
511
514
528
543
514
546
569
627
603
706
693
733
797
874
896
971
1030
1040
1085
1106
1058
1003
1023
999
920
864
803
681
624
531
381
250
78
-158
-377
-552
-751
-964
-1130
-1267
-1380
-1423
-1433
-1434
-1411
-1346
-1290
-1165
-1042
-973
-942
-912
-872
-831
-759
-661
-590
-493
-344
-260
-174
-80
42
147
248
328
373
480
504
493
468
483
375
318
272
211
184
198
251
252
357
380
508
619
723
787
912
988
1014
1043
1082
1058
1045
1085
1036
966
898
808
683
597
521
413
305
206
54
-86
-224
-383
-553
-723
-893
-1054
-1175
-1278
-1287
-1288
-1275
-1267
-1222
-1178
-1110
-1032
-965
-865
-802
-724
-653
-543
-437
-314
-226
-146
-53
-4
64
140
190
258
312
351
388
446
448
381
284
215
205
140
184
237
301
374
465
524
612
704
776
833
877
944
947
1037
1054
1043
1054
1040
971
922
889
789
675
584
445
323
201
81
-108
-283
-445
-628
-780
-926
-1085
-1253
-1370
-1463
-1517
-1538
-1537
-1510
-1445
-1365
-1276
-1158
-1065
-964
-876
-750
-644
-557
-444
-350
-220
-126
-39
52
163
260
392
505
580
613
610
607
587
577
548
530
451
464
384
346
276
256
294
351
448
482
594
670
817
861
996
1037
1087
1120
1111
1083
985
941
838
771
684
616
529
433
295
136
-21
-190
-346
-501
-654
-802
-938
-1075
-1222
-1330
-1370
-1414
-1430
-1442
-1367
-1295
-1194
-1076
-956
-859
-725
-613
-478
-322
-194
-82
-18
45
92
160
199
275
362
427
463
505
576
571
572
568
570
526
437
343
221
101
-4
-90
-138
-147
-119
-78
10
106
204
321
429
533
683
782
840
899
878
833
769
710
602
501
394
313
276
215
157
86
-25
-142
-248
-352
-485
-590
-708
-824
-903
-955
-972
-972
-972
-934
-887
-847
-731
-613
-514
-417
-288
-214
-135
-27
51
128
187
272
288
307
294
267
237
231
230
227
241
202
133
76
26
-51
-114
-182
-223
-266
-317
-388
-466
-477
-473
-385
-291
-184
-95
13
104
231
351
465
598
677
805
900
938
926
918
888
835
768
702
641
557
518
446
425
381
324
259
204
132
45
-25
-130
-247
-346
-408
-467
-475
-475
-478
-485
-479
-439
-419
-415
-416
-384
-376
-352
-347
-324
-334
-365
-372
-393
-452
-480
-525
-514
-517
-516
-474
-490
-440
-424
-409
-424
-412
-432
-421
-390
-346
-337
-313
-279
-220
-105
11
124
229
377
464
582
675
794
876
955
1023
1085
1131
1187
1225
1240
1247
1220
1180
1132
1084
1017
962
885
786
692
592
477
355
194
68
-89
-222
-348
-494
-651
-761
-862
-927
-939
-960
-978
-996
-1026
-1101
-1136
-1218
-1223
-1207
-1211
-1178
-1138
-1096
-1039
-965
-874
-783
-689
-564
-464
-356
-301
-284
-228
-176
-119
-23
25
89
153
196
234
285
330
362
417
500
596
645
727
805
888
953
1013
1049
1098
1141
1201
1231
1224
1236
1222
1203
1177
1134
1051
970
826
705
571
461
334
229
162
30
-116
-264
-401
-533
-656
-792
-929
-1037
-1125
-1206
-1248
-1311
-1337
-1383
-1371
-1313
-1255
-1198
-1096
-993
-874
-777
-693
-601
-496
-395
-274
-180
-107
-54
0
84
147
230
303
356
396
444
461
470
515
562
571
585
585
547
527
528
514
489
466
438
417
428
417
379
401
407
427
455
486
537
555
604
622
625
570
523
447
370
292
210
135
34
-35
-104
-143
-209
-278
-337
-361
-424
-474
-523
-591
-646
-701
-745
-790
-833
-868
-859
-842
-784
-728
-665
-566
-472
-390
-348
-284
-233
-159
-45
20
103
167
202
197
208
248
256
287
337
327
283
263
235
181
150
137
126
69
35
-13
-84
-146
-174
-198
-226
-221
-178
-104
-34
29
101
147
187
266
336
436
457
488
545
593
647
724
744
677
592
506
399
326
286
264
287
263
229
158
82
-6
-68
-90
-136
-155
-208
-250
-309
-365
-421
-422
-436
-411
-375
-376
-378
-399
-409
-416
-378
-348
-313
-292
-276
-287
-295
-313
-326
-323
-326
-334
-349
-337
-340
-344
-313
-272
-233
-164
-139
-134
-117
-121
-116
-120
-100
-41
41
116
192
250
296
335
320
343
360
385
413
473
505
528
534
523
545
549
573
581
583
569
542
499
450
455
465
448
447
442
372
319
243
175
140
90
38
14
-15
-86
-170
-251
-325
-402
-459
-515
-570
-636
-691
-734
-775
-803
-800
-787
-742
-690
-644
-597
-549
-497
-454
-401
-342
-294
-252
-231
-225
-160
-88
-33
7
50
81
134
144
172
203
206
212
204
193
194
201
224
252
289
311
275
268
256
247
255
258
292
327
339
370
402
427
448
464
473
462
454
425
430
437
424
410
359
299
248
187
105
39
-15
-49
-76
-125
-163
-208
-266
-333
-386
-426
-453
-500
-528
-537
-530
-520
-529
-544
-531
-517
-496
-439
-388
-354
-305
-259
-238
-179
-97
-51
-23
10
31
36
21
-2
4
23
34
42
76
100
80
84
113
122
152
172
150
157
163
164
169
196
230
228
233
245
246
222
261
287
312
328
329
342
368
384
380
381
350
334
286
253
200
147
76
36
28
44
55
62
58
17
-16
-53
-96
-138
-157
-196
-211
-234
-270
-294
-336
-334
-356
-326
-333
-361
-396
-443
-465
-462
-436
-404
-353
-324
-266
-249
-253
-264
-238
-191
-153
-148
-77
34
24
-33
-40
-23
-67
-51
-9
9
40
117
177
215
228
218
223
231
244
247
254
255
252
226
177
151
111
86
63
27
12
0
-11
-13
-14
11
43
63
90
60
44
64
72
50
82
108
126
181
187
182
152
134
129
91
72
58
10
4
35
38
47
38
22
1
15
-4
-43
-55
-51
-55
-31
-15
-12
15
19
26
18
19
22
17
34
56
90
88
80
72
56
37
29
3
-35
-74
-145
-172
-182
-196
-193
-178
-174
-173
-161
-163
-191
-217
-266
-278
-309
-324
-297
-307
-299
-287
-268
-249
-211
-173
-142
-109
-95
-53
9
78
154
265
339
348
399
433
442
448
452
457
454
452
441
450
426
419
400
386
376
348
292
235
170
111
50
3
-48
-94
-139
-163
-167
-204
-244
-228
-236
-255
-267
-301
-312
-342
-365
-406
-421
-437
-454
-433
-426
-429
-427
-490
-550
-554
-547
-524
-507
-485
-483
-477
-450
-435
-435
-410
-318
-219
-132
-57
7
58
115
197
289
369
468
548
612
684
753
804
853
929
1016
1070
1086
1082
1049
1005
942
870
819
765
715
629
545
433
316
215
138
75
-1
-67
-164
-266
-351
-425
-477
-511
-553
-580
-606
-630
-693
-717
-753
-777
-772
-762
-713
-708
-705
-693
-679
-678
-674
-655
-633
-621
-576
-519
-468
-432
-394
-359
-324
-262
-201
-127
-90
-22
62
106
172
248
277
335
419
443
492
569
636
665
693
740
756
760
773
779
776
767
729
679
643
634
607
566
503
445
365
289
231
151
89
68
28
-39
-98
-155
-192
-242
-256
-284
-289
-323
-371
-382
-406
-418
-417
-394
-363
-349
-347
-340
-337
-333
-307
-276
-266
-270
-274
-282
-249
-256
-262
-237
-227
-189
-134
-129
-143
-143
-144
-128
-115
-106
-109
-129
-153
-153
-169
-151
-137
-115
-71
-66
-48
-65
-61
-39
-27
0
38
53
68
87
77
87
98
103
124
137
129
119
110
110
151
197
245
294
357
405
439
452
484
509
520
545
531
495
469
446
432
446
430
423
404
370
337
281
230
211
184
157
132
78
40
-16
-86
-124
-151
-209
-250
-302
-349
-397
-443
-483
-535
-580
-609
-667
-743
-762
-756
-738
-716
-702
-712
-720
-722
-690
-649
-616
-556
-502
-426
-335
-275
-225
-143
-60
9
80
159
222
287
334
405
472
517
559
622
658
693
741
752
771
782
787
808
848
855
851
813
748
704
653
599
556
504
442
381
322
266
224
185
127
60
-5
-87
-159
-235
-337
-410
-473
-559
-636
-682
-709
-767
-816
-866
-911
-948
-959
-950
-966
-950
-944
-921
-892
-867
-843
-815
-767
-676
-602
-560
-507
-464
-406
-327
-231
-109
-14
42
122
197
278
372
453
534
613
707
787
836
867
900
891
888
892
891
912
916
911
924
943
902
854
809
752
692
625
563
458
374
298
231
166
91
31
-18
-69
-126
-182
-242
-282
-332
-402
-430
-465
-520
-549
-582
-616
-634
-650
-674
-688
-689
-660
-625
-585
-565
-521
-491
-455
-410
-357
-308
-271
-223
-195
-130
-109
-73
-22
23
84
144
191
229
276
283
284
286
296
322
391
436
454
446
424
402
376
349
302
275
237
208
188
154
101
56
25
1
-20
-30
-44
-94
-108
-127
-155
-178
-209
-219
-213
-198
-199
-224
-223
-216
-222
-202
-195
-170
-153
-147
-118
-97
-89
-86
-75
-77
-67
-40
-33
-30
-17
13
36
77
119
136
161
228
278
307
331
347
348
361
346
327
313
278
244
208
185
159
138
109
62
10
-24
-88
-134
-151
-171
-183
-210
-238
-270
-311
-360
-398
-420
-410
-432
-436
-414
-380
-381
-373
-324
-279
-225
-196
-152
-116
-97
-95
-56
-19
16
24
0
-18
-43
-31
-14
-3
29
51
75
138
163
195
243
250
281
342
365
372
393
401
409
412
401
424
419
419
425
416
406
391
362
334
322
291
252
216
160
113
59
-21
-60
-107
-128
-138
-164
-205
-237
-280
-300
-300
-314
-307
-308
-327
-343
-355
-373
-389
-377
-367
-368
-349
-350
-348
-350
-328
-309
-294
-281
-268
-250
-226
-206
-180
-159
-143
-106
-74
-43
-11
18
19
23
42
66
97
113
128
156
171
220
259
302
338
368
394
403
400
392
379
370
387
415
423
414
432
424
399
367
318
268
261
246
222
200
154
106
59
25
-15
-61
-109
-130
-157
-198
-228
-254
-268
-277
-274
-273
-295
-311
-334
-366
-387
-400
-421
-433
-405
-384
-337
-297
-273
-252
-244
-235
-229
-204
-204
-180
-147
-101
-89
-49
-36
-32
8
35
39
36
32
26
45
45
57
89
135
189
239
270
263
262
277
267
273
279
256
250
244
248
238
221
214
202
186
196
207
180
156
130
121
111
87
87
75
42
36
28
-2
-25
-54
-51
-56
-46
-32
-47
-60
-91
-105
-98
-99
-88
-78
-90
-118
-140
-137
-132
-133
-136
-120
-107
-109
-110
-109
-112
-110
-104
-82
-63
-47
-38
-38
-26
-17
9
4
-11
-22
-34
-53
-77
-88
-77
-76
-68
-46
-47
-57
-63
-58
-56
-41
-37
-52
-60
-81
-93
-100
-117
-127
-146
-138
-136
-134
-114
-112
-108
-94
-74
-59
-12
24
56
75
77
66
75
85
84
109
126
122
115
135
150
160
200
238
270
290
300
311
296
296
305
310
317
316
306
275
240
193
155
147
139
140
152
141
111
87
57
28
6
-6
-26
-63
-86
-136
-181
-216
-230
-247
-235
-245
-248
-263
-287
-316
-347
-359
-344
-319
-304
-257
-246
-276
-285
-282
-302
-291
-288
-275
-251
-242
-215
-193
-173
-147
-91
-40
14
59
95
127
144
174
185
224
261
276
293
300
291
288
292
327
365
380
395
401
385
378
354
315
296
258
219
181
148
116
109
92
69
47
-4
-38
-68
-84
-87
-117
-117
-120
-149
-172
-187
-204
-215
-224
-219
-194
-199
-190
-205
-216
-195
-170
-167
-153
-152
-160
-184
-189
-158
-142
-116
-93
-69
-60
-80
-95
-88
-97
-68
-28
16
40
48
64
88
101
111
150
157
146
108
74
34
12
2
10
44
48
33
20
-4
-5
17
32
16
-15
-35
-46
-32
-6
6
-1
-12
-30
-49
-54
-50
-53
-60
-45
-23
-8
2
9
22
42
51
63
87
94
102
97
94
85
69
76
98
116
133
141
125
106
104
107
103
105
93
94
96
96
96
85
55
35
32
12
-8
-11
-31
-67
-85
-91
-86
-72
-57
-66
-86
-126
-151
-165
-170
-174
-188
-203
-220
-232
-240
-244
-223
-217
-216
-167
-121
-84
-60
-52
-42
-28
-10
23
38
57
51
45
43
51
66
69
94
135
176
197
228
245
225
210
185
181
174
175
180
177
175
192
210
199
208
210
210
200
200
175
151
136
113
90
68
25
-13
-25
-44
-60
-95
-138
-161
-191
-213
-220
-256
-253
-247
-253
-262
-265
-259
-261
-233
-226
-224
-222
-227
-206
-182
-163
-131
-121
-107
-111
-110
-99
-86
-46
1
53
89
101
101
82
63
69
73
87
101
95
85
81
85
93
115
133
159
151
135
127
108
81
83
72
71
69
69
76
60
55
48
23
-16
-43
-58
-57
-34
-46
-58
-41
-40
-35
-40
-53
-77
-109
-127
-156
-148
-110
-96
-75
-35
4
28
29
43
49
48
59
66
87
103
118
126
112
101
91
75
72
79
90
96
85
77
78
84
100
98
103
98
72
58
5
-37
-50
-67
-58
-10
28
23
28
12
-16
-18
-33
-37
-46
-86
-123
-163
-175
-164
-158
-136
-105
-85
-87
-77
-77
-73
-80
-80
-66
-66
-69
-64
-48
-35
-6
19
26
40
39
4
-27
-34
-52
-58
-28
-8
5
3
-13
-10
4
17
45
67
82
75
57
44
18
4
6
-2
15
43
45
48
42
38
42
60
72
88
108
115
102
91
68
71
58
71
103
99
89
85
75
47
46
73
76
72
88
87
52
29
15
-10
-16
-2
14
11
10
-16
-19
-24
-36
-21
-9
-23
-22
-27
-48
-68
-73
-96
-131
-143
-144
-150
-184
-202
-210
-212
-212
-186
-151
-127
-117
-104
-111
-143
-184
-210
-196
-167
-132
-87
-52
-41
-6
10
12
29
61
72
81
74
56
64
84
109
142
180
206
226
221
207
181
163
137
125
141
143
139
144
129
132
141
134
144
126
104
92
91
85
79
75
48
17
15
8
-30
-58
-87
-110
-124
-145
-142
-138
-156
-159
-165
-193
-210
-230
-231
-225
-210
-204
-200
-194
-162
-131
-115
-89
-81
-74
-68
-39
-20
-21
-12
-4
4
21
54
87
96
121
153
175
175
171
170
147
128
123
110
115
121
123
109
101
121
138
137
130
145
145
112
82
57
41
14
10
16
-2
-27
-34
-63
-56
-48
-49
-40
-57
-67
-52
-35
-31
-20
-21
-41
-68
-75
-70
-53
-34
-16
-39
-76
-93
-101
-82
-52
-27
-15
-23
-52
-82
-89
-80
-57
-34
-9
-1
-15
-30
-53
-67
-54
-49
-43
-30
1
27
7
5
4
-11
-13
-3
-3
8
21
21
9
0
10
2
22
42
54
54
38
49
39
25
20
5
16
27
34
44
65
79
81
67
51
53
66
88
113
129
135
131
109
111
123
117
111
114
109
73
41
43
53
48
68
73
45
26
0
-1
-25
-61
-70
-62
-72
-84
-88
-95
-89
-95
-86
-72
-78
-106
-113
-119
-155
-174
-187
-200
-208
-186
-161
-145
-139
-122
-131
-159
-152
-128
-116
-98
-81
-96
-98
-92
-98
-57
-26
-28
-18
-10
-13
-5
-9
5
15
17
37
40
50
39
33
62
98
127
153
181
182
172
176
172
172
181
180
172
162
146
131
125
114
121
127
137
132
108
90
50
15
9
14
15
9
15
2
-23
-32
-39
-48
-48
-48
-55
-47
-55
-58
-44
-36
-31
-24
-23
-27
-50
-59
-87
-124
-129
-142
-131
-115
-100
-62
-51
-39
-26
-42
-54
-51
-51
-25
-26
-10
-11
-39
-43
-43
-53
-35
-9
31
58
50
56
52
68
78
97
103
116
104
95
82
55
41
36
38
35
43
45
37
40
41
37
62
52
59
41
12
11
3
-8
1
18
19
13
9
-5
-28
-44
-53
-55
-58
-49
-28
-29
-40
-42
-53
-62
-60
-43
-43
-56
-57
-63
-72
-85
-97
-106
-116
-114
-108
-106
-106
-98
-86
-88
-85
-76
-65
-56
-48
-27
-27
-35
-28
-27
-26
-20
-26
-36
-26
5
25
37
43
55
63
58
52
33
18
13
26
39
45
69
98
97
111
131
132
139
151
155
150
159
163
176
170
166
167
169
174
180
172
148
123
101
91
97
96
92
99
93
46
1
-18
-26
-13
10
23
-1
-44
-96
-136
-167
-189
-194
-174
-162
-170
-169
-187
-188
-178
-189
-192
-192
-197
-197
-195
-189
-195
-194
-171
-145
-141
-124
-108
-115
-102
-106
-110
-90
-50
-15
20
65
99
118
101
90
92
100
112
125
124
116
109
103
102
101
105
108
111
106
120
157
160
169
177
155
125
86
50
37
37
33
39
47
49
42
27
15
6
-4
3
2
-1
-8
-14
-21
-19
-18
-21
-30
-40
-44
-62
-67
-65
-82
-68
-47
-29
4
25
18
2
-20
-30
-30
-33
-20
2
-6
-19
-28
-38
-43
-42
-25
-7
-2
-6
-23
-49
-85
-106
-113
-111
-113
-116
-120
-132
-119
-120
-111
-119
-122
-126
-121
-96
-74
-52
-34
-6
8
17
36
58
46
45
53
41
33
21
18
27
54
94
115
139
154
148
129
121
111
100
83
84
84
71
67
61
58
61
80
89
98
99
95
66
50
34
34
34
19
28
26
35
38
40
37
20
-5
-14
-12
-32
-44
-57
-69
-74
-62
-47
-67
-77
-80
-60
-31
-24
-26
-19
-28
-33
-34
-51
-61
-74
-79
-84
-54
-33
-18
-1
6
3
-2
-2
14
18
1
0
-20
-36
-31
-7
19
44
74
87
92
91
76
42
19
6
-7
-27
-6
18
36
51
76
85
73
62
38
18
-2
-5
-6
-9
-1
-1
-4
1
-1
2
-17
-48
-54
-57
-51
-33
-27
-21
-21
-50
-76
-74
-94
-109
-106
-101
-96
-122
-129
-105
-91
-86
-56
-40
-55
-52
-45
-52
-55
-45
-41
-61
-70
-76
-72
-47
-6
42
76
114
128
127
115
98
86
80
85
64
53
59
66
85
98
110
109
105
91
93
84
63
62
52
41
34
35
32
34
35
27
32
19
13
16
12
12
-7
-23
-36
-35
-41
-50
-40
-41
-39
-38
-29
-34
-52
-57
-61
-53
-54
-37
-20
-9
-9
-11
-8
-17
-10
-34
-38
-30
-46
-50
-56
-49
-38
-14
10
16
4
-10
-5
-2
-18
-9
-16
-35
-47
-54
-60
-76
-73
-56
-51
-43
-13
-2
-4
1
4
-2
0
-5
-3
18
23
19
27
11
25
46
53
50
52
58
39
38
50
72
84
103
118
110
117
109
98
93
80
90
93
83
76
88
84
86
88
76
63
39
21
18
-1
-18
-32
-61
-92
-105
-111
-100
-83
-85
-88
-97
-113
-126
-119
-101
-101
-94
-89
-105
-96
-92
-96
-90
-77
-70
-77
-87
-77
-82
-87
-78
-52
-25
-9
-5
-8
-7
3
1
-1
14
19
41
83
103
112
110
103
101
94
101
104
104
99
105
93
85
99
99
106
104
87
85
84
63
50
58
45
44
30
16
9
-15
-26
-25
-15
-19
-17
-28
-47
-48
-35
-30
-27
-6
-1
-14
-32
-55
-73
-87
-92
-88
-71
-69
-64
-54
-46
-44
-32
-25
-28
-53
-59
-67
-73
-70
-64
-59
-58
-39
-14
-13
-6
13
10
4
22
17
34
55
52
55
69
64
54
53
32
43
14
-1
-19
-19
-4
-3
23
47
50
35
41
27
5
-14
-32
-40
-55
-53
-30
-17
-12
-2
-11
-24
-18
-17
-28
-28
-34
-40
-47
-48
-50
-53
-61
-68
-43
-32
-27
-4
7
11
7
-1
0
-4
-8
7
9
16
38
35
65
87
88
74
54
26
10
15
19
28
40
42
35
12
5
6
24
41
41
48
54
45
38
30
10
5
4
1
8
12
12
5
-2
8
-1
2
6
10
9
17
1
-7
2
-9
7
25
37
36
32
18
12
11
3
4
-6
-8
-7
-14
-8
-12
-7
14
24
38
51
37
25
6
-11
-4
10
28
30
22
3
-14
-30
-44
-30
-6
14
12
-15
-16
-32
-71
-87
-77
-72
-65
-70
-78
-67
-55
-65
-63
-54
-53
-67
-71
-74
-87
-109
-116
-111
-117
-104
-82
-65
-51
-32
-29
-36
-31
-18
-12
-7
5
34
41
29
27
18
16
12
32
60
55
60
72
65
69
81
90
104
101
99
89
72
61
47
45
59
82
95
98
92
78
56
49
41
31
39
28
17
2
-19
-29
-44
-48
-25
0
7
12
11
-8
-14
-17
-19
-8
1
-1
2
-9
-9
-12
-9
10
25
33
49
54
31
22
13
21
40
34
32
26
12
0
-8
-10
-14
-26
-26
-15
-22
-46
-54
-50
-52
-36
-2
5
14
8
-13
-25
-43
-63
-76
-77
-66
-55
-43
-43
-44
-45
-40
-16
-12
-15
-15
-19
-32
-40
-35
-42
-40
-52
-68
-66
-73
-73
-68
-55
-25
11
28
35
50
46
39
34
30
21
27
21
10
17
-10
-11
-30
-37
-22
-8
4
18
21
16
10
8
19
32
39
48
45
24
16
-1
-16
-26
-21
-13
-1
-4
13
23
35
50
52
67
71
69
49
35
24
25
28
25
29
26
33
22
29
35
23
27
34
45
43
31
8
0
-14
-25
-10
-5
9
28
19
-1
-3
-16
-25
-18
-20
-10
-13
-28
-48
-57
-63
-75
-51
-34
-28
-9
-11
-14
-1
10
9
20
19
3
-1
-2
2
3
8
7
24
24
29
26
13
3
-15
-30
-26
-15
-15
-4
7
15
31
38
29
37
43
31
29
9
-31
-34
-28
-22
1
18
20
10
-3
-17
-28
-44
-46
-38
-30
-26
-29
-24
-24
-23
-3
9
16
23
29
21
-6
-11
-14
-13
-12
-17
-5
2
-2
-4
-10
-11
-19
-22
-38
-46
-53
-39
-27
-22
-10
-10
-25
-40
-38
-27
-19
-14
-4
-6
3
10
12
11
11
10
1
-29
-36
-45
-47
-34
-9
10
13
28
24
26
24
17
23
27
38
49
40
29
11
-2
1
6
11
6
-13
-26
-14
10
30
41
54
60
46
26
17
11
8
14
15
29
26
22
31
22
9
11
-2
-18
-5
-6
-19
-43
-42
-29
-19
-1
10
10
3
-11
-14
-20
-31
-31
-22
-12
-5
1
-4
-7
-9
-5
-2
17
33
35
34
15
6
6
13
34
60
71
76
98
97
84
66
55
46
39
45
48
43
37
36
51
55
55
64
60
66
34
21
2
-21
-25
-10
-1
-3
-9
-26
-24
-34
-49
-40
-25
-31
-30
-32
-35
-38
-49
-43
-37
-35
-42
-43
-58
-74
-71
-70
-73
-72
-68
-53
-44
-58
-52
-49
-49
-66
-73
-85
-96
-94
-88
-79
-71
-65
-67
-59
-59
-55
-49
-45
-40
-41
-39
-29
-29
-23
-14
-20
-9
-7
-22
-26
-35
-27
-22
-11
6
6
6
6
12
20
38
62
78
81
77
82
84
90
105
95
76
69
64
48
43
55
49
56
69
64
68
70
70
71
71
71
65
58
42
34
28
19
14
9
14
4
5
13
15
8
1
-5
-9
-13
-12
-15
-19
-24
-38
-47
-49
-43
-40
-28
-15
-7
10
-6
-14
-10
-18
-12
6
17
26
30
20
22
19
3
4
4
1
-4
0
7
3
2
6
8
10
11
20
29
33
39
44
46
42
42
29
9
0
-16
-28
-39
-34
-18
-9
11
17
6
-7
-15
-31
-33
-41
-39
-27
-28
-31
-38
-39
-45
-43
-39
-36
-30
-32
-38
-50
-59
-51
-48
-44
-38
-34
-35
-34
-36
-43
-44
-50
-50
-40
-28
-25
-21
-22
-22
-12
-15
-6
0
-4
1
3
2
9
20
32
46
55
54
41
29
25
25
31
45
49
50
49
48
44
45
46
38
31
29
30
23
21
25
31
32
30
36
40
40
29
21
12
11
10
12
2
-3
-13
-28
-33
-31
-31
-29
-24
-23
-20
-22
-30
-36
-33
-35
-27
-19
-6
2
0
3
4
-3
-16
-17
-17
-8
-4
-10
-5
-6
-10
-9
0
2
2
13
7
-1
-5
10
11
10
10
12
2
-8
-12
-11
-6
-3
-2
-7
-10
-13
-19
-18
-9
-4
9
10
12
14
13
9
-1
-1
-3
-5
13
29
30
24
20
0
-13
-11
-14
-9
3
1
6
10
6
-2
-2
6
6
5
-2
0
1
-10
-20
-24
-26
-20
-10
-8
-8
-4
-17
-23
-18
-15
-12
-13
-8
-7
-14
-20
-21
-13
-11
-3
6
7
9
-3
-5
11
29
36
39
34
19
-4
-17
-20
-16
-8
-4
19
23
20
24
19
19
17
13
19
16
8
-2
-7
