SAMPLES:	13472
BITSPERSAMPLE:	16
CHANNELS:	1
SAMPLERATE:	16000
NORMALIZED:	FALSE
12
13
-9
27
-19
28
9
4
28
2
22
22
26
19
39
15
22
24
22
11
18
28
9
38
6
30
20
21
32
5
29
7
18
10
13
11
-3
10
4
-3
9
-3
-1
4
-11
9
-18
5
-4
-9
-3
-23
-11
-22
-11
-13
-15
-1
-25
-19
-14
-42
0
-30
-15
-7
-25
7
-26
-13
-10
-32
-5
-27
-15
-10
-23
4
-38
-4
-27
-12
-9
-15
1
-20
4
-9
-6
-8
-10
-9
-12
4
-4
-18
13
-11
1
-8
-8
5
-12
18
5
8
11
9
4
2
10
3
2
15
9
16
16
17
14
13
15
4
10
-6
7
-9
1
-6
-7
8
-21
3
2
-5
0
7
-6
6
-15
-3
-18
-8
-4
-28
-7
-27
-6
-24
0
-24
-6
-11
-22
20
-13
5
4
-18
10
-9
1
23
7
11
13
1
5
21
10
27
5
26
11
18
36
16
33
33
29
24
35
14
37
30
21
39
4
33
28
8
38
11
11
19
4
19
16
3
17
0
-7
4
-9
-5
-10
-17
-15
-22
-15
-18
-26
-6
-27
-4
-30
-34
-13
-34
-25
-24
-31
-25
-14
-26
-17
-40
-26
-27
-45
-8
-26
-8
-12
-25
-12
-33
-8
-26
-3
-2
-5
-9
7
-11
-2
10
-9
29
3
15
7
5
1
-1
17
6
5
25
9
8
37
0
18
36
-8
28
-3
0
5
-6
11
-11
12
-17
7
-3
2
14
-10
19
4
-9
-5
7
-10
5
6
-3
12
-6
-1
-13
-4
-7
9
1
-2
7
-11
10
-26
18
-21
15
12
-26
28
-14
21
3
-8
10
-16
5
8
-6
9
-2
12
-9
14
-10
-6
9
-10
39
1
6
15
2
13
23
6
19
33
9
21
2
-2
15
-10
24
-15
21
-5
2
30
-22
25
-1
20
-8
21
-10
8
9
-20
12
-28
-8
6
-26
-10
0
-24
-4
-9
-17
-18
-6
0
-27
-1
-12
-11
-4
-20
0
-27
7
-20
-2
-10
-7
-13
-32
19
-16
5
-2
2
-3
-6
2
-17
25
-8
24
-6
0
4
-9
-1
-20
29
-28
21
-20
-4
19
-11
22
-3
27
-8
26
-28
11
12
-27
-9
-16
3
-27
17
-32
-1
-9
-23
-4
-8
-7
-12
-6
-38
-9
-9
-18
-3
25
-18
7
-10
-3
-4
-10
25
-17
26
7
17
-2
5
11
-11
30
-4
25
-3
-18
28
-16
8
11
-4
1
16
5
8
-9
9
45
-22
51
-18
6
20
-7
44
-8
29
8
4
14
0
12
4
1
28
-30
3
3
-5
14
-22
26
-13
23
8
-1
11
-37
42
-26
22
35
-24
48
-15
14
8
5
30
-17
9
1
5
29
3
27
27
-3
33
-8
12
24
11
40
-25
26
-11
26
-4
-7
12
-17
31
-23
3
-14
-14
-30
-8
-17
-7
15
-27
20
-21
-17
-24
-25
-5
-30
-8
-40
0
-36
-24
-6
-29
-8
-27
-2
-41
-6
-6
-67
3
-41
-26
9
-39
13
-43
9
-43
-21
-41
-13
-24
-41
6
-65
41
-38
19
-20
2
8
-16
4
-5
5
-33
28
-23
20
11
-9
13
3
7
21
9
12
5
6
-2
6
20
-8
42
-11
33
4
22
32
3
49
3
38
17
8
2
30
-10
18
5
2
32
2
22
-8
32
5
46
-7
-1
19
-12
61
-21
-12
29
15
4
23
-28
9
54
-26
39
-29
15
-4
-4
-18
-12
49
-50
65
-59
17
25
-25
50
1
42
-4
24
19
-28
37
-5
-22
25
-14
5
13
15
20
6
43
-12
12
-10
6
-6
-22
22
-29
24
-17
-2
-31
9
-8
11
-1
-13
15
-36
14
-41
-5
-18
-27
-4
-46
2
-35
0
-14
-18
0
-69
8
-56
-15
17
-54
5
-9
2
-29
-25
-23
-30
12
-38
-21
4
-9
-14
-33
-18
-2
-17
6
-8
-5
-2
-4
-33
-16
8
-7
11
-4
-11
10
-4
-9
0
-14
45
-27
6
-5
-17
17
-36
25
-8
-7
40
4
1
20
-23
-13
24
-6
21
24
-10
36
16
-11
54
-15
31
33
-24
43
-14
21
25
9
8
45
2
3
42
-4
30
10
-2
-8
30
0
18
9
21
20
-8
28
-35
42
-17
15
17
-5
0
28
4
19
27
-8
9
-9
7
-38
37
-36
29
-23
-20
19
-33
40
-4
20
2
5
-3
-27
32
-43
34
0
-43
52
-33
27
5
-8
28
12
-4
-11
4
-22
11
-15
-38
3
-29
-25
2
-40
5
-11
-13
-2
-9
14
-28
9
-13
9
-11
-5
1
-1
-6
-30
1
-22
0
-6
-9
-17
-5
-4
-9
6
-22
-14
14
-28
42
-38
31
-6
-16
5
-31
49
-28
31
-22
5
-9
-6
-7
-12
9
-11
1
3
-14
-7
-13
14
-1
-6
-11
-48
46
-51
20
-24
-13
27
-23
23
-38
55
-10
3
13
0
12
13
-16
5
19
11
-8
12
24
-9
35
-54
45
-33
5
34
-26
24
15
3
-12
56
-35
14
1
-4
-4
21
-1
-2
29
-29
30
-17
20
-15
2
7
-23
20
-4
31
28
4
21
18
1
36
-19
40
-2
8
4
19
16
-17
38
-56
46
-7
-11
9
-8
2
2
-7
3
33
-4
15
17
-18
15
31
-28
25
-27
17
-22
-43
0
-14
-5
17
-21
-48
-17
-25
-12
-9
4
11
-13
-4
-14
-38
-10
-17
-2
-17
9
-39
2
0
-25
-7
-26
7
-32
-31
-18
-50
26
-48
-20
12
-43
12
-41
-9
-7
-19
-13
-29
6
16
1
-7
-2
32
-6
45
6
-14
69
-62
72
-25
8
71
-12
60
-36
60
-17
37
-1
26
35
3
29
-11
48
11
38
-2
24
34
6
-8
47
5
16
43
-11
14
20
2
9
6
3
-17
-10
-3
-3
-13
-1
-4
-10
10
-37
-1
2
-12
-34
-21
-33
-8
-1
-6
1
-14
45
-34
-55
31
-42
6
13
-44
-3
17
-5
-27
-5
11
2
8
13
-21
16
-12
21
21
10
10
17
-17
22
17
-12
40
-4
35
-4
-5
3
-9
-2
20
-22
-2
34
13
32
-18
-3
-24
-26
-24
3
-36
38
-33
13
-19
-23
2
-42
49
-57
-5
-55
21
-62
15
1
-87
25
-28
6
-53
7
-44
-13
-24
-48
2
-21
54
-35
-21
-3
2
-24
-20
11
0
35
1
35
6
29
18
-6
4
43
-7
33
-8
27
49
-37
86
-26
59
28
43
12
13
57
13
66
-5
75
15
66
24
22
30
2
4
-34
43
31
19
34
6
-4
1
-47
-2
29
-32
7
-26
-39
10
-57
-15
-35
-3
19
-54
-15
-16
-55
-38
-36
-70
-11
-46
-8
-66
-49
20
-90
42
4
-32
-39
39
-19
4
41
-85
31
-62
9
-32
49
39
0
32
-53
86
-72
27
39
2
17
37
-31
61
62
-62
64
-46
55
-49
63
58
32
53
-48
27
-18
0
-10
3
49
19
12
-44
2
21
-40
33
-8
-3
-14
-16
-8
-2
-22
-4
-38
-25
27
-51
-24
24
-21
-17
-17
-59
-16
44
-14
-8
-7
-9
27
-19
64
-49
-16
21
-56
60
8
45
-69
18
21
-45
19
-34
46
-46
43
20
-53
71
-14
33
-5
39
84
-90
128
59
17
-23
-23
-48
-36
39
-107
-19
1
13
-6
-93
9
40
-5
85
-86
37
20
-41
35
29
-16
46
52
-100
134
-20
-12
84
-18
44
11
-16
-20
7
-53
8
-49
-26
9
-14
12
-30
39
16
42
-6
75
-34
-2
76
-73
68
-27
-15
-13
-23
-12
-12
14
-34
53
-52
-10
-22
4
-76
26
39
-61
-5
-30
5
-84
72
-97
-9
66
-46
14
-84
68
-38
-15
16
33
-3
61
18
-48
114
-114
91
-37
-18
61
5
-21
-46
84
-93
14
-44
-25
-32
38
6
-53
53
18
-10
-28
3
26
4
1
24
-20
44
18
-10
46
-29
-13
-18
-85
34
2
11
35
-10
-31
-37
-50
-10
44
4
25
20
40
0
-2
3
9
16
26
0
32
24
23
-16
-24
4
8
-18
11
71
-7
12
30
-37
-27
129
-5
19
62
-48
-25
23
-29
-5
-12
-21
1
-25
6
12
11
4
37
-32
-41
-16
44
11
30
-29
-30
18
-52
-9
-29
35
27
29
12
-1
-25
-41
-19
-41
20
-53
-19
-42
18
-5
-118
40
-41
-46
73
-9
-23
73
-5
-24
33
-92
-25
7
-34
72
10
9
4
-8
-9
-59
26
45
13
6
52
-49
-60
20
-27
2
-6
27
-13
-19
-6
-6
-48
0
33
-31
15
13
7
-35
-33
20
21
-40
46
52
-32
4
6
-35
-48
35
10
8
29
14
3
23
28
1
33
-22
52
21
2
81
98
43
56
28
-18
-1
-27
33
46
66
21
13
-14
-30
-37
-17
-20
13
82
12
29
45
-28
-38
19
15
-19
39
5
-17
-31
-62
-66
-52
-33
-56
10
-16
-51
-29
-169
6
141
-14
17
157
5
2
29
-209
12
101
-130
-59
108
-41
48
108
-59
24
54
-86
-28
59
-34
-26
33
0
-2
17
-19
-15
-12
-44
-18
-6
12
3
31
59
-24
-35
27
-34
-47
12
-12
-24
6
-20
-71
1
-33
-54
-24
-41
-40
-57
-18
-3
-23
-58
-3
15
-16
-1
31
27
18
4
-2
-9
0
11
11
0
17
23
5
24
54
14
5
43
22
25
23
35
18
26
52
20
16
39
10
7
26
15
35
10
-11
-20
-41
-66
-100
-44
-52
-48
-15
-41
-26
-23
-33
-35
-41
-42
-27
-16
-10
31
13
-9
13
-5
-8
-3
12
64
76
31
29
8
-28
0
40
-3
45
54
16
8
-17
0
-16
4
65
124
117
221
253
262
268
230
194
163
187
137
120
125
114
78
58
-7
-30
-113
-121
-155
-195
-208
-248
-235
-219
-237
-241
-234
-260
-207
-201
-188
-145
-105
-92
-36
-47
-70
-71
-84
-85
-115
-148
-199
-198
-190
-210
-168
-148
-181
-178
-163
-189
-200
-145
-18
48
125
263
249
279
386
366
322
365
421
471
527
623
612
602
608
508
370
276
159
16
-43
-5
-88
-174
-165
-233
-256
-292
-341
-328
-273
-215
-163
-159
-153
-149
-153
-149
-132
-123
-115
-126
-87
-74
-110
-139
-194
-241
-233
-250
-318
-348
-345
-319
-354
-385
-379
-316
-217
-166
-129
-66
28
83
199
323
353
392
519
487
678
627
623
773
599
552
363
444
370
207
338
292
351
341
288
263
249
211
-64
-82
-83
-118
-142
-145
-95
-149
-196
-167
-256
-296
-396
-412
-313
-334
-289
-338
-258
-286
-293
-263
-299
-340
-370
-360
-298
-364
-364
-349
-344
-331
-345
-386
-455
-337
-284
-272
-181
-148
-172
-26
63
106
98
191
155
82
127
219
356
311
563
579
752
548
317
430
438
748
702
982
1092
1124
998
728
501
233
16
-177
-239
-263
-289
-240
-214
-331
-390
-536
-519
-529
-432
-396
-347
-325
-390
-340
-369
-455
-471
-426
-296
-253
-197
-200
-266
-227
-280
-337
-416
-490
-555
-530
-513
-548
-509
-595
-645
-473
-389
-326
-76
274
407
411
447
393
342
319
448
672
919
1080
882
964
946
1016
1208
1465
1762
1718
1774
1422
1153
694
286
-57
-220
-330
-528
-481
-375
-420
-383
-459
-570
-576
-579
-465
-544
-380
-471
-427
-361
-515
-599
-642
-622
-561
-411
-289
-411
-423
-522
-591
-638
-817
-988
-1066
-968
-992
-984
-937
-835
-798
-683
-492
-181
28
184
334
488
528
449
437
438
508
724
688
692
913
897
825
594
840
1259
1830
2103
2395
2420
2089
1502
636
122
-196
-556
-738
-593
-513
-433
-551
-572
-633
-624
-756
-641
-363
-284
-333
-397
-465
-642
-774
-970
-976
-925
-924
-711
-483
-436
-439
-432
-432
-537
-787
-995
-1151
-1249
-1273
-1283
-1019
-841
-781
-635
-335
-122
-61
188
413
667
700
658
690
582
424
564
721
1010
993
985
908
1030
1117
1143
1868
2391
2725
2666
2443
1879
1156
486
-112
-348
-287
-465
-511
-461
-439
-642
-782
-631
-679
-574
-515
-511
-500
-508
-605
-730
-611
-663
-782
-804
-844
-815
-735
-573
-616
-520
-499
-735
-799
-945
-1116
-1235
-1218
-1187
-1169
-938
-790
-577
-278
-63
133
324
468
455
601
608
532
727
645
689
732
899
1005
1019
1066
873
962
1156
1458
1896
2299
2509
2512
2175
1709
984
507
39
-234
-452
-571
-557
-701
-639
-705
-678
-737
-782
-814
-814
-778
-928
-875
-829
-898
-897
-969
-1029
-1094
-1069
-1019
-895
-764
-746
-751
-655
-587
-625
-630
-698
-916
-974
-976
-1020
-850
-759
-691
-542
-247
-69
79
342
473
585
602
586
569
502
607
650
790
1068
1113
1105
1108
1052
900
1074
1425
1793
2160
2313
2230
1911
1415
779
352
203
-20
-371
-524
-607
-731
-786
-735
-734
-810
-821
-976
-1057
-1100
-1215
-1240
-1111
-1025
-969
-939
-927
-841
-670
-490
-390
-367
-382
-401
-387
-302
-268
-263
-350
-459
-560
-563
-639
-749
-688
-691
-561
-295
-40
287
484
598
753
829
862
863
946
1097
1182
1281
1407
1446
1403
1213
1085
952
855
799
909
1250
1547
1769
1751
1608
1236
818
458
112
-86
-250
-426
-425
-474
-465
-490
-626
-630
-779
-940
-1125
-1293
-1332
-1367
-1392
-1298
-1173
-1194
-1207
-1114
-1087
-1000
-880
-765
-643
-451
-256
-222
-140
36
-51
-149
-306
-578
-713
-787
-743
-637
-434
-292
-131
31
138
252
309
335
467
647
734
897
948
1028
1125
1071
1044
1027
933
839
799
693
557
556
569
538
695
821
789
802
694
502
359
133
-63
-226
-236
-330
-441
-536
-616
-636
-708
-699
-780
-826
-889
-907
-867
-847
-793
-792
-792
-800
-807
-742
-792
-696
-568
-428
-293
-121
30
106
167
135
143
40
-49
-153
-153
-133
-200
-144
-10
87
258
421
436
551
568
557
642
707
780
750
755
696
666
662
672
664
682
614
586
611
591
562
516
473
327
244
156
101
67
15
-3
-100
-167
-202
-232
-214
-134
-124
-180
-247
-388
-510
-528
-533
-438
-317
-246
-133
-79
-43
42
18
35
28
19
43
-9
0
-15
-26
-60
-150
-248
-364
-421
-421
-348
-282
-305
-225
-156
-188
-131
-196
-218
-105
-118
-125
-119
-103
-58
-17
19
3
59
20
-20
10
29
33
26
6
-61
-68
-133
-200
-165
-143
-180
-125
-143
-121
-75
-165
-130
-152
-191
-167
-118
-42
-23
35
76
12
33
82
65
89
152
229
193
193
259
258
319
294
257
263
197
195
120
40
34
91
88
175
248
193
211
188
175
160
204
188
183
226
201
182
104
0
-21
-4
2
15
72
55
66
50
-9
-30
-133
-179
-164
-154
-104
-44
17
30
71
37
-56
-66
-170
-218
-269
-310
-284
-242
-250
-210
-220
-198
-139
-139
-53
-49
-35
-18
18
39
125
161
183
292
288
276
354
298
208
112
22
-14
-55
-13
-8
60
81
73
115
105
44
17
-16
-37
-1
41
-9
-3
8
26
32
12
58
5
-21
9
-23
-38
-62
-143
-153
-150
-185
-165
-163
-114
2
34
35
44
-32
-161
-232
-230
-271
-302
-329
-340
-294
-248
-251
-194
-165
-155
-70
-53
-72
-20
15
30
124
149
110
131
97
19
-2
-38
-139
-159
-135
-132
-86
-23
-5
26
44
86
101
85
109
120
129
104
102
34
-47
-45
-17
59
121
146
223
241
232
218
156
128
48
-52
20
86
94
177
247
272
274
247
240
145
79
85
86
65
56
-13
-90
-116
-137
-148
-159
-130
-88
-16
60
124
113
175
191
148
155
109
47
11
-7
-33
-57
-93
-109
-90
-53
-63
-43
-18
-24
32
57
72
67
-2
-20
-52
-67
-104
-133
-80
-40
-15
-1
40
58
59
34
19
44
8
-59
-63
-102
-164
-135
-133
-93
-2
-15
-17
50
48
-35
-72
-46
-111
-117
-135
-155
-167
-192
-216
-233
-203
-200
-152
-90
-12
46
87
131
159
218
226
102
86
32
-101
-91
-104
-157
-110
-33
14
69
105
146
89
80
110
53
-22
-16
-29
-38
-46
-109
-94
-108
-135
-78
-75
-97
-76
-51
-87
-18
-56
-81
-93
-135
-84
-59
-27
21
63
41
70
60
8
7
9
-28
-47
-67
-69
-35
-69
-62
-13
1
33
88
122
123
169
112
127
148
125
156
137
147
172
185
214
235
243
235
223
216
203
200
214
216
197
172
171
105
64
111
45
-7
21
-45
-116
-61
-110
-80
-43
-44
-3
30
7
-8
19
15
58
52
23
61
61
10
-26
-70
-84
-169
-229
-284
-298
-340
-342
-279
-264
-212
-230
-246
-247
-257
-230
-209
-181
-87
-69
-34
-50
-93
-117
-144
-148
-121
-58
-24
-26
0
55
82
78
104
164
218
211
222
256
226
225
221
266
246
209
159
119
90
23
35
42
49
60
101
185
211
221
265
258
225
209
186
133
91
36
-29
-67
-138
-248
-255
-308
-391
-373
-403
-434
-414
-393
-371
-309
-290
-325
-310
-325
-341
-356
-368
-343
-340
-265
-201
-184
-158
-109
-109
-76
-6
5
-8
7
-39
-23
62
80
162
220
250
269
298
339
328
367
414
421
412
389
344
322
316
310
335
378
381
403
436
426
407
386
376
370
392
365
345
283
196
128
43
-40
-99
-138
-160
-198
-182
-168
-213
-157
-104
-128
-152
-151
-186
-221
-217
-255
-248
-233
-291
-325
-300
-299
-304
-243
-227
-188
-193
-142
-96
-86
-62
-54
-92
-76
-109
-176
-122
-91
-72
-15
30
10
15
2
-16
-42
-32
-20
-14
17
74
79
87
74
53
100
87
95
80
114
152
140
161
144
120
68
39
-9
-71
-124
-164
-140
-131
-132
-88
-139
-142
-69
-104
-136
-96
-105
-137
-97
-82
-103
-87
-65
-80
-107
-83
-122
-138
-78
-101
-84
-40
-16
-7
0
16
4
-6
-16
-3
15
28
45
97
92
71
104
131
117
114
91
85
142
156
173
212
246
229
255
248
232
230
185
217
229
212
200
160
158
151
116
110
75
52
40
-2
-18
-19
-77
-73
-40
-49
-39
-32
-62
-52
-46
-60
-80
-76
-73
-114
-168
-196
-199
-229
-193
-120
-120
-54
29
72
129
139
119
88
109
91
66
40
27
44
55
37
25
-4
-48
-52
-28
-10
26
55
55
94
90
33
32
32
-38
-12
19
7
29
11
6
-15
-20
-75
-106
-120
-159
-199
-238
-287
-302
-311
-330
-261
-248
-233
-174
-195
-176
-155
-148
-104
-74
-77
-37
-29
-71
-84
-103
-111
-93
-101
-76
-26
-8
55
108
92
87
110
132
128
154
149
103
133
153
123
126
123
84
64
117
161
149
131
166
165
130
156
148
107
118
117
98
107
82
71
67
42
-8
-13
-40
-60
-18
-48
-44
-51
-61
-88
-103
-135
-151
-127
-136
-85
-80
-64
-31
-29
-18
9
9
-7
35
18
27
84
41
38
78
36
38
46
36
39
87
95
103
148
148
185
169
200
167
118
114
101
53
19
16
-37
-15
4
-8
-14
-8
-36
-31
-16
-33
-14
13
43
66
74
34
42
39
-17
-25
-44
-124
-139
-113
-123
-117
-147
-190
-199
-179
-180
-213
-198
-189
-192
-151
-98
-97
-74
-52
-60
-34
-16
-67
-71
3
21
25
45
83
45
67
114
115
153
126
127
154
171
147
121
95
72
78
59
-1
-50
-61
-85
-68
-79
-94
-52
-6
-5
8
5
-33
-62
-30
-43
-50
-17
-71
-104
-59
-72
-75
-65
-112
-142
-137
-189
-206
-218
-260
-250
-231
-246
-236
-194
-201
-141
-117
-80
-9
21
59
53
47
77
95
75
99
135
146
136
138
129
191
274
275
328
318
299
339
358
365
351
341
299
295
265
250
239
218
205
179
164
163
155
131
149
128
50
-45
-60
-74
-110
-38
20
24
1
-37
-53
-93
-127
-158
-178
-204
-206
-200
-217
-237
-282
-299
-296
-293
-293
-264
-272
-256
-247
-228
-209
-178
-158
-166
-135
-115
-70
-81
-43
17
0
12
74
42
50
107
101
130
185
176
200
266
261
286
296
258
247
199
148
117
40
8
38
14
5
45
30
22
31
-9
-16
-21
-23
-16
-18
-56
-74
-75
-118
-104
-108
-132
-132
-143
-170
-140
-194
-273
-298
-332
-365
-346
-330
-355
-330
-272
-229
-203
-170
-123
-92
-71
-47
-44
-45
-39
-29
-33
-5
20
26
61
94
101
110
165
175
194
269
287
265
279
255
237
227
217
222
232
214
197
210
233
248
227
204
207
197
183
158
128
125
108
93
126
111
70
25
9
23
-27
-79
-80
-76
-66
-54
-95
-128
-156
-162
-127
-126
-129
-103
-86
-46
-13
-34
-25
-38
-59
-39
-48
-89
-87
-83
-44
-17
38
20
-18
18
39
65
144
194
184
256
264
241
224
199
163
154
109
72
60
38
68
69
80
81
35
3
-2
-33
-60
-89
-132
-148
-138
-170
-168
-169
-227
-261
-260
-275
-287
-265
-263
-240
-233
-245
-251
-256
-308
-345
-339
-339
-353
-306
-251
-205
-142
-83
-80
-56
-49
-61
-8
14
38
49
26
21
23
28
43
78
99
137
224
259
255
295
293
297
316
316
305
278
227
180
157
151
154
154
166
201
176
129
93
57
27
-47
-63
-106
-158
-164
-146
-144
-161
-128
-140
-160
-146
-157
-174
-177
-189
-166
-139
-130
-131
-150
-156
-180
-152
-145
-127
-65
-50
-40
35
54
43
83
125
136
165
194
166
180
168
148
183
203
206
260
307
305
345
362
369
384
404
371
355
340
283
237
196
188
159
148
136
145
193
160
144
147
72
9
-62
-126
-171
-172
-187
-189
-158
-202
-235
-249
-295
-281
-268
-291
-275
-272
-281
-305
-327
-356
-383
-379
-376
-361
-352
-358
-344
-317
-270
-221
-221
-194
-168
-166
-124
-88
-95
-91
-67
-91
-53
-58
-59
24
41
65
127
121
114
160
186
185
234
224
203
220
221
203
210
242
247
278
268
259
207
187
169
131
126
94
61
64
60
77
92
58
50
39
-8
-32
-35
-85
-89
-107
-112
-99
-125
-138
-138
-140
-136
-158
-170
-180
-187
-162
-154
-143
-98
-80
-65
-44
-39
-21
-9
11
8
2
7
-2
21
49
56
66
59
81
96
129
149
129
153
149
169
205
189
178
173
131
109
128
122
123
152
123
111
136
87
80
121
81
57
91
47
31
33
-39
-62
-85
-102
-74
-73
-92
-60
-59
-93
-70
-72
-112
-123
-129
-134
-138
-141
-142
-133
-116
-110
-114
-108
-91
-86
-97
-101
-110
-117
-85
-85
-87
-79
-93
-67
-37
-24
24
36
44
53
18
-10
-5
-22
-13
29
-3
16
35
16
38
67
27
15
23
-23
10
17
-3
31
37
41
77
64
47
63
64
40
59
41
6
17
5
43
38
38
36
31
28
35
46
31
47
50
59
64
74
67
38
52
78
66
68
30
22
-12
-27
2
4
-3
-22
-12
-24
-25
-38
-65
-65
-42
-58
-63
-93
-132
-117
-145
-140
-107
-105
-100
-60
-18
-4
7
0
-28
-15
13
-2
5
3
-23
-3
3
14
62
31
22
46
11
-1
7
-15
-1
19
17
64
78
64
69
87
94
83
79
59
60
73
76
75
68
59
36
31
14
-15
-38
-47
-39
0
-15
-15
-36
-67
-30
-57
-73
-53
-65
-56
-42
-50
-52
-76
-87
-56
-50
-34
-17
-62
-54
-26
-35
-30
-30
-60
-37
-11
-3
20
20
41
52
30
35
37
9
19
37
44
58
39
49
70
54
62
93
57
33
58
-5
-12
-8
-1
23
45
54
54
31
28
46
37
21
11
-3
-3
1
-5
-5
-19
-34
-26
-11
-18
-21
-21
-16
-19
-19
-15
-19
-26
-14
-38
-62
-44
-45
-63
-63
-53
-64
-61
-42
-28
-19
0
11
8
14
14
-12
-23
-28
-33
-12
9
0
13
24
34
34
40
55
68
61
67
75
61
46
38
40
6
7
10
5
11
26
41
50
36
31
30
32
25
4
1
8
-4
-7
1
-5
-19
-28
-42
-28
-35
-29
-16
-34
-47
-36
-35
-68
-59
-76
-91
-94
-100
-85
-76
-90
-84
-87
-81
-51
-50
-53
-32
-32
-35
-22
-6
-2
12
14
26
44
35
46
58
60
58
70
78
59
61
70
73
66
45
54
44
52
50
36
39
30
22
23
40
24
21
18
-4
5
-3
-3
9
-9
-27
-11
-18
-23
-16
-25
-22
-31
-44
-41
-44
-37
-21
-12
-24
-38
-39
-68
-61
-53
-68
-68
-43
-38
-19
6
19
26
26
45
40
25
26
16
22
29
48
61
37
59
70
50
44
38
37
41
36
43
48
46
52
50
45
60
60
18
37
55
41
33
28
38
16
26
29
-3
-13
-17
-22
-26
-19
-51
-46
-42
-58
-34
-12
-2
14
3
-21
-29
-55
-70
-37
-44
-48
-53
-76
-80
-52
-56
-60
-40
-53
-47
-11
3
-11
-6
-11
-3
7
15
31
34
33
27
22
8
3
15
12
23
27
26
11
26
38
21
6
13
-3
-9
24
10
10
23
-2
-2
11
-14
-12
-12
-29
-31
-35
-43
-52
-41
-42
-46
-52
-47
-28
-21
-3
-7
-15
-11
-31
-42
-29
-37
-64
-57
-66
-65
-39
-22
-11
1
-6
0
13
20
25
44
33
32
53
57
43
54
52
39
45
49
45
49
52
56
69
68
70
50
38
22
3
7
17
9
37
37
24
34
29
12
7
4
-16
-17
-18
-28
-60
-66
-62
-81
-74
-60
-66
-56
-46
-47
-30
-6
-7
-8
-25
-31
-29
-51
-40
-37
-46
-15
-13
-4
25
28
29
59
61
50
56
37
21
46
38
22
37
25
37
55
62
76
74
82
92
88
91
83
55
39
51
37
27
34
28
25
22
6
6
-1
-1
-2
-13
-35
-64
-72
-58
-49
-56
-55
-51
-63
-68
-66
-58
-64
-78
-80
-92
-95
-72
-90
-89
-53
-60
-56
-22
-22
-4
12
-15
-9
-5
-34
-39
-23
-43
-31
-12
-29
-5
5
-11
24
31
13
22
41
33
51
66
56
65
73
78
73
85
94
81
67
60
42
27
30
26
24
25
20
28
29
22
20
20
11
10
23
-2
-9
-11
-23
-9
10
5
-11
-18
-42
-47
-35
-45
-44
-44
-66
-59
-36
-33
-21
-32
-33
-33
-57
-61
-49
-50
-60
-38
-41
-49
-35
-30
-18
-9
-2
-2
-2
-8
-3
-21
-28
-16
-29
-17
6
-7
1
17
8
16
16
10
14
8
9
24
31
37
47
50
51
63
43
39
43
33
37
36
13
10
-1
-7
22
17
10
21
16
18
38
35
32
50
31
40
40
25
21
19
11
1
-12
-15
-16
-22
-6
6
-7
0
19
-5
5
10
-25
-23
-8
-36
-28
-13
-31
-25
2
-17
-2
27
21
18
26
-4
-15
-6
-45
-32
-18
-22
-19
-3
-4
22
14
-6
6
4
-15
-10
-8
-21
4
10
16
30
27
21
32
12
4
9
-8
-12
1
-3
10
21
24
24
16
14
16
4
4
12
15
12
12
6
1
-2
-7
8
-5
-4
1
-1
-6
-10
-2
-6
-5
-10
-20
-26
-30
-36
-54
-57
-59
-58
-54
-57
-60
-51
-56
-44
-37
-28
-21
-27
-42
-42
-46
-54
-42
-43
-51
-48
-52
-61
-51
-42
-27
-17
-16
-3
15
24
27
31
11
6
10
5
30
28
26
41
34
36
49
43
36
43
44
35
43
48
21
7
6
1
4
15
21
40
40
28
54
42
34
48
23
17
33
6
11
33
26
38
52
29
30
41
25
15
25
23
7
-2
-8
12
6
5
21
13
1
2
10
-2
6
-5
11
36
21
31
26
19
3
6
-6
-17
-17
-19
-27
-22
-17
-17
8
6
-1
-12
-22
-23
-23
-26
-7
4
-13
-14
-8
2
5
1
18
34
27
29
13
-5
-8
-8
0
10
4
-5
2
2
0
1
8
8
-3
-8
-11
-35
-41
-24
-9
-2
-5
-5
-17
-18
-31
-29
-25
-31
-45
-52
-48
-58
-63
-65
-52
-47
-61
-57
-60
-64
-47
-36
-51
-37
-23
-40
-36
-15
-17
-27
-18
-14
-7
-15
-23
-5
-1
-7
12
-6
-14
-4
-11
-15
-4
5
12
33
39
74
216
355
267
-74
-413
-502
-326
-30
217
341
343
199
-35
-170
-122
10
13
-81
-143
-67
117
295
336
170
-56
-210
-183
24
225
232
120
-7
-63
12
87
85
-12
-119
-133
56
432
692
532
-5
-545
-790
-549
29
516
602
230
-345
-701
-611
-225
118
256
206
31
-86
-22
195
295
130
-180
-374
-247
133
453
471
186
-132
-207
6
221
209
32
-163
-228
-156
-54
69
139
-16
-136
53
376
462
241
-120
-379
-343
-194
-75
36
171
108
-100
-120
-48
-54
7
-86
-223
-135
-53
-6
-112
-72
-21
18
54
55
95
223
342
172
8
-254
-431
-420
-296
-21
166
110
-59
-257
-449
-243
-32
110
109
11
43
29
6
-113
-38
-31
46
121
37
95
220
182
-45
-122
-165
-102
119
177
-32
-72
-57
-120
-136
-104
-64
-99
31
208
238
100
47
45
-57
11
-109
-187
-6
111
266
311
204
77
-86
-91
117
223
117
40
24
-100
-289
-187
150
317
7
-201
-243
-65
75
-97
-65
65
28
-269
-139
140
180
-24
-193
2
352
267
-5
-73
113
174
-56
-40
127
279
104
-126
-146
43
123
110
86
-13
-76
-10
-81
-28
90
50
7
92
153
-37
-152
-138
-40
-28
108
176
71
75
114
-75
-70
116
61
-174
-204
-106
-3
101
-3
-109
-150
-9
57
-7
-115
-249
-218
86
327
110
-213
-210
89
228
86
-30
-36
70
95
-43
-71
-77
-109
-184
-93
186
182
-150
-360
-180
190
243
-92
-251
-96
131
171
-75
-128
-21
-76
-122
13
171
94
-153
-284
-47
119
95
-116
-246
-111
-8
-14
-82
1
-48
-79
12
27
-80
-98
110
235
178
-53
-100
10
94
91
45
18
64
53
-34
-65
-55
2
-83
-56
54
93
-43
-217
-210
-29
332
252
6
-76
10
95
-22
-164
-206
33
248
283
161
85
83
113
136
23
-54
-22
144
204
95
-19
-18
44
-18
-88
-153
109
239
196
152
60
36
64
29
-208
-126
124
321
266
-9
-199
-115
169
227
-2
-148
-76
55
158
19
-209
-175
19
24
-16
-90
-75
-23
3
-180
-317
-76
133
85
-73
-73
-51
10
-25
-184
-255
-165
3
106
84
-116
-313
-150
49
-49
-282
-377
-95
281
349
16
-235
-65
248
250
-49
-385
-306
65
297
197
-42
-156
-224
-123
-56
-17
-5
67
157
77
-113
-236
-239
-53
59
84
120
160
140
57
16
-132
-85
65
168
142
40
-102
-47
179
131
-110
-226
-53
210
275
193
23
-84
-111
-94
-13
41
88
94
126
-3
18
82
-4
-82
-90
68
297
333
52
-197
-139
160
260
66
-65
0
75
13
-210
-246
52
282
326
68
-153
-176
-29
96
101
86
63
33
129
164
-104
-224
-117
92
251
227
26
-28
-23
-96
-236
-285
-133
144
250
258
98
-83
-194
-209
-84
128
244
146
52
-62
-25
-31
-39
-64
-47
-82
-82
-72
-60
-171
-296
-293
-120
85
40
-155
-281
-162
32
125
109
49
-11
-13
-74
-227
-368
-254
-51
97
49
-18
24
179
153
-58
-201
-134
-28
12
-3
-36
-49
-147
-231
-250
-115
60
218
188
131
113
148
122
48
-114
-138
42
220
272
214
37
-137
-269
-293
-124
106
261
244
105
-57
-91
-131
-199
-132
-9
160
335
208
-37
-174
-144
-110
-108
-136
7
268
357
165
-108
-215
-72
62
91
120
137
244
290
82
-248
-397
-356
-120
89
134
138
256
367
357
129
-123
-157
-122
-20
9
29
108
220
265
194
30
-94
-129
-64
125
308
310
228
184
84
99
141
100
48
86
148
240
247
93
-114
-133
30
98
-29
-62
95
182
184
-43
-238
-177
8
-56
-226
-454
-439
-226
47
124
-94
-395
-514
-402
-262
-270
-383
-317
-148
-42
-192
-398
-619
-681
-581
-425
-309
-184
-233
-339
-323
-273
-339
-337
-92
297
536
435
150
58
344
617
676
657
941
1321
1367
1149
858
780
898
912
749
517
444
374
127
-173
-357
-344
-200
-200
-483
-724
-770
-727
-737
-836
-774
-519
-277
-200
-329
-501
-569
-535
-489
-394
-234
-188
-340
-534
-646
-717
-762
-802
-931
-1012
-943
-760
-723
-825
-918
-873
-698
-337
-190
-163
-45
279
673
773
768
819
1187
1644
1971
2307
2939
3638
3869
3335
2492
1676
1238
940
672
685
934
969
529
-243
-1027
-1407
-1343
-1035
-789
-516
-418
-472
-929
-1557
-2055
-2052
-1502
-798
-270
11
12
-176
-431
-736
-939
-770
-300
-34
-130
-598
-1227
-1719
-2012
-2122
-2002
-1796
-1518
-1198
-1007
-907
-725
-630
-433
-264
106
452
778
833
810
821
1116
1670
2536
3585
4526
4700
4044
2988
1801
985
454
424
711
1277
1293
703
-309
-1171
-1863
-2041
-1901
-1267
-319
555
559
-227
-1175
-1899
-2011
-1611
-1093
-612
2
360
347
-314
-1063
-1584
-1543
-1079
-453
-284
-410
-836
-1510
-2241
-2763
-3016
-2835
-2229
-1397
-728
-511
-512
-761
-968
-768
-193
286
544
932
1324
1804
1867
1341
704
558
1215
2364
3595
4228
4255
3531
2423
1173
245
-290
14
854
1614
1721
1024
-82
-1088
-1622
-1706
-1277
-486
508
1046
841
-30
-976
-1711
-1726
-1318
-739
-229
188
252
-103
-709
-1236
-1518
-1354
-841
-403
-263
-544
-1100
-1872
-2350
-2606
-2576
-2305
-1747
-1149
-629
-347
-211
-252
-267
-115
121
439
590
897
1182
1507
1462
1016
668
661
1337
2539
3779
4428
4431
3641
2345
936
-54
-446
69
1061
1670
1591
796
-271
-1309
-1897
-1917
-1326
-248
896
1336
818
-308
-1438
-2137
-2044
-1397
-664
-100
215
79
-475
-1097
-1497
-1673
-1411
-763
-256
-306
-910
-1795
-2643
-2968
-2991
-2826
-2361
-1626
-912
-381
-313
-554
-624
-438
-47
246
476
426
770
1260
1549
1098
265
-52
381
1818
3280
4397
4612
4326
3095
1538
-98
-698
-485
551
1589
1839
1223
89
-1203
-2256
-2282
-1569
-308
900
1687
1288
370
-936
-1778
-2114
-1559
-701
99
470
469
-65
-726
-1151
-1419
-1404
-892
-205
-51
-439
-1350
-2170
-2772
-2792
-2678
-2329
-1695
-881
-457
-264
-259
-267
-177
-8
191
354
848
1126
1194
988
769
365
121
287
1290
2947
4527
4929
4037
2731
1560
657
-115
-336
221
1465
2138
1563
17
-1234
-1880
-1870
-1427
-506
627
1555
1633
689
-614
-1424
-1673
-1425
-722
116
670
599
64
-690
-1123
-1369
-1440
-1295
-793
-332
-281
-956
-1983
-2846
-3123
-2932
-2556
-2006
-1251
-534
-99
-7
-265
-594
-636
-280
189
363
556
543
641
561
390
-90
-235
578
2319
4152
4996
4618
3429
2143
851
-163
-758
-87
1174
2070
1635
534
-779
-1669
-2192
-2008
-970
756
1956
2078
1124
-128
-989
-1601
-1647
-1086
-128
541
681
211
-381
-1023
-1458
-1757
-1479
-729
-152
-375
-1219
-2173
-2745
-2980
-3080
-2825
-2277
-1475
-828
-499
-427
-393
-447
-463
-343
78
525
604
488
218
430
448
200
-354
-309
923
3144
4857
5189
4456
3423
2111
714
-320
-542
536
1789
2264
1456
213
-1015
-1897
-2300
-1551
-124
1438
2153
1923
893
-113
-986
-1620
-1387
-459
468
806
579
2
-570
-1175
-1639
-1882
-1455
-787
-449
-814
-1451
-2280
-2968
-3251
-3149
-2636
-1891
-1199
-672
-356
-159
-228
-429
-399
-145
316
652
629
508
429
634
408
40
-302
-49
1208
3211
4791
5362
4794
3644
2033
489
-578
-732
377
1752
2399
1620
285
-1184
-2260
-2545
-1485
77
1741
2544
2266
942
-350
-1572
-2013
-1452
-299
602
823
526
-133
-1024
-1838
-2234
-2167
-1550
-911
-618
-1014
-1633
-2553
-3267
-3447
-3137
-2524
-1841
-1268
-624
-190
-4
-280
-555
-571
-290
40
322
452
433
271
35
-156
-236
-179
45
1199
3311
5120
5466
4413
2917
1626
549
-424
-713
221
1694
2242
1438
-7
-1355
-2147
-2247
-1178
585
2158
2620
1961
881
-98
-1083
-1678
-1354
-135
900
947
308
-616
-1361
-1833
-2082
-1829
-1164
-614
-661
-1159
-1831
-2672
-3266
-3332
-2900
-1977
-1071
-636
-391
-174
-154
-300
-332
-145
157
448
442
290
-35
-285
-300
-61
265
397
624
1877
3941
5424
5589
4561
3164
1740
445
-676
-578
816
2136
2191
1156
-169
-1314
-2143
-2154
-878
1104
2620
2854
1982
636
-647
-1734
-1911
-817
517
1038
567
-362
-1165
-1849
-2410
-2593
-1982
-1081
-600
-833
-1517
-2386
-3182
-3522
-3282
-2540
-1609
-1042
-721
-276
-48
-187
-556
-564
-205
235
153
-97
-300
-396
-418
-321
105
300
260
114
989
3022
4957
5490
4860
3743
2523
992
-437
-790
184
1612
2072
1249
-166
-1403
-2334
-2478
-1296
646
2150
2556
1973
945
-376
-1526
-1957
-1108
203
903
484
-393
-1087
-1722
-2252
-2449
-2084
-1293
-725
-801
-1282
-2057
-2865
-3371
-3113
-2443
-1726
-1108
-647
-188
126
93
-245
-333
3
306
375
122
-91
-276
-410
-259
36
378
541
646
1045
2559
4462
5732
5571
4664
3183
1580
76
-619
-69
1292
2176
1691
378
-1202
-2342
-2739
-1744
72
1888
2708
2505
1467
177
-1281
-1970
-1448
-17
964
802
-209
-1231
-1988
-2420
-2452
-2065
-1327
-727
-593
-1012
-1668
-2630
-3304
-3296
-2556
-1705
-1016
-623
-334
-173
-194
-470
-479
-154
172
241
165
55
26
-209
-250
-77
210
287
210
490
1849
4121
5626
5786
4736
3324
1506
-6
-918
-365
955
2020
1629
266
-1321
-2532
-3144
-2455
-466
1592
2756
2650
1634
226
-1121
-2105
-1704
-305
1047
1177
296
-1159
-2316
-3073
-3071
-2475
-1446
-529
-176
-506
-1392
-2601
-3529
-3575
-2880
-1806
-870
-212
5
-50
-397
-740
-804
-402
82
478
603
562
91
-284
-537
-290
30
271
388
535
1578
3577
5232
5726
5032
3497
1910
476
-240
-249
867
1881
1803
471
-1161
-2511
-2964
-2286
-519
1470
2899
2938
1858
330
-1046
-1712
-1354
29
1220
1343
201
-1293
-2422
-2883
-2654
-1944
-1015
-59
133
-379
-1407
-2497
-3216
-3240
-2559
-1721
-877
-395
-249
-290
-462
-653
-595
-231
218
568
676
494
137
-98
-482
-418
-214
17
111
226
761
2186
4319
5602
5670
4550
2964
1130
-181
-680
115
1244
1921
1050
-636
-2213
-3055
-3004
-1771
396
2196
2901
2386
1065
-437
-1457
-1654
-687
562
1248
627
-539
-1926
-2836
-3141
-2711
-1745
-720
-131
15
-571
-1689
-2913
-3540
-3189
-2198
-1096
-363
95
70
-280
-753
-932
-654
10
544
902
918
565
-205
-732
-1065
-891
-220
285
394
418
824
2044
3937
5409
5659
4757
3302
1442
-41
-825
-316
808
1534
1006
-421
-1988
-2893
-2829
-1600
443
2274
2972
2388
1054
-453
-1438
-1521
-699
383
940
448
-609
-1830
-2684
-2999
-2450
-1462
-507
88
109
-536
-1559
-2765
-3431
-3042
-1883
-674
82
345
-2
-500
-820
-708
-221
434
911
1121
950
315
-687
-1235
-1191
-824
-140
264
379
303
346
1240
3451
5564
6316
5475
3849
1988
278
-986
-919
376
1553
1414
-158
-2012
-3185
-3430
-2403
-138
2158
3354
2959
1612
-8
-1211
-1763
-1258
-105
895
812
-205
-1519
-2500
-2950
-2643
-1847
-894
-177
62
-285
-1283
-2445
-3250
-3069
-2012
-767
93
286
-158
-788
-1188
-1075
-606
87
738
1046
801
-6
-1031
-1577
-1354
-764
39
545
523
187
-76
264
1827
4134
5835
6296
5376
3293
800
-1089
-1610
-686
853
1827
1284
-253
-1989
-3152
-3149
-1749
437
2369
3163
2669
1302
-290
-1567
-1756
-875
372
961
625
-358
-1508
-2369
-2868
-2629
-1811
-744
-18
115
-442
-1430
-2610
-3094
-2604
-1443
-323
297
279
-44
-429
-713
-747
-452
134
533
501
116
-396
-937
-1013
-771
-583
-140
-69
128
359
615
1258
2405
4312
5673
5863
4858
2982
1010
-694
-1252
-652
621
1530
938
-488
-2220
-3127
-2967
-1547
788
2649
3334
2644
1134
-487
-1730
-1786
-942
320
1013
692
-268
-1511
-2443
-2929
-2559
-1674
-795
-39
120
-222
-1204
-2331
-2818
-2458
-1332
-302
436
668
202
-586
-1192
-1252
-756
29
538
655
393
-273
-960
-1372
-1289
-802
-243
334
826
834
648
601
1052
2540
4199
5064
4942
3777
2011
221
-894
-856
235
1342
1481
425
-1332
-2685
-3234
-2483
-520
1565
2806
2723
1542
-49
-1335
-1692
-1093
-12
892
897
55
-1164
-2175
-2782
-2674
-1866
-823
136
456
-2
-992
-2044
-2459
-2066
-941
316
911
598
-377
-1375
-1943
-1695
-833
238
1084
1182
433
-668
-1468
-1537
-996
-108
759
1149
1042
487
-91
-418
-423
297
1794
3858
5261
5286
4011
1908
-56
-1232
-1026
264
1834
2341
1204
-849
-2817
-3618
-2913
-948
1461
2913
2793
1375
-393
-1746
-2224
-1577
-403
778
1251
630
-502
-1669
-2340
-2380
-1712
-669
301
781
404
-408
-1269
-1716
-1514
-896
-245
69
-136
-899
-1664
-1881
-1364
-293
693
1161
902
118
-731
-1124
-769
-66
425
706
645
307
-35
-535
-767
-712
24
1373
3292
4968
5208
4145
2178
502
-620
-649
435
1867
2540
1551
-669
-2858
-3804
-3078
-1176
1190
2676
2522
1036
-905
-2173
-2383
-1503
-35
1213
1693
1132
-206
-1525
-2332
-2244
-1436
-346
442
756
583
-127
-1177
-2107
-2443
-1828
-873
-318
-317
-942
-1697
-1996
-1494
-504
460
978
882
386
-258
-710
-845
-602
-33
451
582
180
-289
-681
-787
-266
132
544
1149
2678
4144
4695
4290
2703
1164
-91
-300
346
1559
2237
1301
-536
-2456
-3284
-2937
-1570
382
1763
2032
1039
-474
-1454
-1580
-758
380
1454
1624
876
-230
-1406
-1823
-1608
-895
-34
410
341
-312
-1124
-1969
-2444
-2070
-1188
-210
24
-311
-912
-1446
-1473
-935
82
984
1293
789
-166
-971
-1336
-1098
-311
581
873
495
-165
-932
-864
-546
-81
565
900
1376
2020
3208
3709
3642
3078
2038
1253
603
727
1118
1549
1296
-90
-1610
-2658
-2594
-1614
-30
1339
1450
754
-333
-993
-1006
-541
218
706
1012
605
-120
-694
-1108
-1247
-1300
-981
-672
-588
-662
-862
-881
-900
-997
-934
-721
-467
-619
-836
-1047
-1090
-804
-535
-363
-345
-525
-830
-883
-567
-102
345
622
659
179
-222
-518
-424
61
409
570
286
107
-78
718
2392
3777
4199
3495
2363
1157
319
116
499
1317
1483
689
-551
-1391
-1654
-1489
-591
537
1276
1044
237
-559
-1108
-1078
-632
-38
496
401
-178
-936
-1391
-1648
-1392
-622
96
596
542
208
-333
-772
-988
-961
-591
-544
-1020
-1653
-2066
-2090
-1778
-1050
-408
-68
-96
-349
-410
-217
147
511
966
1187
836
267
-404
-801
-794
-315
316
709
576
172
-204
210
1873
3342
4176
3860
2688
1116
-224
-401
394
1842
2649
2009
339
-1320
-2185
-2286
-1180
375
1334
1153
-89
-1390
-2339
-2437
-1704
-592
556
907
391
-519
-1063
-1105
-733
220
1141
1676
1428
525
-586
-1780
-2398
-2461
-1951
-1261
-1126
-1375
-1788
-2012
-1771
-1003
-129
574
931
787
494
309
209
209
308
532
475
156
-141
-240
-226
134
330
432
289
53
-26
563
2213
3312
3560
2745
1932
1262
966
1240
1928
2594
2509
1251
-559
-1708
-1875
-1608
-839
39
-17
-777
-1716
-2106
-1952
-1202
-311
497
941
831
108
-509
-685
-511
-116
397
749
436
-333
-1144
-1757
-2157
-2102
-1678
-1113
-652
-664
-1144
-1486
-1663
-1405
-659
113
537
476
45
-444
-539
-326
11
464
737
772
600
213
46
-47
113
475
809
802
519
223
-63
388
1992
3298
3918
3508
2495
1217
134
-39
329
1467
2037
1598
56
-1433
-2263
-2425
-1385
240
1226
1185
391
-714
-1723
-1874
-1242
-397
519
783
259
-705
-1512
-1950
-1724
-840
6
319
195
-209
-815
-1349
-1379
-1078
-538
-123
-162
-491
-1025
-1585
-1822
-1497
-889
-395
-133
-111
-322
-484
-299
100
551
1091
1250
1101
824
391
187
340
909
1203
1382
1289
1050
670
279
589
1550
2278
2395
1877
1174
473
-157
-108
313
1156
1516
1272
355
-113
-476
-518
-48
378
406
-195
-670
-1026
-1268
-1392
-1296
-1122
-948
-925
-1125
-1419
-1334
-1207
-777
-185
152
65
-214
-264
-344
-331
-215
-221
-342
-666
-1059
-1364
-1426
-1393
-1265
-873
-546
-415
-498
-375
-67
256
673
972
1065
1004
821
753
757
884
1015
1178
1281
1181
1084
915
776
357
288
184
577
1203
1501
1519
935
531
-163
-58
290
859
1229
1240
764
-139
-477
-631
-512
-233
99
-6
-442
-938
-1463
-1736
-1434
-1057
-705
-513
-451
-846
-1025
-955
-803
-561
-293
7
-61
-156
-347
-623
-776
-821
-756
-598
-360
-231
-272
-218
-304
-202
-13
232
384
470
348
53
5
34
96
273
509
567
574
620
566
493
595
876
1105
1187
1220
830
457
98
-125
-356
-165
403
718
911
574
256
-197
-243
51
458
940
888
498
-285
-631
-886
-839
-371
-104
64
-83
-282
-547
-755
-786
-744
-456
-138
-12
-291
-627
-918
-1134
-988
-628
-169
114
279
269
200
50
-123
-118
7
257
434
386
114
-236
-439
-439
-230
-6
136
101
-3
-29
10
126
384
729
889
951
759
496
271
75
22
65
171
120
-61
-260
-355
-507
-566
-358
-190
33
145
216
255
173
30
-86
-11
-52
-17
-86
74
87
57
-119
-138
43
80
244
174
130
-137
-318
-341
-67
73
145
253
202
137
7
-76
-88
8
189
248
345
303
171
19
20
14
-158
-147
-33
55
-2
-42
-142
-152
-100
52
185
262
163
-76
-332
-478
-456
-465
-397
-278
-249
-356
-569
-743
-832
-753
-537
-254
-17
112
86
-38
-140
-200
-111
105
353
502
445
238
1
-197
-203
17
195
241
196
32
10
2
52
219
552
738
700
591
415
337
346
550
793
921
857
711
548
369
297
371
368
266
142
-26
-156
-201
-221
-181
-120
-158
-202
-130
-39
31
-17
-177
-343
-546
-693
-749
-674
-611
-644
-690
-718
-719
-783
-694
-540
-413
-326
-276
-246
-238
-131
-104
-51
54
99
162
206
150
-3
-128
-112
20
200
284
252
142
35
61
157
355
522
572
526
437
375
371
458
614
771
829
852
784
614
427
213
11
-83
-128
-162
-195
-261
-369
-419
-491
-462
-347
-219
-47
73
47
-58
-198
-367
-431
-363
-422
-545
-653
-756
-735
-641
-522
-460
-429
-410
-384
-259
-169
-99
-44
5
53
69
136
139
208
307
366
424
325
240
235
209
265
327
320
263
188
69
36
119
241
404
558
674
637
583
629
697
716
697
575
397
216
63
-39
-92
-179
-310
-377
-359
-393
-375
-294
-254
-144
-75
-104
-193
-319
-432
-369
-225
-167
-204
-397
-667
-739
-704
-658
-474
-277
-96
65
132
72
-110
-231
-219
-118
32
141
161
131
124
130
127
117
217
379
479
579
557
423
286
211
181
225
295
337
354
324
280
252
217
288
382
402
377
247
199
184
163
108
-74
-282
-503
-590
-581
-426
-232
-171
-170
-271
-432
-587
-667
-573
-344
-120
-32
-114
-327
-601
-805
-868
-736
-515
-329
-262
-241
-326
-409
-310
-135
114
318
380
303
154
22
42
159
296
381
355
265
167
57
99
259
371
528
562
502
455
456
530
699
773
698
630
443
262
191
183
249
336
361
319
204
21
-156
-251
-196
-93
28
15
-137
-284
-399
-497
-459
-408
-386
-303
-292
-336
-371
-417
-460
-442
-423
-452
-502
-516
-494
-443
-323
-271
-281
-328
-369
-342
-221
7
173
319
388
344
256
162
122
139
208
237
180
78
6
-19
61
263
468
659
725
705
649
557
503
498
570
661
642
524
392
228
98
24
-22
30
108
99
28
-86
-226
-329
-327
-283
-222
-202
-240
-308
-357
-392
-362
-333
-326
-300
-351
-421
-480
-498
-471
-443
-450
-453
-506
-549
-507
-418
-303
-180
-61
-7
78
147
209
222
190
182
159
115
58
0
-77
-99
-57
-2
78
196
308
332
357
322
239
259
345
415
464
482
371
244
207
164
132
183
238
255
222
152
32
-104
-172
-161
-142
-92
-94
-192
-280
-271
-234
-165
-78
0
23
-25
-129
-221
-269
-236
-145
-55
-49
-152
-297
-406
-459
-355
-132
53
187
230
176
139
200
227
321
446
453
355
184
-28
-143
-128
-31
180
356
341
246
73
-94
-99
-19
94
227
316
264
175
81
-18
-48
-18
70
201
257
229
173
44
-158
-257
-317
-310
-241
-213
-220
-250
-357
-442
-475
-438
-340
-216
-71
55
95
62
-43
-153
-182
-157
-80
-24
-2
-33
-134
-237
-314
-246
-92
110
309
410
424
320
216
113
103
143
169
168
156
118
53
44
53
90
127
154
125
90
50
5
-38
-67
-128
-143
-149
-148
-111
-49
9
58
38
-49
-87
-155
-214
-212
-223
-256
-314
-364
-411
-442
-381
-332
-281
-188
-116
-74
-53
-37
-26
-10
46
124
183
200
168
74
-10
-38
-84
-59
77
204
303
332
335
342
354
450
542
608
615
559
439
335
187
89
114
159
250
292
255
223
152
128
153
129
79
32
-9
-19
-10
-56
-82
-88
-81
-63
-101
-141
-196
-229
-252
-245
-269
-348
-429
-549
-601
-586
-520
-424
-284
-175
-128
-138
-160
-140
-124
-79
-28
-5
-6
-42
-109
-153
-139
-148
-152
-133
-67
35
117
203
299
357
385
429
489
559
562
489
403
332
277
213
206
194
198
203
147
147
113
34
-29
-20
24
19
16
-37
-80
-130
-131
-171
-187
-164
-208
-249
-306
-357
-383
-339
-332
-349
-389
-502
-575
-607
-580
-483
-384
-294
-258
-281
-321
-240
-175
-101
36
78
96
61
-53
-132
-169
-111
-8
78
152
195
202
189
232
290
331
457
580
633
660
625
470
349
340
362
439
496
453
378
276
105
37
48
67
152
213
146
65
-30
-160
-179
-116
-47
-4
-33
-144
-250
-305
-302
-263
-208
-133
-137
-200
-257
-361
-440
-422
-314
-219
-128
-67
-33
-48
-68
-117
-161
-121
-69
46
101
87
41
-37
-86
-35
36
99
174
226
253
317
357
397
446
481
511
499
437
359
250
162
115
119
147
188
179
197
237
190
121
79
45
-25
-41
-40
-87
-134
-199
-260
-289
-317
-371
-420
-463
-469
-439
-428
-424
-387
-416
-461
-465
-460
-450
-397
-375
-321
-254
-265
-210
-154
-121
-114
-99
-105
-78
-28
-43
-26
-16
-46
-57
-39
-22
16
111
191
277
315
322
320
336
397
493
539
575
550
462
371
267
167
152
194
197
259
305
263
227
194
161
132
106
76
89
87
21
-49
-127
-235
-239
-193
-201
-165
-157
-238
-277
-289
-319
-306
-285
-306
-353
-364
-350
-329
-291
-283
-247
-242
-266
-214
-158
-119
-53
39
101
117
116
67
-12
-49
-64
-26
56
127
168
173
168
164
172
269
370
429
458
433
350
279
254
269
316
359
362
276
176
61
-10
13
101
213
286
299
212
104
-2
-50
-51
-55
-10
-5
-58
-144
-260
-346
-364
-304
-204
-119
-89
-136
-195
-227
-244
-260
-243
-222
-217
-215
-236
-278
-310
-293
-230
-95
6
95
108
83
62
41
22
22
38
38
46
51
48
37
3
18
59
95
154
210
239
219
207
176
152
103
38
38
37
24
-4
-3
-34
-44
-61
-70
-54
-41
9
17
-8
-30
-73
-114
-137
-139
-138
-161
-183
-188
-194
-209
-166
-123
-112
-109
-106
-113
-130
-156
-166
-131
-106
-97
-122
-149
-123
-83
-54
-15
48
70
79
74
61
86
77
112
162
175
178
160
122
150
174
196
249
256
213
223
166
149
149
97
74
105
124
108
121
117
132
145
139
146
144
134
141
182
190
192
176
109
50
5
-25
-42
-37
-53
-95
-78
-74
-93
-58
-101
-148
-132
-125
-112
-55
-60
-59
-30
-24
-42
-16
-5
-81
-121
-158
-206
-248
-216
-166
-137
-106
-108
-132
-147
-178
-156
-43
1
39
69
66
54
47
23
-4
9
0
-26
-63
-76
-67
-66
-33
9
12
23
49
36
48
76
73
107
137
100
76
52
20
3
13
4
-1
14
14
-33
-65
-101
-132
-141
-101
-101
-129
-98
-98
-95
-40
20
49
74
70
33
1
-24
-27
-30
-56
-76
-109
-135
-141
-150
-122
-109
-84
-66
-45
1
-2
-11
8
33
62
66
26
-10
-18
-27
-7
48
59
34
25
15
13
60
132
162
206
257
255
210
191
161
146
188
247
291
290
307
273
207
151
132
135
131
153
151
139
118
97
104
119
160
151
144
112
70
44
-4
-16
9
-2
1
6
-45
-102
-130
-169
-208
-210
-250
-275
-265
-261
-226
-211
-205
-228
-245
-261
-266
-254
-259
-246
-245
-273
-301
-322
-313
-275
-208
-132
-73
-22
3
-3
-21
-21
-14
4
11
31
30
-1
-16
-17
24
103
153
168
177
120
52
27
3
43
138
193
191
192
115
78
102
137
197
232
238
198
128
32
-17
-17
12
60
58
9
-63
-137
-173
-169
-152
-128
-112
-135
-157
-158
-189
-169
-133
-106
-67
-57
-94
-140
-191
-229
-205
-170
-154
-136
-130
-170
-181
-162
-90
17
110
142
129
71
48
48
74
147
196
229
232
215
213
223
212
246
292
337
349
314
277
256
239
274
311
326
346
304
276
290
275
293
281
243
221
160
102
83
50
14
1
-31
-61
-84
-87
-80
-90
-123
-159
-182
-160
-177
-190
-167
-159
-169
-180
-203
-231
-278
-308
-323
-303
-275
-256
-227
-218
-222
-203
-153
-142
-140
-103
-92
-101
-120
-127
-124
-101
-72
-41
-17
-15
-5
13
24
51
87
75
72
75
34
27
29
57
77
74
67
68
25
-13
-10
-7
8
-12
9
13
-49
-83
-118
-143
-121
-97
-86
-67
-54
-68
-81
-77
-80
-44
-3
-7
-1
-35
-96
-110
-118
-123
-93
-93
-78
-28
-52
-35
-2
-14
8
49
52
84
121
74
91
100
64
51
69
62
97
161
173
187
206
176
176
204
197
184
161
146
160
162
153
176
143
112
115
62
91
120
132
162
170
113
41
13
-22
-42
-30
-28
-34
-39
-46
-31
-25
-10
-3
50
69
73
87
60
14
-44
-71
-91
-93
-85
-99
-87
-82
-128
-164
-165
-137
-85
-22
24
56
63
34
17
9
3
30
47
55
86
69
43
2
-7
22
72
106
122
126
65
14
-3
-34
-10
29
44
26
-21
-58
-83
-69
-67
-46
-28
-95
-151
-200
-228
-242
-224
-206
-195
-205
-224
-245
-249
-239
-239
-188
-179
-141
-123
-123
-138
-145
-138
-120
-75
-61
-46
-71
-88
-103
-86
-61
-38
-15
2
39
49
57
56
76
90
102
143
148
138
127
132
147
153
182
212
221
250
241
206
206
192
156
156
133
99
109
99
77
104
81
53
59
62
37
46
67
34
37
17
-21
-67
-73
-78
-92
-104
-115
-112
-114
-95
-92
-89
-79
-78
-58
-22
-19
-17
14
-26
-53
-48
-52
-50
-36
-66
-51
-55
-55
-54
-36
12
38
64
61
71
71
61
41
20
61
77
120
192
190
209
209
153
130
137
104
96
122
134
145
149
134
104
58
54
65
40
56
59
37
40
24
-20
11
-10
-77
-59
-123
-192
-180
-215
-227
-223
-265
-262
-225
-190
-134
-70
-69
-69
-90
-119
-136
-161
-175
-145
-133
-144
-169
-184
-188
-187
-147
-120
-90
-66
-68
-53
-44
-48
-27
10
30
63
76
81
61
58
45
38
52
67
116
125
151
165
164
151
153
154
153
148
103
98
88
54
73
89
70
56
44
5
-8
9
-48
-39
-15
-71
-77
-74
-116
-102
-50
-21
2
18
20
0
-23
-72
-81
-49
-43
-22
-6
-8
-37
-67
-81
-99
-110
-69
-11
11
61
98
83
116
126
127
146
141
111
99
69
62
66
53
47
74
73
80
126
110
126
154
124
118
119
95
76
55
22
41
45
23
57
58
18
35
17
4
26
1
-8
-19
-3
-13
-28
-33
-18
-13
-3
4
-19
-52
-86
-86
-85
-78
-72
-48
-47
-75
-67
-74
-96
-94
-92
-80
-86
-104
-83
-78
-82
-55
-47
-81
-72
-80
-87
-63
-96
-113
-73
-120
-143
-118
-135
-141
-94
-67
-60
-50
-39
-29
2
12
9
25
11
-6
-9
-18
-27
-31
-21
-31
-38
-47
-66
-48
-31
0
22
19
15
14
13
-4
-24
-50
-48
-45
-62
-54
-26
-28
-11
-21
-35
-31
-45
-59
-53
-60
-60
-33
-15
21
64
63
77
89
84
93
116
144
155
164
160
135
112
116
96
101
131
149
143
175
169
154
165
168
148
175
202
208
215
199
161
134
108
100
96
67
67
54
31
26
29
19
54
68
55
59
49
2
-17
-13
-41
-40
-30
-21
-19
-58
-99
-113
-145
-160
-139
-155
-160
-122
-141
-129
-99
-121
-130
-116
-94
-75
-59
-69
-80
-77
-91
-101
-86
-76
-61
-29
-38
-26
-12
-14
-19
-16
-43
-42
-44
-64
-41
-31
-29
-9
7
8
34
49
37
30
18
-2
-19
-59
-71
-72
-95
-89
-73
-71
-62
-42
-52
-65
-51
-41
-33
-4
-3
-8
-11
-39
-26
-20
-21
-7
-19
-56
-51
-49
-58
-59
-66
-42
-25
-8
-14
-16
-16
-20
-25
-28
2
2
19
37
41
30
41
68
80
70
45
48
34
40
64
78
103
109
100
98
93
81
68
63
77
98
67
52
50
36
63
75
63
86
65
32
58
37
27
39
35
30
66
50
37
43
49
62
74
56
36
25
-3
16
23
29
65
66
35
61
73
36
25
30
-4
-16
-21
-40
-18
0
-5
29
43
34
61
73
46
43
35
3
7
-12
-17
-9
-4
-15
-9
5
-30
-34
-38
-61
-58
-35
-42
-73
-66
-96
-134
-137
-128
-110
-88
-77
-89
-108
-121
-143
-134
-82
-69
-72
-85
-115
-129
-124
-135
-86
-48
-44
-23
-9
-8
0
8
-11
-34
-30
-27
-47
-25
-7
-9
23
31
48
73
57
33
38
43
35
53
63
91
105
86
71
54
36
53
63
69
59
49
24
3
19
16
-3
-38
-35
-63
-100
-91
-94
-98
-73
-71
-94
-87
-71
-88
-74
-52
-53
-42
-34
-43
-56
-76
-70
-55
-50
-32
-24
-32
-26
-11
11
26
35
60
43
24
40
43
35
62
83
84
107
127
149
166
185
190
190
176
152
144
136
135
130
122
120
137
123
133
139
138
118
121
105
78
80
41
32
28
25
27
22
23
4
-36
-39
-55
-74
-80
-108
-140
-148
-148
-152
-125
-118
-126
-117
-141
-153
-159
-158
-134
-115
-142
-106
-75
-97
-62
-36
-37
-18
4
-18
-12
2
-49
-56
-36
-31
-16
-11
-11
-2
2
-8
6
33
45
78
83
75
70
60
60
86
90
110
100
90
93
77
68
54
17
17
7
-33
-6
-11
-35
-34
-49
-43
-49
-49
-40
-44
-54
-40
-57
-64
-65
-95
-115
-111
-139
-152
-133
-115
-98
-89
-98
-101
-70
-63
-68
-40
-36
-38
-43
-68
-63
-71
-68
-43
-14
12
34
50
46
48
48
66
60
62
86
90
83
117
117
125
161
140
140
152
133
139
144
138
137
116
110
93
105
101
78
87
99
72
76
100
65
72
73
51
50
63
45
24
17
-9
-26
-52
-59
-52
-61
-75
-80
-94
-112
-107
-90
-79
-56
-41
-63
-68
-78
-93
-80
-75
-63
-45
-29
-27
-23
-21
-29
-16
-11
-24
-19
-8
-19
-4
-5
-3
34
10
0
39
27
27
47
48
35
60
57
37
32
15
3
-1
-12
-32
-41
-46
-65
-44
-3
1
-1
24
-5
-16
-19
-54
-45
-33
-45
-41
-51
-97
-98
-92
-107
-78
-51
-53
-57
-43
-53
-60
-56
-52
-46
-59
-57
-66
-56
-35
-21
-11
11
3
2
0
-6
9
15
20
17
25
30
-9
29
45
33
48
78
67
65
88
69
66
99
80
71
83
69
39
44
34
24
56
39
15
30
13
-8
7
-12
-25
16
26
28
47
40
32
31
7
11
21
9
12
3
-35
-44
-33
-33
-13
16
8
-1
2
-7
-17
-24
-18
-6
9
23
17
-4
0
22
14
26
37
18
42
41
38
30
2
-13
3
11
29
50
30
14
21
7
14
60
58
64
53
24
20
8
-11
-6
17
-7
-9
-7
-50
-42
-29
-48
-51
-59
-59
-56
-54
-50
-57
-61
-79
-64
-66
-88
-73
-64
-84
-78
-72
-86
-59
-50
-27
-14
-6
-7
-35
-57
-46
-38
-28
-15
-19
-33
-28
-23
-22
-2
18
24
36
76
58
71
100
84
97
108
89
53
35
18
5
1
-1
-11
0
40
50
44
73
73
33
27
22
11
21
14
-12
-26
-30
-46
-35
-26
-34
-35
-28
-41
-36
-36
-46
-39
-47
-42
-18
-10
-25
-18
-32
0
37
25
43
55
42
37
41
18
14
17
-12
-5
30
29
47
86
95
82
80
54
39
62
51
40
50
34
22
23
8
5
-22
-26
-27
-38
-29
-34
-34
-30
-32
-10
-7
-37
-12
-23
-69
-54
-82
-126
-84
-79
-89
-62
-78
-92
-39
-31
-44
-41
-46
-58
-75
-61
-41
-40
6
13
-23
-4
-23
-37
-14
-13
5
10
7
-6
-14
12
-7
-31
-27
-43
-33
12
8
-8
18
1
8
47
45
48
62
47
75
94
59
72
62
39
33
33
30
33
28
48
62
69
66
68
68
84
89
84
75
51
57
71
65
72
66
32
23
16
-14
10
47
30
42
48
48
43
-5
-17
-6
-24
-15
3
-11
-37
-56
-78
-55
-53
-70
-65
-63
-53
-42
-40
-33
-11
-2
1
30
13
31
37
19
19
-4
-19
-31
-33
-18
24
-12
-11
28
19
17
21
-31
-48
-32
-27
16
12
-28
-35
-49
-64
-26
-9
-17
4
13
-7
4
8
-17
-7
-7
-21
-20
-56
-78
-53
-37
-38
-16
17
-19
-43
-23
-49
-49
-27
-30
-37
-13
-38
-57
-38
-36
-50
-36
-24
-42
-43
-45
-21
-32
-29
-19
-40
-43
-54
-73
-48
-25
-17
-32
-38
-2
-12
-8
31
24
1
7
11
-4
-15
-12
-10
-26
8
32
40
47
72
55
60
86
99
114
121
106
75
82
66
60
95
110
107
109
107
113
93
71
88
80
52
68
28
-6
22
14
-7
9
22
11
7
-10
-18
-23
-37
0
21
-11
-7
-46
-77
-94
-116
-115
-99
-92
-93
-77
-85
-83
-89
-85
-86
-100
-102
-120
-132
-113
-107
-88
-60
-31
-43
-49
-8
-25
-2
4
-9
-3
7
7
10
27
34
53
53
66
96
98
85
69
60
90
77
62
95
59
55
54
52
67
83
97
102
89
103
528
780
310
-426
-567
-236
32
-68
-234
132
611
319
-623
-935
-327
395
352
-90
-174
133
165
-217
-548
-427
100
439
368
183
123
36
-124
-287
-235
35
281
271
6
-124
-82
-129
-253
-206
-76
74
116
-30
-13
51
43
65
50
74
66
-9
-26
-51
-53
107
141
23
-4
109
58
-10
50
90
476
626
39
-482
-309
194
37
-272
-255
217
454
-111
-882
-726
246
455
-123
-460
30
338
-69
-598
-404
180
432
10
-279
159
426
-66
-549
-239
338
312
-127
-258
-66
38
-245
-564
-455
15
153
-73
-169
30
117
-101
-265
-123
86
163
129
81
201
317
138
-204
-142
106
217
198
162
241
343
217
-171
-221
-51
-31
-45
34
161
308
236
-63
-191
-78
-31
-45
48
241
374
331
133
-157
-256
-104
63
59
199
299
259
10
-211
-286
-155
35
-16
3
146
220
-7
-163
-177
-131
-94
-151
-21
214
311
205
-37
-172
-180
-135
-120
11
278
324
88
-81
-187
-221
-133
-21
28
128
160
-23
-122
-122
-125
-130
8
140
32
-82
15
52
-79
-131
-60
37
-18
-91
-98
44
159
-44
-225
-30
121
-157
-312
-107
147
130
-43
-103
-17
-29
-206
-228
5
198
79
-71
-15
15
-89
-183
-29
197
214
95
16
-44
-100
-107
-59
47
74
67
73
63
10
-85
-82
27
118
41
14
71
40
-37
-8
72
65
-2
-35
26
68
17
-4
60
77
5
-43
-53
-58
-13
17
62
72
-4
-40
-21
-6
45
57
71
151
68
-21
-14
-31
-49
-4
112
129
51
-29
-24
-51
-60
-37
67
150
108
76
59
48
-51
-105
5
100
51
-6
8
68
42
-50
-44
-23
-8
-5
-15
20
46
-45
-99
-29
23
-40
-84
-62
-11
-56
-105
-85
-3
22
-51
-78
-10
-27
-151
-139
-78
-17
10
-77
-91
-11
-50
-103
-48
9
66
36
-5
-39
-46
-68
-97
12
82
57
-5
-10
10
41
-14
-2
65
149
139
77
96
76
9
-28
6
62
93
69
50
80
49
-39
-82
-37
27
12
-50
-29
33
19
-38
-69
-50
-31
-9
-29
-26
30
17
-60
-69
-10
10
32
28
17
56
29
-39
-44
-22
27
10
2
32
23
-22
-60
-9
81
53
15
52
70
76
35
-18
14
74
16
-8
25
26
-18
-65
-17
68
29
-3
29
28
14
-48
-74
-2
25
-48
-63
-57
-35
-33
-80
-56
-7
-13
-86
-96
-62
-15
-39
-69
-38
-17
-21
-49
-46
-29
-1
-8
-55
-26
26
14
-8
8
34
34
30
21
46
45
24
2
6
60
81
52
18
15
33
80
68
76
102
81
31
-14
-14
-11
2
37
52
55
54
64
40
27
12
-8
27
46
34
11
-20
-20
-44
-86
-32
-22
-22
5
-8
-42
-63
-65
-42
-27
-29
-31
-43
-21
29
13
-28
-8
-33
-61
-22
-18
-27
8
-2
-45
-12
27
8
21
42
29
11
-18
-33
-23
-25
-20
8
27
33
30
28
42
42
22
29
46
41
11
-12
-26
-25
-12
-26
-43
-35
-29
-43
-28
-13
-2
12
-2
4
-27
-49
-54
-66
-71
-40
-22
-35
-47
-30
-35
-54
-53
-25
-18
-24
-16
-13
6
14
-6
-16
23
14
7
14
14
9
27
35
42
47
7
-3
18
20
13
0
13
28
23
31
40
28
10
-7
4
41
32
13
-8
7
21
13
-20
-12
-4
0
4
-9
-14
-2
5
-18
-13
18
31
14
15
13
14
13
18
39
84
81
60
30
21
27
26
36
32
52
62
62
49
32
54
68
63
61
57
49
32
29
40
35
24
26
14
18
29
-4
-13
9
-23
-25
-26
-36
-17
-14
-49
-36
-25
-44
-60
-68
-54
-34
-52
-90
-86
-61
-80
-83
-61
-46
-39
-40
-38
-38
-13
-44
-64
-37
-12
-32
-82
-77
-65
-48
-35
-24
-6
24
29
-11
-18
-12
-10
-15
-24
0
10
-9
-9
-22
-35
-17
-32
-37
-24
-42
-28
-21
-41
-36
-18
-30
-46
-40
-41
-12
-21
-38
-2
-6
-31
-27
-29
-22
7
10
16
46
42
14
-1
1
16
33
40
64
75
32
18
28
48
51
63
75
93
97
67
44
55
77
78
82
80
114
88
60
53
38
49
62
58
62
69
52
45
51
61
65
43
28
32
33
27
13
0
21
41
26
32
23
-2
2
-26
-42
-17
-36
-27
-9
-28
-22
-40
-56
-30
-31
-51
-45
-18
-5
-22
-42
-33
-25
-37
-53
-63
-42
-12
4
-3
-10
-15
-35
-44
-41
-11
3
-3
-25
-22
-17
-36
-31
-26
-38
-11
3
-16
-3
-6
-19
-23
-18
-31
-36
-25
-25
-16
-20
-32
-48
-38
-28
-30
-21
-25
-23
-31
-42
-55
-54
-61
-61
-52
-59
-50
-36
-48
-44
-34
-33
-23
-7
-12
-11
4
-3
-11
-15
-19
-26
-42
-31
-10
-13
-5
-16
-37
-19
6
-9
-3
28
23
16
5
8
28
48
49
52
56
60
53
28
30
38
26
48
56
59
75
65
49
70
72
63
65
57
63
71
65
56
51
43
46
52
59
49
57
70
70
48
34
25
26
29
25
50
50
20
19
6
-14
-11
-24
-24
-8
-4
-10
3
7
-11
0
0
-5
4
1
9
22
5
-12
-10
-8
-8
-1
13
17
28
20
1
-9
-5
11
21
25
28
12
8
-13
-28
-28
-27
-19
-12
-7
-5
-22
-47
-37
-39
-49
-22
-32
-35
-3
-29
-55
-48
-58
-59
-45
-44
-44
-38
-37
-43
-36
-59
-83
-76
-86
-76
-60
-59
-67
-58
-53
-53
-54
-66
-65
-37
-33
-44
-55
-66
-72
-67
-74
-72
-58
-48
-20
-9
-9
-10
-12
-27
-9
7
-16
-6
4
-13
-13
-10
-12
0
25
44
50
42
42
43
32
30
18
13
37
65
60
54
60
61
57
51
77
77
76
81
71
68
67
45
31
54
51
65
81
59
64
71
35
20
31
35
49
56
39
44
58
37
19
23
28
29
28
30
21
23
21
13
20
30
29
16
20
13
18
32
14
8
24
23
16
14
0
2
14
11
15
-5
-11
-9
-16
-15
-5
-2
2
11
9
5
-12
-29
-30
-26
-30
-30
-32
-35
-47
-51
-46
-53
-49
-53
-54
-42
-55
-56
-46
-51
-40
-38
-38
-41
-43
-58
-75
-62
-63
-66
-59
-55
-52
-38
-37
-38
-25
-20
-15
-23
-27
-23
-21
-21
-31
-19
-1
-8
-3
11
-6
-14
-13
-26
-22
-20
-20
-11
1
-11
-9
-10
-19
-10
-13
-17
-13
-12
-10
12
9
9
21
17
19
20
22
17
13
17
13
11
9
14
13
10
9
10
10
11
5
-3
8
16
24
35
45
33
36
39
46
50
42
40
51
49
39
43
40
38
47
57
47
48
73
51
31
44
38
29
28
25
22
32
14
9
28
19
28
47
38
30
24
11
17
22
2
2
2
-9
-4
1
6
18
27
15
6
0
-7
-17
-20
-11
-8
-11
-22
-18
-21
-16
-18
-26
-17
-9
-13
-13
-18
-21
-24
-34
-34
-25
-21
-30
-33
-33
-36
-38
-33
-42
-46
-35
-38
-37
-43
-49
-43
-36
-37
-31
-23
-36
-31
-26
-32
-28
-21
-27
-17
-27
-29
-19
-19
-12
-16
-2
-5
-3
5
2
-15
-8
-2
-14
-11
-14
-13
-9
-7
-11
-5
-7
-14
2
7
1
-7
-12
-13
-18
-12
-9
-11
-12
-4
2
-1
2
17
11
-1
-5
-3
-2
6
9
6
15
18
26
22
14
28
27
25
35
24
30
35
19
17
30
28
32
44
40
44
43
29
33
37
27
37
32
33
35
19
24
41
37
36
50
45
50
47
23
19
34
14
14
36
22
24
23
12
20
31
14
17
29
17
13
15
6
12
6
-3
1
-8
-3
0
-2
4
3
-9
-8
-12
-27
-24
-27
-31
-25
-21
-27
-29
-45
-45
-30
-39
-38
-34
-41
-35
-36
-41
-37
-33
-32
-40
-44
-40
-43
-42
-32
-31
-30
-20
-18
-34
-36
-28
-25
-22
-12
-13
-3
-5
-19
-16
-3
-4
-7
-7
-12
-10
-19
-20
-18
-16
-6
-15
-26
-17
-25
-25
-21
-25
-12
-1
-13
-9
-14
-33
-24
-26
-21
-5
2
-9
-12
-6
-8
-7
-1
1
1
5
3
7
23
20
20
29
18
18
28
23
30
35
24
26
32
20
14
29
31
42
44
32
43
47
34
35
42
39
40
36
21
29
29
24
36
31
25
30
19
10
21
15
12
11
7
20
20
11
15
20
17
16
19
19
18
13
10
10
13
13
15
14
17
7
-6
2
6
9
8
9
-3
-1
-2
0
3
-5
-1
-6
-9
-4
-18
-22
-9
-13
-21
-13
-19
-16
-11
-27
-22
-18
-34
-42
-39
-44
-43
-48
-47
-33
-35
-44
-42
-39
-27
-22
-24
-19
-20
-23
-31
-50
-45
-39
-36
-23
-16
-4
-9
-8
-1
6
12
9
4
1
4
-2
-3
13
3
-1
9
-7
1
13
5
11
17
5
14
9
-2
-1
-3
-1
4
0
4
17
3
0
-2
-4
3
4
1
1
3
4
1
2
2
4
8
12
12
8
14
12
11
14
21
23
16
18
12
7
13
22
18
13
11
10
7
13
19
18
25
16
14
15
2
-4
4
5
9
9
8
12
3
5
8
0
1
8
2
1
-6
-10
-10
-9
-3
-5
0
5
11
11
7
9
8
-1
9
15
9
6
5
4
4
3
5
10
18
15
10
13
5
3
5
-1
-7
1
-11
-18
-9
-10
-10
-1
5
-3
10
7
-3
-2
-6
-12
-13
-23
-35
-27
-29
-29
-19
-21
-23
-18
-25
-25
-14
-18
-26
-21
-24
-26
-21
-18
-16
-13
-12
-12
-11
-7
-10
-8
-11
-9
0
0
-3
-5
2
3
-3
2
1
0
7
11
2
-9
-1
-7
-12
-12
-8
-9
-4
5
1
5
10
2
-6
9
1
-10
-3
2
-1
1
10
6
7
5
-1
-2
8
8
6
8
5
2
6
7
11
11
17
18
14
18
9
5
1
1
-2
3
0
9
10
4
9
17
19
14
15
12
11
14
14
10
