SAMPLES:	11889
BITSPERSAMPLE:	16
CHANNELS:	1
SAMPLERATE:	16000
NORMALIZED:	FALSE
10
15
12
5
2
2
1
0
-3
3
7
13
17
16
14
9
8
4
4
8
8
-2
-2
-5
-3
-2
-7
-7
-7
-4
-9
-9
-10
-3
0
-1
-2
0
3
-1
-2
-2
-3
-1
-4
-3
-3
-8
-7
-13
-11
-6
-2
-2
0
5
3
-1
-3
-8
-10
-4
-4
-8
-4
-3
-5
-1
-1
4
3
2
5
10
15
17
16
9
7
5
9
10
14
8
6
9
10
12
15
10
5
6
6
7
3
4
2
1
-4
-3
-5
-9
-9
-6
-7
-5
-3
-5
-6
-11
-9
-4
-4
-1
-7
-5
-3
-6
-5
1
7
1
-1
-2
-1
5
6
5
7
10
7
3
2
4
9
9
6
3
4
2
0
-2
-4
-1
-2
-5
-8
-6
-5
-3
-2
5
7
6
1
-4
-7
-5
-2
2
3
1
-2
-5
-2
-2
0
4
-2
-7
-5
-6
-7
-10
-9
-7
-8
-4
-4
-2
1
2
-2
-3
0
0
2
0
-1
-1
-2
-3
-3
-3
0
3
1
2
3
2
5
6
7
2
-1
-4
-11
-13
-10
-7
-8
-9
-10
-7
-2
-2
0
1
1
2
3
-1
-6
-8
-9
-9
-7
-8
-4
0
3
3
6
10
9
12
9
7
6
9
10
10
9
8
6
5
9
8
8
11
8
9
15
15
16
17
14
12
14
9
6
7
7
7
8
11
10
10
10
5
0
0
-1
2
1
-1
0
-5
-10
-7
-5
-4
-6
-6
-11
-17
-19
-20
-22
-23
-23
-24
-23
-22
-19
-20
-23
-22
-24
-21
-18
-15
-19
-22
-26
-26
-25
-22
-21
-22
-13
-12
-4
4
8
9
11
11
11
9
7
9
12
16
14
17
23
27
31
31
29
29
33
38
45
50
50
54
54
51
50
55
54
49
41
39
41
38
37
30
20
15
11
5
-6
-10
-14
-21
-27
-28
-36
-42
-45
-50
-59
-66
-70
-79
-84
-85
-86
-86
-86
-85
-85
-81
-80
-73
-70
-70
-70
-67
-61
-49
-43
-41
-38
-36
-27
-21
-14
0
9
16
21
25
39
50
55
65
77
81
84
92
104
118
131
143
150
161
168
164
165
165
161
155
144
133
114
96
81
73
65
52
39
14
6
-5
-16
-25
-44
-68
-91
-109
-126
-141
-150
-151
-159
-173
-183
-183
-181
-182
-181
-171
-169
-169
-165
-159
-158
-150
-136
-126
-113
-99
-90
-78
-70
-63
-54
-44
-27
-22
-18
-12
3
9
22
40
51
66
74
89
100
119
130
142
154
164
183
198
213
224
231
230
233
233
226
225
224
217
205
193
181
160
136
119
104
90
77
63
44
27
14
-11
-34
-52
-64
-82
-104
-129
-148
-162
-170
-180
-191
-191
-206
-223
-241
-252
-265
-278
-284
-283
-280
-274
-271
-264
-245
-236
-220
-209
-191
-171
-167
-152
-143
-135
-108
-98
-76
-51
-40
-13
14
44
74
93
127
148
166
188
220
237
260
301
323
338
355
378
399
410
418
426
426
432
419
407
391
365
341
306
292
268
236
205
168
133
96
71
33
-2
-39
-68
-109
-143
-177
-219
-240
-275
-307
-334
-359
-378
-410
-426
-449
-468
-475
-488
-478
-465
-463
-449
-437
-449
-454
-442
-420
-408
-381
-363
-336
-303
-279
-239
-201
-164
-126
-88
-52
10
47
76
118
175
218
262
309
339
383
406
427
464
503
540
564
591
614
620
626
641
637
615
597
564
542
501
450
435
406
356
326
296
248
198
153
98
45
7
-21
-75
-149
-207
-255
-309
-361
-391
-418
-459
-492
-515
-545
-592
-624
-655
-670
-693
-697
-694
-704
-682
-655
-631
-629
-604
-590
-580
-558
-537
-490
-447
-391
-320
-285
-228
-160
-92
-15
39
111
171
228
285
343
397
455
507
563
606
640
667
696
741
795
861
888
922
937
930
915
922
905
891
862
790
727
667
594
524
460
374
314
260
201
155
110
45
-44
-124
-196
-280
-343
-403
-491
-577
-638
-687
-741
-778
-831
-871
-907
-943
-959
-949
-921
-932
-928
-909
-892
-875
-859
-822
-810
-779
-751
-717
-645
-590
-502
-417
-351
-269
-182
-120
-47
42
104
175
262
355
469
530
601
657
687
752
763
795
865
934
996
1027
1081
1103
1104
1145
1134
1116
1086
1032
998
940
848
753
676
593
530
465
418
343
256
165
63
-12
-113
-196
-271
-360
-468
-545
-643
-749
-817
-881
-944
-986
-1015
-1036
-1086
-1104
-1121
-1132
-1115
-1133
-1120
-1108
-1098
-1060
-1023
-1007
-945
-910
-883
-812
-766
-690
-610
-537
-463
-350
-234
-152
-34
104
193
265
345
418
490
570
665
747
812
888
980
1031
1075
1135
1161
1205
1185
1138
1152
1163
1195
1180
1161
1133
1072
1042
969
917
858
752
641
556
457
397
307
183
103
21
-79
-166
-235
-274
-349
-435
-490
-582
-672
-740
-793
-855
-873
-902
-954
-1003
-1037
-1080
-1118
-1123
-1076
-1039
-987
-933
-929
-922
-892
-870
-822
-738
-653
-597
-536
-486
-439
-345
-244
-123
-57
26
104
176
258
320
427
518
584
649
674
683
703
762
757
783
819
839
892
924
960
970
1004
1002
986
994
964
890
848
799
764
689
620
552
455
389
318
253
171
95
0
-46
-100
-168
-239
-317
-393
-459
-537
-621
-679
-729
-791
-813
-829
-826
-870
-894
-905
-936
-954
-971
-992
-1017
-995
-967
-936
-920
-866
-822
-775
-723
-689
-601
-540
-458
-378
-290
-154
-93
-14
76
129
179
248
317
380
457
471
529
586
611
720
775
825
846
893
892
866
907
932
930
954
948
885
868
854
836
809
797
776
783
709
636
573
472
350
284
226
137
76
9
-83
-191
-262
-305
-362
-401
-422
-458
-504
-581
-625
-671
-708
-769
-826
-832
-860
-886
-865
-830
-805
-820
-827
-809
-791
-748
-739
-730
-713
-659
-611
-520
-456
-421
-330
-269
-205
-144
-66
1
56
170
253
340
408
455
461
487
535
572
634
714
762
788
829
819
858
918
900
871
847
833
759
771
757
723
723
667
630
568
503
452
395
334
270
195
146
56
60
-13
-164
-215
-313
-428
-497
-534
-537
-573
-611
-620
-670
-699
-696
-735
-777
-772
-769
-771
-798
-775
-764
-770
-764
-745
-725
-735
-747
-726
-661
-595
-553
-504
-424
-376
-301
-240
-184
-124
-82
-52
5
83
162
246
307
376
436
477
470
533
588
616
663
704
729
733
753
787
774
790
849
843
841
855
820
776
750
694
623
590
584
540
471
443
372
284
225
157
103
53
6
-56
-155
-201
-259
-328
-353
-392
-437
-487
-573
-632
-644
-671
-659
-698
-711
-723
-724
-697
-719
-713
-721
-747
-740
-725
-673
-639
-629
-592
-555
-559
-538
-456
-414
-349
-313
-240
-175
-145
-63
7
88
164
248
294
375
432
486
519
511
566
634
684
704
733
737
720
723
750
765
786
776
751
755
725
708
690
691
652
589
526
473
424
386
318
247
208
188
127
76
23
-61
-146
-238
-265
-338
-353
-397
-471
-511
-537
-581
-615
-658
-691
-713
-745
-753
-745
-749
-751
-747
-729
-721
-738
-740
-750
-720
-694
-660
-645
-599
-552
-499
-453
-396
-316
-280
-246
-204
-167
-123
-10
62
138
219
281
317
374
437
460
535
586
617
653
679
697
726
745
761
779
811
820
796
774
760
751
730
722
682
646
618
561
528
492
443
384
299
273
252
200
148
102
28
-44
-105
-162
-222
-298
-339
-392
-419
-438
-461
-509
-544
-573
-634
-633
-652
-659
-693
-678
-683
-676
-677
-658
-669
-683
-686
-718
-665
-621
-579
-546
-483
-433
-396
-334
-255
-166
-113
-86
-46
-22
4
55
137
211
265
351
400
451
508
542
596
613
610
638
653
636
659
643
603
597
587
609
590
595
585
531
501
497
484
456
445
420
396
343
285
227
141
26
-69
-125
-173
-189
-193
-203
-221
-279
-319
-331
-391
-405
-420
-453
-480
-510
-534
-594
-642
-662
-675
-684
-690
-691
-684
-700
-669
-631
-581
-551
-464
-431
-390
-359
-344
-313
-252
-195
-167
-120
-108
-84
-35
35
107
184
232
299
331
410
499
520
553
554
560
538
557
565
575
589
564
588
629
652
633
646
630
581
566
560
538
524
498
471
424
366
360
299
263
212
155
87
23
-14
-75
-87
-106
-152
-158
-197
-232
-295
-376
-453
-517
-551
-587
-580
-577
-587
-606
-623
-641
-647
-624
-638
-632
-623
-619
-642
-579
-512
-481
-423
-370
-313
-294
-298
-242
-197
-133
-75
-43
26
60
126
161
190
267
329
338
377
411
403
424
704
892
350
61
265
663
1082
491
135
289
83
103
16
347
747
318
42
187
93
61
248
791
960
354
649
831
-24
-450
-147
371
-17
-598
-113
-589
-1520
-1179
-1096
-1145
-210
221
-296
-516
-388
-361
-564
41
865
623
334
-168
-925
-946
-351
180
143
89
-310
-956
-735
-754
-532
192
359
-8
-604
-628
-376
-383
231
712
217
-213
-279
-82
242
518
658
437
7
-27
251
513
670
657
622
403
132
334
848
1195
1235
1191
881
819
1103
1577
2022
1858
1642
1402
1163
1325
1354
1183
953
521
115
-193
-461
-591
-782
-1092
-1442
-1800
-2102
-2140
-2047
-2104
-2220
-2494
-2703
-2577
-2380
-2102
-1923
-1963
-1912
-1779
-1476
-1103
-885
-692
-511
-441
-327
-210
-156
211
489
384
121
-194
-196
200
317
476
263
-73
-132
467
1216
1563
1653
1313
1425
2160
2858
3560
3745
3422
3484
3165
3167
3441
3263
3061
2859
2070
1404
1114
858
731
437
-512
-1245
-1755
-1959
-1835
-2220
-2753
-3331
-3660
-3486
-3293
-3127
-3038
-3136
-3121
-2965
-2504
-1981
-1529
-1188
-1036
-906
-716
-336
263
556
504
368
275
300
486
685
541
98
-87
-331
-329
-365
-417
-430
-651
-817
-42
34
564
893
236
1195
1483
2190
3113
2929
3196
3124
2869
3414
3592
3645
3392
3087
2516
2250
1957
1652
1463
902
23
-681
-1092
-1280
-1439
-1769
-2415
-3026
-3262
-3241
-2954
-2850
-2946
-3157
-3140
-2866
-2406
-1907
-1475
-1240
-1139
-857
-484
-152
249
489
542
424
441
469
432
418
449
298
-92
-523
-866
-1057
-808
-946
-983
-1337
-1203
-529
-617
-212
-383
-197
717
1228
2223
2356
2362
2675
2605
3154
3307
3306
3115
3086
2749
2428
2315
1849
1638
1208
564
192
-257
-550
-692
-1186
-1867
-2258
-2567
-2502
-2355
-2552
-2676
-2936
-2872
-2374
-2141
-1801
-1476
-1369
-994
-658
-293
111
339
511
656
696
839
876
729
590
521
382
160
-163
-512
-762
-709
-1043
-1153
-1542
-1215
-474
-654
-585
-770
-689
123
1015
1656
1821
1832
1844
1973
2575
2932
3107
2806
2698
2492
2220
2203
2062
1583
1310
712
53
-205
-408
-701
-1071
-1627
-2282
-2512
-2411
-2284
-2370
-2563
-2870
-2832
-2498
-2028
-1757
-1549
-1358
-1150
-756
-221
137
480
718
916
1021
1141
1317
1305
1140
1163
1171
702
358
-131
-278
-148
-538
-667
-1282
-609
-322
-450
-543
-1035
-295
274
994
1753
1251
1734
1579
1843
2560
2420
2420
2327
2251
1910
1793
1678
1477
1121
744
259
-298
-603
-633
-1193
-1502
-2131
-2594
-2649
-2645
-2604
-2814
-3015
-3019
-2799
-2510
-2121
-1872
-1657
-1307
-934
-493
-97
297
657
850
1099
1303
1465
1597
1604
1353
1296
1396
1192
860
363
125
-42
-200
-374
-737
-151
-163
-220
-193
-711
3
539
1033
1938
1397
1564
1631
1677
2335
2459
2176
2148
1984
1607
1718
1671
1218
1047
453
-16
-316
-745
-795
-1274
-1781
-2212
-2771
-2864
-2798
-2874
-2913
-3175
-3352
-3189
-2908
-2418
-2153
-1897
-1602
-1400
-946
-352
6
431
740
858
1060
1296
1553
1633
1485
1432
1671
1407
1198
682
340
532
432
253
-160
217
409
330
185
-102
271
734
1556
2085
1778
1795
1792
2145
2567
2887
2489
2283
2204
1811
1932
1696
1311
928
544
222
-223
-679
-962
-1372
-1777
-2199
-2610
-2932
-2989
-3063
-3098
-3210
-3430
-3357
-3071
-2815
-2573
-2323
-1932
-1618
-1219
-751
-480
-8
420
695
986
1244
1295
1250
1264
1282
1575
1500
1232
624
188
328
263
360
-155
166
345
110
203
-209
353
793
1320
2045
1682
1819
1735
2066
2557
2595
2511
2086
2173
2060
2049
1882
1279
1004
673
478
-2
-546
-790
-1308
-1543
-1921
-2338
-2686
-2790
-2815
-2962
-3035
-3184
-3223
-2967
-2646
-2400
-2216
-1742
-1445
-1067
-653
-443
-113
205
598
963
1148
1244
1169
1121
1150
1361
1464
1194
621
92
132
137
103
-200
-189
25
-50
-52
-287
-17
425
962
1729
1648
1665
1623
1815
2370
2497
2494
2173
2079
2099
1882
1773
1375
994
607
448
177
-341
-711
-1079
-1464
-1770
-2204
-2570
-2698
-2770
-2856
-2935
-3020
-3023
-2810
-2423
-2180
-2061
-1754
-1384
-959
-611
-311
-7
311
660
1045
1292
1444
1409
1332
1274
1455
1652
1432
1039
373
225
280
354
31
0
202
-34
15
-239
-233
332
676
1579
1797
1468
1609
1537
1917
2478
2269
1951
1983
1721
1697
1725
1268
796
460
185
102
-491
-810
-1174
-1634
-1746
-2125
-2558
-2640
-2789
-2835
-2819
-2932
-2983
-2859
-2488
-2158
-2010
-1628
-1337
-958
-409
5
315
551
792
1195
1451
1601
1640
1554
1580
1595
1718
1587
1205
629
311
246
232
-30
-321
-18
-132
-108
-296
-527
-175
219
869
1372
1202
1063
959
1215
1801
2087
1761
1691
1541
1238
1399
1220
811
571
130
-121
-378
-671
-910
-1349
-1698
-1965
-2418
-2573
-2493
-2659
-2574
-2672
-2873
-2715
-2443
-2011
-1677
-1506
-1272
-1002
-488
43
431
787
962
1210
1598
1829
2009
1925
1827
1650
1762
1779
1603
1203
657
391
180
-10
-325
-174
-116
-93
-526
-959
-688
-206
616
1221
1100
986
759
899
1504
1967
1929
1612
1368
1129
1251
1309
1198
902
482
23
-297
-530
-739
-1030
-1353
-1769
-2152
-2456
-2499
-2440
-2401
-2504
-2718
-2898
-2646
-2281
-1904
-1585
-1405
-1162
-762
-180
398
794
932
1009
1195
1546
1858
2004
1988
1813
1642
1683
1533
1390
990
603
385
179
-142
-280
69
16
-3
-524
-874
-418
-33
677
1106
1022
980
715
1027
1505
1877
1774
1726
1454
1136
1219
1018
947
749
288
-165
-417
-663
-905
-1149
-1411
-1776
-2228
-2465
-2489
-2555
-2492
-2504
-2607
-2589
-2517
-2204
-1820
-1531
-1197
-903
-549
-168
220
544
819
1124
1364
1605
1711
1757
1721
1600
1558
1496
1353
1122
726
439
213
-5
-206
-35
110
19
-350
-869
-717
-233
335
926
1096
1111
933
839
1016
1409
1700
1737
1760
1383
1096
832
771
931
821
544
208
-284
-634
-957
-1171
-1277
-1509
-1767
-2069
-2312
-2452
-2451
-2407
-2315
-2220
-2202
-2057
-1829
-1470
-1050
-645
-274
66
274
398
728
1014
1276
1521
1563
1499
1501
1388
1259
1234
1108
943
539
256
-51
-410
-567
-417
-317
-324
-597
-926
-842
-507
-116
421
842
1163
1109
951
986
1137
1454
1767
1976
1857
1496
1057
839
797
855
832
698
326
-151
-706
-1042
-1244
-1320
-1421
-1551
-1854
-2076
-2265
-2287
-2163
-1971
-1733
-1559
-1427
-1223
-993
-697
-292
28
337
589
815
986
1108
1206
1280
1366
1387
1263
1046
875
686
575
358
101
-221
-502
-628
-829
-765
-781
-746
-777
-818
-685
-585
-272
246
615
1078
1089
886
860
1037
1254
1491
1678
1631
1516
1264
1035
802
701
673
446
279
35
-453
-815
-1043
-1157
-1260
-1377
-1542
-1676
-1809
-1891
-1883
-1774
-1626
-1374
-1024
-686
-437
-335
-145
185
585
934
1107
1175
1130
1161
1229
1336
1267
1181
961
724
569
362
143
-133
-386
-633
-783
-1006
-1202
-1154
-1068
-875
-948
-1056
-866
-751
-270
224
553
708
735
783
891
1103
1170
1271
1356
1329
1314
1165
1052
867
656
594
444
285
27
-262
-630
-895
-1133
-1343
-1371
-1458
-1532
-1529
-1538
-1530
-1366
-1133
-750
-465
-273
-87
161
370
695
986
1122
1214
1155
1188
1180
1169
1142
1011
827
616
399
257
117
-86
-340
-674
-1000
-1320
-1452
-1522
-1355
-1258
-1242
-1184
-1294
-1135
-904
-578
-127
230
584
706
794
836
950
1123
1235
1469
1473
1449
1283
1025
859
728
633
559
476
329
46
-322
-591
-756
-966
-979
-1022
-1042
-1008
-1015
-862
-841
-758
-637
-378
-71
238
474
634
716
732
789
900
1029
1072
1023
860
744
579
321
150
-9
-121
-290
-490
-746
-1042
-1258
-1368
-1327
-1406
-1434
-1569
-1548
-1427
-1298
-1128
-991
-687
-407
-47
314
521
727
827
962
1209
1412
1441
1411
1398
1425
1470
1453
1401
1201
979
839
686
567
394
75
-155
-368
-475
-607
-661
-697
-642
-565
-589
-535
-494
-311
-158
95
273
245
267
323
452
637
719
717
656
517
380
195
101
-5
-209
-458
-694
-936
-1112
-1220
-1335
-1402
-1519
-1653
-1741
-1739
-1714
-1736
-1577
-1335
-1129
-877
-737
-545
-291
6
378
705
952
1149
1152
1239
1355
1471
1648
1697
1726
1760
1648
1512
1407
1247
1137
989
816
670
430
239
111
-11
-110
-243
-382
-337
-316
-281
-254
-332
-370
-297
-119
90
201
214
233
198
119
110
77
20
-90
-242
-389
-643
-782
-947
-1047
-1169
-1288
-1389
-1491
-1570
-1600
-1598
-1613
-1631
-1590
-1468
-1363
-1287
-1189
-948
-736
-392
-127
59
309
436
663
1000
1361
1620
1774
1875
1894
2019
2019
2047
2029
2023
1918
1684
1534
1353
1182
1060
939
824
682
493
325
173
39
-140
-269
-390
-382
-386
-365
-325
-361
-380
-373
-314
-200
-81
-50
-156
-219
-307
-441
-491
-625
-709
-837
-999
-1149
-1378
-1517
-1612
-1579
-1485
-1483
-1531
-1626
-1655
-1626
-1510
-1336
-1204
-1061
-942
-814
-725
-625
-368
-115
189
470
684
852
1018
1228
1435
1619
1785
1833
1886
1950
1957
1966
1884
1825
1732
1608
1516
1416
1266
1138
980
830
705
512
311
169
38
-68
-173
-278
-347
-379
-343
-348
-417
-438
-434
-429
-381
-368
-441
-476
-573
-679
-755
-812
-939
-1083
-1104
-1171
-1276
-1394
-1481
-1463
-1491
-1507
-1444
-1438
-1421
-1298
-1218
-1132
-1049
-961
-927
-825
-536
-385
-265
-149
54
303
512
763
891
1024
1169
1367
1535
1691
1835
1864
1871
1862
1873
1808
1730
1672
1551
1482
1368
1210
1081
919
830
706
531
408
279
124
-37
-209
-331
-378
-382
-406
-427
-486
-568
-647
-714
-697
-687
-680
-658
-678
-794
-902
-969
-1028
-997
-990
-1014
-1070
-1209
-1290
-1317
-1240
-1236
-1231
-1206
-1190
-1065
-1009
-859
-743
-606
-499
-399
-238
-159
10
165
333
472
573
668
761
920
1015
1130
1289
1408
1544
1563
1633
1622
1577
1601
1623
1532
1427
1331
1171
1088
1054
927
791
628
470
375
221
98
-40
-165
-270
-371
-464
-547
-644
-655
-628
-639
-675
-768
-903
-895
-795
-696
-609
-644
-731
-782
-811
-789
-760
-830
-881
-943
-1001
-976
-993
-1001
-906
-864
-791
-747
-700
-677
-622
-454
-347
-278
-206
-151
-146
-95
-29
88
153
218
324
464
652
750
790
875
979
1103
1186
1266
1289
1224
1165
1117
1158
1092
1044
958
873
845
741
577
487
420
331
297
248
130
29
-135
-203
-191
-221
-243
-278
-283
-292
-306
-264
-238
-299
-359
-327
-316
-296
-357
-406
-451
-578
-662
-702
-773
-841
-868
-886
-852
-892
-850
-887
-900
-839
-801
-697
-623
-560
-558
-558
-494
-415
-343
-235
-146
-65
-7
27
109
245
370
520
605
681
766
851
1003
1055
1150
1173
1196
1213
1190
1189
1054
998
976
900
858
818
764
718
712
650
566
486
399
287
153
60
-96
-245
-293
-293
-234
-254
-312
-378
-421
-423
-416
-446
-495
-588
-687
-738
-795
-874
-946
-1034
-1088
-1108
-1107
-1040
-1013
-1014
-988
-906
-798
-764
-705
-645
-605
-543
-517
-437
-383
-364
-330
-269
-212
-149
-87
20
139
339
509
570
677
781
870
951
1134
1244
1294
1290
1299
1291
1308
1285
1183
1134
1108
1108
1057
989
833
706
623
558
481
383
261
130
3
-72
-190
-335
-440
-515
-559
-600
-580
-607
-658
-705
-773
-808
-835
-903
-892
-873
-848
-843
-862
-909
-998
-1077
-1030
-957
-882
-818
-775
-695
-690
-629
-625
-610
-514
-468
-440
-372
-354
-304
-232
-123
-40
21
109
192
393
598
768
899
1024
1139
1238
1414
1535
1668
1675
1628
1578
1509
1430
1309
1240
1168
1101
1054
937
807
702
615
487
376
192
-81
-260
-441
-538
-613
-674
-671
-738
-768
-752
-773
-794
-749
-699
-648
-682
-719
-731
-801
-762
-734
-730
-711
-822
-909
-950
-947
-909
-882
-864
-814
-819
-760
-661
-584
-566
-590
-565
-604
-555
-472
-372
-273
-206
-64
90
356
600
782
967
1133
1274
1429
1588
1734
1809
1799
1784
1738
1683
1580
1483
1357
1275
1164
1036
877
709
505
289
117
-84
-273
-430
-564
-680
-790
-860
-931
-945
-870
-815
-760
-716
-709
-721
-696
-623
-559
-493
-491
-521
-568
-582
-620
-665
-732
-843
-946
-1054
-1100
-1069
-1062
-1083
-1065
-1011
-909
-790
-673
-590
-590
-672
-714
-594
-445
-265
-17
175
428
707
895
1179
1423
1725
1971
2144
2297
2283
2212
2168
2107
1967
1770
1477
1204
981
803
645
474
286
86
-104
-280
-398
-560
-742
-880
-975
-1054
-1048
-1046
-970
-823
-706
-555
-415
-329
-271
-184
-82
16
74
-13
-63
-106
-203
-306
-455
-587
-814
-1042
-1173
-1255
-1278
-1327
-1315
-1231
-1063
-978
-933
-884
-934
-903
-874
-753
-640
-400
-9
336
740
1037
1311
1653
1928
2336
2607
2799
2864
2651
2408
2197
1909
1599
1327
940
583
239
-90
-309
-519
-757
-1009
-1126
-1168
-1260
-1295
-1353
-1368
-1363
-1235
-1103
-899
-655
-369
-75
194
360
454
541
589
573
567
443
302
185
-41
-297
-589
-906
-1224
-1522
-1721
-1813
-1878
-1903
-1812
-1630
-1407
-1250
-1177
-1204
-1180
-1124
-1002
-549
-62
545
1086
1446
1926
2287
2582
2950
3225
3468
3439
3247
2961
2557
2100
1521
862
289
-223
-687
-1025
-1286
-1494
-1648
-1788
-1786
-1779
-1827
-1790
-1688
-1456
-1191
-890
-543
-157
231
511
804
1081
1242
1326
1328
1279
1229
1039
788
570
254
-111
-643
-1153
-1628
-2090
-2472
-2673
-2707
-2686
-2566
-2270
-1988
-1703
-1447
-1319
-1107
-930
-540
161
1031
2014
2609
3102
3473
3608
3870
4029
4199
4189
3748
3181
2502
1666
720
-311
-1351
-2004
-2574
-2906
-3007
-3083
-2944
-2817
-2577
-2127
-1785
-1464
-1113
-678
-155
365
827
1317
1648
1900
1942
1985
1939
1694
1441
1039
741
479
86
-253
-648
-1047
-1525
-2038
-2468
-2866
-3125
-3158
-2918
-2509
-1999
-1698
-1342
-1131
-907
-762
-595
170
1208
2585
3640
4399
4877
4874
4798
4618
4510
4374
3811
3065
1952
796
-758
-2242
-3618
-4540
-5043
-5138
-4758
-4119
-3351
-2706
-2027
-1259
-583
74
653
1242
1717
2105
2224
2249
2123
1878
1491
1002
445
-202
-767
-1156
-1241
-1229
-1248
-1295
-1501
-1692
-1887
-2047
-2073
-1974
-1708
-1337
-868
-330
147
299
418
232
165
-87
202
1006
2078
3518
4241
4811
4628
4008
3683
3305
3424
3214
2680
1847
576
-873
-2513
-3795
-4744
-4984
-4808
-4122
-3159
-2250
-1373
-811
-145
306
659
1010
1240
1536
1589
1507
1162
735
181
-469
-934
-1351
-1612
-1884
-1974
-1772
-1507
-1149
-917
-782
-720
-840
-890
-925
-837
-643
-396
10
249
457
328
98
-212
-473
-669
-542
425
1726
3301
4246
4688
4728
4268
3941
3670
3746
3706
3223
2424
1190
-365
-2303
-4004
-5264
-5617
-5289
-4518
-3314
-2137
-1078
-491
-63
321
572
921
1325
1801
2133
2097
1571
744
-188
-1128
-1919
-2344
-2442
-2393
-2215
-1844
-1576
-1258
-1090
-1187
-1181
-1231
-1202
-962
-674
-232
24
179
218
207
110
-22
-217
-328
-396
-475
388
1506
3144
4405
4756
4972
4355
3997
3887
3939
4440
4188
3391
1926
-58
-2308
-4232
-5637
-6045
-5471
-4528
-3155
-1946
-934
-291
-99
222
437
873
1547
2160
2569
2473
1630
358
-1098
-2269
-2980
-3250
-3024
-2683
-2233
-1766
-1428
-1228
-1186
-1188
-1149
-1026
-754
-413
-14
167
120
34
-148
-349
-485
-507
-441
-426
-241
-308
421
1423
2811
4176
4712
5002
4661
4320
4283
4400
4862
4728
3983
2277
175
-2199
-4148
-5351
-5715
-4979
-3933
-2697
-1539
-705
-167
26
289
643
1250
1946
2493
2645
2217
1185
-381
-1903
-3206
-3873
-3948
-3532
-2780
-2145
-1655
-1454
-1404
-1214
-1065
-781
-303
197
589
802
670
259
-370
-946
-1383
-1489
-1347
-1020
-805
-628
-806
-584
53
1390
3211
4502
5310
5325
5079
4900
4759
4966
4905
4332
2863
685
-1743
-3968
-5338
-5953
-5387
-4249
-2853
-1586
-582
155
707
1073
1400
1824
2430
2922
2979
2466
1355
-356
-2159
-3651
-4266
-4188
-3580
-2809
-2224
-1844
-1765
-1729
-1521
-1132
-517
108
701
1109
1146
745
47
-720
-1335
-1688
-1550
-1257
-815
-731
-790
-1244
-1421
-754
537
2566
4317
5458
5767
5298
4708
4416
4479
4453
4059
2741
818
-1492
-3854
-5251
-5945
-5446
-4366
-2925
-1482
-283
579
1149
1597
2039
2475
2908
3265
3303
2620
1423
-431
-2205
-3736
-4517
-4380
-3748
-2858
-2101
-1555
-1329
-1288
-1114
-684
-25
636
1221
1492
1394
740
-234
-1133
-1790
-2047
-1895
-1430
-863
-646
-756
-1236
-1730
-1176
63
2055
4167
5452
6126
5538
4585
3980
3703
4064
3910
3116
1400
-1145
-3959
-5957
-6794
-6370
-4893
-3143
-1370
72
838
1348
1613
2100
2591
3143
3550
3604
2949
1571
-427
-2511
-4242
-5188
-5042
-3962
-2644
-1638
-1299
-1242
-1314
-1087
-466
487
1449
2073
2134
1614
744
-205
-1104
-1672
-1887
-1719
-1543
-1283
-1046
-1097
-1278
-1688
-1233
3
2063
4384
5882
6584
5800
4559
3619
3318
3908
4098
3634
1735
-1164
-4349
-6753
-7545
-6778
-4795
-2651
-794
332
818
999
1163
1809
2396
3133
3589
3534
2795
1229
-957
-3331
-5137
-6024
-5644
-4279
-2565
-1223
-804
-884
-1231
-1118
-368
843
2196
2931
2884
2015
742
-487
-1421
-1838
-1829
-1601
-1341
-1094
-892
-936
-1075
-1354
-796
514
2507
4797
6191
6912
6278
4934
3838
3270
3549
3692
3137
1505
-1110
-4197
-6540
-7440
-6816
-4747
-2534
-475
901
1453
1636
1556
1749
2112
2538
2803
2637
1851
397
-1680
-3915
-5606
-6515
-6126
-4788
-2861
-1230
-432
-398
-809
-881
-492
501
1714
2530
2659
1864
607
-741
-1704
-2164
-2080
-1656
-1281
-1036
-965
-975
-1045
-1111
-396
956
3070
5214
6507
6908
6113
4796
3801
3521
4112
4420
3749
1675
-1337
-4628
-6875
-7431
-6224
-3753
-1350
332
1183
1216
1153
1222
1735
2493
3117
3316
2794
1563
-229
-2438
-4631
-6098
-6571
-5883
-4336
-2654
-1398
-935
-1050
-1212
-975
-128
1053
2149
2591
2216
1199
-63
-1163
-1875
-2142
-2190
-2133
-1964
-1699
-1385
-1002
-768
-832
-148
1030
3074
5342
6847
7554
6682
5158
3829
3258
3742
4080
3506
1545
-1536
-5041
-7250
-7633
-5966
-3013
-478
1370
2014
1920
1675
1685
2201
2838
3259
3152
2437
1159
-653
-2787
-4856
-6249
-6664
-5815
-4096
-2158
-864
-595
-1032
-1517
-1375
-385
1124
2468
2901
2209
736
-880
-2028
-2537
-2393
-2079
-1868
-1945
-2016
-1959
-1604
-1201
-664
638
2208
4284
5914
6901
6918
5893
4602
3439
3285
3563
3603
2486
11
-3189
-6467
-7939
-7503
-5006
-1637
1020
2508
2615
2067
1323
1372
2008
3062
3769
3585
2516
406
-1968
-4363
-6060
-6597
-6039
-4493
-2665
-1111
-443
-589
-1228
-1579
-1175
43
1619
2683
2774
1643
-79
-1602
-2523
-2604
-2084
-1488
-1242
-1430
-1606
-1775
-1606
-1296
-229
1595
3520
5588
6643
6951
6043
4666
3569
3225
3633
3872
3366
1389
-1518
-4768
-7259
-7514
-6057
-3202
-490
1317
1928
1728
1301
1306
2010
2832
3513
3439
2715
1258
-795
-2843
-4765
-5888
-6005
-5153
-3654
-2044
-1112
-934
-1315
-1662
-1197
-267
1168
2306
2567
1924
383
-993
-1824
-1947
-1599
-1311
-1208
-1502
-1898
-2022
-1805
-1254
-650
507
2066
3936
5783
6668
7023
6267
4891
3873
3256
3518
3728
2952
1080
-1822
-5027
-7147
-7443
-5721
-2601
138
1945
2543
2074
1419
1053
1378
2241
3007
3180
2444
764
-1413
-3791
-5639
-6416
-6014
-4670
-3139
-1866
-1330
-1513
-1992
-2140
-1425
-97
1461
2455
2486
1523
20
-1303
-1934
-1825
-1491
-1148
-1224
-1600
-2012
-2315
-2080
-1615
-186
1670
3736
5873
6748
7067
6350
5026
4264
3792
4286
4475
3597
1491
-1707
-4991
-7166
-7238
-5450
-2280
546
2073
2359
1484
695
549
1411
2919
3975
4174
2837
498
-2231
-4626
-5986
-6114
-5140
-3792
-2515
-2147
-2473
-3144
-3540
-2888
-1408
627
2316
2868
2153
507
-1144
-2105
-2053
-1258
-368
-70
-657
-1823
-2848
-3224
-2592
-1491
-79
1706
3311
4940
5947
6433
6513
5759
5005
4446
4440
4741
4204
2563
-78
-3210
-5858
-6914
-6034
-3466
-449
1515
2305
1864
1065
777
1229
2571
3806
4203
3377
1410
-929
-3139
-4643
-5152
-4736
-3785
-2875
-2537
-2829
-3408
-3864
-3566
-2402
-637
1073
1912
1671
507
-851
-1707
-1696
-994
-132
149
-457
-1753
-2977
-3508
-3239
-2312
-1155
637
2403
4062
5469
5945
6064
5478
4970
5006
5236
5687
4918
2978
21
-3262
-5711
-6643
-5525
-3283
-865
631
752
373
-42
435
1789
3638
5049
5156
3996
1744
-729
-2639
-3773
-3865
-3274
-2470
-2153
-2649
-3701
-4769
-5000
-4081
-2122
-24
1516
1855
1026
-322
-1440
-1659
-1012
4
731
605
-398
-2032
-3388
-3862
-3368
-2217
-1170
30
1330
2691
4266
5244
5785
5788
5321
5242
5293
5426
4972
3250
729
-2331
-4931
-6191
-5798
-4155
-2066
-333
225
165
-137
96
1264
2948
4556
5107
4497
2755
394
-1688
-3077
-3396
-2938
-2176
-1720
-1970
-2967
-4318
-5040
-4647
-3133
-1091
655
1489
1067
-35
-1198
-1724
-1269
-253
767
1102
668
-560
-2102
-3086
-3361
-2824
-1980
-581
1204
3050
4489
4767
4573
4147
4086
4906
5843
6680
6170
3877
626
-2816
-5003
-5531
-4656
-2808
-1256
-353
-568
-1218
-1403
-647
992
3047
4660
5112
4264
2332
118
-1627
-2494
-2392
-1745
-1093
-1108
-2004
-3408
-4734
-5082
-4292
-2617
-807
300
427
-264
-1096
-1500
-1318
-591
200
692
587
20
-871
-1732
-2233
-2443
-2199
-1841
-742
704
2269
3750
4269
4528
4406
4128
4664
5360
6206
6071
4262
1520
-1742
-4196
-5172
-4628
-2981
-1300
-402
-637
-1293
-1755
-1298
159
2215
4194
4865
4167
2225
-120
-1669
-2251
-1755
-796
-234
-513
-1901
-3567
-4700
-4809
-3774
-2222
-993
-448
-772
-1534
-2011
-1931
-1202
-364
232
356
-64
-578
-1091
-1339
-1380
-1406
-1590
-1729
-990
370
2091
3442
3926
4037
3737
3706
4372
5370
6358
6005
4202
1471
-1454
-3406
-4024
-3329
-2072
-1095
-809
-1428
-1898
-1896
-1012
535
2286
3672
4061
3417
1940
348
-644
-1044
-682
-115
177
-306
-1619
-3128
-4095
-4136
-3267
-2147
-1353
-1276
-1759
-2288
-2348
-1698
-817
-158
78
-140
-503
-719
-800
-576
-416
-596
-1156
-1759
-1157
313
2115
3483
3710
3386
2754
2676
3775
5283
6307
5638
3513
923
-1411
-2777
-2971
-2283
-1459
-1096
-1169
-1683
-1815
-1586
-842
414
1782
2881
3165
2696
1759
635
-155
-514
-272
209
433
-87
-1193
-2533
-3478
-3568
-2987
-2075
-1601
-1795
-2386
-2825
-2645
-1997
-1174
-597
-490
-682
-991
-970
-706
-304
-136
-356
-1000
-1440
-727
555
2266
3415
3431
3121
2268
2402
3535
4828
5897
5080
3129
712
-1448
-2359
-2339
-1631
-1101
-1109
-1608
-2221
-2189
-1710
-665
492
1610
2284
2304
2034
1418
877
553
342
524
588
501
-98
-1027
-1816
-2402
-2458
-2215
-2076
-2032
-2342
-2683
-2712
-2358
-1761
-1262
-966
-920
-958
-891
-661
-329
-38
-78
-414
-950
-1021
77
1465
2780
3101
2505
2142
1883
2864
4229
5238
5531
3993
1990
125
-1143
-1231
-1165
-692
-849
-1401
-2022
-2636
-2222
-1382
-321
675
1238
1512
1329
1081
790
561
557
520
571
717
710
265
-538
-1420
-1853
-1988
-1800
-1715
-1969
-2315
-2759
-2880
-2474
-1920
-1393
-1215
-1213
-1244
-1203
-875
-574
-149
11
-186
-616
-447
659
1942
2982
3048
2639
2269
2279
3294
4270
4977
4610
2994
1438
31
-551
-613
-776
-843
-1411
-1905
-2191
-2207
-1632
-1116
-723
-293
69
481
760
888
728
355
20
-64
275
800
1019
619
-108
-872
-1433
-1616
-1623
-1690
-2021
-2528
-2946
-2938
-2540
-2070
-1730
-1537
-1340
-1247
-984
-570
-162
212
163
30
-258
98
1201
2190
2936
2599
2242
2211
2564
3852
4562
4907
4238
2728
1680
637
303
90
-279
-614
-1247
-1600
-1942
-2039
-1880
-1592
-1126
-786
-309
67
438
554
294
13
-314
-214
117
648
1091
851
151
-767
-1401
-1550
-1424
-1378
-1777
-2356
-2909
-3139
-2867
-2399
-1920
-1612
-1567
-1453
-1297
-997
-573
-87
203
315
129
308
1154
1922
2762
2783
2704
2776
2758
3709
4499
5037
4669
3213
1948
838
387
289
210
52
-670
-1336
-1959
-2147
-1917
-1608
-1202
-885
-556
-342
-78
178
169
-27
-325
-332
-44
526
1001
983
565
-343
-1083
-1344
-1290
-1228
-1664
-2296
-2895
-3185
-2993
-2706
-2302
-2078
-2028
-1977
-1874
-1481
-1090
-562
-157
89
131
80
818
1620
2256
2558
2480
2940
3116
3482
4017
4320
4522
3619
2601
1875
1018
580
161
124
42
-488
-1011
-1544
-1701
-1571
-1444
-1045
-543
-249
-176
-190
-304
-441
-516
-309
85
479
840
906
769
353
-255
-569
-744
-878
-1295
-1923
-2425
-2920
-3096
-2923
-2664
-2425
-2448
-2523
-2443
-2145
-1577
-1023
-475
-106
-57
-159
235
1096
1795
2328
2297
2571
3016
3219
3919
4263
4544
4185
3072
2382
1679
1233
931
650
454
-160
-828
-1383
-1597
-1478
-1471
-1395
-1155
-897
-768
-636
-536
-484
-414
-284
24
362
725
970
1049
959
462
-32
-328
-558
-781
-1228
-1746
-2240
-2570
-2657
-2634
-2618
-2679
-2773
-2697
-2327
-1886
-1486
-1184
-893
-669
-481
-315
358
1210
1782
2171
2156
2497
3021
3388
4098
4451
4427
3860
2934
2488
2090
1595
1169
814
454
-106
-766
-1206
-1483
-1586
-1576
-1345
-1094
-1119
-1293
-1373
-1166
-817
-499
-230
-37
142
291
608
954
997
670
131
-275
-433
-541
-696
-1030
-1518
-2036
-2447
-2563
-2518
-2406
-2408
-2406
-2265
-2169
-2024
-1727
-1282
-899
-696
-633
-96
736
1491
2130
2227
2555
2732
3067
4106
4637
4727
3867
2723
2264
2000
2034
1861
1418
730
-67
-653
-958
-1073
-1263
-1406
-1595
-1642
-1680
-1813
-1635
-1416
-1133
-933
-890
-618
-301
167
692
940
928
500
24
-122
-76
32
-114
-536
-1085
-1611
-2022
-2190
-2178
-2146
-2148
-2154
-2159
-2188
-2093
-1906
-1528
-1145
-906
-870
-409
480
1290
1863
1990
2281
2723
3213
3988
4458
4529
4041
3274
2804
2642
2427
2159
1893
1279
674
2
-479
-669
-1045
-1269
-1625
-1918
-1970
-2013
-1778
-1629
-1588
-1592
-1517
-1112
-689
-230
197
365
295
75
-189
-184
121
364
379
-141
-876
-1546
-1918
-1755
-1519
-1432
-1640
-2084
-2354
-2387
-2118
-1797
-1541
-1401
-1369
-1188
-837
20
795
1350
1471
1517
2225
2918
3779
4290
4162
3917
3226
3004
3055
3003
2909
2432
2011
1446
806
271
-208
-585
-989
-1379
-1740
-1884
-1990
-2117
-2101
-2222
-2208
-2055
-1672
-1143
-836
-592
-609
-560
-384
-236
121
356
481
320
-109
-507
-902
-1060
-1037
-997
-1085
-1357
-1672
-1924
-1989
-1966
-1831
-1715
-1558
-1433
-1251
-979
-580
190
719
1042
1277
1602
2280
2893
3482
3828
3761
3511
3212
3197
3488
3622
3411
2993
2304
1590
1090
706
434
-13
-569
-1091
-1507
-1780
-2040
-2202
-2294
-2350
-2296
-2165
-1953
-1712
-1585
-1393
-1101
-811
-434
-167
4
-3
-116
-164
-210
-289
-395
-494
-635
-815
-993
-1198
-1371
-1592
-1754
-1842
-1744
-1609
-1440
-1292
-1262
-1247
-1132
-554
116
666
920
1195
1801
2259
2724
3011
3037
3212
3248
3672
4072
4033
3662
2970
2437
2100
1792
1505
1052
454
-123
-667
-1219
-1611
-1925
-2101
-2213
-2334
-2384
-2524
-2534
-2421
-2141
-1716
-1378
-1041
-766
-624
-508
-557
-436
-172
12
61
-131
-306
-341
-354
-311
-442
-743
-1101
-1301
-1183
-1004
-961
-1101
-1307
-1462
-1456
-1348
-796
-42
440
616
480
624
992
1469
2243
2763
3187
3319
3375
3594
3695
3596
3209
2926
2598
2351
2126
1589
997
244
-376
-710
-989
-1205
-1664
-2095
-2457
-2710
-2708
-2652
-2449
-2206
-2091
-1912
-1738
-1497
-1199
-985
-771
-620
-475
-191
54
275
362
176
49
-62
-19
58
46
40
-147
-366
-685
-991
-1117
-1144
-1093
-957
-864
-654
-426
-314
-230
-234
109
800
1479
2252
2695
2811
2797
2735
2999
3213
3326
3276
3061
2722
2178
1748
1300
905
540
37
-412
-1001
-1482
-1828
-2061
-2176
-2424
-2517
-2554
-2473
-2332
-2330
-2214
-2178
-1968
-1609
-1265
-907
-725
-539
-313
-70
191
325
402
520
656
806
813
616
346
-23
-301
-430
-550
-562
-556
-639
-845
-1171
-1452
-1224
-784
-354
-92
-3
436
932
1410
1941
2105
2374
2599
2819
3231
3298
3121
2827
2419
2273
2084
1594
1240
655
165
-247
-771
-1005
-1350
-1687
-1899
-2136
-2195
-2423
-2621
-2665
-2705
-2628
-2493
-2239
-1778
-1410
-1181
-973
-903
-608
-187
314
927
1192
1279
1173
977
935
833
825
796
678
560
228
-88
-461
-807
-1134
-1344
-1337
-1176
-715
-427
-363
-526
-554
-72
606
1431
2028
2231
2251
2150
2272
2509
2724
2646
2454
2248
1944
1696
1276
880
518
158
-70
-366
-640
-974
-1349
-1776
-2175
-2470
-2624
-2674
-2657
-2537
-2495
-2424
-2319
-2117
-1771
-1410
-992
-497
63
627
970
1070
1018
939
1051
1298
1531
1636
1420
1049
606
234
-41
-270
-468
-613
-701
-781
-933
-1146
-1149
-942
-646
-472
-346
55
509
882
1225
1354
1473
1590
1800
2144
2341
2215
1948
1695
1618
1574
1423
1204
915
616
325
-87
-477
-1012
-1512
-1841
-2086
-2180
-2288
-2397
-2485
-2605
-2659
-2638
-2408
-1965
-1462
-908
-531
-306
-159
29
407
867
1280
1507
1604
1565
1451
1316
1128
891
707
578
488
286
55
-213
-561
-817
-969
-999
-989
-803
-601
-521
-555
-686
-370
108
561
1011
1062
1226
1355
1519
1845
1913
1899
1848
1862
1958
1963
1726
1343
897
487
192
-134
-382
-666
-1065
-1398
-1822
-2161
-2429
-2560
-2451
-2312
-2097
-1937
-1711
-1429
-1210
-981
-682
-295
176
583
805
934
990
1058
1124
1163
1266
1278
1226
1124
909
657
347
71
-99
-217
-365
-584
-852
-1028
-1243
-1276
-1091
-949
-883
-995
-907
-554
-170
333
594
767
969
1177
1612
2010
2175
2059
1835
1673
1654
1658
1484
1257
849
473
125
-233
-583
-1016
-1322
-1508
-1544
-1586
-1711
-1804
-1850
-1823
-1726
-1586
-1396
-1168
-900
-598
-392
-293
-194
-30
324
715
973
1112
1074
1074
1119
1123
1092
944
749
546
387
170
-136
-467
-753
-1060
-1307
-1436
-1510
-1383
-1284
-1245
-1336
-1357
-1014
-483
131
658
861
1029
1143
1412
1731
1957
2107
2095
2086
2038
1944
1689
1348
1024
767
659
409
192
-24
-281
-584
-938
-1212
-1384
-1432
-1450
-1552
-1626
-1687
-1674
-1576
-1413
-1208
-995
-771
-482
-100
228
493
673
886
1079
1156
1204
1142
1093
1048
861
648
374
90
-195
-442
-666
-944
-1242
-1508
-1686
-1781
-1593
-1336
-1131
-1041
-1081
-839
-489
0
492
775
1065
1248
1459
1687
1896
2035
2027
1964
1901
1888
1873
1808
1634
1437
1188
855
527
158
-163
-438
-737
-999
-1287
-1567
-1808
-1997
-2027
-1942
-1845
-1706
-1531
-1300
-959
-697
-403
-158
104
381
622
877
998
1019
1017
955
896
773
626
421
174
-50
-295
-510
-717
-914
-1110
-1319
-1504
-1701
-1725
-1535
-1345
-1212
-1218
-1204
-886
-463
38
469
617
807
1039
1451
1957
2321
2521
2477
2366
2368
2422
2398
2201
1863
1470
1105
769
438
85
-284
-696
-1044
-1287
-1480
-1600
-1698
-1815
-1841
-1803
-1622
-1364
-1153
-965
-862
-716
-511
-255
45
319
522
640
647
605
639
659
747
750
626
383
119
-55
-194
-361
-599
-926
-1192
-1369
-1487
-1611
-1728
-1752
-1698
-1555
-1368
-1167
-819
-386
154
754
1139
1444
1635
1866
2218
2463
2574
2553
2456
2330
2140
1978
1763
1469
1187
956
691
392
52
-298
-580
-823
-1033
-1279
-1483
-1624
-1729
-1716
-1671
-1692
-1630
-1497
-1262
-961
-633
-409
-291
-111
140
369
573
713
761
775
761
672
571
475
377
265
72
-183
-520
-828
-1036
-1216
-1365
-1524
-1607
-1598
-1546
-1347
-1142
-912
-747
-607
-280
152
680
1121
1308
1363
1436
1605
1866
2139
2314
2288
2132
1913
1740
1577
1436
1284
1071
809
431
57
-270
-493
-642
-829
-1061
-1282
-1479
-1552
-1454
-1360
-1277
-1251
-1219
-1095
-843
-600
-388
-182
-19
81
190
340
514
697
802
820
680
434
244
144
168
115
-59
-251
-509
-718
-824
-857
-895
-978
-1096
-1157
-1200
-1128
-936
-707
-503
-449
-434
-294
59
594
1027
1204
1249
1224
1256
1397
1561
1696
1685
1566
1397
1183
977
774
629
511
329
49
-242
-460
-532
-493
-499
-629
-779
-898
-939
-881
-757
-653
-689
-685
-596
-465
-323
-198
-75
20
91
152
176
220
295
415
523
535
414
254
146
153
170
92
-59
-273
-425
-552
-685
-786
-870
-944
-945
-928
-890
-843
-746
-569
-385
-243
-162
-120
-14
146
384
568
698
760
723
695
670
666
707
763
824
862
806
621
469
411
418
476
447
326
168
71
18
62
58
22
-16
-107
-182
-269
-303
-299
-226
-120
-55
-5
-5
-6
90
190
329
403
430
395
319
260
152
93
-10
-108
-247
-408
-559
-665
-719
-777
-818
-920
-989
-1019
-993
-972
-1004
-1021
-994
-920
-802
-714
-685
-692
-636
-511
-319
-99
64
158
246
359
499
630
753
834
882
868
876
913
952
1031
1048
1016
913
805
719
693
711
692
632
574
559
570
584
586
614
629
616
586
505
420
358
298
286
253
172
35
-94
-184
-274
-325
-401
-510
-644
-734
-836
-962
-1069
-1155
-1243
-1290
-1312
-1377
-1439
-1492
-1522
-1487
-1377
-1254
-1163
-1094
-1031
-940
-799
-623
-492
-386
-296
-204
-25
176
347
498
532
539
590
700
825
937
1025
1114
1174
1209
1241
1258
1326
1372
1408
1439
1458
1436
1342
1297
1200
1077
997
938
916
857
753
619
527
465
399
328
220
97
-54
-207
-389
-556
-698
-831
-927
-1039
-1175
-1326
-1442
-1511
-1526
-1475
-1433
-1462
-1399
-1355
-1283
-1230
-1217
-1208
-1204
-1130
-1050
-979
-894
-739
-591
-481
-401
-371
-276
-173
-59
104
244
305
342
411
506
640
724
808
910
981
1045
1086
1176
1285
1333
1336
1316
1292
1278
1248
1194
1159
1117
1058
1039
1008
949
832
674
541
402
296
220
121
-10
-124
-274
-388
-465
-552
-576
-617
-686
-717
-746
-767
-810
-865
-932
-1001
-1009
-1039
-1036
-974
-950
-874
-849
-852
-846
-830
-746
-627
-507
-473
-500
-499
-476
-394
-265
-162
-89
-27
84
190
266
355
421
489
535
553
577
564
567
604
637
628
605
598
602
634
642
602
525
438
372
358
385
386
354
348
272
216
176
155
173
198
263
292
291
262
207
129
49
-23
-90
-83
-48
-53
-103
-156
-216
-259
-270
-292
-335
-377
-378
-419
-472
-495
-504
-505
-473
-408
-379
-348
-330
-294
-232
-192
-160
-161
-119
-64
-8
21
-5
-24
-58
-61
-43
-34
-50
-103
-148
-203
-246
-299
-321
-268
-260
-235
-270
-325
-341
-341
-283
-183
-71
39
153
260
300
300
325
351
397
446
499
521
552
575
612
689
702
683
644
613
572
526
482
420
361
326
296
259
180
106
79
41
52
105
98
62
37
8
14
-7
-27
-65
-124
-199
-194
-149
-129
-138
-194
-280
-386
-482
-534
-557
-579
-598
-669
-741
-811
-884
-906
-901
-865
-799
-728
-636
-571
-516
-453
-382
-325
-236
-151
-42
97
171
255
290
325
371
449
535
591
627
621
649
656
709
764
728
660
599
528
497
473
485
502
470
426
373
359
318
326
360
346
280
220
217
257
308
303
231
125
5
-51
-36
-42
-96
-213
-338
-415
-534
-628
-661
-698
-702
-730
-739
-760
-760
-787
-826
-816
-818
-822
-803
-756
-685
-594
-510
-397
-286
-217
-117
-50
23
142
216
259
322
389
425
461
490
489
516
526
526
558
518
487
457
463
468
439
366
303
244
208
223
279
330
348
361
315
250
221
207
223
273
268
222
163
115
69
21
15
42
42
7
-29
-89
-196
-298
-376
-428
-465
-527
-569
-592
-605
-576
-574
-570
-534
-495
-422
-361
-306
-256
-200
-139
-43
12
52
77
120
212
252
290
349
347
340
360
390
404
383
332
215
126
68
71
80
96
111
42
-28
-96
-168
-170
-131
-112
-101
-99
-131
-150
-137
-90
-4
49
91
176
244
286
300
267
202
120
96
75
45
-6
-67
-101
-137
-178
-186
-178
-192
-215
-224
-210
-173
-178
-143
-145
-126
-103
-68
-14
51
118
129
164
179
237
325
401
417
383
290
187
150
157
159
160
114
42
-61
-168
-207
-253
-290
-338
-394
-453
-488
-507
-504
-484
-423
-370
-327
-243
-183
-111
-50
-10
27
53
90
113
144
160
182
197
185
187
159
142
126
113
87
62
40
7
-35
-59
-90
-103
-92
-30
13
22
31
47
67
136
254
344
395
409
381
365
337
321
343
358
375
359
303
192
114
79
63
48
-36
-119
-223
-304
-346
-402
-446
-490
-495
-478
-426
-357
-294
-279
-278
-273
-260
-222
-161
-99
-59
-38
-33
8
36
65
115
139
149
146
126
117
107
70
21
-35
-41
-30
18
45
14
17
34
68
143
222
272
274
258
254
268
286
312
344
354
377
378
364
343
328
301
267
193
139
60
-29
-92
-179
-241
-317
-358
-372
-380
-364
-358
-371
-351
-375
-380
-352
-333
-321
-293
-238
-226
-230
-219
-182
-125
-54
19
55
67
82
95
107
104
110
113
94
73
56
20
-6
4
18
33
22
51
49
25
28
2
-1
44
100
160
177
156
149
124
114
121
123
105
83
60
38
-15
-28
-30
-47
-73
-111
-124
-112
-126
-111
-141
-172
-190
-206
-163
-144
-130
-143
-149
-121
-102
-83
-33
12
35
60
115
152
174
199
217
248
264
288
302
268
226
177
141
116
121
136
125
108
82
53
44
15
-13
-5
-17
-46
-68
-96
-107
-119
-132
-152
-173
-177
-169
-184
-212
-205
-186
-160
-97
-47
-22
35
9
-9
-1
-4
-34
-40
-18
-35
-14
-10
-33
-44
-34
-15
43
85
94
95
86
71
62
69
109
123
122
109
132
157
145
181
213
221
221
237
218
211
193
168
109
79
56
17
-18
-65
-103
-155
-193
-247
-263
-285
-305
-301
-313
-325
-366
-382
-390
-373
-321
-280
-212
-151
-139
-138
-110
-83
-50
-4
3
14
32
38
76
124
149
155
157
168
160
132
109
92
63
43
50
44
64
72
59
82
112
166
213
249
249
265
267
244
259
267
256
239
231
229
241
208
172
127
81
19
-20
-64
-98
-130
-189
-253
-309
-369
-413
-426
-422
-389
-381
-381
-364
-366
-336
-274
-227
-169
-105
-89
-59
-3
37
73
95
126
124
95
122
138
123
121
107
110
110
127
117
114
123
85
56
32
65
124
113
115
131
156
201
241
329
752
1144
777
400
605
667
134
-207
337
539
-338
-845
-765
-1093
-1451
-1152
-634
-369
-283
-218
-218
-150
39
229
455
791
963
692
220
-68
-129
-273
-244
69
142
-154
-394
-539
-847
-992
-608
-185
-255
-122
284
62
-422
-347
63
237
258
523
693
322
-110
-210
-125
35
289
607
652
302
-102
-286
-196
47
269
444
448
191
-246
-581
-572
-301
45
313
414
198
-189
-423
-292
64
362
584
689
488
129
-123
-155
-71
90
320
391
143
-187
-366
-512
-447
-238
-63
-12
-96
-305
-480
-498
-357
-151
53
226
177
-2
-125
-156
-101
20
172
269
211
71
-100
-216
-207
-130
-40
19
-40
-163
-266
-312
-251
-174
-94
-40
-38
-83
-226
-260
-185
-27
127
227
251
167
111
76
117
212
313
368
326
225
115
53
87
192
314
344
298
147
39
12
15
50
94
174
188
112
45
55
139
235
333
358
324
234
184
190
230
227
175
172
133
43
-42
-58
-109
-178
-202
-195
-259
-351
-373
-369
-359
-352
-376
-375
-352
-346
-332
-258
-200
-210
-216
-189
-143
-132
-170
-147
-40
-23
-31
2
12
-5
6
33
6
-32
-49
-69
-104
-106
-76
-72
-104
-108
-80
-69
-23
77
157
217
237
219
261
320
375
402
445
513
489
398
338
280
192
172
185
166
102
-17
-101
-146
-148
-156
-88
-43
-92
-114
-161
-245
-301
-249
-195
-160
-132
-143
-186
-180
-166
-170
-182
-141
-83
-108
-121
-131
-136
-161
-163
-132
-135
-141
-183
-205
-165
-165
-158
-102
-37
-2
-32
-45
-18
24
118
155
141
155
166
166
187
256
304
286
280
301
326
316
333
361
320
236
157
111
79
183
240
144
65
23
-37
-24
38
127
128
55
0
-82
-153
-157
-122
-61
-16
-58
-194
-296
-310
-266
-141
-28
1
-60
-184
-286
-308
-263
-186
-47
60
16
-138
-222
-251
-246
-124
40
115
64
-23
-76
-112
-100
-71
21
150
181
121
46
-12
-29
-16
111
236
289
241
146
64
4
13
139
274
300
251
95
-77
-117
-52
122
221
175
87
-75
-227
-296
-203
-50
33
-2
-119
-250
-322
-273
-150
-1
83
32
-114
-202
-206
-170
-61
118
264
222
101
1
-96
-140
-45
118
205
184
124
27
-115
-177
-101
29
147
217
175
49
-11
-60
-40
53
162
218
153
125
108
53
48
79
176
222
183
159
76
-19
-42
-1
36
32
29
37
-18
-123
-149
-149
-188
-190
-102
-57
-85
-164
-218
-213
-201
-179
-107
-74
-98
-134
-159
-133
-108
-54
5
48
74
26
-10
-41
-18
-15
-33
5
11
-19
-60
-39
-13
46
90
131
165
103
27
31
71
103
185
224
237
189
136
121
67
57
113
124
102
60
15
-49
-88
-62
-27
-44
-84
-91
-150
-178
-115
-78
-67
-52
-55
-93
-162
-143
-125
-89
-38
60
105
-7
-80
-120
-222
-232
-99
-13
-21
-24
18
-16
-82
-37
51
98
172
233
202
143
40
-24
-6
7
41
76
72
18
-27
-63
-103
-62
57
135
165
146
35
-96
-172
-165
-119
-20
73
105
86
24
-88
-146
-105
-9
134
219
187
79
-50
-145
-168
-134
-30
22
7
-107
-232
-275
-221
-92
72
171
149
114
56
62
122
218
292
292
270
146
26
-24
8
105
172
168
107
43
-29
-6
75
131
176
182
126
60
4
-13
21
93
126
97
27
-43
-89
-87
-22
44
83
38
-29
-90
-190
-241
-166
-91
-51
-72
-199
-329
-411
-386
-297
-228
-163
-149
-210
-269
-288
-202
-75
51
146
133
79
-33
-97
-100
-45
45
98
108
110
81
17
-29
-20
21
28
55
73
60
13
6
26
77
152
209
281
252
193
166
177
207
218
218
209
163
132
85
52
53
16
17
30
20
-39
-90
-117
-127
-154
-138
-83
-101
-141
-158
-161
-183
-185
-130
-91
-114
-162
-207
-189
-178
-174
-122
-80
-118
-180
-207
-210
-209
-206
-183
-169
-142
-155
-174
-181
-215
-213
-151
-54
14
46
83
94
83
112
216
291
323
373
346
289
255
268
318
385
392
365
320
276
272
324
355
388
387
309
225
129
134
159
190
251
232
169
94
-7
-70
-66
-6
61
48
-11
-92
-152
-235
-250
-173
-87
-76
-121
-209
-301
-363
-377
-356
-286
-208
-227
-293
-386
-439
-459
-422
-321
-224
-164
-154
-216
-304
-306
-245
-164
-55
25
40
29
-13
-27
35
111
207
258
292
274
198
189
179
204
243
248
271
248
197
178
152
136
162
187
204
209
159
142
146
147
160
144
109
96
55
23
9
-20
-14
-17
-17
-31
-59
-75
-92
-133
-168
-176
-174
-189
-198
-214
-255
-282
-282
-271
-288
-312
-326
-329
-324
-280
-237
-226
-211
-196
-190
-165
-112
-66
-32
10
26
53
68
95
153
157
159
204
215
183
165
173
167
155
172
196
198
170
125
118
92
85
124
141
123
114
101
112
180
231
240
243
246
207
172
202
197
164
169
154
99
57
42
45
14
2
-14
-63
-113
-138
-151
-176
-191
-198
-193
-192
-191
-196
-206
-196
-185
-182
-126
-45
-2
15
5
0
-42
-28
-5
0
45
18
-29
-58
-79
-55
-33
-2
19
15
28
26
-21
-26
-34
-18
23
14
5
15
24
-5
-20
9
19
20
63
97
109
80
41
41
33
30
32
9
31
29
-12
-21
-52
-73
-87
-56
-38
-21
-29
-59
-107
-139
-116
-72
-37
-30
-2
-42
-101
-122
-107
-60
8
50
61
49
18
-18
-32
-6
19
64
90
73
32
-4
-37
-37
-20
-13
22
3
-33
-53
-98
-97
-62
-37
-7
13
-13
-28
-53
-63
-48
-49
-44
-4
-28
-76
-112
-130
-127
-103
-44
-12
-6
-4
11
11
49
88
72
89
89
82
59
17
59
97
109
127
135
130
127
129
157
163
199
228
203
185
160
137
143
165
188
203
163
103
66
61
74
102
101
76
39
11
-60
-89
-73
-71
-63
-29
-38
-69
-116
-150
-163
-163
-133
-126
-129
-182
-214
-250
-225
-161
-118
-63
-34
-22
-55
-100
-125
-83
-78
-42
-8
-23
-25
-48
-60
-30
-3
20
59
73
95
95
86
93
121
134
105
116
132
75
39
21
25
66
79
102
101
69
32
28
63
98
115
94
64
17
-25
-34
-34
-12
-14
-38
-50
-61
-104
-125
-152
-162
-158
-145
-146
-177
-211
-218
-223
-225
-164
-124
-127
-113
-138
-171
-204
-199
-161
-102
-73
-38
-10
-29
-25
13
52
54
92
121
120
123
88
77
76
74
114
151
157
136
115
111
149
186
245
267
224
180
115
67
67
106
153
163
144
104
37
7
31
71
93
104
66
4
-41
-48
-58
-69
-56
-68
-102
-140
-152
-182
-221
-211
-169
-125
-143
-153
-163
-218
-234
-187
-129
-72
-13
3
-30
-69
-56
-3
49
98
156
168
101
72
90
81
94
150
196
188
178
178
160
148
140
146
158
138
115
94
58
66
57
62
103
87
68
57
37
36
31
16
15
42
5
-36
-34
-66
-119
-124
-133
-152
-151
-151
-154
-174
-193
-218
-232
-249
-241
-207
-198
-193
-175
-175
-193
-196
-183
-160
-103
-48
-22
1
25
49
34
25
34
56
87
97
98
102
104
87
94
120
126
138
162
146
117
99
93
67
53
84
93
67
67
82
72
63
78
93
85
63
50
43
40
24
15
15
-8
-25
-19
-48
-84
-109
-128
-143
-149
-130
-124
-130
-129
-130
-126
-105
-91
-89
-76
-72
-97
-94
-72
-57
-41
-31
-25
-12
14
33
60
88
126
117
96
114
108
107
123
133
139
139
136
125
108
82
77
74
53
75
94
78
64
68
41
41
35
28
29
54
41
27
48
44
36
40
47
59
56
32
17
-7
-13
-31
-16
-43
-74
-92
-129
-142
-132
-136
-140
-122
-116
-120
-119
-106
-104
-92
-50
-31
-44
-42
-62
-57
-58
-73
-54
-64
-68
-57
-49
-49
-28
-56
-72
-61
-65
-57
-35
-21
-47
-45
-38
-57
-66
-37
-24
-22
-29
-24
2
13
41
61
77
103
104
96
99
98
85
66
70
76
66
100
107
98
104
82
63
69
108
110
115
127
79
52
30
-10
-9
10
29
44
30
11
-23
-39
-38
-21
20
36
67
24
0
-4
-35
-46
-31
-8
-7
-26
-53
-56
-79
-74
-81
-69
-71
-93
-101
-111
-91
-95
-86
-70
-39
0
-15
-22
-19
-21
-48
-58
-49
-43
-43
-31
-40
-27
25
30
65
69
63
89
104
82
79
88
61
60
63
44
57
26
6
13
1
21
44
67
69
62
45
12
-4
-3
5
22
36
20
24
21
9
1
23
25
12
15
-4
-44
-32
-57
-72
-53
-66
-67
-47
-36
-61
-84
-90
-98
-87
-91
-88
-86
-90
-92
-92
-60
-50
-24
-15
-2
9
-14
-7
48
66
59
60
64
69
59
62
82
59
52
76
57
64
63
51
44
36
48
38
25
14
9
10
18
-1
22
41
27
34
18
29
53
63
51
38
10
-8
-8
-18
-16
19
4
-7
-20
-35
-47
-54
-50
-41
-37
-67
-91
-110
-106
-97
-73
-35
-33
-16
-16
-18
-13
-20
-21
3
26
45
57
60
44
38
26
27
33
25
22
1
-1
-11
-21
-24
0
2
-10
5
7
-5
11
16
17
8
0
3
-37
-29
-23
-25
-15
-5
0
-2
20
12
7
-14
-31
-29
-19
-30
-19
-1
5
31
34
33
21
4
-9
-5
2
8
8
-7
-16
-17
-6
-17
-25
-8
-13
15
12
23
21
-11
-7
-23
-18
-26
-21
-24
-27
-34
-36
-37
-46
-35
-53
-46
-51
-51
-16
8
4
6
10
-16
-14
-16
-1
12
31
41
19
8
14
25
30
36
50
49
33
35
32
47
48
52
63
63
64
47
50
59
51
70
74
71
64
54
34
0
-5
-9
0
6
17
7
-8
-6
-9
-8
-2
-25
-7
-4
-25
-47
-59
-54
-69
-42
-37
-37
-28
-34
-17
-11
0
23
6
12
25
28
28
-7
-19
-56
-60
-56
-59
-48
-40
-33
-42
-32
-36
-20
-14
-12
2
-2
42
60
44
52
37
23
25
22
20
5
-2
-18
-3
6
16
29
31
54
50
39
4
5
-9
-14
7
15
9
4
-2
-33
-13
-22
-15
12
15
4
-7
-7
-19
-38
-28
-21
-43
-61
-61
-58
-56
-47
-33
-49
-26
5
-34
-43
-20
-24
-24
-11
5
19
40
58
57
81
78
31
23
27
22
13
7
-7
-4
1
9
16
23
13
6
-3
-9
-21
-13
-6
-26
-38
-50
-51
-56
-53
-50
-26
-27
-44
-37
-49
-59
-45
-43
-42
-31
-16
-32
-34
-47
-57
-30
-17
2
20
0
-13
-6
-4
1
22
28
-10
-4
-7
-16
4
49
71
70
87
63
62
61
74
102
119
132
134
114
126
140
117
120
101
97
90
74
60
60
61
66
79
58
58
47
32
25
24
25
13
-17
-17
-29
-62
-60
-54
-72
-69
-62
-62
-46
-45
-46
-52
-63
-53
-53
-52
-43
-74
-122
-127
-137
-148
-134
-130
-118
-107
-86
-40
-14
-19
9
14
-14
-13
-13
-4
10
18
45
42
39
56
59
59
58
57
54
55
53
50
51
59
70
60
74
75
52
37
9
3
-14
-31
-39
-39
-51
-96
-78
-77
-84
-70
-60
-42
-49
-48
-48
-40
-29
-31
-36
-49
-86
-96
-96
-99
-97
-93
-97
-110
-107
-99
-94
-82
-55
-43
-36
-11
-2
1
10
5
-8
2
30
40
38
36
47
62
83
101
134
141
144
135
124
124
114
92
95
78
60
46
43
41
43
58
78
71
75
71
54
59
49
57
62
55
53
73
40
18
23
-7
-27
-8
1
-4
-4
-27
-63
-50
-29
-50
-38
-26
-23
-20
-7
-2
-36
-55
-70
-63
-65
-71
-39
-32
-34
-3
19
8
9
2
-23
-31
-13
14
6
31
40
20
10
40
21
32
60
65
62
37
25
18
27
19
10
22
28
10
15
7
11
-9
-26
-11
7
-13
-25
-36
-20
-4
-13
-11
-20
-7
-33
-62
-63
-59
-69
-57
-55
-59
-62
-73
-63
-57
-59
-68
-80
-105
-89
-61
-52
-40
-43
-50
-42
-42
-28
5
19
20
20
18
0
0
-4
3
38
7
-8
-1
4
-1
21
22
26
17
12
6
2
34
29
30
41
45
48
71
53
42
22
20
17
17
51
69
74
82
96
70
54
33
8
17
1
-18
-16
-23
-37
-53
-71
-74
-81
-61
-63
-64
-50
-56
-42
-19
7
20
30
25
-8
-21
-5
-34
-34
-25
-27
-45
-27
15
23
42
67
78
61
63
52
53
48
29
-3
6
11
19
25
25
47
49
60
58
51
37
29
27
23
25
37
33
29
18
16
11
29
39
21
7
-9
-8
-3
2
0
20
4
-13
-20
-31
-13
-33
-45
-44
-38
-26
-31
-31
-40
-24
-41
-35
-25
-20
-19
-18
-20
-18
-24
-55
-50
-23
-12
-4
0
-9
-2
-9
-28
-23
-36
-47
-40
-38
-29
-17
0
-17
-6
-7
-4
7
8
3
-13
-6
-15
-18
-23
-30
-25
-9
-4
-9
1
17
31
13
7
7
-8
13
42
42
27
38
43
28
52
74
56
33
24
25
7
-2
-19
-38
-22
-7
-14
-50
-69
-91
-111
-99
-88
-76
-35
-12
-24
-18
-31
-43
-35
-29
-36
-47
-65
-79
-79
-54
-42
-34
-7
0
12
40
74
98
86
84
96
98
92
95
111
104
86
89
89
78
77
56
36
51
85
109
116
125
125
98
69
62
68
62
56
71
62
44
20
5
12
28
23
20
16
5
-7
-35
-44
-41
-62
-68
-70
-67
-87
-108
-100
-112
-119
-79
-75
-112
-100
-110
-104
-95
-70
-27
-8
-14
-24
-24
-22
-7
-12
-10
-1
-31
-32
-21
-25
-10
-28
-20
-8
-14
-10
8
23
3
30
31
21
13
-1
10
3
20
20
24
23
7
18
18
3
6
20
27
43
39
21
14
-5
8
18
13
18
-12
-36
-30
-20
-15
-6
-28
-33
-35
-32
-25
-13
-18
-34
-34
-55
-61
-57
-46
-45
-56
-39
-50
-30
-23
-28
-12
-11
-16
-21
-24
-38
-36
-35
-35
-42
-20
-18
-11
4
2
15
28
31
44
60
53
48
64
59
51
75
90
103
79
64
83
59
67
86
99
101
94
86
82
92
85
80
63
22
10
2
-7
-16
-47
-79
-73
-82
-77
-44
-40
-37
-32
-3
15
16
3
-7
-18
-32
-27
-30
-40
-64
-56
-23
-29
-2
33
41
17
5
-4
-2
-10
-11
12
-7
-16
-20
-23
-20
-7
16
12
40
53
39
48
60
63
45
43
50
56
24
14
17
7
4
6
-10
-12
-6
-24
-35
-28
-15
-14
-15
2
3
-22
-42
-36
-38
-52
-60
-50
-51
-54
-29
-11
-20
-41
-46
-34
-24
-9
11
26
20
6
-6
-40
-42
-44
-43
-51
-70
-67
-61
-65
-45
-34
-32
-1
27
22
18
26
12
3
6
16
2
12
12
-4
6
15
49
74
87
90
80
68
52
55
65
59
33
23
30
10
16
-3
2
-11
-49
-45
-43
-33
-28
-7
-11
-44
-27
-18
-37
-35
-32
-29
-39
-40
-36
-29
-28
-29
-19
-10
-20
-6
1
-6
-8
3
-9
-5
-6
-2
8
5
0
-8
13
9
30
26
29
44
37
49
19
23
28
24
7
1
22
51
52
50
62
50
24
40
57
53
45
45
45
38
24
-5
-8
-8
-11
-18
-18
-12
-17
-12
-13
-25
-31
-29
-26
-37
-27
-31
-45
-42
-34
-40
-50
-40
-36
-23
-20
-20
-28
-22
-27
-34
-27
-28
-25
-27
-22
-23
-23
-5
-8
-1
5
2
13
-3
8
-1
-2
1
-8
17
22
40
52
48
39
27
13
35
36
41
39
23
11
1
19
39
48
66
80
95
84
54
48
21
6
17
20
11
10
3
6
-4
-19
-13
-19
-22
-13
-17
-13
-19
-31
-29
-26
-48
-66
-78
-84
-74
-79
-64
-45
-28
-23
-28
-22
-25
-22
-29
-36
-33
-44
-58
-67
-56
-61
-56
-52
-40
-19
4
21
35
53
32
27
36
30
13
21
35
45
38
53
66
67
58
62
80
69
62
65
62
39
24
25
38
39
45
42
45
34
23
42
42
46
28
8
13
6
7
-5
-7
-3
-6
-9
-7
-5
-2
-19
-30
-17
-37
-38
-23
-23
-25
-55
-58
-56
-76
-70
-60
-43
-37
-44
-37
-42
-45
-55
-47
-54
-55
-54
-77
-91
-80
-75
-71
-57
-50
-35
-24
-6
-11
-1
9
21
16
16
14
-9
1
10
22
25
29
30
37
38
50
50
52
41
16
29
27
44
51
63
72
60
45
54
45
36
31
13
14
23
21
11
2
-6
-5
-12
-8
3
-4
-6
-14
-13
-5
-16
-24
-20
-10
-20
-5
8
-4
-3
-7
-10
-4
1
-12
-12
-5
-25
-16
-8
2
2
7
20
15
19
18
21
22
19
23
20
6
3
5
6
22
23
36
39
26
34
37
40
48
62
34
10
7
3
14
18
19
15
14
20
7
6
-3
-20
-11
-4
13
14
-2
-21
-25
-28
-43
-37
-42
-51
-65
-78
-66
-40
-30
-15
-6
-10
-15
-15
-15
-7
-1
-18
-27
-40
-41
-41
-22
-5
-3
-4
8
17
8
0
-6
-17
-21
-17
-5
4
-7
-2
10
7
9
7
8
-8
-3
-4
-11
0
4
-4
2
-6
-25
-26
-35
-39
-39
-41
-41
-39
-37
-35
-35
-27
-22
-14
-12
-13
-10
-1
-6
-19
-17
-16
-14
-15
-7
-6
2
11
13
22
36
41
28
40
44
27
29
34
42
56
62
62
59
41
32
26
21
27
42
46
44
46
46
48
62
68
73
68
64
48
37
28
14
2
3
2
-5
-15
-10
-7
-10
3
3
6
5
13
3
-4
-6
-20
-24
-30
-40
-48
-61
-67
-63
-57
-55
-48
-33
-31
-32
-22
-26
-34
-22
-15
-25
-27
-30
-24
-24
-13
1
11
11
0
15
22
22
34
26
21
16
18
43
45
47
52
37
26
36
45
48
42
33
31
20
20
20
26
32
25
26
32
16
4
7
-11
-22
-36
-51
-39
-26
-23
-27
-31
-48
-56
-63
-59
-55
-66
-62
-59
-65
-70
-74
-72
-73
-75
-55
-55
-49
-36
-40
-40
-38
-30
-28
-25
-25
-28
-18
-7
6
12
16
11
-2
-8
-9
-7
-9
4
8
18
26
38
57
50
42
35
19
11
7
15
17
22
32
37
43
41
45
47
34
42
30
21
31
26
28
16
12
7
-4
4
13
13
16
18
28
39
36
35
24
14
0
-4
0
3
2
-9
-19
-28
-33
-25
-12
-9
-9
1
4
-2
6
14
17
7
4
-12
-15
-13
-17
-14
-11
-12
-12
-7
2
5
-3
3
3
8
19
33
35
36
39
35
34
30
21
15
9
4
5
5
11
13
12
14
19
16
21
28
23
22
18
8
4
-2
3
-3
-4
0
-12
-25
-17
-14
-11
-10
-6
8
19
15
18
13
10
3
-10
