SAMPLES:	9132
BITSPERSAMPLE:	16
CHANNELS:	1
SAMPLERATE:	16000
NORMALIZED:	FALSE
-16
-16
-18
-18
-18
-20
-22
-21
-23
-23
-25
-28
-26
-24
-23
-22
-21
-20
-20
-20
-23
-25
-23
-22
-21
-18
-15
-13
-10
-7
-5
-2
-2
1
9
13
15
18
19
21
24
28
30
32
33
32
31
33
37
40
41
45
47
48
48
47
48
46
47
46
44
40
36
34
34
33
34
35
35
32
28
24
20
17
13
11
12
8
5
1
-1
-3
-5
-3
-6
-11
-13
-16
-21
-22
-25
-26
-26
-28
-29
-32
-31
-31
-33
-34
-37
-39
-40
-39
-38
-35
-34
-35
-34
-31
-30
-29
-28
-29
-25
-22
-19
-16
-17
-17
-17
-18
-18
-20
-19
-18
-18
-17
-14
-14
-14
-8
-4
1
4
5
6
4
4
3
0
1
4
6
8
9
12
16
19
23
28
28
28
26
23
18
19
19
20
22
22
23
20
18
16
17
14
12
13
15
17
20
22
24
22
17
12
9
7
6
3
1
1
-1
-3
-3
-4
-4
-4
-6
-8
-9
-11
-12
-12
-15
-17
-22
-26
-30
-29
-29
-26
-23
-17
-13
-12
-13
-14
-14
-14
-7
0
2
8
12
14
12
14
17
18
22
23
20
15
13
13
14
18
22
25
24
23
21
18
16
16
19
21
22
25
24
23
22
21
18
16
13
10
9
6
5
8
7
6
0
-6
-13
-17
-24
-24
-25
-26
-28
-30
-30
-36
-39
-43
-44
-44
-46
-48
-50
-52
-55
-56
-58
-59
-56
-54
-51
-48
-47
-40
-37
-33
-28
-23
-20
-13
-7
-2
-1
-1
1
1
3
8
11
15
23
28
29
35
37
41
50
57
62
66
68
68
68
67
70
69
69
69
67
66
68
65
65
63
63
63
62
56
50
42
32
23
17
9
1
-8
-16
-19
-24
-30
-35
-41
-45
-46
-54
-56
-60
-65
-69
-73
-76
-79
-82
-80
-80
-82
-79
-80
-81
-80
-78
-76
-75
-73
-73
-71
-69
-62
-56
-49
-43
-40
-36
-33
-32
-30
-25
-15
-9
-3
7
15
21
25
33
40
48
53
62
67
70
80
92
98
111
122
131
142
147
149
150
151
153
155
158
158
155
158
152
148
142
131
118
106
93
82
67
49
34
18
4
-12
-23
-36
-51
-61
-74
-90
-107
-121
-132
-143
-153
-159
-164
-172
-180
-187
-196
-201
-209
-210
-214
-218
-215
-216
-214
-210
-203
-195
-188
-178
-163
-150
-135
-122
-107
-90
-77
-60
-39
-19
1
21
42
63
97
132
156
181
204
217
236
254
275
292
305
320
326
323
320
314
314
308
297
291
271
252
223
186
157
126
101
72
39
0
-37
-75
-113
-151
-179
-202
-217
-225
-239
-249
-262
-276
-287
-294
-296
-295
-295
-298
-303
-315
-320
-322
-319
-311
-296
-281
-271
-261
-253
-245
-228
-210
-183
-154
-128
-91
-62
-36
-7
20
52
90
124
155
182
206
231
254
282
307
328
368
410
444
472
486
501
512
533
550
559
567
566
559
546
525
500
488
467
448
415
373
328
275
221
157
97
46
-1
-46
-100
-149
-201
-254
-305
-345
-377
-407
-422
-442
-473
-512
-544
-570
-590
-596
-591
-583
-578
-583
-595
-614
-629
-637
-628
-620
-612
-600
-590
-586
-572
-542
-501
-448
-390
-324
-273
-234
-205
-170
-123
-80
-23
32
82
121
149
175
199
224
247
275
310
366
444
516
561
600
620
622
633
654
680
699
739
781
794
787
776
779
782
784
774
756
705
637
558
475
398
332
307
267
202
124
37
-71
-176
-248
-311
-358
-376
-400
-451
-498
-553
-604
-636
-656
-666
-658
-637
-639
-649
-670
-694
-710
-710
-701
-689
-675
-665
-659
-653
-619
-586
-531
-457
-369
-293
-242
-201
-154
-123
-79
-19
41
106
169
228
282
322
359
402
436
468
537
636
708
779
810
827
823
816
840
853
868
899
909
876
834
771
757
748
741
731
691
634
532
429
329
224
148
97
40
-33
-127
-226
-338
-446
-518
-588
-636
-652
-687
-727
-769
-812
-859
-887
-896
-893
-891
-883
-878
-905
-939
-984
-1009
-1011
-1003
-988
-972
-952
-943
-957
-963
-946
-894
-812
-718
-614
-525
-439
-366
-287
-201
-113
-7
103
188
258
319
364
414
486
552
649
813
966
1110
1196
1242
1268
1273
1327
1357
1399
1450
1487
1508
1509
1472
1460
1467
1481
1474
1396
1325
1209
1080
920
748
584
471
378
268
145
3
-146
-279
-399
-502
-597
-666
-731
-826
-918
-1018
-1088
-1140
-1182
-1210
-1215
-1198
-1207
-1208
-1236
-1285
-1307
-1319
-1320
-1302
-1290
-1276
-1258
-1261
-1234
-1189
-1122
-1006
-892
-780
-670
-565
-448
-347
-253
-163
-74
40
122
207
279
339
407
469
537
675
845
993
1145
1208
1233
1245
1298
1360
1397
1481
1544
1570
1591
1551
1502
1493
1480
1476
1445
1397
1300
1162
1013
837
668
543
450
375
259
104
-61
-272
-461
-612
-749
-819
-860
-887
-937
-1028
-1106
-1175
-1217
-1245
-1269
-1259
-1243
-1233
-1254
-1311
-1351
-1383
-1381
-1344
-1309
-1263
-1213
-1186
-1156
-1130
-1100
-1054
-984
-871
-768
-659
-538
-404
-274
-183
-90
1
92
207
285
382
486
575
667
831
984
1122
1266
1347
1419
1440
1502
1552
1572
1643
1693
1720
1680
1628
1579
1516
1481
1454
1378
1275
1164
1011
865
692
540
402
307
224
112
-11
-154
-333
-482
-602
-710
-751
-780
-822
-871
-965
-1067
-1147
-1190
-1199
-1225
-1205
-1176
-1181
-1202
-1249
-1316
-1332
-1316
-1269
-1223
-1186
-1151
-1129
-1113
-1082
-1049
-978
-886
-785
-665
-543
-440
-344
-233
-145
-68
36
143
235
309
373
419
482
618
812
1009
1173
1278
1322
1334
1323
1351
1374
1421
1498
1539
1526
1469
1408
1358
1307
1288
1269
1221
1186
1107
974
819
634
484
349
252
160
34
-106
-280
-469
-631
-747
-821
-840
-855
-852
-898
-939
-972
-1011
-1038
-1056
-1038
-1003
-979
-1014
-1100
-1191
-1276
-1338
-1334
-1276
-1206
-1133
-1086
-1066
-1055
-1052
-1030
-966
-864
-746
-617
-492
-382
-293
-242
-190
-106
-21
81
190
279
334
368
448
603
784
963
1090
1192
1233
1290
1359
1397
1470
1555
1625
1629
1616
1560
1524
1487
1437
1374
1308
1233
1125
996
829
638
479
382
272
160
29
-103
-256
-418
-532
-637
-706
-735
-762
-789
-841
-888
-917
-945
-977
-988
-967
-961
-957
-955
-988
-1031
-1076
-1105
-1106
-1103
-1088
-1057
-1015
-1019
-1025
-1012
-982
-947
-873
-778
-660
-543
-427
-336
-265
-194
-111
13
131
272
378
469
562
705
850
977
1088
1161
1222
1257
1352
1416
1494
1575
1648
1683
1632
1577
1512
1495
1443
1391
1319
1256
1146
996
860
652
462
321
211
65
-80
-223
-383
-551
-702
-810
-889
-913
-906
-908
-933
-1000
-1062
-1108
-1145
-1179
-1173
-1150
-1121
-1130
-1173
-1224
-1269
-1360
-1397
-1234
-1480
-1513
-1195
-1288
-1389
-1194
-1143
-1026
-966
-886
-571
-446
-436
-237
-137
-229
-109
20
54
200
325
391
599
778
946
1166
1307
1401
1470
1532
1601
1595
1692
1861
1883
1845
1848
1763
1628
1540
1497
1440
1378
1327
1240
1116
925
710
525
373
251
84
-68
-207
-399
-614
-793
-917
-999
-1007
-980
-953
-931
-961
-1000
-1043
-1077
-1069
-1037
-989
-937
-919
-950
-986
-1037
-1098
-1115
-1081
-1023
-993
-946
-904
-950
-975
-927
-856
-772
-616
-448
-303
-221
-165
-90
-31
30
128
249
347
436
516
693
891
1033
1158
1223
1285
1296
1330
1377
1444
1563
1647
1704
1668
1546
1438
1415
1429
1401
1312
1245
1147
945
759
493
232
58
-13
-78
-178
-290
-475
-635
-801
-945
-970
-952
-955
-927
-924
-1008
-1119
-1192
-1236
-1288
-1274
-1164
-1091
-1096
-1125
-1209
-1335
-1459
-1475
-1431
-1367
-1281
-1225
-1192
-1224
-1277
-1250
-1183
-1099
-957
-793
-625
-479
-361
-253
-176
-93
38
136
264
362
462
646
890
1064
1233
1388
1444
1479
1566
1662
1700
1815
1956
2004
2019
1933
1809
1793
1759
1714
1648
1603
1501
1325
1179
927
593
354
239
151
70
-17
-110
-283
-473
-640
-760
-798
-787
-729
-663
-703
-778
-835
-972
-1030
-1052
-1005
-927
-877
-895
-989
-1072
-1211
-1295
-1306
-1347
-1334
-1294
-1288
-1305
-1355
-1345
-1265
-1150
-921
-687
-515
-400
-286
-224
-211
-163
-54
89
223
344
494
807
1157
1356
1500
1501
1480
1423
1434
1524
1557
1653
1806
1934
1899
1726
1499
1359
1258
1202
1165
1104
1006
822
639
388
88
-130
-214
-271
-353
-429
-589
-739
-952
-1122
-1143
-1157
-1162
-1131
-1039
-1037
-1103
-1109
-1122
-1204
-1269
-1239
-1177
-1156
-1189
-1209
-1244
-1369
-1468
-1450
-1407
-1451
-1363
-1171
-1083
-1023
-950
-861
-770
-655
-445
-253
-144
-26
143
296
313
430
571
583
596
885
1414
1717
1870
1965
1989
1576
1060
1296
1423
1257
1771
2400
2512
1912
1617
1734
1350
1012
1296
1539
1284
919
644
199
-433
-585
-503
-437
-452
-420
-420
-692
-999
-1092
-972
-830
-583
-326
-219
-358
-655
-797
-882
-1021
-915
-805
-842
-1085
-1394
-1611
-1801
-1961
-1882
-1639
-1520
-1388
-1334
-1293
-1333
-1280
-1069
-889
-647
-194
161
155
110
129
106
149
322
703
1038
1064
1138
1769
2593
3144
3345
3491
3442
2780
1973
1695
1512
1355
1224
1062
726
257
-208
-353
-359
-319
193
612
679
388
202
-84
-465
-881
-834
-848
-1076
-1278
-1560
-1978
-2352
-2366
-2041
-1772
-1612
-1360
-1199
-1249
-1462
-1496
-1286
-1037
-814
-590
-607
-772
-986
-1149
-1221
-1183
-991
-647
-524
-486
-450
-391
-286
-164
-52
188
437
773
1025
889
643
528
526
509
520
777
989
933
826
1679
2930
3683
4032
4113
3621
2439
1115
765
715
542
560
555
-58
-884
-1414
-1492
-1084
-616
425
1183
1157
712
444
-121
-616
-876
-780
-769
-1197
-1751
-2123
-2562
-2641
-2059
-1281
-609
-311
-311
-263
-315
-601
-535
-203
-87
-189
-496
-777
-1024
-1333
-1368
-1117
-846
-647
-563
-676
-837
-813
-488
-110
95
151
75
121
256
353
273
294
469
425
196
220
432
458
347
708
2297
3546
4235
4125
3613
2920
1569
535
538
547
614
297
-265
-946
-1486
-1468
-969
-295
605
1539
1726
1254
626
390
130
-183
-560
-768
-1212
-1868
-2346
-2466
-2385
-1953
-1187
-592
-329
-383
-361
-169
-197
-320
-324
-408
-783
-1380
-1874
-1822
-1588
-1317
-963
-678
-606
-729
-942
-997
-796
-369
3
41
-341
-786
-804
-513
-47
311
542
691
423
-100
-212
-7
433
676
796
2217
3915
4570
4341
3635
3240
1908
94
-75
428
482
204
-85
-297
-819
-1070
-677
-6
616
1432
1924
1599
875
534
228
-305
-897
-1274
-1566
-2128
-2544
-2446
-2089
-1848
-1210
-537
-250
-210
-236
73
184
-276
-627
-764
-1202
-1811
-2080
-1796
-1292
-899
-660
-482
-530
-744
-848
-835
-553
-53
236
114
-419
-969
-1051
-594
158
658
883
935
622
27
-424
-54
521
734
739
1716
3668
4735
4860
4336
3618
2213
286
-469
-13
337
430
150
-290
-932
-1289
-1185
-420
394
1446
2459
2455
1776
1127
520
-256
-956
-1519
-1628
-1968
-2401
-2547
-2348
-2144
-1698
-916
-222
188
192
373
439
-99
-899
-1472
-1839
-2068
-2023
-1633
-1042
-662
-664
-850
-967
-988
-723
-386
-238
19
137
-80
-591
-1151
-1354
-950
-113
678
999
792
516
186
-93
-66
399
991
1213
1109
2108
3722
4520
4562
3907
3038
1384
-341
-659
-187
36
-66
-381
-734
-1324
-1522
-1146
-61
898
1698
2062
1902
1228
499
-268
-1122
-1752
-2107
-2274
-2611
-2803
-2559
-2119
-1896
-1413
-755
-252
57
105
277
156
-446
-1168
-1664
-1927
-1974
-1680
-972
-345
-118
-221
-346
-347
-358
-228
72
385
529
346
-30
-471
-851
-920
-491
341
1200
1490
1278
1025
717
370
268
783
1374
1264
896
2215
4185
4833
4506
4161
3555
1631
-541
-687
-38
106
-104
-291
-624
-1230
-1480
-1055
-198
874
1897
2642
2480
1595
725
-268
-1436
-2360
-2686
-2696
-2808
-2801
-2343
-2076
-2080
-1617
-652
21
162
358
624
175
-1118
-2199
-2515
-2550
-2481
-1954
-1097
-550
-508
-639
-719
-634
-478
-208
76
124
-60
-290
-637
-987
-1176
-1100
-584
287
1124
1285
992
759
561
396
417
911
1212
987
550
1730
3884
4817
4732
4185
3429
1767
-320
-550
109
250
-149
-480
-796
-1202
-1327
-1081
-169
1003
1896
2418
2305
1576
672
-446
-1547
-2341
-2711
-2707
-2565
-2441
-2266
-2145
-2190
-1856
-954
-185
334
578
481
-117
-1299
-2324
-2591
-2381
-1993
-1397
-772
-368
-416
-614
-639
-301
14
150
190
145
-62
-503
-909
-954
-859
-725
-359
471
1367
1612
1417
1294
1189
894
658
908
1329
1153
639
1034
2985
4572
5126
5020
4251
3005
885
-524
-370
-49
216
58
-365
-711
-935
-1017
-535
536
1508
2329
2493
1839
824
-302
-1503
-2376
-2893
-2968
-2579
-2370
-2208
-2108
-2270
-2197
-1396
-415
292
578
457
-87
-1310
-2641
-3251
-3015
-2424
-1685
-956
-531
-341
-485
-649
-466
-175
27
85
36
-177
-584
-967
-981
-800
-689
-422
305
1166
1639
1550
1376
1264
887
630
646
1013
1114
918
752
1818
3582
4603
4805
4485
3627
2094
144
-483
-361
-266
-352
-411
-762
-1222
-1386
-1065
-45
1106
1996
2655
2537
1392
49
-1282
-2299
-2927
-3120
-2892
-2380
-2193
-2265
-2263
-2276
-1731
-672
142
595
634
149
-770
-1921
-2758
-2595
-2073
-1710
-1219
-644
-330
-326
-388
-191
122
40
-92
-86
-191
-487
-832
-1011
-1013
-1002
-843
-224
802
1554
1683
1502
1323
1083
567
273
536
818
684
261
861
2956
4469
4751
4538
3888
2815
943
-348
-167
211
138
-5
-366
-893
-1108
-1133
-534
769
1824
2656
2915
2060
874
-382
-1599
-2227
-2346
-2330
-2018
-1924
-2134
-2385
-2693
-2358
-998
208
923
1071
646
-280
-1632
-2621
-2630
-1939
-1256
-888
-579
-444
-476
-621
-570
-224
-3
-42
-167
-268
-508
-850
-1033
-996
-840
-728
-503
132
879
1289
1287
1046
1079
1017
643
414
550
656
391
-125
1149
3774
5205
5179
4366
3348
1953
-129
-1063
-538
169
28
-482
-1133
-1360
-1103
-868
146
1548
2491
2875
2435
1115
-271
-1509
-2445
-2633
-2549
-2430
-2248
-2426
-2732
-2836
-2827
-1924
-313
777
1033
672
-170
-1214
-2340
-2977
-2634
-1806
-1205
-820
-666
-716
-692
-577
-303
125
294
196
-112
-513
-854
-1098
-1162
-944
-559
-281
62
807
1501
1668
1385
1240
1260
1125
866
892
946
819
460
736
2666
4766
5463
4984
4006
2958
1198
-409
-568
-19
181
-242
-781
-1004
-919
-896
-509
598
1818
2383
2297
1643
469
-948
-2168
-2804
-2810
-2661
-2524
-2405
-2403
-2512
-2540
-2142
-1067
111
650
557
65
-670
-1499
-2278
-2549
-2122
-1555
-1208
-962
-671
-509
-468
-315
-5
222
226
34
-141
-321
-696
-1059
-1135
-937
-768
-469
306
1236
1597
1429
1242
1213
1024
661
601
733
565
217
91
1685
4082
5339
5342
4623
3319
1631
-146
-671
-25
514
350
-119
-893
-1343
-1296
-867
305
1762
2558
2855
2287
948
-473
-1560
-2075
-2033
-2045
-2271
-2311
-2530
-2950
-3146
-2710
-1284
283
1123
1122
496
-528
-1790
-2725
-2946
-2354
-1675
-1415
-1328
-1373
-1371
-1268
-928
-283
271
386
36
-408
-782
-1146
-1383
-1395
-1108
-799
-574
-62
664
1128
1107
1002
1275
1346
1158
1073
1089
812
39
-64
2115
4692
5662
5183
4305
3251
1342
-398
-179
1053
1454
689
-125
-923
-1407
-1672
-1149
385
1985
2798
2780
1959
545
-749
-1596
-1782
-1600
-1420
-1389
-1855
-2643
-3322
-3424
-2918
-1480
251
1171
1123
347
-560
-1542
-2337
-2398
-1696
-992
-1004
-1371
-1614
-1637
-1475
-1042
-171
661
800
251
-399
-770
-1047
-1344
-1286
-945
-735
-644
-295
344
849
942
980
1178
1244
987
715
644
569
278
214
1959
4131
5175
4610
3325
2232
966
114
590
1542
1773
914
-251
-1431
-1817
-1648
-806
661
1877
2379
2156
1306
332
-450
-962
-971
-809
-874
-1366
-2147
-2831
-3135
-3055
-2475
-1036
593
1347
975
36
-834
-1467
-1873
-1733
-1010
-497
-718
-1287
-1666
-1696
-1408
-801
57
704
565
-167
-860
-1208
-1231
-1199
-1089
-974
-1077
-1248
-893
-54
674
934
944
1043
938
568
462
639
713
271
192
1924
3965
4707
3940
2857
2030
879
63
626
1778
1895
796
-547
-1528
-1862
-1615
-544
917
1966
2070
1533
728
-96
-564
-678
-370
-132
-389
-1149
-2027
-2676
-2813
-2549
-1895
-534
779
1277
758
-98
-697
-1063
-1231
-1040
-468
-10
-309
-970
-1448
-1496
-1138
-548
234
780
546
-207
-849
-1134
-1109
-966
-821
-784
-993
-1230
-862
-73
591
926
1112
1110
913
678
673
806
748
320
481
2281
3875
4169
3347
2394
1614
630
273
1021
1587
1085
-13
-1082
-1665
-1623
-1267
-379
781
1582
1592
1029
314
-276
-607
-748
-600
-610
-1007
-1693
-2458
-2787
-2682
-2425
-1941
-882
267
613
228
-386
-711
-915
-1092
-971
-733
-734
-1019
-1278
-1291
-1185
-947
-505
7
271
149
-125
-313
-337
-372
-453
-608
-834
-959
-720
-8
688
913
924
1000
1063
1113
1271
1593
1663
1205
1589
3034
4358
4229
3075
1996
1040
237
317
1242
2025
1325
-135
-1270
-1597
-1138
-491
416
1246
1376
816
-4
-549
-665
-591
-606
-773
-1074
-1588
-2133
-2595
-2676
-2437
-2086
-1655
-994
-307
-133
-431
-746
-862
-827
-877
-829
-803
-1049
-1390
-1576
-1369
-923
-435
-45
122
69
-211
-439
-415
-120
181
194
-210
-768
-1014
-627
-22
560
1065
1229
1008
579
454
858
1448
1887
1984
2751
3847
3955
3247
2339
1897
1342
655
833
1493
1528
501
-627
-1274
-1111
-519
109
941
1422
1145
505
-213
-471
-358
-238
-341
-664
-1298
-2021
-2476
-2644
-2496
-2160
-1888
-1464
-960
-774
-734
-689
-482
-430
-699
-1003
-1219
-1375
-1503
-1444
-1233
-916
-621
-417
-318
-311
-338
-351
-322
-299
-289
-160
-129
-354
-534
-251
187
317
263
461
731
651
451
691
1068
1024
906
2020
4004
4735
4117
2987
2223
1391
497
584
1492
1856
810
-439
-1126
-1046
-637
-158
650
1224
1179
618
213
96
154
226
72
-300
-997
-1660
-1959
-2084
-2189
-2259
-2195
-1716
-1125
-796
-654
-613
-627
-725
-820
-894
-896
-1076
-1482
-1662
-1520
-1237
-1071
-859
-537
-332
-444
-693
-771
-722
-650
-580
-469
-348
-271
-225
-146
-169
-304
-305
11
341
445
457
536
718
866
2038
3738
4552
4328
3264
2299
1517
882
1184
1777
1603
668
-165
-555
-496
-80
437
1108
1447
1218
1022
887
797
727
573
417
126
-404
-1050
-1459
-1778
-1974
-2088
-2221
-1941
-1308
-745
-541
-543
-635
-891
-977
-961
-914
-972
-1208
-1415
-1596
-1699
-1612
-1283
-907
-669
-523
-487
-588
-766
-918
-977
-956
-789
-301
277
396
-58
-536
-571
-396
-137
157
474
676
651
1327
2770
3765
3950
3487
3054
2809
2315
2087
2040
1704
720
-381
-704
-345
201
447
640
691
499
363
522
954
1188
1038
495
-195
-652
-857
-862
-1063
-1537
-2108
-2501
-2438
-2044
-1453
-906
-773
-855
-939
-1088
-1266
-1342
-1284
-1160
-1203
-1442
-1506
-1445
-1410
-1347
-1122
-799
-677
-641
-515
-372
-536
-883
-896
-348
302
527
478
430
304
0
-304
-13
457
563
691
1689
3162
3794
3481
2887
2737
2748
2728
3094
3076
2138
728
-283
-369
74
542
741
565
167
-118
18
379
725
859
580
151
-162
-175
-91
-223
-761
-1443
-1928
-2264
-2119
-1789
-1646
-1685
-1777
-1734
-1457
-1111
-935
-1048
-1429
-1705
-1675
-1380
-1065
-999
-1191
-1338
-1278
-1108
-935
-802
-676
-657
-726
-727
-381
113
288
179
241
393
393
330
468
755
776
444
868
2226
3108
3036
2675
2870
3049
2685
2630
2786
2665
1805
916
858
1026
1043
663
302
141
119
182
407
651
466
99
-260
-372
-202
-105
-57
-208
-679
-1178
-1534
-1583
-1307
-1266
-1644
-2077
-2180
-2083
-1998
-1834
-1508
-1334
-1648
-1949
-1849
-1565
-1526
-1692
-1658
-1499
-1483
-1566
-1409
-1074
-1002
-1276
-1351
-903
-417
-216
-111
98
285
177
-8
84
409
600
755
1703
2756
2919
2664
2543
2821
2904
2819
3123
3035
2233
1346
1306
1725
1841
1752
1484
1242
1006
884
977
938
800
580
422
238
158
213
250
118
-189
-402
-469
-589
-708
-733
-911
-1243
-1475
-1451
-1410
-1663
-1935
-2007
-2051
-2158
-2199
-2026
-1837
-1862
-1862
-1730
-1620
-1710
-1875
-1850
-1627
-1503
-1409
-1212
-936
-828
-936
-790
-360
11
60
26
157
362
357
953
1978
2435
2384
2283
2560
2732
2885
2766
2761
2237
1472
1198
1407
1717
2080
1977
1570
1340
1274
1316
1188
1030
763
731
451
338
342
371
105
-179
-429
-608
-789
-1106
-951
729
757
-868
-1631
-2449
-3125
-2343
-1215
152
298
-1953
-3851
-4116
-3661
-2640
-795
-315
-1126
-2723
-3259
-2170
-1087
-1148
-1117
-836
-1375
-1582
-1184
-409
-58
-214
-656
-667
-1
856
1991
2213
1888
1548
1727
2318
2714
2892
2786
2560
2267
2128
2238
2159
1978
1760
1669
1555
1497
1670
1824
1521
1044
714
559
432
345
389
415
313
-28
-212
-187
-373
-644
-718
-714
-899
-1114
-1095
-948
-908
-1031
-1108
-1218
-1284
-1532
-1743
-1793
-1873
-1990
-2150
-2276
-2304
-2291
-2132
-1916
-1739
-1392
-958
-683
-749
-762
-611
-497
-511
-526
-334
-87
219
1034
1880
2085
1927
1972
2318
2614
2647
2553
2200
1638
1236
1579
1970
2061
1818
1437
1521
1634
1724
1490
1026
654
424
471
418
258
-147
-518
-534
-565
-388
-151
-272
-680
-939
-960
-789
-763
-967
-1224
-1441
-1585
-1600
-1688
-1733
-1676
-1591
-1508
-1515
-1680
-1759
-1799
-1848
-1820
-1777
-1775
-1876
-1746
-1496
-1224
-1075
-892
-692
-572
-466
-233
206
419
686
1192
1448
1677
1859
2404
2793
2623
2518
2380
2174
1759
1688
2017
2015
1777
1541
1497
1594
1770
1931
1787
1532
1090
885
683
483
197
-24
-95
-222
-458
-662
-698
-854
-879
-772
-882
-1157
-1167
-973
-1007
-994
-1036
-1322
-1586
-1561
-1578
-1545
-1614
-1914
-1986
-1932
-1854
-1775
-1496
-1314
-1285
-1142
-1113
-1176
-1209
-1015
-793
-757
-924
-1082
-905
-632
-40
696
1194
1449
1621
2001
2357
2620
2625
2490
2158
1619
1550
1864
2000
1911
1549
1386
1462
1778
1799
1636
1270
1132
1256
1276
1069
627
191
-25
-87
-12
-22
-211
-569
-825
-848
-853
-869
-919
-1048
-1099
-1036
-947
-1029
-1125
-1175
-1174
-1148
-1171
-1230
-1422
-1682
-1835
-1888
-1937
-2004
-1786
-1356
-1010
-805
-646
-471
-257
-302
-513
-581
-400
-341
110
625
454
632
671
844
1381
1640
1726
2083
1972
1670
1799
1490
1352
1311
1062
946
1081
975
960
807
451
429
631
442
272
126
-66
-154
-260
-244
-325
-471
-640
-730
-876
-1012
-1090
-1086
-841
-836
-863
-981
-1239
-1236
-1185
-1138
-993
-1060
-1183
-1114
-1161
-1156
-978
-929
-929
-739
-707
-804
-685
-446
-133
24
-64
31
405
585
1063
1546
1640
1623
1695
1822
1989
1964
1958
1914
1580
1343
1419
1354
1214
1122
1154
1141
1168
1289
1215
926
530
434
395
182
-163
-420
-508
-494
-591
-565
-600
-868
-960
-795
-831
-1069
-1249
-1184
-1105
-1174
-1352
-1382
-1380
-1326
-1287
-1208
-1211
-1306
-1395
-1303
-1165
-1156
-1219
-1266
-1142
-892
-658
-492
-470
-312
-116
9
20
47
167
490
1152
1529
1596
1639
1937
2321
2575
2435
2331
2216
2034
1859
1864
1716
1445
1099
1034
972
1053
1074
912
542
219
200
172
74
-216
-418
-478
-581
-680
-805
-925
-1165
-1346
-1402
-1419
-1550
-1723
-1571
-1452
-1474
-1602
-1673
-1752
-1724
-1642
-1624
-1588
-1656
-1703
-1654
-1598
-1606
-1646
-1619
-1380
-1075
-991
-887
-697
-430
-312
-240
-217
77
322
750
1269
1484
1567
1883
2391
2708
2824
2753
2684
2739
2669
2724
2745
2595
2227
1985
1961
2010
2078
1724
1210
886
878
911
730
341
-221
-421
-381
-439
-644
-870
-1011
-1087
-1117
-1210
-1291
-1424
-1519
-1535
-1621
-1733
-1696
-1666
-1762
-1803
-1861
-1892
-1884
-1863
-1779
-1648
-1656
-1828
-1831
-1639
-1422
-1253
-1112
-933
-696
-510
-375
-210
-55
-59
284
890
1200
1377
1651
1946
2219
2316
2449
2542
2500
2395
2576
2798
2701
2408
2201
2160
2231
2159
1896
1534
1273
1054
919
653
275
34
-12
-139
-462
-779
-969
-1068
-1210
-1350
-1479
-1712
-1929
-1994
-2029
-2108
-2065
-1910
-1855
-1917
-2018
-1969
-1947
-2005
-1957
-1880
-1885
-1936
-1876
-1670
-1492
-1363
-1255
-1073
-817
-534
-441
-342
-125
158
389
836
1216
1558
1836
2080
2400
2595
2501
2552
2606
2510
2483
2546
2530
2525
2400
2246
2267
2263
2158
1841
1516
1380
1331
1080
679
315
88
-53
-271
-573
-915
-1149
-1325
-1333
-1478
-1706
-1948
-2032
-2019
-2072
-2261
-2359
-2290
-2283
-2323
-2392
-2500
-2495
-2480
-2407
-2258
-2102
-1981
-1872
-1684
-1438
-1289
-1124
-902
-684
-494
-360
-119
239
493
870
1418
1786
2014
2323
2485
2671
2708
2860
3060
3174
2869
2925
3124
2732
2639
2728
2669
2763
2595
2023
1783
1486
1429
1629
1566
931
649
335
79
31
-238
-597
-764
-1048
-1374
-1460
-1761
-1951
-1979
-2153
-2314
-2427
-2477
-2557
-2642
-2748
-2697
-2806
-2894
-2881
-2865
-2877
-2853
-2711
-2608
-2469
-2323
-2057
-1703
-1456
-1221
-962
-701
-372
-147
244
788
1159
1457
1838
2126
2352
2560
2648
2715
2703
2639
2703
2926
2995
2908
2758
2662
2604
2568
2365
2232
2111
2014
1819
1655
1370
1000
736
573
516
332
142
5
-275
-555
-735
-961
-1210
-1478
-1710
-1841
-1924
-2056
-2190
-2182
-2272
-2313
-2388
-2521
-2651
-2739
-2805
-2833
-2806
-2631
-2388
-2241
-2054
-1869
-1682
-1537
-1387
-1158
-812
-609
-201
243
482
806
1253
1709
1946
2127
2307
2492
2512
2491
2515
2498
2511
2474
2397
2328
2357
2437
2287
2124
1906
1908
1827
1579
1326
1077
854
615
488
311
189
66
-164
-405
-612
-757
-932
-1059
-1238
-1318
-1369
-1445
-1574
-1711
-1861
-1966
-2027
-2125
-2256
-2336
-2344
-2348
-2298
-2161
-2051
-1964
-1847
-1697
-1526
-1352
-1187
-933
-658
-362
22
447
802
981
1343
1705
1965
2065
2136
2324
2371
2273
2292
2472
2512
2410
2352
2252
2267
2133
1950
1814
1600
1507
1371
1138
820
628
471
217
-112
-315
-320
-452
-606
-758
-1004
-1194
-1370
-1424
-1482
-1552
-1641
-1640
-1737
-1943
-2090
-2149
-2145
-2187
-2185
-2250
-2380
-2415
-2331
-2218
-2154
-2112
-1981
-1804
-1651
-1383
-1144
-872
-585
-284
207
613
835
1044
1441
1849
2018
2115
2340
2572
2622
2649
2700
2769
2837
2723
2559
2417
2388
2333
2187
1882
1609
1526
1388
1215
959
781
597
350
131
-87
-390
-610
-720
-909
-1085
-1270
-1396
-1405
-1425
-1567
-1681
-1671
-1761
-1880
-1970
-2039
-2070
-2094
-2132
-2169
-2096
-2010
-1932
-1830
-1815
-1807
-1765
-1640
-1477
-1278
-1071
-897
-723
-330
186
560
871
1205
1613
1908
2043
2264
2481
2565
2564
2575
2583
2609
2636
2562
2446
2313
2263
2134
1927
1706
1599
1442
1261
1014
717
441
263
97
-48
-205
-471
-714
-899
-1048
-1195
-1328
-1394
-1476
-1552
-1664
-1704
-1741
-1861
-1970
-2003
-1983
-1967
-1949
-1997
-1985
-1877
-1718
-1596
-1553
-1566
-1558
-1401
-1131
-896
-833
-791
-626
-345
101
507
855
1138
1451
1749
1933
2104
2180
2252
2357
2366
2439
2536
2588
2529
2394
2243
2138
2080
1885
1608
1332
1123
943
731
496
134
-107
-253
-477
-575
-760
-1021
-1267
-1448
-1595
-1694
-1757
-1875
-1993
-2060
-2058
-2001
-1961
-1978
-2049
-2044
-2000
-1979
-2014
-2079
-2045
-1964
-1800
-1613
-1457
-1312
-1140
-946
-784
-549
-280
-50
161
495
891
1174
1398
1629
1900
2165
2360
2552
2710
2792
2822
2905
2914
2869
2904
2786
2659
2518
2396
2283
2082
1854
1591
1341
1033
789
586
359
142
-152
-433
-653
-871
-1073
-1299
-1555
-1753
-1914
-2012
-2112
-2194
-2262
-2257
-2270
-2314
-2286
-2299
-2274
-2280
-2292
-2307
-2253
-2186
-2084
-1981
-1892
-1735
-1560
-1340
-1119
-913
-760
-576
-335
-110
239
644
1021
1354
1644
1952
2222
2463
2613
2727
2847
2836
2808
2844
2887
2840
2778
2676
2578
2458
2377
2219
2000
1794
1503
1212
943
647
383
161
-70
-319
-583
-828
-1064
-1326
-1520
-1700
-1865
-1998
-2126
-2180
-2234
-2318
-2405
-2476
-2517
-2511
-2448
-2385
-2339
-2301
-2283
-2208
-2066
-1895
-1753
-1601
-1476
-1362
-1215
-1067
-867
-612
-369
-109
261
646
994
1280
1485
1680
1824
1992
2250
2432
2571
2666
2690
2719
2755
2794
2778
2731
2641
2522
2421
2280
2054
1796
1562
1348
1075
833
634
367
130
-86
-329
-565
-831
-1136
-1394
-1601
-1757
-1878
-1945
-2010
-2097
-2109
-2144
-2177
-2177
-2215
-2268
-2304
-2340
-2375
-2328
-2209
-2058
-1901
-1750
-1571
-1412
-1227
-1025
-839
-626
-407
-159
12
248
530
788
1098
1376
1647
1823
1950
2055
2184
2338
2456
2582
2657
2694
2631
2610
2644
2597
2498
2398
2309
2121
1926
1746
1498
1242
955
725
515
290
25
-225
-474
-783
-1034
-1254
-1464
-1613
-1746
-1869
-1956
-2026
-2082
-2191
-2291
-2350
-2409
-2462
-2497
-2548
-2558
-2525
-2438
-2299
-2165
-2023
-1883
-1764
-1650
-1494
-1315
-1127
-890
-627
-362
-108
201
561
882
1195
1477
1690
1840
2001
2192
2397
2544
2645
2705
2812
2867
2863
2907
2878
2804
2765
2711
2566
2372
2170
1958
1723
1516
1261
972
721
474
227
-57
-353
-692
-964
-1194
-1440
-1672
-1901
-2088
-2235
-2344
-2450
-2535
-2625
-2685
-2709
-2696
-2717
-2773
-2781
-2725
-2623
-2481
-2368
-2292
-2214
-2110
-1979
-1762
-1492
-1240
-1002
-718
-434
-135
207
528
840
1148
1388
1608
1888
2070
2270
2465
2591
2726
2907
3006
3028
3069
3040
2971
2945
2918
2813
2705
2591
2369
2127
1942
1684
1417
1253
1016
616
298
-22
-441
-759
-950
-1152
-1275
-1434
-1707
-1908
-2065
-2244
-2314
-2349
-2486
-2563
-2616
-2757
-2826
-2809
-2784
-2681
-2479
-2326
-2196
-2056
-1909
-1777
-1601
-1380
-1199
-1008
-794
-588
-415
-127
186
483
862
1168
1388
1584
1810
2024
2215
2375
2501
2629
2725
2758
2798
2847
2848
2844
2832
2786
2676
2583
2461
2199
1951
1726
1441
1211
990
699
361
71
-226
-589
-843
-1055
-1281
-1456
-1673
-1895
-2041
-2163
-2353
-2480
-2555
-2660
-2696
-2698
-2665
-2602
-2595
-2580
-2490
-2395
-2292
-2147
-2024
-1846
-1692
-1520
-1305
-1112
-867
-623
-398
-174
99
406
714
1019
1245
1425
1585
1760
1919
2069
2218
2284
2359
2466
2507
2559
2637
2661
2636
2604
2500
2359
2236
2073
1894
1700
1502
1260
999
698
370
95
-178
-452
-677
-901
-1122
-1314
-1496
-1722
-1921
-2106
-2302
-2430
-2514
-2593
-2621
-2610
-2564
-2510
-2469
-2434
-2392
-2313
-2152
-1989
-1811
-1666
-1517
-1330
-1166
-915
-624
-346
-96
139
356
609
877
1142
1382
1607
1846
2054
2213
2376
2511
2606
2659
2691
2726
2755
2769
2756
2721
2665
2562
2411
2265
2151
1989
1747
1516
1295
1037
764
546
276
-6
-275
-560
-849
-1101
-1346
-1547
-1685
-1840
-2002
-2130
-2250
-2376
-2472
-2560
-2603
-2634
-2591
-2564
-2575
-2521
-2430
-2295
-2128
-1992
-1893
-1729
-1531
-1384
-1195
-979
-786
-537
-268
8
274
559
816
1043
1216
1370
1553
1737
1924
2055
2169
2299
2400
2425
2492
2544
2521
2518
2466
2430
2340
2225
2090
1929
1742
1526
1319
1093
850
595
322
45
-220
-438
-669
-911
-1115
-1323
-1478
-1648
-1787
-1924
-2036
-2133
-2226
-2299
-2374
-2434
-2476
-2483
-2476
-2434
-2351
-2201
-2024
-1860
-1730
-1604
-1459
-1290
-1123
-898
-649
-444
-238
-32
153
344
584
828
1055
1290
1501
1661
1804
1927
2017
2103
2203
2285
2351
2418
2428
2388
2334
2284
2202
2134
2050
1949
1842
1660
1447
1220
1020
828
632
419
185
-79
-343
-601
-866
-1114
-1291
-1434
-1581
-1733
-1865
-1972
-2073
-2161
-2194
-2192
-2205
-2194
-2151
-2124
-2109
-2037
-1928
-1773
-1576
-1443
-1323
-1201
-1089
-924
-747
-528
-326
-127
75
284
499
706
932
1131
1307
1476
1631
1768
1876
1981
2055
2110
2169
2208
2241
2245
2214
2135
2099
2019
1910
1837
1706
1528
1353
1198
1001
784
561
298
38
-190
-405
-645
-883
-1067
-1265
-1427
-1553
-1682
-1812
-1946
-2077
-2183
-2259
-2324
-2338
-2340
-2346
-2324
-2278
-2202
-2089
-1918
-1743
-1586
-1437
-1309
-1165
-1016
-862
-680
-488
-311
-99
97
250
430
651
909
1142
1360
1545
1687
1795
1886
1960
2000
2070
2123
2153
2164
2161
2124
2095
2089
2005
1924
1853
1737
1586
1448
1305
1127
968
766
546
356
99
-144
-348
-562
-765
-967
-1133
-1309
-1440
-1564
-1699
-1783
-1855
-1934
-1995
-2004
-2029
-2044
-2055
-2046
-2003
-1942
-1824
-1677
-1511
-1342
-1173
-1043
-942
-812
-649
-490
-309
-134
47
261
435
613
817
995
1155
1322
1503
1661
1754
1786
1795
1794
1811
1843
1853
1861
1874
1860
1832
1788
1717
1641
1557
1485
1385
1217
1016
791
566
369
158
-31
-258
-481
-669
-843
-1040
-1213
-1349
-1472
-1553
-1630
-1720
-1826
-1893
-1944
-1995
-2000
-1976
-1946
-1915
-1834
-1778
-1721
-1605
-1463
-1339
-1202
-1039
-930
-784
-646
-529
-379
-234
-81
128
330
486
616
762
917
1072
1231
1377
1472
1532
1593
1621
1678
1709
1678
1644
1632
1640
1664
1663
1637
1591
1556
1488
1394
1283
1163
1037
873
690
527
409
233
-2
-206
-384
-590
-757
-905
-1050
-1171
-1301
-1436
-1555
-1633
-1731
-1775
-1783
-1790
-1761
-1735
-1688
-1637
-1551
-1516
-1451
-1336
-1200
-1023
-846
-682
-592
-496
-386
-274
-154
-8
143
301
463
592
717
821
892
963
1042
1130
1176
1239
1296
1311
1335
1381
1409
1423
1477
1499
1482
1458
1416
1357
1305
1232
1155
1061
966
829
712
600
461
311
164
-12
-221
-411
-566
-727
-869
-979
-1089
-1178
-1277
-1376
-1449
-1517
-1574
-1588
-1579
-1562
-1530
-1508
-1475
-1437
-1367
-1231
-1106
-964
-803
-652
-534
-426
-308
-208
-133
-31
85
175
244
313
400
505
632
721
797
839
879
907
932
957
955
983
1037
1060
1107
1173
1168
1163
1163
1104
1050
1041
989
955
923
853
754
645
536
418
297
183
38
-121
-293
-474
-655
-808
-924
-1023
-1083
-1161
-1198
-1258
-1320
-1342
-1349
-1346
-1355
-1320
-1256
-1188
-1131
-1075
-1029
-961
-831
-676
-526
-392
-294
-240
-169
-98
-54
30
144
230
266
311
350
383
400
455
535
604
681
723
764
813
853
868
900
941
959
1002
1024
1031
1034
1044
1005
958
923
886
839
771
717
627
551
447
369
296
179
63
-95
-239
-376
-489
-567
-632
-663
-702
-764
-816
-843
-859
-862
-852
-823
-780
-745
-721
-685
-669
-652
-620
-564
-494
-450
-396
-378
-384
-349
-319
-290
-266
-226
-198
-163
-117
-99
-49
15
82
114
133
166
204
243
261
296
331
363
404
464
526
565
617
677
704
698
702
713
722
751
779
771
729
679
591
471
409
322
232
189
138
67
-16
-116
-225
-298
-331
-352
-400
-449
-547
-606
-615
-635
-651
-664
-659
-674
-673
-669
-670
-674
-651
-618
-607
-590
-564
-557
-576
-573
-591
-605
-577
-524
-476
-437
-388
-339
-265
-191
-109
-32
38
92
173
247
300
366
425
491
574
655
736
807
876
932
982
1040
1104
1151
1189
1241
1251
1245
1213
1170
1098
987
914
843
766
666
551
427
322
216
94
-4
-91
-187
-289
-364
-449
-531
-606
-660
-698
-754
-816
-884
-952
-1003
-1040
-1086
-1100
-1111
-1103
-1081
-1073
-1068
-1069
-1068
-1063
-1046
-1022
-990
-955
-909
-830
-736
-648
-572
-477
-366
-266
-166
-60
53
148
259
374
483
613
757
888
1005
1146
1226
1298
1374
1429
1476
1538
1589
1623
1645
1622
1591
1529
1443
1311
1217
1147
1061
958
819
648
452
279
106
-43
-156
-265
-390
-535
-682
-811
-900
-997
-1078
-1145
-1219
-1245
-1282
-1325
-1364
-1425
-1470
-1470
-1475
-1487
-1475
-1481
-1459
-1448
-1427
-1387
-1325
-1211
-1106
-1013
-954
-876
-791
-721
-602
-465
-319
-172
-16
152
286
446
605
753
929
1063
1210
1348
1468
1559
1645
1758
1854
1940
1982
2014
2032
2025
1985
1929
1839
1727
1618
1508
1381
1243
1084
907
737
534
323
143
-3
-122
-250
-366
-501
-648
-782
-913
-1056
-1153
-1234
-1298
-1359
-1423
-1491
-1606
-1677
-1708
-1701
-1679
-1650
-1613
-1599
-1578
-1543
-1513
-1480
-1425
-1355
-1274
-1162
-1044
-917
-812
-672
-527
-368
-209
-53
108
261
430
596
773
921
1095
1247
1400
1571
1721
1849
1940
2019
2070
2095
2120
2125
2110
2097
2070
2008
1894
1734
1564
1398
1235
1053
848
655
464
291
95
-109
-299
-480
-656
-833
-992
-1129
-1279
-1410
-1512
-1615
-1702
-1764
-1810
-1841
-1850
-1843
-1849
-1836
-1845
-1894
-1879
-1790
-1691
-1593
-1480
-1399
-1338
-1264
-1197
-1107
-974
-836
-641
-436
-264
-100
51
192
360
557
741
904
1084
1242
1365
1485
1629
1747
1838
1943
2029
2099
2135
2147
2127
2041
1995
1945
1869
1796
1708
1610
1478
1331
1178
1020
842
647
460
264
59
-111
-272
-449
-613
-767
-917
-1045
-1146
-1227
-1297
-1383
-1494
-1583
-1687
-1790
-1825
-1825
-1819
-1791
-1730
-1676
-1672
-1644
-1592
-1543
-1483
-1399
-1309
-1182
-1069
-969
-840
-715
-582
-443
-293
-165
3
163
319
471
625
774
900
1025
1164
1277
1379
1482
1564
1618
1653
1680
1672
1667
1649
1644
1653
1657
1648
1605
1541
1459
1351
1243
1126
1001
866
745
626
477
331
191
54
-56
-188
-320
-472
-635
-775
-900
-1038
-1147
-1232
-1316
-1361
-1403
-1446
-1482
-1504
-1534
-1542
-1532
-1506
-1454
-1410
-1345
-1284
-1235
-1152
-1055
-971
-869
-729
-591
-464
-343
-234
-112
-22
94
171
236
320
397
478
573
644
681
741
785
828
846
889
911
887
874
877
888
907
931
949
967
950
927
893
846
802
756
719
690
634
568
494
419
363
284
223
152
90
12
-66
-158
-235
-282
-339
-393
-441
-474
-526
-582
-625
-649
-666
-648
-617
-588
-557
-549
-531
-522
-547
-567
-560
-552
-520
-489
-481
-454
-440
-409
-374
-354
-305
-275
-264
-246
-224
-225
-228
-226
-221
-211
-170
-121
-62
-8
22
51
77
115
175
233
257
256
276
275
294
340
366
408
434
464
514
536
543
569
580
605
642
654
650
652
629
614
597
592
579
547
530
476
417
383
366
343
301
254
205
156
85
25
-33
-95
-135
-183
-242
-314
-366
-410
-455
-505
-534
-574
-615
-644
-687
-743
-784
-800
-800
-799
-826
-844
-850
-848
-840
-831
-825
-823
-813
-774
-727
-670
-633
-585
-530
-492
-416
-330
-238
-134
-52
34
125
190
267
361
440
521
621
717
808
898
972
1028
1087
1144
1188
1225
1262
1268
1253
1232
1208
1161
1127
1085
1028
981
922
868
791
711
616
497
405
310
210
80
-54
-187
-297
-394
-483
-549
-627
-741
-870
-975
-1057
-1138
-1196
-1246
-1312
-1372
-1412
-1450
-1461
-1449
-1415
-1359
-1317
-1261
-1217
-1163
-1122
-1077
-1021
-959
-882
-782
-650
-501
-345
-205
-88
24
141
240
385
547
693
814
947
1033
1105
1173
1235
1314
1382
1450
1516
1567
1603
1620
1612
1585
1529
1477
1424
1383
1314
1238
1118
992
896
811
731
642
553
424
271
92
-78
-232
-351
-464
-559
-662
-769
-887
-995
-1084
-1160
-1217
-1260
-1299
-1324
-1337
-1350
-1358
-1376
-1390
-1376
-1355
-1342
-1313
-1265
-1205
-1134
-1051
-954
-868
-785
-673
-560
-425
-294
-184
-79
37
149
251
352
457
575
686
779
877
974
1021
1074
1126
1178
1211
1220
1213
1192
1160
1113
1094
1056
1015
957
892
819
717
629
541
462
384
290
177
56
-47
-149
-249
-307
-359
-394
-447
-497
-516
-573
-636
-689
-748
-821
-881
-925
-926
-913
-892
-838
-795
-776
-734
-692
-653
-598
-556
-509
-462
-415
-396
-192
116
226
110
62
80
24
-9
155
413
457
263
111
90
137
272
473
623
685
679
550
401
357
462
571
704
800
758
623
487
362
261
283
386
426
407
348
235
-2
-112
-89
-68
-32
66
122
18
-117
-156
-178
-210
-177
-97
-36
-50
-88
-206
-284
-292
-266
-243
-184
-130
-174
-273
-341
-369
-401
-377
-304
-254
-219
-187
-194
-202
-166
-97
-47
-1
26
42
2
-45
-18
39
103
158
186
195
169
147
117
92
92
106
81
29
-19
-55
-66
-67
-47
-70
-111
-148
-218
-266
-282
-266
-241
-218
-216
-229
-244
-245
-223
-161
-92
-65
-72
-102
-138
-174
-166
-132
-76
-38
-15
-3
-21
-46
-21
23
100
182
243
254
241
261
289
343
399
478
512
499
470
456
454
455
514
528
519
476
448
398
314
259
258
246
192
146
93
15
-104
-175
-196
-195
-203
-211
-256
-335
-414
-485
-518
-541
-557
-543
-541
-568
-578
-580
-596
-603
-566
-479
-429
-403
-340
-271
-266
-274
-247
-237
-220
-170
-116
-60
-30
-1
35
84
168
253
333
366
381
401
408
429
466
515
560
571
570
547
504
469
478
503
499
479
473
483
438
374
365
385
364
341
326
305
250
185
96
17
-50
-62
-85
-154
-175
-215
-265
-339
-387
-381
-372
-378
-376
-388
-386
-385
-396
-391
-392
-367
-356
-378
-381
-384
-370
-339
-316
-303
-285
-269
-247
-226
-190
-165
-138
-142
-172
-162
-147
-113
-54
-37
-33
-28
-51
-45
-28
-29
9
40
28
21
24
49
79
122
166
176
171
157
140
123
136
163
197
206
193
168
149
140
139
125
123
139
140
132
124
141
161
180
191
219
221
208
184
161
167
174
193
217
216
196
167
158
148
126
128
153
170
177
146
122
96
79
91
129
146
120
65
-28
-92
-135
-147
-142
-161
-196
-227
-273
-338
-392
-407
-405
-404
-390
-404
-428
-448
-475
-464
-422
-397
-370
-358
-346
-339
-350
-342
-318
-273
-213
-163
-142
-122
-84
-37
13
94
159
218
269
263
264
277
305
355
407
456
479
472
498
550
581
641
717
760
776
786
760
715
692
676
689
709
703
625
531
464
397
361
333
317
266
158
38
-95
-222
-285
-319
-355
-427
-511
-599
-708
-815
-872
-899
-936
-983
-1024
-1050
-1082
-1106
-1129
-1127
-1084
-1025
-974
-963
-959
-963
-955
-901
-809
-699
-625
-554
-471
-411
-381
-311
-209
-102
-3
106
199
263
324
390
457
550
633
710
785
865
934
981
1020
1047
1079
1110
1134
1150
1119
1080
1012
954
922
875
851
835
792
733
670
583
496
399
298
200
113
62
0
-70
-160
-228
-295
-348
-404
-461
-534
-623
-713
-776
-812
-847
-834
-813
-782
-775
-782
-757
-743
-748
-718
-648
-611
-607
-565
-498
-457
-410
-302
-171
-76
10
94
149
177
194
247
309
375
446
512
551
566
586
635
682
708
703
711
710
680
662
651
622
596
592
566
525
483
415
356
302
243
182
129
85
32
-23
-106
-180
-242
-307
-365
-390
-423
-490
-526
-579
-637
-673
-697
-700
-677
-666
-683
-702
-739
-759
-753
-716
-663
-604
-540
-481
-417
-389
-354
-306
-236
-186
-126
-73
-23
20
46
95
167
244
277
324
401
446
466
484
497
496
518
552
556
571
577
576
558
521
469
432
415
390
367
354
305
248
186
106
52
6
-16
-49
-95
-131
-148
-200
-272
-308
-316
-348
-388
-410
-422
-446
-482
-483
-448
-422
-405
-376
-365
-374
-381
-372
-366
-349
-316
-267
-224
-189
-139
-100
-58
4
63
124
184
233
288
361
398
449
498
533
561
587
613
608
609
609
598
607
627
624
588
546
519
497
468
424
389
339
274
211
184
163
128
94
59
5
-54
-109
-140
-182
-230
-258
-284
-314
-359
-406
-423
-450
-485
-492
-495
-489
-507
-556
-567
-571
-594
-598
-580
-574
-568
-538
-497
-468
-450
-404
-358
-342
-305
-263
-226
-205
-167
-113
-53
-5
39
79
109
160
213
249
269
296
306
297
309
315
319
319
318
316
319
316
298
294
277
265
272
286
276
250
227
188
156
150
167
184
164
141
127
88
35
14
0
-22
-42
-76
-94
-108
-143
-178
-186
-173
-178
-193
-198
-197
-212
-238
-229
-217
-205
-170
-147
-155
-182
-194
-168
-141
-105
-53
-15
12
25
50
70
45
35
53
55
75
86
106
131
132
155
191
218
228
250
278
290
255
228
215
212
211
225
239
240
218
165
127
98
92
93
109
145
137
120
88
48
9
1
8
16
9
-19
-46
-94
-140
-161
-174
-177
-159
-127
-113
-111
-133
-142
-140
-156
-157
-142
-162
-234
-262
-262
-266
-249
-207
-201
-233
-246
-238
-218
-200
-159
-107
-73
-73
-73
-90
-110
-85
-63
-33
-4
13
34
53
48
33
41
39
48
67
98
120
108
121
112
81
66
53
54
42
36
40
29
-3
-13
13
44
48
42
45
46
16
-34
-53
-64
-80
-79
-63
-53
-26
-29
-29
-21
-22
-3
26
38
39
29
6
-20
-42
-33
-17
16
47
70
100
121
89
76
86
85
86
91
104
101
89
85
101
112
115
131
141
139
127
121
128
135
124
114
115
96
83
67
46
28
9
9
22
31
-3
-29
-33
-54
-46
-14
2
10
15
12
-15
-71
-77
-46
-19
3
17
28
4
-42
-30
9
43
57
48
37
31
17
10
41
58
52
49
35
10
1
12
7
-28
-20
-22
-35
-51
-44
-22
-33
-28
-41
-53
-73
-88
-88
-79
-71
-59
-42
-53
-72
-105
-129
-128
-123
-106
-78
-64
-79
-88
-123
-175
-171
-148
-112
-75
-59
-67
-73
-109
-146
-150
-166
-188
-186
-169
-150
-135
-113
-76
-47
-41
-34
-43
-70
-95
-101
-91
-83
-87
-90
-70
-55
-21
-14
-15
-4
-2
19
41
47
34
44
55
65
62
70
74
62
53
58
70
83
92
111
139
185
213
236
238
214
212
228
256
255
264
247
197
161
131
125
120
127
137
132
124
90
51
34
15
-3
21
34
21
18
15
6
14
22
17
8
-11
-30
-51
-77
-85
-88
-81
-60
-56
-46
-9
8
-8
-17
-6
-17
-36
-45
-36
-27
-18
18
43
31
21
11
2
-11
-12
-5
21
31
49
78
74
62
50
35
30
50
60
83
81
66
45
17
-5
-37
-34
-29
-41
-34
-37
-38
-40
-25
-16
-16
-31
-49
-81
-97
-102
-109
-98
-81
-73
-76
-81
-89
-94
-115
-92
-71
-63
-38
-40
-67
-107
-141
-177
-183
-172
-141
-127
-134
-119
-112
-100
-91
-71
-58
-51
-54
-75
-89
-102
-105
-71
-33
-33
-27
-38
-53
-57
-46
-53
-42
-22
-26
-24
-22
-40
-37
-33
-45
-25
-7
16
30
45
55
77
102
118
106
100
74
40
35
22
30
59
84
102
104
113
132
144
167
194
196
182
167
160
146
125
107
94
103
129
157
169
179
177
153
132
122
118
111
107
114
112
103
108
92
68
60
42
32
13
-14
-46
-68
-73
-80
-93
-85
-64
-59
-71
-76
-81
-114
-102
-106
-115
-94
-90
-81
-73
-77
-73
-54
-40
-21
-2
-13
-36
-33
-13
23
55
88
102
93
64
31
28
6
-8
-10
0
15
17
14
9
11
22
14
-6
-15
-31
-70
-102
-116
-137
-156
-159
-140
-125
-147
-165
-171
-184
-203
-217
-204
-200
-221
-227
-205
-193
-194
-183
-184
-189
-197
-202
-185
-169
-140
-109
-79
-39
-4
36
45
43
55
53
75
106
131
140
146
171
181
202
248
277
281
284
282
279
274
272
281
303
298
301
301
282
265
227
200
172
158
134
108
103
80
63
36
34
14
-16
-35
-54
-78
-110
-110
-100
-106
-130
-148
-169
-192
-232
-274
-285
-301
-288
-259
-231
-206
-195
-199
-197
-204
-192
-191
-170
-153
-149
-130
-122
-88
-65
-34
-22
-9
21
41
77
120
154
172
184
187
198
212
239
254
262
279
290
280
282
281
259
252
252
240
236
257
236
203
180
170
152
129
110
96
69
26
-1
-26
-59
-82
-113
-120
-106
-126
-155
-191
-220
-245
-264
-281
-296
-320
-329
-339
-340
-327
-318
-312
-303
-312
-309
-309
-293
-249
-220
-189
-160
-149
-136
-119
-106
-73
-28
-13
2
47
70
91
109
121
131
151
172
157
157
167
154
144
156
147
153
155
171
197
205
195
165
139
129
113
92
104
113
106
114
105
85
86
58
47
44
39
44
27
9
-8
-23
-35
-44
-54
-85
-99
-92
-106
-104
-97
-111
-113
-117
-109
-92
-70
-70
-62
-78
-88
-79
-64
-55
-49
-50
-59
-38
-21
-3
26
38
38
40
51
58
50
59
67
75
91
96
97
91
91
96
86
95
114
126
122
138
144
140
139
138
152
170
172
181
176
136
95
73
57
51
68
56
48
36
15
-12
-44
-37
-33
-32
-41
-57
-74
-96
-119
-117
-90
-84
-99
-117
-140
-165
-211
-223
-213
-199
-176
-154
-128
-114
-122
-132
-128
-119
-112
-109
-105
-116
-111
-109
-120
-102
-80
-60
-54
-45
-38
-51
-57
-32
-24
-20
-22
-31
-46
-42
-49
-56
-39
-28
-9
2
8
19
13
16
37
55
77
70
56
55
53
36
13
13
5
12
32
41
37
16
10
11
32
53
85
112
110
112
102
109
112
131
123
125
116
105
93
70
85
100
100
106
115
132
139
130
130
122
120
105
86
64
31
10
14
17
10
11
2
-11
-16
-20
-10
-8
-22
-19
-23
-30
-24
-46
-59
-73
-99
-103
-102
-103
-93
-96
-98
-92
-97
-80
-59
-54
-54
-50
-67
-72
-70
-70
-63
-67
-62
-62
-45
-31
-36
-31
-29
-38
-26
-10
-2
-14
-1
37
65
87
105
116
109
86
87
99
97
81
83
77
67
77
92
109
110
105
100
92
67
42
23
7
-3
-13
-17
-17
-42
-64
-80
-94
-97
-114
-107
-93
-97
-105
-102
-123
-140
-145
-145
-147
-145
-130
-132
-127
-133
-138
-159
-146
-119
-86
-70
-56
-72
-93
-112
-97
-75
-68
-51
-37
-30
-46
-26
-23
4
32
53
90
118
118
105
106
117
126
119
123
128
136
117
116
119
117
126
108
94
102
93
96
94
86
91
86
91
95
107
82
59
53
53
64
81
89
86
72
58
47
30
21
-2
-11
-6
1
5
15
16
-2
-11
-6
-11
-16
-26
-40
-39
-52
-68
-72
-71
-57
-67
-74
-58
-50
-54
-39
-25
-21
-21
-24
-37
-42
-34
-45
-34
-43
-65
-72
-66
-44
-38
-30
-17
-22
-38
-31
-32
-44
-44
-48
-38
-10
0
14
7
-15
-23
-20
-9
1
2
-2
-6
-3
17
12
38
54
45
27
5
-9
-29
-22
-10
-18
-21
-17
-23
-22
-12
10
29
45
53
43
27
3
-14
-16
-17
2
32
21
21
21
5
6
5
18
44
50
40
36
36
30
21
9
8
-5
-39
-54
-56
-45
-47
-45
-18
-5
-8
-4
-15
-29
-46
-62
-41
-27
-24
-18
-13
-8
-18
-29
-11
-20
-44
-31
-23
-9
-8
3
16
35
36
32
39
27
25
16
30
42
50
54
63
67
83
92
96
103
103
95
71
52
50
47
44
71
76
79
73
70
66
76
92
84
63
50
29
8
25
40
25
14
-6
-49
-95
-121
-144
-133
-112
-101
-92
-94
-105
-118
-118
-122
-122
-95
-77
-96
-98
-110
-124
-119
-106
-92
-87
-79
-85
-81
-78
-53
-53
-47
-30
-10
-4
-3
13
18
17
19
38
26
12
15
11
20
44
77
103
113
123
121
131
142
121
108
99
111
125
129
113
93
77
40
23
14
7
-14
-28
-33
-20
-18
-21
-25
-33
-38
-36
-36
-23
-27
-44
-60
-72
-87
-102
-101
-106
-111
-116
-96
-75
-58
-43
