SAMPLES:	8401
BITSPERSAMPLE:	16
CHANNELS:	1
SAMPLERATE:	16000
NORMALIZED:	FALSE
2
2
3
4
3
2
0
-2
-2
-1
-2
-1
2
3
3
3
2
-1
-3
-3
-4
-4
-5
-5
-4
-3
-3
-4
-4
-6
-6
-7
-6
-8
-7
-6
-6
-6
-5
-4
-4
-5
-4
-3
-3
-4
-6
-4
-4
-5
-4
-3
-3
-3
-2
0
0
0
-1
-1
-1
-1
0
2
2
0
1
0
3
1
0
-1
-1
0
0
1
2
1
0
1
2
3
2
1
0
-2
-2
-3
-3
-2
-2
-1
2
2
1
-1
-1
-1
0
1
1
0
1
2
2
4
3
3
4
5
5
6
6
3
3
5
6
7
9
9
8
9
8
7
5
5
5
5
5
6
6
6
6
8
8
7
5
5
4
4
4
4
3
1
0
0
2
3
3
3
1
0
-3
-4
-5
-4
-3
-3
-3
-3
-3
-5
-4
-5
-7
-7
-8
-6
-7
-7
-8
-7
-7
-9
-9
-9
-10
-9
-6
-4
-5
-6
-6
-4
-5
-4
-3
-4
-5
-4
-5
-4
-3
-2
-1
0
1
1
1
0
-2
-2
-1
-1
-1
0
0
-1
-1
0
1
1
2
4
4
5
4
4
2
2
2
4
5
4
4
3
2
2
3
4
6
6
8
7
3
2
1
-1
0
1
3
3
2
1
2
0
0
1
2
2
1
2
3
2
2
2
2
1
1
2
1
2
2
3
2
2
2
1
-1
-1
-1
-2
-3
-3
-4
-3
-1
0
-1
-1
-2
-4
-5
-5
-4
-5
-5
-3
-2
-3
-1
0
2
0
1
1
0
0
0
0
-1
0
2
1
2
1
1
1
2
3
5
5
4
4
3
2
2
3
2
3
2
0
-1
-1
-1
1
1
0
-1
-2
-2
-4
-3
-2
-3
-3
-2
-2
-5
-6
-6
-6
-6
-6
-3
-3
-4
-3
-3
-4
-6
-6
-6
-5
-6
-4
-3
-4
-5
-5
-4
-3
-3
-1
1
1
0
-1
-3
-3
-3
-3
-1
1
3
1
1
1
-1
-1
1
3
4
4
6
9
7
5
4
4
3
4
5
7
7
6
6
6
7
7
7
5
4
3
3
3
4
5
6
4
3
2
2
0
1
1
1
3
3
3
1
-1
-3
-4
-4
-4
-4
-6
-6
-7
-8
-8
-8
-6
-6
-3
-4
-4
-5
-5
-6
-6
-3
-3
0
1
0
0
1
0
1
2
3
3
4
5
6
6
7
7
7
7
5
5
5
4
5
8
8
7
10
11
8
6
5
2
-1
-1
-2
-2
-2
-2
2
1
1
-1
-3
-4
-5
-6
-7
-8
-6
-5
-5
-5
-5
-6
-6
-7
-7
-7
-7
-8
-9
-7
-7
-4
-4
-4
-4
-5
-5
-4
-3
-2
-3
-3
-4
-3
-3
-2
-2
-1
-1
-2
-2
-2
-2
-2
-1
-1
1
0
-1
-2
-1
0
0
1
2
1
1
0
1
0
2
3
5
5
7
6
5
5
4
5
5
7
6
6
7
7
8
6
6
8
6
6
9
8
5
3
5
6
6
7
8
6
4
2
2
0
2
2
2
1
1
0
-1
0
1
1
1
-1
-2
-2
-3
-3
-1
-1
-1
-1
0
-3
-3
-6
-6
-8
-8
-7
-8
-5
-6
-5
-4
-2
-1
-1
-2
-3
0
1
0
-2
-5
-8
-8
-5
-1
1
0
-2
-3
-4
-3
-1
-1
1
2
-1
-2
-4
-5
-6
-8
-6
-5
-7
-7
-9
-9
-6
-2
3
7
9
6
3
-1
-4
-8
-7
-4
-3
-2
-2
1
2
3
6
4
4
0
-5
-5
-2
-4
-3
2
3
2
6
7
3
0
0
2
2
4
8
11
10
11
8
7
6
7
8
9
11
9
5
3
3
5
8
10
12
9
4
0
-3
-2
-1
3
7
6
6
7
5
3
3
4
3
7
4
1
0
-4
-5
-4
-4
-6
-5
-6
-6
-7
-10
-8
-5
-6
-8
-6
-4
-8
-6
-7
-8
-12
-11
-10
-15
-16
-17
-16
-17
-10
-5
-4
-2
1
1
2
3
5
4
3
5
8
7
6
6
7
5
5
5
4
3
-1
0
4
7
8
10
8
9
7
6
7
-1
-4
-6
-2
1
4
6
6
3
3
0
-3
-3
-6
-7
-7
-6
-5
-3
-1
3
3
-1
-4
-6
-10
-11
-13
-15
-14
-13
-10
-7
-2
1
2
1
-2
-3
-2
1
3
6
10
7
7
3
1
2
0
3
4
5
6
7
5
8
13
12
10
10
8
1
-2
1
2
5
4
1
-3
-3
3
7
11
15
14
12
8
5
0
-4
-2
1
1
2
3
4
1
-6
-6
-7
-8
-10
-10
-9
-12
-14
-15
-15
-12
-8
-9
-8
-9
-9
-12
-12
-10
-13
-14
-13
-11
-12
-10
-4
-3
-3
-2
-1
-2
-5
-1
1
3
9
10
10
8
7
6
8
9
11
10
11
9
18
25
62
89
45
-23
-89
-69
7
52
20
-6
25
67
84
53
1
-23
-23
-12
5
29
46
48
45
21
36
24
-15
-39
-34
-25
15
122
172
93
-12
-22
-43
-96
-159
-168
-94
-31
-79
-178
-156
-88
-141
-247
-238
-124
-74
-77
-82
-28
19
15
-27
-74
-60
2
37
26
61
80
97
109
154
161
98
59
102
151
158
180
178
177
185
195
182
157
147
105
58
89
137
119
90
92
105
73
16
-13
-60
-82
-75
-55
-69
-58
-34
-68
-109
-137
-178
-232
-251
-240
-213
-184
-155
-142
-151
-158
-163
-188
-206
-183
-145
-136
-113
-88
-80
-60
-40
-55
-64
-39
-32
-26
6
8
22
42
101
182
250
271
313
357
375
414
370
351
383
445
449
448
437
366
344
337
316
272
186
68
5
-18
-120
-208
-249
-356
-436
-488
-576
-662
-736
-849
-887
-838
-822
-814
-771
-738
-688
-603
-540
-537
-536
-497
-484
-462
-461
-396
-302
-225
-112
-85
-46
-105
238
484
579
900
1073
1301
1428
1525
1382
1413
1594
1580
1652
1911
1956
1935
2130
2120
1881
1593
1443
1112
808
554
189
-98
-242
-557
-911
-1217
-1540
-1953
-2257
-2352
-2579
-2724
-2542
-2374
-2215
-1870
-1643
-1473
-1268
-1047
-1076
-992
-840
-780
-558
-283
-169
-134
-47
-133
-372
-630
-637
-689
-668
-482
-506
384
862
1210
1647
1888
2099
1839
1915
1701
1785
2204
2346
2684
3209
3336
3346
3462
3356
2802
2246
2044
1457
1020
639
169
0
-307
-701
-1425
-2048
-2567
-3194
-3454
-3699
-3959
-4032
-3590
-3219
-2897
-2542
-2276
-2115
-1906
-1655
-1720
-1676
-1489
-1205
-822
-422
-143
-88
73
36
-209
-357
-506
-819
-867
-715
-661
568
1331
1931
2473
2784
2959
2693
2563
1839
1848
2136
2306
2648
3283
3495
3623
3979
3824
3170
2465
1941
1107
672
256
-248
-460
-432
-700
-1332
-1788
-2333
-3035
-3395
-3607
-4173
-4234
-3613
-3202
-2806
-2142
-1715
-1489
-1080
-960
-1128
-1137
-983
-851
-552
-175
-100
69
424
394
117
-37
-566
-741
-945
-956
-1293
-218
791
1389
2331
2626
3177
2977
2812
2156
2018
2255
2175
2329
2975
3245
3462
3896
4024
3591
2720
2305
1489
852
121
-526
-837
-945
-1057
-1368
-1566
-2034
-2727
-3203
-3565
-4189
-4416
-4065
-3675
-3128
-2492
-1948
-1434
-1003
-871
-975
-1108
-1112
-1141
-893
-733
-582
-349
32
175
-4
-68
-428
-780
-1211
-1293
-1389
-214
385
1195
1885
2570
2974
2880
3021
2265
2244
2141
2199
2238
2882
3187
3496
4040
4191
3599
3044
2766
1799
1047
250
-416
-1011
-1097
-1131
-1651
-1891
-2114
-2754
-3080
-3455
-4060
-4291
-3922
-3664
-3403
-2670
-2087
-1655
-1036
-652
-809
-955
-866
-828
-923
-813
-715
-611
-195
-65
-250
-482
-471
-764
-1092
-1139
-371
109
702
1570
2099
2861
3190
3366
2863
2854
2846
2594
2688
3020
3127
3254
3782
4028
3817
3464
3253
2556
1929
1019
44
-805
-1202
-1603
-1908
-2070
-2351
-2678
-2912
-3131
-3738
-4128
-4209
-4023
-3790
-3220
-2583
-2009
-1427
-823
-548
-507
-541
-544
-536
-641
-728
-798
-481
-196
-190
-265
-328
-519
-654
-814
-1275
-716
-59
415
1128
1678
2406
2676
3135
2803
2531
2633
2505
2479
2696
2886
2918
3299
3768
3731
3347
3209
2604
1881
1168
343
-608
-1077
-1446
-1856
-2167
-2289
-2562
-2780
-2824
-3332
-3778
-3746
-3508
-3431
-3073
-2592
-2171
-1636
-1006
-703
-599
-595
-545
-524
-498
-582
-696
-510
-355
-408
-572
-581
-672
-811
-956
-1262
-688
-127
494
1056
1767
2380
2702
3104
2860
2775
2799
2789
2669
2971
3032
3076
3466
3889
3660
3341
3265
2696
2077
1268
452
-522
-1025
-1552
-2067
-2308
-2546
-2754
-2929
-2901
-3270
-3483
-3389
-3364
-3280
-3071
-2661
-2217
-1647
-1147
-812
-615
-396
-212
-82
-52
-187
-275
-278
-258
-498
-742
-895
-941
-1029
-912
-1154
-775
-95
347
963
1428
2268
2514
2945
2757
2530
2563
2527
2421
2494
2744
2818
3250
3592
3549
3097
3053
2738
2218
1439
591
-276
-1021
-1483
-2073
-2441
-2686
-2855
-3057
-3096
-3259
-3524
-3450
-3212
-3127
-3074
-2691
-2217
-1748
-1246
-857
-766
-512
-217
-90
-7
-23
-172
-252
-157
-240
-526
-728
-759
-951
-907
-1062
-809
-132
322
904
1496
2177
2545
2839
2784
2564
2591
2544
2431
2519
2628
2655
2950
3402
3440
3162
3094
2822
2277
1682
875
-48
-797
-1379
-1961
-2489
-2769
-3041
-3192
-3175
-3341
-3563
-3534
-3253
-3130
-3009
-2711
-2338
-1958
-1518
-1135
-998
-838
-506
-271
-95
56
98
127
192
102
-209
-415
-566
-781
-849
-885
-962
-250
283
968
1455
2215
2806
3109
3295
2988
2997
2702
2711
2514
2646
2673
2821
3141
3300
3201
2935
2920
2553
1977
1001
314
-478
-1158
-1755
-2319
-2701
-2997
-3080
-3161
-3134
-3243
-3272
-3029
-2769
-2670
-2481
-2085
-1776
-1581
-1253
-1097
-984
-700
-417
-226
-33
60
85
186
107
-225
-601
-775
-1049
-1323
-1298
-1458
-879
-255
356
1046
1622
2424
2662
3085
2831
2770
2755
2607
2468
2367
2423
2389
2774
2894
2954
2849
2945
2662
2267
1634
807
-7
-824
-1509
-2290
-2796
-3106
-3299
-3420
-3361
-3427
-3391
-3179
-2837
-2697
-2505
-2112
-1801
-1511
-1359
-1217
-1196
-922
-641
-434
-166
104
288
452
518
255
-92
-390
-636
-1027
-1084
-1385
-1074
-481
124
818
1402
2428
2819
3460
3414
3278
3234
3015
2686
2422
2470
2274
2493
2721
2829
2696
2825
2776
2427
1840
1166
384
-293
-974
-1815
-2592
-3088
-3375
-3703
-3609
-3633
-3643
-3457
-2977
-2721
-2603
-2178
-1853
-1648
-1474
-1306
-1291
-1142
-920
-793
-587
-325
-131
136
372
352
71
-63
-194
-581
-871
-1067
-1213
-741
-308
332
807
1753
2541
3069
3555
3399
3588
3390
3243
2745
2571
2340
2220
2436
2558
2595
2526
2723
2521
2199
1611
1026
337
-354
-1191
-1984
-2674
-3140
-3464
-3700
-3826
-4001
-3782
-3383
-2882
-2602
-2293
-1807
-1531
-1342
-1250
-1195
-1237
-1110
-955
-794
-615
-371
-103
174
355
266
119
122
-76
-405
-622
-934
-712
-300
204
740
1394
2246
2764
3335
3344
3484
3555
3494
3153
2764
2643
2257
2316
2311
2277
2116
2156
2181
1910
1571
1050
473
-69
-802
-1612
-2344
-2950
-3378
-3819
-4024
-4266
-4158
-3777
-3238
-2808
-2494
-1911
-1459
-1189
-1087
-988
-1004
-1003
-939
-906
-880
-703
-466
-207
56
180
153
217
239
-68
-259
-552
-611
-243
20
521
836
1670
2249
2851
3195
3322
3661
3588
3499
3025
2917
2571
2422
2347
2226
2082
1921
1974
1767
1476
1131
751
277
-290
-1066
-1787
-2471
-2902
-3406
-3729
-4020
-4153
-3874
-3572
-3122
-2799
-2281
-1616
-1171
-870
-770
-660
-712
-723
-673
-729
-671
-511
-305
-120
57
61
44
139
41
-131
-256
-488
-200
-117
207
460
1081
1771
2150
2753
2806
3232
3364
3485
3163
2988
2871
2601
2554
2374
2113
1871
1887
1804
1501
1201
887
400
48
-598
-1203
-1874
-2269
-2817
-3334
-3640
-3970
-3931
-3712
-3385
-3140
-2690
-2097
-1590
-1205
-873
-675
-574
-542
-541
-664
-725
-672
-583
-453
-334
-200
-127
-5
6
-106
-124
-331
-290
40
201
435
760
1468
1798
2299
2551
2795
3196
3367
3337
3083
3118
2753
2655
2497
2283
1968
1893
1908
1646
1357
1046
695
286
-180
-889
-1486
-2023
-2454
-2980
-3312
-3608
-3783
-3619
-3430
-3112
-2865
-2376
-1874
-1542
-1220
-924
-661
-556
-509
-515
-580
-589
-550
-516
-477
-371
-359
-296
-195
-237
-339
-250
-364
-79
119
360
635
1006
1634
1925
2456
2553
2980
3124
3170
3042
2994
2997
2769
2691
2433
2216
1896
1819
1655
1409
1118
860
516
130
-447
-1046
-1595
-2008
-2505
-2922
-3179
-3486
-3539
-3436
-3221
-2972
-2620
-2107
-1666
-1321
-970
-738
-536
-476
-468
-532
-508
-469
-475
-424
-413
-444
-437
-414
-355
-499
-433
-362
-398
1
93
530
738
1341
1643
1958
2354
2443
2977
2963
3080
2853
2936
2819
2622
2567
2236
2104
1811
1805
1546
1265
1036
725
407
-36
-580
-1065
-1506
-1964
-2496
-2837
-3071
-3349
-3295
-3179
-3005
-2858
-2489
-1970
-1647
-1256
-989
-711
-587
-527
-594
-692
-599
-666
-650
-617
-559
-647
-637
-476
-515
-515
-330
-385
-229
111
275
612
962
1604
1758
2201
2348
2599
2915
2947
2979
2775
2921
2593
2576
2352
2123
1927
1796
1691
1372
1131
774
498
191
-279
-767
-1191
-1659
-2130
-2579
-2839
-3205
-3277
-3213
-3028
-2834
-2587
-2097
-1727
-1343
-1048
-761
-518
-362
-316
-373
-302
-343
-404
-423
-442
-502
-567
-448
-437
-531
-522
-295
-385
47
252
560
854
1282
1703
1858
2407
2304
2684
2728
2940
2732
2696
2698
2361
2343
2081
2006
1748
1698
1443
1166
892
563
250
-113
-538
-973
-1453
-1802
-2193
-2592
-2937
-3199
-3229
-3172
-2915
-2836
-2503
-2076
-1700
-1368
-1036
-723
-586
-412
-445
-452
-386
-391
-426
-467
-552
-624
-613
-564
-614
-624
-506
-378
-357
36
272
564
826
1308
1710
1921
2313
2319
2689
2734
2776
2593
2584
2638
2452
2479
2302
2120
1824
1763
1608
1316
1105
823
476
87
-363
-814
-1287
-1636
-2001
-2390
-2623
-2875
-2996
-2969
-2918
-2759
-2461
-1971
-1671
-1357
-1036
-814
-611
-458
-360
-371
-301
-398
-508
-584
-650
-746
-688
-699
-733
-739
-550
-512
-456
-10
146
508
736
1397
1594
1979
2235
2309
2600
2663
2716
2492
2606
2409
2274
2238
2148
1871
1718
1664
1447
1178
970
692
352
54
-406
-768
-1227
-1568
-2008
-2367
-2560
-2897
-2903
-2925
-2762
-2683
-2359
-1912
-1672
-1250
-984
-655
-539
-464
-481
-468
-432
-480
-450
-484
-548
-617
-655
-654
-646
-593
-397
-347
-293
-8
85
433
688
1230
1487
1908
2177
2301
2519
2551
2572
2384
2606
2388
2335
2217
2144
1878
1749
1689
1445
1266
1057
789
368
65
-398
-784
-1182
-1466
-1843
-2178
-2455
-2714
-2826
-2875
-2742
-2591
-2326
-1915
-1590
-1243
-962
-701
-566
-431
-314
-324
-335
-401
-444
-546
-608
-627
-619
-628
-618
-558
-489
-403
-412
-17
120
512
734
1130
1425
1640
2019
1988
2379
2315
2493
2315
2378
2315
2156
2147
1895
1835
1591
1561
1366
1155
937
672
390
79
-325
-714
-1152
-1387
-1777
-2044
-2285
-2504
-2655
-2687
-2554
-2509
-2210
-1901
-1540
-1266
-942
-701
-526
-435
-433
-459
-471
-452
-472
-497
-534
-591
-642
-601
-548
-498
-414
-289
-349
1
141
463
661
1061
1411
1597
2055
2015
2345
2344
2469
2356
2293
2322
2073
2107
1897
1840
1601
1535
1411
1128
956
682
430
166
-183
-477
-842
-1127
-1486
-1918
-2150
-2486
-2544
-2699
-2555
-2448
-2288
-1919
-1618
-1250
-1030
-689
-552
-470
-409
-394
-420
-405
-422
-445
-542
-524
-668
-651
-672
-673
-628
-450
-381
-146
144
335
647
859
1295
1425
1791
1775
1974
2120
2205
2217
2139
2286
2006
2005
1802
1668
1388
1266
1127
909
720
507
408
190
-34
-364
-599
-920
-1257
-1620
-1844
-2117
-2342
-2381
-2332
-2248
-2068
-1719
-1436
-1163
-915
-684
-550
-426
-393
-383
-410
-389
-500
-487
-476
-561
-626
-606
-621
-683
-581
-539
-440
-424
0
91
444
653
1021
1258
1470
1799
1716
2087
1984
2105
1995
2161
2043
1851
1921
1666
1529
1329
1306
1079
911
808
617
451
278
11
-238
-558
-795
-1161
-1441
-1712
-1994
-2097
-2174
-2123
-2077
-1790
-1460
-1186
-870
-709
-539
-488
-486
-467
-484
-488
-559
-530
-584
-669
-692
-671
-609
-668
-580
-570
-500
-591
-369
-117
126
476
654
1128
1164
1531
1533
1755
1933
1935
2076
1993
2151
1827
1804
1660
1462
1271
1181
1220
982
912
800
538
410
105
-163
-500
-732
-978
-1366
-1494
-1849
-1993
-2153
-2131
-2112
-1999
-1651
-1473
-1251
-1075
-840
-721
-646
-532
-529
-542
-514
-547
-602
-697
-675
-740
-723
-658
-643
-565
-479
-352
-380
38
192
451
577
973
1221
1328
1716
1708
2060
2013
2277
2098
2173
2058
1866
1829
1562
1475
1196
1266
1103
1031
942
836
668
429
249
-18
-302
-516
-927
-1212
-1475
-1753
-1952
-2044
-2052
-2106
-1842
-1593
-1348
-1157
-948
-811
-699
-627
-636
-586
-595
-638
-724
-742
-770
-808
-816
-754
-730
-672
-619
-455
-457
-370
-50
22
365
480
950
1013
1382
1526
1585
1851
1880
2046
1871
1998
1696
1587
1464
1333
1139
1100
1092
964
902
874
762
587
470
207
-14
-351
-588
-992
-1201
-1521
-1695
-1797
-1857
-1839
-1886
-1665
-1545
-1393
-1241
-1052
-880
-775
-681
-600
-569
-588
-652
-692
-746
-807
-781
-741
-639
-643
-541
-540
-394
-413
-285
13
149
408
537
997
1099
1479
1619
1756
1966
1979
2019
1871
1985
1753
1703
1648
1522
1379
1331
1327
1225
1126
1057
909
814
649
404
175
-121
-349
-705
-968
-1323
-1553
-1750
-1850
-1879
-1883
-1692
-1498
-1329
-1218
-1091
-997
-992
-878
-863
-845
-812
-867
-857
-869
-831
-808
-728
-729
-758
-765
-785
-706
-746
-586
-220
-112
248
467
868
961
1286
1477
1581
1850
1757
1839
1628
1749
1557
1538
1538
1344
1308
1218
1281
1106
1108
1059
954
928
803
666
353
149
-119
-459
-750
-1056
-1300
-1494
-1580
-1657
-1686
-1548
-1376
-1237
-1071
-890
-798
-806
-738
-780
-824
-815
-795
-796
-776
-723
-741
-742
-738
-820
-885
-840
-787
-762
-703
-328
-244
99
303
748
972
1267
1539
1446
1727
1611
1741
1492
1640
1484
1444
1486
1316
1356
1152
1229
1106
1179
1149
1106
1048
927
806
532
330
90
-247
-556
-895
-1174
-1418
-1598
-1672
-1697
-1606
-1508
-1392
-1242
-1110
-1004
-930
-821
-813
-854
-834
-862
-859
-881
-869
-897
-935
-991
-1042
-1030
-992
-915
-838
-781
-521
-244
-71
262
448
809
916
1310
1378
1516
1634
1586
1669
1563
1728
1484
1655
1562
1507
1464
1504
1537
1412
1495
1415
1389
1318
1157
919
656
385
103
-255
-500
-847
-1097
-1388
-1499
-1643
-1718
-1630
-1571
-1478
-1425
-1289
-1218
-1157
-1085
-1060
-998
-979
-979
-983
-1020
-1027
-1096
-1105
-1141
-1159
-1185
-1079
-1006
-903
-806
-501
-262
12
311
586
930
1041
1302
1236
1454
1444
1577
1597
1650
1764
1581
1702
1589
1587
1462
1554
1613
1672
1743
1696
1634
1516
1345
1099
836
592
233
-153
-441
-807
-1067
-1294
-1461
-1644
-1732
-1720
-1703
-1678
-1569
-1446
-1394
-1268
-1147
-1132
-1102
-1039
-1041
-1053
-1067
-1119
-1177
-1155
-1179
-1143
-1064
-902
-787
-655
-586
-325
-142
53
272
482
763
935
1222
1166
1372
1409
1480
1510
1572
1577
1490
1645
1570
1650
1678
1859
1881
1904
1874
1728
1605
1494
1298
1001
819
548
232
-110
-433
-821
-1083
-1318
-1562
-1802
-1919
-1922
-1923
-1872
-1788
-1742
-1660
-1512
-1381
-1252
-1182
-1091
-1086
-1081
-1156
-1179
-1183
-1122
-1151
-1107
-1044
-938
-851
-703
-575
-395
-92
56
375
465
770
891
1169
1245
1371
1624
1638
1737
1678
1793
1672
1751
1756
1744
1786
1816
1938
1914
1934
1865
1799
1740
1536
1289
1031
729
338
-26
-349
-736
-1066
-1369
-1620
-1797
-1950
-1961
-1976
-1904
-1854
-1769
-1671
-1551
-1455
-1397
-1322
-1305
-1262
-1230
-1210
-1272
-1210
-1194
-1130
-1096
-1002
-915
-775
-681
-560
-417
-166
25
206
441
632
890
1012
1244
1193
1378
1397
1512
1586
1693
1743
1752
1925
1871
1938
1895
1982
1908
1953
1932
1887
1835
1695
1454
1110
839
490
174
-216
-512
-838
-1120
-1376
-1620
-1822
-1946
-1941
-1941
-1891
-1829
-1763
-1681
-1564
-1490
-1412
-1350
-1299
-1230
-1229
-1215
-1219
-1199
-1202
-1180
-1160
-1034
-961
-801
-700
-561
-455
-173
27
237
461
650
920
980
1263
1200
1461
1503
1660
1681
1708
1756
1690
1898
1822
1923
1928
2134
2115
2091
2044
1951
1793
1584
1339
1009
736
435
88
-284
-613
-1003
-1303
-1550
-1736
-1959
-2004
-1995
-2047
-1989
-1894
-1804
-1719
-1651
-1572
-1492
-1415
-1327
-1271
-1248
-1217
-1210
-1159
-1120
-1092
-1073
-961
-807
-691
-542
-362
-282
-139
94
204
386
556
824
910
1143
1264
1363
1561
1622
1687
1717
1888
1863
1988
2132
2169
2164
2169
2192
2083
2036
1962
1823
1608
1364
1077
749
455
134
-202
-522
-823
-1120
-1350
-1586
-1758
-1896
-1897
-1885
-1897
-1848
-1807
-1720
-1683
-1601
-1504
-1412
-1343
-1282
-1208
-1201
-1170
-1121
-1111
-1097
-1037
-959
-853
-761
-667
-598
-430
-351
-172
2
118
313
481
706
798
1010
1080
1245
1413
1530
1684
1807
1970
1974
2090
2100
2067
2073
2083
2060
2014
1941
1806
1656
1478
1233
966
698
398
93
-264
-512
-819
-1064
-1292
-1496
-1655
-1786
-1797
-1856
-1844
-1839
-1804
-1732
-1617
-1537
-1443
-1333
-1301
-1246
-1193
-1175
-1129
-1106
-1054
-1012
-964
-912
-863
-797
-757
-669
-516
-379
-257
-28
65
216
318
516
623
825
981
1103
1318
1403
1540
1612
1772
1839
1973
2017
2038
2044
1984
1942
1845
1759
1638
1561
1431
1261
1080
887
649
415
140
-117
-387
-664
-938
-1194
-1392
-1621
-1698
-1744
-1732
-1732
-1629
-1553
-1493
-1412
-1331
-1198
-1195
-1132
-1091
-1000
-986
-925
-890
-885
-916
-893
-875
-784
-744
-686
-600
-538
-477
-332
-93
20
278
446
696
807
994
1104
1166
1362
1362
1490
1541
1679
1685
1763
1820
1717
1776
1757
1813
1772
1710
1659
1552
1413
1183
1027
808
566
269
-45
-329
-664
-953
-1200
-1349
-1535
-1638
-1636
-1666
-1672
-1672
-1603
-1582
-1498
-1416
-1322
-1238
-1193
-1137
-1113
-1059
-1057
-998
-971
-934
-949
-929
-878
-874
-802
-672
-514
-400
-254
-164
31
80
266
431
650
774
910
1072
1057
1193
1186
1325
1423
1587
1708
1849
1958
1884
1903
1897
1898
1826
1793
1758
1638
1498
1302
1070
847
566
363
126
-148
-448
-738
-996
-1247
-1423
-1587
-1629
-1705
-1713
-1638
-1608
-1553
-1503
-1417
-1405
-1320
-1234
-1167
-1126
-1087
-1061
-1087
-1058
-1074
-1073
-1085
-1037
-977
-888
-759
-623
-455
-303
-148
0
148
209
396
545
723
821
969
1052
1154
1315
1378
1499
1559
1726
1782
1911
1967
2008
1994
1956
1946
1833
1784
1682
1598
1458
1277
1047
799
538
266
-9
-240
-492
-763
-1015
-1274
-1437
-1578
-1631
-1687
-1703
-1683
-1624
-1561
-1541
-1487
-1462
-1428
-1413
-1357
-1347
-1312
-1303
-1295
-1301
-1301
-1250
-1174
-1059
-944
-789
-653
-502
-383
-238
-99
57
277
392
569
659
814
867
977
1068
1165
1348
1459
1609
1676
1761
1797
1876
1884
1920
1919
1913
1892
1846
1764
1634
1553
1405
1246
1041
828
582
319
12
-278
-567
-833
-1066
-1270
-1411
-1525
-1580
-1669
-1755
-1811
-1790
-1770
-1750
-1657
-1619
-1567
-1515
-1449
-1370
-1338
-1284
-1232
-1197
-1149
-1057
-949
-874
-774
-674
-512
-358
-180
-39
150
297
475
605
758
905
966
1120
1149
1274
1199
1284
1301
1384
1404
1482
1629
1650
1797
1795
1916
1867
1913
1882
1825
1732
1589
1482
1257
1027
772
520
243
-2
-234
-491
-776
-1033
-1271
-1478
-1636
-1754
-1823
-1867
-1911
-1921
-1900
-1814
-1769
-1693
-1590
-1537
-1486
-1452
-1380
-1345
-1262
-1189
-1123
-1067
-978
-805
-673
-501
-339
-168
-39
103
205
349
467
602
772
832
921
934
1025
1031
1115
1131
1193
1294
1391
1495
1548
1710
1762
1891
1951
1993
1954
1887
1777
1607
1499
1361
1217
1004
790
518
254
49
-217
-459
-677
-890
-1117
-1387
-1624
-1794
-1914
-1949
-1910
-1870
-1825
-1801
-1792
-1790
-1742
-1683
-1626
-1535
-1431
-1344
-1309
-1202
-1086
-960
-811
-660
-481
-318
-207
-87
42
175
257
350
442
539
591
712
749
744
791
882
990
1015
1156
1162
1282
1326
1409
1527
1631
1747
1745
1819
1742
1699
1600
1522
1399
1310
1251
1119
1003
818
632
388
142
-89
-289
-494
-674
-842
-1012
-1158
-1291
-1434
-1537
-1597
-1648
-1683
-1691
-1658
-1675
-1631
-1542
-1424
-1294
-1123
-982
-810
-681
-628
-551
-518
-473
-435
-383
-301
-211
-128
-10
107
249
331
428
509
595
648
775
765
769
739
756
756
720
760
725
858
824
890
900
970
989
987
1087
1081
1119
1035
1002
857
752
670
580
482
297
167
-26
-206
-418
-597
-745
-895
-996
-1080
-1129
-1242
-1279
-1267
-1273
-1277
-1261
-1224
-1200
-1187
-1171
-1139
-1068
-983
-885
-796
-685
-619
-525
-399
-286
-144
11
184
292
383
464
558
602
646
669
708
708
665
602
595
533
499
484
517
542
506
553
574
675
638
722
758
810
829
852
921
863
873
778
787
727
716
682
637
564
415
332
172
98
-19
-109
-223
-325
-495
-656
-789
-944
-1003
-1075
-1083
-1153
-1185
-1199
-1219
-1208
-1134
-1029
-882
-727
-570
-413
-315
-256
-181
-117
-118
-105
-66
-9
29
100
157
224
237
299
332
340
299
235
175
136
132
74
86
59
110
81
127
108
134
178
202
323
378
514
567
689
762
797
872
900
937
932
956
930
860
747
629
487
328
180
24
-113
-250
-393
-544
-713
-849
-958
-1052
-1058
-1060
-1036
-991
-949
-912
-899
-829
-761
-665
-591
-534
-428
-350
-328
-268
-209
-179
-137
-75
3
86
138
185
182
203
173
128
114
74
38
-6
-33
-27
-45
-119
-138
-110
-85
-73
7
47
143
289
420
543
702
853
944
1070
1152
1196
1195
1203
1164
1102
1027
948
851
725
600
502
367
209
76
-92
-238
-386
-497
-604
-670
-769
-814
-847
-891
-905
-906
-858
-866
-831
-751
-686
-623
-539
-490
-450
-394
-368
-323
-274
-270
-274
-281
-273
-245
-191
-123
-49
18
30
7
-11
-95
-158
-197
-205
-198
-162
-163
-130
-130
-111
-58
26
126
240
434
533
690
800
902
1001
1110
1187
1213
1288
1289
1318
1276
1217
1110
996
859
707
597
444
319
210
78
-77
-217
-327
-456
-575
-686
-777
-818
-887
-941
-974
-963
-961
-944
-923
-903
-863
-854
-819
-775
-661
-601
-529
-483
-453
-433
-426
-393
-382
-345
-324
-296
-289
-304
-320
-304
-302
-282
-231
-236
-260
-296
-281
-248
-250
-186
-136
-33
50
159
291
456
661
758
933
1081
1257
1364
1473
1537
1526
1516
1468
1439
1364
1282
1161
1076
915
760
656
536
422
293
171
35
-95
-262
-398
-533
-679
-814
-875
-931
-985
-991
-969
-945
-923
-887
-818
-722
-683
-643
-593
-543
-544
-549
-559
-570
-559
-551
-512
-477
-446
-454
-437
-406
-372
-322
-281
-253
-232
-217
-224
-188
-155
-147
-107
-91
-108
-52
13
108
221
371
537
711
869
995
1124
1251
1333
1390
1468
1495
1479
1445
1389
1303
1181
1044
952
814
680
546
403
270
110
-42
-149
-257
-409
-497
-599
-668
-736
-791
-829
-896
-932
-967
-988
-1024
-1029
-990
-920
-839
-789
-726
-694
-703
-721
-730
-767
-769
-741
-706
-629
-563
-499
-447
-412
-363
-337
-278
-219
-178
-150
-115
-91
-59
-38
11
56
100
151
203
312
425
576
718
887
1036
1213
1328
1400
1498
1545
1575
1579
1581
1515
1436
1309
1159
1026
901
776
645
561
420
287
168
24
-135
-264
-390
-478
-568
-696
-781
-869
-957
-1026
-1098
-1206
-1272
-1318
-1310
-1327
-1310
-1264
-1235
-1192
-1141
-1064
-984
-900
-820
-722
-650
-585
-572
-546
-500
-450
-351
-199
-53
73
210
331
431
529
618
663
705
765
819
826
859
843
820
820
818
840
838
870
860
907
913
970
996
1015
1053
1033
1025
985
935
831
770
672
574
501
381
249
158
61
-57
-152
-244
-356
-465
-574
-711
-829
-945
-1050
-1128
-1182
-1209
-1256
-1293
-1343
-1389
-1427
-1399
-1352
-1269
-1160
-1023
-895
-790
-644
-514
-365
-251
-150
-29
82
182
293
359
422
474
505
547
587
579
562
549
515
505
489
468
430
376
336
272
194
141
122
101
93
111
135
189
210
247
295
365
443
486
567
613
631
598
586
558
507
496
485
462
400
336
235
130
3
-101
-170
-216
-267
-341
-377
-446
-515
-559
-563
-553
-513
-493
-471
-450
-462
-443
-422
-339
-297
-233
-151
-81
-21
7
55
63
63
79
65
13
-14
-16
-31
-53
-57
-90
-110
-120
-156
-199
-225
-244
-270
-315
-349
-366
-404
-403
-401
-405
-375
-350
-311
-313
-272
-204
-147
-65
49
175
287
408
469
542
589
645
716
741
798
830
851
844
845
847
833
807
754
714
641
593
557
515
463
405
362
305
264
217
150
94
34
-48
-126
-232
-324
-408
-450
-480
-504
-514
-508
-500
-484
-506
-537
-559
-636
-688
-732
-788
-822
-866
-899
-890
-895
-900
-872
-822
-763
-714
-665
-613
-568
-504
-450
-394
-324
-236
-140
-76
-13
54
103
176
234
298
401
498
579
665
788
883
954
1043
1133
1205
1266
1287
1281
1248
1196
1180
1150
1075
1022
960
884
782
679
580
493
405
317
258
180
72
-55
-184
-370
-516
-675
-808
-903
-1011
-1101
-1177
-1253
-1311
-1312
-1323
-1293
-1256
-1216
-1192
-1147
-1080
-1018
-954
-896
-810
-745
-693
-632
-571
-525
-453
-341
-230
-115
14
144
242
337
402
465
533
559
624
692
741
727
717
729
739
748
784
797
768
763
778
808
840
873
864
887
901
894
843
785
745
703
667
621
540
431
334
213
134
56
-39
-117
-184
-231
-300
-391
-439
-471
-579
-678
-746
-836
-898
-893
-921
-958
-966
-912
-873
-834
-783
-755
-721
-676
-624
-569
-452
-364
-267
-167
-115
-70
-29
22
32
65
116
150
208
238
296
338
446
592
646
612
580
524
411
380
330
244
210
255
249
208
192
119
44
-3
-20
-33
-38
-31
-35
-26
-11
24
42
60
77
103
114
136
96
26
-38
-65
-75
-63
-26
-13
-6
19
62
46
55
17
-17
-17
-17
-41
-79
-76
-110
-103
-40
11
7
-6
-24
-54
-30
-3
35
90
131
167
202
214
183
169
150
139
137
137
89
20
-44
-134
-204
-246
-276
-308
-341
-356
-357
-379
-409
-436
-451
-447
-429
-398
-352
-318
-331
-356
-369
-396
-379
-331
-280
-175
-87
-8
35
50
62
102
150
204
254
282
308
304
322
331
344
380
429
446
447
475
489
512
536
599
612
615
608
596
598
578
558
552
561
504
444
379
303
233
150
77
-1
-89
-154
-191
-243
-319
-360
-401
-445
-470
-509
-527
-556
-585
-607
-631
-647
-663
-667
-664
-635
-608
-578
-550
-530
-490
-451
-413
-384
-337
-266
-233
-206
-162
-141
-138
-150
-135
-103
-83
-26
39
54
77
112
136
166
224
280
317
343
377
431
456
511
553
582
649
671
700
718
716
715
699
659
640
625
585
566
529
481
405
346
253
168
113
40
-31
-104
-153
-210
-275
-336
-404
-469
-517
-589
-610
-627
-628
-596
-567
-549
-528
-502
-493
-456
-436
-423
-371
-311
-247
-212
-171
-145
-144
-131
-127
-128
-108
-95
-114
-140
-155
-149
-141
-101
-59
-32
5
52
73
71
80
85
84
91
107
118
113
120
140
143
170
203
234
265
279
300
306
328
337
354
373
367
350
348
363
344
319
322
324
268
218
195
128
99
92
108
109
94
78
23
-33
-80
-95
-106
-122
-123
-93
-70
-73
-69
-80
-83
-93
-91
-93
-73
-60
-57
-55
-43
-50
-80
-87
-113
-163
-193
-212
-271
-332
-379
-424
-452
-466
-448
-441
-439
-398
-374
-356
-330
-322
-306
-283
-248
-208
-178
-135
-80
-34
9
30
51
93
101
121
150
184
235
285
330
364
386
365
355
362
385
408
409
444
465
472
480
472
459
438
413
423
427
424
427
386
376
347
312
287
252
234
211
192
170
133
80
9
-77
-162
-243
-322
-358
-386
-439
-460
-480
-530
-579
-596
-598
-619
-642
-672
-707
-712
-705
-696
-699
-707
-684
-677
-662
-639
-605
-569
-551
-509
-446
-389
-336
-261
-159
-82
3
88
147
196
232
298
368
445
495
555
593
631
688
729
755
787
836
852
897
961
993
1012
1033
1033
1001
974
931
874
823
780
720
643
563
477
414
337
276
203
131
31
-65
-149
-258
-336
-418
-495
-565
-643
-726
-839
-922
-980
-1053
-1093
-1110
-1136
-1146
-1141
-1142
-1119
-1108
-1083
-1063
-1030
-983
-949
-902
-853
-813
-765
-670
-577
-476
-377
-314
-251
-170
-73
40
190
310
416
494
548
591
617
694
754
831
922
985
1015
1039
1035
1021
993
983
986
987
1024
1028
1025
993
934
875
830
750
676
622
546
453
358
295
230
168
103
26
-46
-135
-206
-270
-328
-390
-469
-532
-593
-647
-675
-738
-818
-864
-923
-971
-986
-1002
-1007
-980
-954
-906
-846
-777
-721
-653
-612
-589
-537
-471
-394
-310
-221
-136
-45
30
79
121
177
238
259
294
361
422
491
556
597
625
633
636
669
696
676
660
628
566
499
462
439
409
393
381
364
330
304
254
218
181
137
100
42
-8
-33
-67
-102
-109
-113
-153
-181
-215
-252
-283
-316
-334
-344
-354
-367
-357
-349
-347
-346
-355
-359
-352
-326
-323
-288
-249
-233
-214
-200
-181
-172
-136
-59
19
86
139
148
171
200
227
239
246
283
283
275
260
253
235
193
175
158
171
163
137
99
45
-14
-63
-89
-81
-99
-118
-125
-133
-146
-147
-141
-149
-165
-163
-180
-232
-255
-261
-281
-290
-267
-266
-256
-250
-233
-182
-140
-106
-79
-54
-37
-1
26
26
53
76
110
140
188
229
267
287
304
340
354
390
427
470
487
488
484
448
409
407
394
386
372
343
299
248
199
153
128
96
61
10
-49
-93
-150
-200
-225
-258
-292
-303
-337
-360
-381
-418
-437
-436
-434
-452
-444
-413
-385
-357
-342
-344
-339
-335
-303
-270
-253
-230
-197
-191
-170
-124
-116
-97
-71
-46
-8
31
80
136
192
221
242
246
256
264
273
309
353
397
432
474
496
507
504
493
525
524
506
474
463
440
397
397
382
343
299
246
184
101
43
-21
-82
-126
-154
-186
-244
-286
-332
-371
-420
-462
-499
-540
-574
-582
-561
-525
-484
-464
-443
-461
-482
-481
-484
-465
-433
-425
-402
-377
-358
-336
-304
-266
-223
-173
-133
-119
-91
-73
-82
-83
-46
-2
24
68
97
133
129
147
174
199
245
271
305
313
332
340
340
360
395
423
473
488
467
434
376
329
308
329
359
388
393
392
373
351
338
327
314
308
299
275
236
210
176
153
161
156
155
142
108
70
37
-11
-12
-15
-2
36
12
-22
-73
-137
-185
-213
-252
-285
-320
-335
-370
-400
-389
-402
-395
-390
-387
-382
-392
-393
-400
-411
-394
-385
-384
-389
-384
-390
-373
-345
-348
-332
-318
-324
-307
-270
-237
-202
-147
-107
-79
-28
2
46
88
122
158
183
182
199
223
237
291
310
315
326
355
364
370
390
400
397
388
379
359
333
335
327
316
315
299
281
268
254
234
212
193
186
160
135
101
56
34
-2
-47
-53
-62
-84
-110
-140
-164
-178
-193
-225
-233
-226
-229
-234
-254
-279
-290
-271
-260
-238
-242
-245
-231
-253
-255
-246
-258
-249
-222
-206
-171
-148
-143
-166
-142
-123
-124
-77
-45
-32
4
35
17
16
26
39
69
99
125
115
109
110
97
86
119
150
164
182
183
207
202
176
159
148
139
140
163
179
181
200
224
222
220
220
199
163
142
136
118
90
70
64
77
91
110
106
85
59
46
48
22
29
33
19
24
20
17
7
9
-3
-44
-74
-89
-101
-125
-125
-140
-157
-176
-174
-172
-199
-186
-199
-207
-222
-239
-252
-275
-285
-298
-312
-330
-328
-313
-310
-290
-255
-236
-230
-220
-206
-193
-187
-186
-150
-97
-58
-26
6
50
83
82
92
118
146
166
195
199
211
222
220
240
270
289
304
309
282
275
272
262
266
288
297
275
272
248
221
198
181
176
184
185
160
145
118
79
46
35
40
25
10
-15
-57
-100
-111
-120
-107
-76
-84
-106
-143
-165
-182
-176
-173
-162
-165
-173
-181
-199
-214
-222
-222
-216
-205
-191
-178
-165
-162
-173
-156
-133
-100
-76
-41
7
22
39
49
32
40
54
84
98
101
88
64
62
55
60
62
77
87
84
88
62
48
42
39
49
60
73
82
74
64
49
41
56
67
58
62
70
63
27
14
-2
-13
7
21
43
57
55
50
35
24
43
63
65
60
59
22
-11
-23
-24
-19
-15
-7
11
22
43
25
-17
-31
-45
-29
-4
11
13
-3
-21
-44
-61
-52
-64
-64
-80
-123
-167
-185
-187
-194
-178
-154
-130
-134
-139
-151
-152
-149
-143
-137
-118
-96
-99
-106
-98
-75
-76
-89
-54
-30
-27
-7
5
10
4
-4
4
33
60
85
120
150
160
169
159
157
153
153
155
157
166
157
141
138
133
127
135
129
109
89
70
90
112
125
144
140
118
70
19
0
-20
-47
-33
-22
-5
-9
-31
-49
-64
-67
-63
-48
-30
-22
-47
-87
-108
-139
-167
-148
-108
-64
-30
-25
-24
-29
-28
-21
-6
12
29
37
27
39
40
33
24
16
44
57
51
60
46
29
13
3
14
46
76
95
109
116
84
66
41
13
3
-11
-11
-21
-22
-28
-7
12
35
41
14
-26
-89
-133
-148
-127
-114
-98
-76
-71
-87
-96
-113
-138
-131
-149
-160
-156
-148
-132
-127
-126
-116
-116
-104
-97
-88
-89
-91
-74
-66
-54
-41
13
54
100
140
164
186
175
168
155
147
141
140
141
173
182
173
163
157
154
134
128
129
122
103
93
77
71
62
50
44
48
57
48
30
17
1
-20
-44
-62
-74
-87
-97
-120
-143
-162
-164
-144
-162
-155
-134
-142
-155
-159
-155
-160
-156
-132
-124
-118
-108
-117
-143
-122
-115
-95
-51
-22
0
25
50
43
67
90
106
118
137
148
147
136
136
154
177
184
180
181
162
162
151
144
152
145
132
118
103
100
86
66
28
13
22
13
13
12
-3
-10
-22
-38
-25
-37
-54
-60
-72
-88
-112
-130
-138
-126
-121
-102
-94
-75
-94
-117
-103
-108
-105
-94
-86
-103
-110
-111
-113
-119
-101
-96
-89
-82
-78
-60
-59
-62
-35
-2
-1
-5
-11
-22
-20
5
5
23
49
38
56
70
75
89
85
82
85
93
99
105
99
74
61
77
90
94
106
108
84
68
59
65
43
31
28
39
33
29
13
1
-12
-19
10
22
26
22
29
8
-12
4
20
5
17
36
11
-29
-35
-50
-75
-62
-57
-65
-55
-56
-83
-87
-85
-75
-43
-31
-36
-57
-96
-134
-151
-158
-150
-128
-106
-92
-86
-80
-65
-71
-77
-45
-23
-42
-19
0
20
22
42
67
60
59
47
70
69
76
83
99
115
134
164
193
194
188
182
161
148
165
184
180
172
181
192
179
172
172
168
169
170
147
126
99
73
61
69
75
61
55
31
-2
-30
-53
-85
-109
-147
-160
-184
-196
-167
-162
-151
-138
-141
-178
-215
-242
-286
-297
-302
-307
-277
-270
-273
-247
-231
-204
-172
-160
-138
-114
-108
-113
-91
-72
-52
-42
-24
-5
6
17
29
55
83
90
97
102
97
82
90
116
145
149
167
142
111
107
98
111
121
127
130
123
112
108
91
84
75
64
69
70
67
35
29
40
31
40
52
49
46
56
58
52
46
32
12
-12
-54
-68
-67
-53
-31
-5
-1
-6
-5
-20
-21
-15
-12
-29
-26
-11
27
47
51
33
-1
-25
-51
-58
-60
-54
-57
-56
-59
-67
-62
-71
-76
-77
-75
-71
-68
-55
-35
-33
-67
-95
-120
-114
-104
-96
-88
-90
-78
-69
-74
-66
-29
-5
21
49
65
84
76
49
29
23
37
68
113
151
172
173
157
132
124
132
136
162
175
171
140
131
138
125
141
162
166
165
135
96
69
28
-4
17
41
57
68
72
65
32
15
9
5
3
-3
-48
-103
-144
-176
-189
-188
-193
-198
-227
-254
-265
-263
-242
-227
-211
-199
-205
-216
-218
-246
-273
-279
-278
-275
-262
-247
-226
-200
-173
-128
-85
-67
-51
-29
-23
7
26
30
38
63
79
100
111
115
123
143
162
184
218
240
255
283
308
308
305
283
268
255
265
287
296
307
304
300
273
238
191
146
142
144
150
164
181
182
155
110
77
36
-8
-33
-66
-83
-92
-100
-108
-116
-134
-163
-170
-170
-182
-210
-229
-220
-211
-221
-224
-234
-257
-256
-255
-250
-233
-212
-216
-232
-249
-243
-206
-167
-136
-124
-106
-74
-46
-15
-16
-20
-10
16
34
38
39
44
56
53
53
73
99
116
124
120
134
141
144
134
147
157
167
160
144
157
166
177
178
167
149
143
146
136
121
114
100
83
81
58
19
-9
-13
-10
-29
-27
-8
-15
-23
-42
-70
-87
-121
-141
-138
-119
-102
-89
-88
-112
-144
-163
-175
-172
-158
-154
-131
-127
-120
-74
-44
-33
-43
-41
-45
-51
-61
-50
-13
-11
-17
-25
-20
-19
-2
12
8
37
44
45
55
54
39
44
52
54
61
55
60
82
73
81
112
109
109
91
53
36
40
47
46
58
81
79
65
64
32
2
-17
-41
-24
-11
-12
0
4
7
7
16
7
-20
-26
-8
6
7
36
28
-4
-22
-37
-31
-35
-32
-6
9
4
-4
-19
-39
-39
-25
-32
-47
-34
1
21
36
48
26
-5
-33
-48
-49
-40
-32
-26
-25
-40
-59
-59
-47
-6
35
37
38
45
40
10
3
8
6
1
8
7
-4
-1
3
27
51
71
74
50
40
32
30
14
24
37
29
25
15
13
5
9
9
11
25
34
56
42
21
3
-32
-54
-64
-55
-31
-24
-10
-12
-38
-64
-72
-60
-70
-75
-65
-41
-44
-62
-58
-75
-96
-76
-32
-17
1
-15
-51
-65
-72
-60
-47
-30
-24
-21
-28
-19
3
7
13
19
16
20
13
6
11
-1
-4
4
15
26
45
41
27
12
13
11
11
42
59
75
74
58
45
21
9
12
5
15
27
18
-4
7
36
48
70
88
82
68
46
33
30
12
9
7
5
11
14
16
15
23
28
63
90
90
91
72
34
6
-5
-2
10
29
22
-2
-24
-36
-47
-44
-29
-18
2
15
-6
-29
-43
-51
-62
-82
-87
-78
-81
-85
-93
-108
-100
-79
-63
-68
-74
-84
-83
-82
-80
-46
-31
-34
-30
-32
-61
-67
-51
-35
-15
10
23
29
22
8
-5
-10
-5
1
31
37
31
17
5
12
9
-4
20
41
66
86
79
70
45
25
19
19
30
62
68
68
76
96
86
72
81
89
69
43
18
-2
-8
-10
15
25
26
29
43
31
23
27
20
19
20
27
26
25
27
45
35
36
30
18
4
-9
1
-6
-4
-18
-14
-18
9
14
15
17
-3
-31
-57
-77
-87
-91
-91
-79
-71
-84
-93
-88
-94
-79
-77
-63
-71
-84
-84
-74
-58
-49
-23
9
38
47
49
34
16
-2
-11
3
35
44
47
45
35
30
20
27
30
44
69
56
39
25
27
30
39
50
48
11
-10
-23
-36
-48
-54
-30
-7
25
46
45
8
-11
-12
-31
-40
-51
-58
-57
-66
-61
-57
-52
-53
-59
-38
-20
2
8
9
13
10
2
-1
-3
-3
-2
-9
-9
4
-5
-11
6
12
-6
6
-4
-9
1
-1
19
42
58
46
35
5
-10
-21
-18
14
38
50
64
75
78
65
50
49
47
23
18
49
35
27
33
35
39
41
51
36
37
38
19
2
3
-1
11
21
29
35
22
-3
-16
-15
-21
-30
-38
-43
-39
-33
-36
-47
-60
-38
-32
-18
2
-17
-33
-70
-103
-114
-114
-102
-94
-85
-88
-83
-81
-81
-78
-63
-59
-47
-31
-34
-40
-46
-51
-55
-51
-33
-14
-14
-2
17
34
44
48
55
63
86
90
97
93
84
84
83
88
111
134
117
95
83
72
58
71
99
124
145
144
132
106
57
19
5
-1
4
15
-2
-29
-53
-90
-112
-101
-78
-56
-58
-62
-76
-121
-135
-125
-103
-87
-82
-68
-90
-113
-101
-96
-94
-74
-57
-40
-33
-35
-49
-55
-44
-27
-3
47
89
117
120
112
101
94
115
97
87
97
110
112
119
115
112
117
119
131
125
109
91
58
31
20
22
49
51
14
-19
-40
-60
-72
-75
-80
-82
-95
-94
-99
-123
-140
-165
-170
-157
-158
-145
-128
-124
-120
-126
-139
-136
-148
-128
-105
-106
-94
-78
-55
-44
-40
-35
-18
-20
-13
15
48
63
68
78
85
91
98
96
107
124
116
129
152
151
161
150
131
116
106
102
108
118
117
120
108
94
65
57
45
43
56
60
63
63
51
29
8
3
7
-9
-13
-2
4
-15
-26
-33
-28
-45
-69
-82
-73
-61
-53
-19
-18
-40
-65
-73
-82
-86
-73
-79
-83
-66
-57
-64
-43
-19
-22
-24
-21
-36
-46
-53
-44
-39
-41
-20
-13
1
8
19
33
33
31
25
6
1
-12
-35
-11
7
0
17
36
27
8
2
1
-10
2
18
40
63
51
32
21
-8
-22
-21
-19
-14
-20
-36
-45
-36
-37
-35
-18
14
43
52
37
16
-10
-51
-63
-63
-55
-45
-23
-12
8
14
24
27
23
5
8
22
26
29
27
21
11
10
36
60
62
39
13
-1
-29
-29
-26
-31
-19
-3
18
28
18
11
12
0
-5
-13
-28
-36
-57
-56
-58
-45
-23
-20
-13
-21
-40
-47
-54
-40
-28
-14
7
12
6
-14
-20
-25
-29
-34
-31
-31
-30
-38
-17
8
7
17
26
33
25
25
19
9
23
28
25
30
32
54
61
68
69
73
76
75
88
74
70
64
57
61
74
75
60
27
2
-7
-14
-21
-21
-11
-9
14
39
50
36
19
-5
-16
-30
-35
-44
-41
-29
-31
-28
-48
-60
-51
-46
-22
-14
-18
-11
-18
-24
-34
-27
0
7
2
8
7
0
-2
-10
-11
-3
10
-3
-19
-12
5
11
38
57
51
64
73
67
52
38
39
33
42
51
57
47
