SAMPLES:	10426
BITSPERSAMPLE:	16
CHANNELS:	1
SAMPLERATE:	16000
NORMALIZED:	FALSE
-12
-14
13
-24
-35
-21
-26
-22
-18
-9
-19
1
-12
-16
-11
-15
-25
-41
-28
-12
-15
-11
-1
2
6
-36
-36
-8
-19
-6
-10
6
-14
-9
1
-22
9
-11
5
4
9
28
18
33
5
38
13
12
31
34
0
45
48
18
31
31
38
17
25
16
2
11
-7
-2
14
24
38
-14
-32
3
-1
23
9
13
3
5
3
-29
-24
-1
-5
-12
13
9
-33
-35
-5
-10
15
40
2
-23
-14
-14
-8
11
1
14
26
-1
8
14
13
-11
-4
-19
5
10
-4
-7
1
10
-30
3
-29
2
37
30
13
1
29
4
-29
-23
-19
7
-9
-26
5
22
0
-30
8
6
-6
3
-7
16
-13
-40
-27
-7
5
-11
6
23
-26
-5
9
17
-9
-14
25
27
10
-22
-12
4
9
-12
29
29
14
-11
4
-18
-16
-14
-8
8
5
-11
16
16
-22
-28
-17
9
-20
-1
-21
-4
-16
-48
-9
-41
-1
1
5
2
-4
3
-33
-10
10
-6
18
19
5
18
-24
3
-7
20
29
17
1
-28
-21
-24
-31
-11
4
10
17
11
16
-5
-3
4
25
39
23
32
1
-28
3
35
24
3
45
34
1
17
11
28
17
3
-11
-23
-25
-3
0
-9
-13
-1
-8
-20
-6
-15
18
-5
-23
-12
17
-10
-29
-5
5
22
7
8
-5
-19
-16
-16
-16
-7
10
41
26
37
15
15
9
3
-2
-12
-17
5
-15
-15
9
11
35
29
14
16
-6
-17
-22
-27
-8
23
12
-20
-15
2
-16
-10
7
38
163
41
94
13
-121
-135
-210
-49
-104
44
115
-1
126
-64
-35
-61
-134
58
-54
131
37
-3
117
-98
28
-64
35
5
-5
115
-96
27
10
-44
35
-62
65
-20
9
-26
-65
70
19
15
46
-45
12
-84
-51
7
-75
43
-51
45
-7
-12
-15
-44
-55
-17
40
22
-29
56
-9
-68
-49
-17
-6
35
55
7
81
23
-31
-9
-23
9
22
21
-37
28
56
-14
-9
11
28
54
20
23
-1
39
-20
-51
-25
5
25
-10
60
38
19
29
13
60
8
-19
9
28
33
6
5
-16
18
23
-76
-69
-16
-22
-7
-14
-16
18
22
10
10
45
42
-11
-38
-3
30
16
12
18
14
-29
20
9
-20
14
50
25
5
-4
-20
1
15
-36
-16
-4
21
45
58
5
58
88
24
-134
-218
-205
-229
-82
-52
59
84
54
5
-81
-101
-172
-77
29
56
119
105
51
43
-27
7
-12
73
71
14
18
15
-2
-54
-7
34
51
4
86
17
52
23
-10
-39
-12
14
-51
9
17
11
-5
66
16
-51
-56
-51
-50
-24
-4
-38
-40
-20
-7
-73
-85
-66
-44
-21
-54
10
-33
17
-48
-27
-52
-28
8
94
99
83
40
-16
3
-17
-19
-23
38
61
38
1
-27
-28
28
-31
-25
48
-21
36
66
-8
47
130
124
17
28
36
-28
25
25
18
24
64
-13
-13
6
7
13
50
12
14
0
17
-65
-17
12
25
112
-38
5
24
20
29
6
70
-33
40
35
-77
-48
-73
-39
10
73
102
-62
-6
-45
-53
-102
-36
-5
-13
9
-26
2
-36
-34
-95
33
-36
-37
13
-36
-42
22
-9
-16
65
25
-50
33
-11
-79
23
38
-24
-49
-22
-74
37
91
49
44
5
31
-3
6
-83
-54
-4
41
33
-9
9
0
-27
-66
-26
26
60
-27
30
7
-60
-102
-37
7
0
-35
-42
-29
-66
-76
-17
-37
24
15
-25
5
18
-12
-69
57
19
19
29
-64
-30
-27
37
20
-13
80
46
98
-3
-7
139
63
77
60
-78
-24
0
-33
68
109
134
8
30
-11
-52
29
8
88
55
-86
-113
-26
-26
-2
27
100
33
76
-18
-137
-145
21
-34
-13
44
-58
5
-51
30
-40
21
69
-7
34
-50
14
-32
-33
41
33
-4
-8
42
43
-74
-32
41
86
37
-59
122
-6
68
15
-57
55
-5
11
-53
58
68
-95
-77
2
-34
-27
-21
124
-23
30
-41
-53
39
13
6
18
46
-10
-113
-36
13
-54
-8
26
26
-57
-121
-85
-12
25
8
-11
24
48
30
-10
-27
-7
-75
2
67
22
71
76
-45
-142
-90
-62
3
90
83
63
58
-66
-101
-53
-60
30
8
52
72
-36
-85
-25
-69
-29
-31
-7
45
-19
-32
-65
76
-23
-36
97
35
-37
-92
-96
-25
30
38
39
74
-6
-173
-48
-25
-73
25
153
95
77
121
-56
-85
-17
-69
2
44
111
5
1
119
-26
-28
-89
-27
112
69
21
20
22
-11
-36
-67
12
138
116
0
-1
26
-42
-38
32
3
103
55
6
57
-61
29
27
60
35
-23
113
-2
-20
-23
-40
-28
3
196
-27
67
105
-121
-1
-31
-63
-39
93
52
-51
101
-60
-106
12
-117
-11
33
112
7
-106
-99
-49
-15
-101
104
62
-56
-37
-46
-120
-43
128
102
-62
38
-119
-102
-157
-82
59
50
96
43
50
-34
-95
-66
24
54
47
-7
-90
-23
-51
-112
-45
6
179
21
-155
-73
-78
-104
-68
157
160
55
14
-117
-241
-41
-15
10
120
166
70
-92
-122
-130
44
93
49
120
25
10
-36
-105
-143
67
193
121
-22
-103
-127
-91
-106
-14
83
194
105
-13
-68
-156
-14
52
138
237
92
9
-57
-46
5
-97
-7
52
39
22
-73
-111
19
119
-114
-49
126
34
7
44
-64
-33
102
40
-45
56
59
45
48
-92
-37
102
148
-83
-24
98
106
-22
-82
-23
-28
14
36
54
23
9
42
-32
-45
-53
-43
44
78
64
-5
107
62
45
20
-36
-48
-46
27
-1
91
-7
-84
45
-49
-152
-93
-21
2
49
11
37
138
-16
-154
-15
-13
-123
-71
65
14
-10
-26
-47
39
-63
-92
-32
56
-37
-176
-132
-122
-95
16
-13
79
134
62
8
-11
-59
-112
11
-32
-40
34
6
14
4
-19
62
168
69
6
81
70
-9
-58
-24
37
48
-18
-9
80
75
-6
-22
14
-18
-63
-51
45
74
0
-25
40
-3
-73
-2
49
64
6
-28
-16
-11
-64
-7
97
83
-37
1
-13
-130
-107
-119
-19
52
34
-14
75
89
-46
-59
109
207
109
-62
-89
-42
-143
-197
-186
-98
-35
4
13
27
-23
-88
-117
-74
-20
-18
8
118
164
90
95
132
88
-13
-42
-11
-28
-71
-24
98
142
73
61
29
-25
-95
-68
42
67
16
5
80
155
109
33
81
151
54
26
80
59
35
32
69
149
74
6
20
28
-42
-18
81
87
42
-21
2
33
71
-46
-51
8
-36
-123
-175
-104
-75
-109
-120
-82
-93
-195
-220
-153
-82
-83
-108
-78
-55
-135
-245
-256
-276
-341
-456
-408
-379
-414
-429
-367
-263
-223
-103
7
13
30
11
64
176
267
386
657
1068
1289
1431
1561
1614
1433
1133
805
500
151
-210
-312
-320
-315
-374
-297
-247
-295
-378
-455
-421
-426
-460
-468
-304
-221
-202
-223
-225
-359
-598
-827
-980
-1040
-1188
-1151
-980
-858
-772
-851
-1014
-1321
-1663
-1817
-1782
-1670
-1556
-1269
-798
-207
761
2157
3741
4943
5902
6278
6084
5243
3709
2142
958
-20
-779
-1008
-1117
-1333
-1550
-1658
-1675
-1585
-1745
-1854
-1516
-1007
-613
-109
903
1651
2169
2454
2359
1832
606
-496
-1484
-2046
-2458
-2708
-2196
-1683
-1311
-880
-573
-685
-1209
-1805
-2404
-2693
-2852
-3059
-2831
-2451
-2170
-1811
-1214
-496
120
792
1178
1458
1617
1565
2286
3733
5116
6071
6727
7036
6150
4439
2197
-255
-2111
-3527
-4200
-4016
-3164
-2744
-2392
-1278
-361
282
633
664
846
1112
997
780
1055
1202
1081
1264
1020
96
-921
-2014
-3157
-3839
-4224
-4516
-4001
-3079
-2276
-1350
-456
-184
-311
-318
-446
-830
-1115
-1532
-1571
-1287
-1187
-922
-366
92
289
1796
4196
5964
7123
7670
7769
6869
5075
2395
-120
-1626
-3127
-4123
-3996
-3566
-3619
-3381
-2279
-1211
-416
64
350
1001
1353
1135
1144
1522
1216
741
872
815
-25
-1074
-1966
-2534
-2746
-3187
-3259
-2458
-1683
-1315
-597
12
-319
-1071
-1676
-2073
-2401
-2839
-2924
-2240
-1437
-1087
-446
621
1283
2001
3837
6020
7386
7818
7796
7389
6151
3840
1122
-816
-2161
-3530
-4120
-3555
-3046
-3024
-2559
-1629
-844
-519
-459
-94
744
1237
1013
1144
1475
1212
777
633
237
-623
-1463
-2064
-2415
-2791
-3277
-3380
-2671
-2056
-1773
-1188
-849
-1252
-1733
-1805
-1811
-1902
-1923
-1709
-958
-301
-54
336
784
814
1366
3375
5533
6771
7405
7681
7182
5610
3168
601
-1455
-3112
-4289
-4329
-3492
-3049
-2958
-2246
-993
-186
90
352
961
1571
1644
1387
1357
1043
223
-293
-583
-1230
-2200
-2959
-3161
-2971
-2807
-2723
-2179
-1302
-808
-550
-174
-51
-777
-1533
-1812
-1882
-2175
-2378
-1972
-1319
-878
-567
1
525
603
1607
3985
6467
7905
8313
8278
7353
5410
2285
-972
-3014
-4500
-5265
-4829
-3359
-2383
-1867
-761
207
849
865
626
783
1363
1539
1021
870
601
-241
-852
-1453
-2238
-3062
-3466
-3461
-2912
-2180
-2007
-1408
-474
121
242
233
-153
-1123
-1711
-2016
-2080
-2049
-2117
-1763
-1076
-635
-638
-370
-15
464
2680
5641
8005
9062
9049
8184
6224
3548
-169
-3151
-4677
-5698
-5527
-4288
-2708
-1936
-929
574
1441
1937
1440
905
1050
1311
1171
787
749
14
-707
-1024
-1880
-2838
-3631
-3732
-3113
-2249
-1723
-1523
-799
-384
-141
364
310
-214
-932
-1127
-1220
-1446
-1794
-2066
-1681
-1251
-1128
-908
-525
-333
454
3046
6213
8266
9098
8910
7830
5428
2004
-1744
-4228
-5566
-6168
-5261
-3257
-1668
-1038
-119
1001
1527
1524
1207
1255
1674
1589
1018
610
156
-1144
-2162
-2513
-2990
-3564
-3753
-3239
-2235
-1414
-1190
-933
-387
-354
-522
-313
-328
-863
-1384
-1532
-1550
-1651
-2089
-2125
-1749
-1505
-1287
-883
-256
15
1413
4419
7454
9543
9748
9131
7437
4400
462
-3496
-5430
-6466
-6136
-4389
-2216
-533
-7
798
1506
1923
1717
1069
1389
1697
1560
998
228
-576
-1867
-2415
-2672
-2910
-3091
-3004
-1964
-876
-225
-370
-787
-903
-1350
-1403
-1297
-1320
-1405
-1563
-1205
-1091
-1296
-1758
-2019
-1732
-1487
-1138
-615
-421
679
3543
7070
9382
9999
9281
7375
4359
373
-3763
-5993
-6701
-6275
-4306
-1460
635
1076
1547
2099
2275
1824
851
553
917
1100
824
388
-396
-2035
-2932
-2882
-2946
-3125
-2909
-1753
-212
749
524
-154
-784
-1735
-2173
-1829
-1560
-1635
-1667
-1142
-807
-947
-1611
-2214
-2307
-2167
-1748
-997
-488
-31
2277
5965
8887
9923
9252
7677
4875
956
-3344
-6223
-6970
-6775
-4932
-1944
925
1876
1757
2160
2394
2101
1116
591
975
1181
882
316
-462
-1842
-3341
-3263
-2659
-2308
-2281
-1587
32
948
832
-75
-855
-1592
-2284
-1876
-981
-404
-501
-510
-134
-434
-1472
-2744
-3203
-3093
-2803
-2061
-848
-177
804
3644
7322
9652
9849
8634
6528
3338
-735
-4730
-6596
-6629
-5749
-3333
-224
2014
1941
1547
1777
2031
1806
1061
1008
1368
1351
625
-366
-1299
-2862
-4035
-3567
-2489
-1652
-1325
-324
997
1410
662
-612
-1417
-2180
-2389
-1425
-183
444
168
-108
-342
-1060
-2176
-3189
-3308
-2924
-2285
-1357
-204
75
1098
4155
7656
9636
9602
8157
5778
2376
-1747
-5375
-6630
-6405
-5393
-2834
148
1860
1363
1027
1464
2027
1949
1348
1288
1392
894
-295
-1461
-2472
-3647
-4009
-2823
-1345
-428
-189
420
988
757
-473
-1856
-2573
-2851
-2304
-844
591
1004
466
-19
-483
-1418
-2485
-3038
-2687
-2139
-1449
-602
281
304
1218
4217
7377
8932
8487
6914
4639
1354
-2377
-5274
-5729
-5176
-3992
-1374
1170
2316
1362
1001
1515
1978
1647
829
862
728
-143
-1456
-2493
-3076
-3792
-3438
-1732
-183
682
591
950
1127
264
-1325
-2605
-2951
-2968
-2152
-597
569
768
-55
-531
-995
-1859
-2665
-2942
-2255
-1663
-856
-3
385
-42
1162
4682
7858
9113
8622
7153
4984
1199
-2984
-5658
-5874
-5427
-4117
-939
1715
2522
1324
990
1874
2285
1636
890
783
315
-1084
-2447
-3323
-3740
-4023
-2971
-430
1272
1654
1013
883
523
-767
-2267
-3176
-3144
-2696
-1439
530
1589
1317
104
-530
-1104
-2076
-2740
-2863
-2207
-1514
-621
221
586
121
1387
4798
8066
9261
8334
6278
3743
122
-3655
-5856
-5508
-4470
-2453
626
2683
2960
1222
357
750
1429
1179
624
455
14
-1121
-2521
-3614
-4105
-4096
-2883
-516
1361
1808
1125
721
118
-1010
-2519
-3407
-3308
-2479
-952
838
1628
1023
-485
-1358
-1947
-2501
-2872
-2758
-1926
-924
-111
396
466
123
1875
5395
8386
9325
8167
5994
3199
-460
-3965
-5865
-5355
-4313
-2104
774
2598
2626
851
416
922
1552
1071
306
167
-309
-1321
-2598
-3650
-3971
-3745
-2357
-149
1498
1735
937
538
-221
-1408
-2859
-3723
-3378
-2196
-292
1534
2091
1168
-476
-1434
-2216
-2763
-3085
-2638
-1607
-691
211
583
387
452
2734
6226
8858
9353
7656
5177
2114
-1658
-4693
-5829
-4923
-3456
-782
1763
2950
2423
666
530
1188
1738
1368
980
527
-410
-1831
-3211
-3961
-3972
-3285
-1475
731
1781
1340
266
-478
-1358
-2424
-3249
-3269
-2375
-963
723
2121
2003
594
-1046
-1804
-2421
-2971
-3140
-2648
-1690
-745
116
604
544
1385
4134
7214
9074
8729
6685
4019
617
-3051
-5324
-5480
-4514
-2758
87
2174
2855
1667
201
393
1196
1445
1036
912
257
-738
-1955
-3254
-3955
-3865
-3005
-981
882
1248
563
-257
-911
-1595
-2409
-2903
-2663
-1621
-146
1434
2245
1363
-251
-1568
-2133
-2617
-2891
-2887
-2285
-1327
-437
238
612
361
1340
4358
7536
9343
8793
6448
3624
291
-3298
-5477
-5453
-4352
-2329
495
2202
2519
1025
-317
-24
1165
1695
1473
1275
324
-1005
-2511
-3974
-4585
-4231
-2765
-290
1607
1897
685
-465
-1378
-2102
-2676
-2805
-2256
-969
527
1800
2060
949
-730
-1641
-1833
-2027
-2070
-2070
-1644
-1066
-334
96
590
475
1563
4762
7925
9497
8670
6153
3165
-113
-3376
-5301
-4802
-3540
-1693
861
2133
2056
304
-1046
-684
972
1723
1611
1493
398
-1110
-2806
-4171
-4580
-3899
-2150
194
1882
1695
109
-1031
-1882
-2489
-2849
-2605
-1754
-587
711
1622
1600
317
-1360
-1895
-1791
-1732
-1752
-1629
-1153
-774
-258
122
387
38
1424
4796
7978
9459
8130
5718
2927
-600
-4049
-5677
-4799
-3411
-1144
1415
2641
2271
-91
-1306
-546
931
1550
1768
1882
734
-1060
-3164
-4709
-5239
-4604
-2569
140
1956
1625
296
-722
-1608
-2405
-2910
-2719
-1985
-693
544
1528
1427
-65
-1546
-1837
-1681
-1613
-1792
-1523
-1070
-637
-116
374
749
265
1998
5434
8263
9187
7281
4819
2124
-1020
-3923
-4962
-3639
-2454
-140
1809
2385
1487
-1081
-1588
-549
1297
1897
2098
1979
291
-1515
-3706
-5079
-5147
-4063
-1468
1155
2509
1711
250
-834
-2081
-2796
-3193
-2652
-1668
-424
849
1460
951
-760
-2007
-2066
-1953
-1810
-1817
-1359
-832
-356
17
252
314
1151
4522
7767
9529
8948
6156
3159
-365
-3619
-5122
-4056
-2128
-363
1941
2417
1496
-825
-2629
-1508
567
2415
3033
3300
2030
-423
-2862
-5181
-5784
-4959
-2766
402
2339
2377
642
-792
-2110
-3087
-3363
-3123
-1877
-449
932
1692
1339
-231
-2084
-2566
-2274
-1934
-1611
-1350
-743
-515
-308
-202
42
47
2169
5864
8666
9625
7742
4799
1492
-2023
-4998
-5322
-3426
-1551
879
2398
2233
572
-2312
-2849
-1224
1494
2867
3720
3669
1495
-1288
-4526
-6280
-6218
-4462
-1367
1783
3341
2105
-93
-1907
-3379
-3671
-3515
-2248
-648
840
1757
1621
624
-1428
-2682
-2504
-1951
-1279
-1068
-854
-668
-481
-96
67
160
347
3253
6810
9164
9083
6624
3631
305
-2820
-4849
-4110
-2104
-231
1906
2505
1351
-1354
-3826
-3202
-446
2745
4308
5009
3743
751
-2596
-5589
-6674
-5905
-3442
70
2812
3445
1559
-856
-2816
-4003
-3740
-2783
-1101
353
1563
2030
1339
-531
-2885
-3649
-2892
-1765
-578
-5
131
-296
-507
-545
-442
-509
475
4240
7806
9828
8803
5718
2331
-1083
-3617
-4403
-2870
-1161
437
1924
1455
-158
-2999
-4265
-2300
1155
4400
5590
5331
2653
-763
-3918
-6260
-6534
-5096
-1945
1332
3079
2183
-454
-2448
-3627
-3275
-2036
-640
548
950
1035
288
-832
-2430
-3448
-2806
-1584
-525
-156
-405
-837
-1106
-734
-125
669
663
1979
5203
7731
8557
6694
3978
1329
-1157
-3146
-3416
-1835
-402
932
1552
580
-1349
-3935
-4261
-1802
1923
4661
5477
4799
2070
-1285
-4444
-6314
-6007
-4013
-1014
1718
2633
1201
-1261
-3009
-3522
-2696
-1217
292
1364
1711
1158
-56
-1612
-3162
-3725
-2785
-1212
4
637
388
-118
-593
-624
-266
507
602
2150
5509
7663
8223
6155
3474
1007
-1296
-2802
-2725
-811
214
905
919
-504
-2453
-4625
-4143
-1108
2783
5315
5834
4651
1119
-2509
-5343
-6423
-5505
-3319
-82
2340
2545
418
-2314
-3599
-3600
-2233
-178
1651
2402
1809
618
-971
-2488
-3751
-3824
-2093
-323
674
891
205
-460
-948
-485
216
898
796
2193
5462
7519
8192
6247
3833
1247
-1144
-2592
-2570
-980
-150
715
819
-789
-3068
-5209
-4317
-939
3200
5897
6178
4456
547
-3123
-5583
-6295
-5214
-2762
282
2017
1560
-785
-3038
-3782
-3121
-1250
855
2131
1831
766
-539
-1791
-2869
-3662
-3203
-1524
-180
417
367
-215
-806
-918
-176
499
1027
609
1673
4792
6825
7600
6126
4148
2080
-82
-1716
-2112
-922
-381
230
217
-1250
-3191
-4909
-3986
-717
3027
5177
5464
4061
876
-2393
-4843
-5422
-4318
-2162
133
1354
799
-986
-2533
-2805
-2041
-765
740
1566
1317
260
-849
-1589
-2354
-2929
-2681
-1448
-363
197
400
326
134
-34
104
359
366
-138
730
3989
6486
7631
6447
4434
2578
539
-1026
-1404
-303
183
383
-19
-1631
-3633
-5135
-4167
-861
2792
4983
5040
3684
483
-2569
-4486
-4738
-3330
-1251
834
1608
569
-1741
-3403
-3395
-2273
-531
1180
1908
1252
-283
-1606
-2334
-2672
-2751
-1946
-448
371
224
-276
-577
-616
-291
484
1131
1038
39
-707
1560
4284
6365
6720
5672
4448
2439
622
-981
-761
-571
-480
-289
-1329
-3287
-5116
-5036
-2285
1486
4079
4698
3895
1360
-1456
-3452
-4001
-3137
-1159
617
1215
324
-1968
-3492
-3373
-1960
-274
1148
1483
744
-604
-1870
-2420
-2375
-1964
-1115
-15
593
32
-708
-975
-465
425
753
1087
568
-211
-1358
-411
2786
5413
7047
6318
5472
3529
1222
-859
-1238
-226
221
251
-712
-2510
-4491
-5345
-3605
-286
2786
4136
3967
2042
-800
-3109
-3843
-2833
-897
1292
1994
1231
-1000
-2956
-3279
-2195
-703
474
1019
485
-666
-2086
-2880
-2601
-1846
-504
722
1426
866
-399
-990
-853
187
749
921
713
-235
-1341
-1703
1060
4094
6547
6997
6173
5022
2664
359
-1025
-183
350
287
-405
-2080
-3926
-5321
-4648
-1836
1450
3379
3479
2214
-458
-2602
-3509
-2546
-498
1617
2638
1808
-168
-2579
-3423
-2583
-967
324
522
-90
-1455
-2729
-3496
-2980
-1489
210
1623
1903
1142
-540
-1539
-1341
-242
1156
1292
907
-678
-1950
-2647
-757
2831
5669
7451
6696
5510
3160
864
-949
-679
408
847
381
-1401
-3315
-4912
-5013
-3042
-100
2270
2829
1989
-247
-2419
-3526
-2734
-397
1659
2854
2210
588
-1652
-2758
-2341
-1173
62
138
-455
-1852
-3416
-4140
-3593
-1474
694
2320
2474
1370
-308
-1545
-1286
-261
1127
1555
965
-363
-2023
-2958
-2637
760
4426
7230
7658
6242
4139
1676
39
-558
971
1685
1224
-238
-2330
-3975
-4994
-4043
-1495
1276
2368
1504
-418
-2684
-3486
-2694
-123
2289
3426
2886
1354
-627
-2197
-1986
-862
327
334
-660
-2253
-3995
-4806
-4101
-1582
1247
2876
2822
1456
-287
-1728
-1458
-111
1269
1863
1057
-517
-2122
-2981
-3209
-1068
3073
6579
8115
6804
4400
1961
314
-544
96
1524
1637
681
-1071
-2769
-4097
-4375
-2797
-342
1272
897
-783
-2676
-3610
-2786
-671
1706
2981
2784
1670
133
-1074
-1283
-411
650
456
-632
-2708
-4597
-5285
-4395
-1820
986
2826
2445
834
-923
-2027
-1708
-72
1661
2145
1329
-586
-2368
-3067
-2447
-984
1940
5276
7091
6916
4818
2550
1172
935
702
1151
1556
1100
19
-1302
-2107
-2687
-2687
-2026
-775
-316
-1134
-2281
-2905
-2302
-1085
364
1485
1929
1664
1275
1097
545
225
-19
-337
-1225
-2665
-3894
-4296
-3594
-2199
-334
1264
1578
505
-689
-1133
-922
-249
772
1156
726
-513
-1916
-2345
-1950
-677
478
2780
5307
6519
6003
3828
2015
920
896
559
878
1553
1480
1037
-52
-1138
-2358
-2892
-2403
-1411
-711
-1232
-1904
-2355
-1991
-1132
98
1589
2384
2732
2510
1912
528
-571
-915
-987
-1534
-2528
-3283
-3347
-2488
-1376
-38
999
1025
161
-806
-1123
-1147
-819
-166
157
-152
-966
-1790
-1934
-992
360
1738
3150
5160
6120
5305
3088
713
-89
38
529
1088
2362
2611
1476
10
-1433
-2500
-3174
-2539
-1302
-569
-1117
-2351
-2922
-2604
-1590
75
2186
3364
3121
2078
783
-437
-1162
-971
-611
-820
-1619
-2549
-2781
-2144
-870
235
1102
1139
4
-1161
-1800
-1911
-1439
-814
-536
-778
-1303
-1832
-1636
-190
1630
2647
2825
3584
4150
3877
2438
648
364
1007
1605
1713
2350
2508
1619
463
-746
-1952
-2908
-2952
-2120
-1085
-980
-1804
-2356
-2266
-1443
95
1932
3136
2712
1627
416
-829
-1400
-1302
-571
-203
-423
-1050
-1475
-1015
-552
85
717
899
76
-1256
-2144
-2722
-2549
-2047
-1395
-902
-892
-836
-383
842
2106
2682
2177
2028
2522
2740
2509
1435
932
1408
2183
2139
2283
2485
1960
1185
-59
-1463
-2665
-3175
-2806
-1795
-923
-1270
-1794
-1856
-1145
76
1534
2431
2023
1011
-166
-934
-1155
-881
-196
531
709
360
-299
-486
-296
227
837
898
-49
-1743
-3113
-3813
-3670
-2796
-1741
-811
-258
66
397
953
1438
1574
1334
522
720
1429
2266
2481
2067
2072
2307
2480
1978
2254
2293
1736
630
-1092
-2477
-3258
-3095
-2013
-703
-317
-1013
-1392
-1302
-732
-34
523
797
296
-522
-1108
-1228
-886
0
1029
1602
1493
1104
580
533
315
373
310
-463
-1804
-3297
-3821
-3722
-3046
-2122
-980
-3
315
392
465
540
481
263
80
-488
203
1572
3026
3644
2860
2462
2296
2582
2268
2433
2537
1555
-19
-2000
-2735
-2616
-1834
-719
-49
189
-807
-1479
-1704
-1412
-813
-487
-94
-508
-1074
-1440
-930
313
1645
2684
2641
2297
1538
983
848
509
-120
-1069
-1915
-2847
-3491
-3466
-2863
-1864
-870
40
231
-57
-435
-584
-224
-78
-238
-573
-1030
-413
1596
3699
4687
3779
2842
2524
2549
2238
2098
2051
1360
357
-746
-1236
-1207
-975
-173
476
333
-977
-2484
-3102
-3055
-2363
-1584
-1008
-1087
-1281
-803
220
1457
2330
2794
2967
2490
1690
802
145
-545
-1294
-1604
-1846
-2227
-2598
-2358
-1638
-1072
-689
-665
-872
-1324
-1703
-1531
-1123
-1075
-1356
-1201
-935
-185
1813
3511
4387
3587
2607
2214
2160
2025
1800
2570
2658
2052
1026
379
257
53
225
124
-593
-1975
-3548
-3922
-3724
-3143
-2427
-1571
-865
-587
-60
770
1631
2142
2587
2784
2124
1021
-54
-500
-618
-696
-753
-613
-538
-845
-905
-716
-783
-1154
-1412
-1641
-2008
-2398
-2452
-2048
-1645
-1340
-1085
-676
-472
633
2246
3437
3507
2183
1642
1812
2614
3109
3838
4421
3802
2800
1679
1095
510
-168
-649
-1350
-2061
-3425
-4204
-4077
-3346
-2121
-1082
-267
-201
-185
133
612
1201
1390
1175
660
116
-193
-97
428
588
742
857
1006
821
73
-638
-1213
-1521
-1789
-2040
-2288
-2465
-2409
-2254
-1748
-1562
-1702
-1784
-1384
-966
320
1597
2261
2208
1612
2059
3000
4318
4669
4914
4965
3910
2518
1130
489
114
-321
-736
-1564
-2198
-3066
-3280
-2601
-1829
-1154
-1097
-898
-1002
-1168
-968
-796
-484
-519
-439
-317
151
742
1070
1696
1735
1527
1179
943
435
-376
-714
-1088
-1239
-1429
-1702
-1904
-2125
-2103
-2144
-2008
-2134
-2462
-2387
-2116
-1591
-352
1023
1982
2083
2261
2945
3813
4643
4618
4586
4063
3123
2074
1288
1081
652
318
-15
-416
-893
-1425
-1607
-1647
-1465
-1535
-1898
-2063
-2498
-2625
-2454
-2006
-1577
-1126
-369
219
1028
1366
1549
1671
1436
1116
722
852
669
220
-164
-493
-605
-946
-1068
-1369
-1661
-1940
-2281
-2317
-2621
-2949
-2957
-2474
-1898
-748
1103
2226
2706
2473
2422
2859
3264
3408
3533
3781
3341
2557
1988
1806
1724
1498
1465
1253
653
-294
-1276
-1666
-1895
-2183
-2526
-2690
-2800
-2861
-2351
-1606
-1126
-826
-537
-118
133
366
341
284
451
517
880
1192
1193
716
298
178
77
-61
-363
-940
-1516
-2099
-2497
-2536
-2328
-2292
-2293
-1774
-1190
-771
292
1185
1634
1546
1111
1230
1941
2815
2979
3351
3454
2947
2429
2334
2574
2561
2216
1565
652
-211
-1147
-1757
-1843
-1704
-1841
-2145
-2000
-1923
-1809
-1660
-1727
-1817
-1662
-1415
-1195
-826
-484
-275
103
540
830
882
955
775
583
735
642
212
-350
-904
-1420
-1644
-1631
-1564
-1385
-1110
-1100
-1193
-1321
-1434
-1513
-896
443
1261
1756
1425
1286
1734
2637
3148
3060
3250
2988
2821
2489
1941
1569
1141
842
479
356
184
-259
-469
-629
-737
-1076
-1450
-1736
-2068
-2226
-2373
-2328
-1975
-1527
-1145
-847
-541
-507
-450
-90
261
562
656
472
147
-109
-99
-149
-129
-186
-275
-391
-620
-902
-1077
-1067
-1140
-1357
-1490
-1394
-967
-562
79
1237
1951
1986
1438
1161
1390
1889
2181
2134
2325
2001
1499
1317
1360
1735
1937
2032
1886
1428
686
-119
-703
-1066
-1236
-1432
-1650
-1750
-1798
-1581
-1371
-1404
-1464
-1430
-1242
-1085
-858
-742
-620
-525
-435
-202
-57
34
-61
-96
188
172
-113
-460
-646
-790
-910
-827
-763
-576
-534
-338
-70
31
140
166
29
191
677
1007
934
391
220
575
1273
1650
1962
2316
2292
2149
1947
1900
1685
1121
720
469
329
33
-408
-627
-706
-610
-593
-655
-915
-1400
-1688
-1791
-1710
-1587
-1309
-935
-753
-719
-910
-967
-777
-399
-49
84
-195
-832
-1093
-810
-386
-18
137
68
-37
5
296
605
759
456
61
-252
-636
-984
-988
-814
-389
463
1101
1318
1060
868
1092
1607
1908
1834
1813
1626
1194
866
832
1136
1243
1391
1435
1128
626
35
-246
-306
-313
-444
-766
-887
-945
-926
-803
-868
-951
-1125
-1107
-1166
-1164
-1240
-1460
-1433
-1420
-1136
-836
-493
-329
-262
221
558
657
517
298
63
-248
-477
-683
-721
-711
-703
-381
-119
-176
-342
-254
-115
145
979
1369
1102
224
-228
119
867
1452
1452
1507
1264
907
895
1041
1150
943
827
892
810
717
431
402
448
452
411
203
-52
-530
-893
-1056
-1403
-1641
-1628
-1408
-1367
-1356
-1273
-1127
-676
-308
69
246
15
-535
-866
-680
-453
-401
-416
-545
-570
-421
-92
212
240
9
-405
-382
-64
120
9
-237
-424
-580
27
986
1377
1027
278
53
276
619
614
615
762
611
671
996
1385
1550
1523
1670
1707
1604
1193
791
596
238
-136
-385
-542
-730
-844
-791
-643
-616
-628
-554
-511
-623
-858
-1138
-1262
-1326
-1276
-988
-663
-693
-876
-900
-643
-283
-106
-77
-208
-351
-343
-92
197
346
274
246
275
343
370
299
-32
-333
-759
-768
-252
113
180
-200
-210
76
553
918
1143
1427
1460
1315
1188
1061
988
898
1055
1277
1313
1074
746
720
898
1087
1113
903
478
-74
-537
-708
-787
-878
-948
-978
-1074
-1262
-1408
-1495
-1484
-1494
-1488
-1347
-1202
-1071
-933
-648
-444
-350
-123
217
531
532
361
243
39
-203
-478
-545
-557
-633
-574
-443
-437
-653
-854
-960
-382
457
735
251
-510
-869
-604
99
554
791
916
925
999
1296
1721
2012
2113
2263
2249
2010
1581
1250
1215
1414
1618
1479
1059
438
-216
-478
-619
-894
-1205
-1474
-1504
-1451
-1412
-1437
-1437
-1354
-1129
-804
-447
-434
-685
-885
-764
-657
-548
-431
-377
-376
-334
-102
55
137
-29
-215
-365
-573
-758
-812
-866
-1066
-1347
-1397
-1445
-1134
-357
187
277
-138
-282
79
725
1157
1201
1323
1386
1500
1875
2401
2687
2553
2449
2459
2385
2072
1583
1311
1151
1049
861
649
301
-99
-285
-303
-473
-802
-1056
-1139
-1164
-1314
-1536
-1687
-1636
-1573
-1278
-887
-688
-769
-812
-529
-359
-453
-710
-861
-874
-856
-748
-546
-453
-660
-967
-1104
-1018
-864
-707
-616
-705
-1027
-1291
-1283
-1109
-914
-337
549
1106
1017
646
689
981
1332
1531
1729
1811
1697
1643
1985
2395
2427
2183
2134
2292
2186
1891
1565
1321
1010
730
566
431
44
-452
-630
-552
-559
-750
-1002
-1169
-1281
-1399
-1457
-1452
-1450
-1410
-1227
-1048
-1059
-1257
-1425
-1281
-1036
-969
-1066
-1256
-1353
-1360
-1204
-1032
-1010
-1105
-1169
-976
-651
-404
-195
-196
-359
-523
-477
-253
-50
-20
91
734
1350
1489
1126
899
1070
1404
1748
1893
1878
1696
1456
1468
1651
1886
1920
1916
2023
2078
1945
1624
1365
1139
948
798
588
382
25
-306
-429
-515
-725
-960
-1132
-1307
-1496
-1670
-1741
-1735
-1832
-1971
-1909
-1788
-1775
-1842
-1721
-1473
-1332
-1203
-1169
-1238
-1323
-1254
-1042
-691
-335
-211
-134
-51
122
368
590
648
646
678
672
557
432
347
210
407
1016
1409
1206
672
469
720
1130
1275
1262
1237
1108
1011
1218
1624
1826
1729
1694
1885
1959
1701
1261
955
734
587
493
323
-66
-636
-1011
-1061
-974
-1019
-1250
-1499
-1719
-1885
-2046
-2174
-2400
-2522
-2387
-2005
-1701
-1674
-1692
-1567
-1242
-796
-394
-265
-379
-439
-234
158
461
489
407
321
339
458
660
844
860
734
617
525
371
170
6
-92
-121
368
916
1060
572
47
48
331
732
900
892
772
592
680
1049
1452
1595
1554
1701
1866
1846
1535
1187
904
570
306
17
-242
-543
-866
-999
-1012
-1002
-1118
-1292
-1481
-1655
-1785
-1779
-1703
-1625
-1519
-1316
-1146
-1107
-1106
-974
-719
-501
-206
32
146
47
-92
-49
140
382
546
586
626
552
471
472
522
399
228
50
-47
-153
-289
-358
-415
-354
-265
189
605
710
357
58
68
255
423
532
638
736
781
861
1095
1391
1528
1577
1715
1729
1502
1006
655
663
746
782
642
342
-61
-436
-633
-755
-908
-1168
-1283
-1188
-1139
-1241
-1442
-1479
-1339
-1053
-804
-689
-730
-862
-865
-662
-548
-604
-741
-864
-770
-581
-340
-139
-20
-20
56
238
407
476
415
375
327
197
46
-55
-63
-113
-122
-125
-119
-166
-317
-145
232
501
260
-135
-252
-40
286
581
908
1135
1052
869
843
1046
1267
1316
1469
1609
1561
1316
1045
928
900
935
955
882
517
-60
-540
-747
-858
-943
-1136
-1426
-1716
-1962
-1982
-1715
-1374
-1209
-1092
-948
-902
-1041
-1059
-886
-643
-550
-503
-481
-456
-370
-167
151
390
435
300
241
209
215
305
431
508
511
431
350
288
185
142
59
-92
-383
-631
-839
-808
-445
19
337
224
69
57
285
648
1090
1574
1806
1700
1440
1224
1232
1274
1391
1652
1739
1497
1009
700
616
661
633
452
200
-242
-649
-882
-931
-870
-828
-799
-841
-949
-1133
-1266
-1256
-1177
-1080
-955
-836
-803
-839
-791
-608
-450
-300
-243
-219
-318
-407
-458
-449
-467
-578
-622
-643
-563
-469
-314
-137
-42
-42
-91
-36
46
100
112
10
-187
-371
-406
-377
-354
-372
-211
197
582
652
446
205
96
181
532
1036
1450
1572
1394
1274
1298
1465
1608
1725
1791
1663
1388
1070
880
709
616
588
639
621
446
163
-135
-399
-563
-600
-586
-592
-749
-1068
-1392
-1531
-1542
-1419
-1132
-884
-844
-960
-1103
-1195
-1168
-1075
-951
-835
-782
-822
-866
-814
-683
-540
-390
-262
-231
-308
-404
-443
-369
-211
1
198
298
338
278
256
274
368
413
327
148
-118
-217
0
445
844
951
857
643
587
743
1063
1465
1719
1735
1580
1393
1238
1102
1052
1257
1584
1751
1629
1334
906
551
392
403
543
513
264
-130
-545
-850
-1004
-990
-941
-933
-1106
-1414
-1705
-1975
-2104
-2040
-1790
-1549
-1423
-1374
-1368
-1321
-1195
-1006
-685
-453
-399
-412
-451
-416
-333
-186
-44
126
250
306
321
335
391
454
495
486
411
300
157
37
-29
-44
-38
10
77
84
0
-140
-104
203
603
830
845
751
632
645
780
1072
1388
1533
1520
1423
1279
1161
1014
958
1052
1164
1159
997
776
433
101
-98
-120
-40
-49
-225
-566
-967
-1344
-1509
-1423
-1306
-1194
-1208
-1271
-1296
-1240
-1128
-1018
-937
-885
-814
-714
-639
-649
-681
-722
-674
-525
-347
-246
-169
-157
-174
-219
-235
-159
-11
177
331
357
291
214
206
273
351
382
342
196
57
-17
-50
19
98
135
163
114
202
459
690
872
930
923
872
785
713
763
907
1004
1110
1194
1246
1203
1035
950
953
970
939
831
632
332
63
-195
-366
-409
-435
-497
-649
-797
-940
-1107
-1225
-1243
-1156
-1101
-1074
-980
-862
-778
-719
-565
-421
-332
-344
-375
-398
-408
-441
-454
-358
-241
-163
-82
-47
-113
-219
-253
-158
-6
97
89
-9
-143
-216
-211
-122
-15
1
-9
22
103
209
237
243
266
320
343
271
162
9
28
242
484
603
556
447
266
118
112
273
476
562
604
581
528
483
428
509
630
732
788
726
552
303
120
63
129
166
127
58
-84
-214
-298
-340
-368
-415
-426
-393
-379
-408
-507
-646
-713
-671
-562
-483
-441
-536
-669
-712
-639
-498
-433
-446
-511
-520
-472
-415
-322
-264
-248
-259
-235
-145
-67
-30
-82
-152
-170
-124
-54
55
221
289
259
235
248
240
230
148
52
-33
-97
-78
-30
153
330
442
497
562
629
657
692
754
858
970
1104
1208
1212
1114
1015
919
956
1075
1170
1087
844
557
244
74
-21
-25
-48
-161
-289
-456
-596
-714
-819
-943
-1017
-963
-847
-763
-768
-835
-939
-949
-819
-636
-481
-439
-495
-533
-562
-570
-547
-499
-495
-480
-439
-429
-438
-457
-425
-335
-246
-190
-111
-14
50
75
102
144
187
244
319
434
474
488
521
574
598
547
425
309
250
234
200
136
62
121
273
391
368
252
101
-56
-110
-97
19
76
26
-16
-4
47
133
229
364
507
597
589
499
404
254
157
101
97
93
17
-98
-206
-276
-339
-385
-358
-278
-196
-141
-108
-144
-247
-312
-358
-304
-277
-267
-236
-189
-100
-103
-143
-128
-36
55
124
138
71
-9
-18
49
122
144
101
31
-11
-55
-154
-233
-274
-311
-273
-255
-284
-323
-385
-415
-392
-378
-393
-457
-531
-564
-533
-522
-510
-523
-430
-234
-53
118
217
250
207
243
354
488
643
825
944
1061
1139
1176
1136
1091
1133
1226
1344
1343
1226
1008
774
649
628
648
616
486
346
187
44
-69
-184
-252
-263
-264
-287
-336
-402
-485
-562
-586
-585
-577
-568
-580
-629
-704
-813
-857
-865
-822
-778
-827
-902
-958
-999
-1006
-974
-957
-951
-928
-853
-770
-719
-684
-601
-526
-461
-388
-333
-321
-310
-232
-144
-73
-19
64
174
252
297
330
356
393
459
507
655
874
1012
1095
1098
1099
1020
979
991
1055
1165
1250
1301
1316
1310
1305
1234
1150
1161
1123
1073
939
728
480
263
107
-1
-50
-120
-229
-340
-444
-547
-615
-691
-766
-784
-747
-689
-642
-682
-803
-908
-976
-1023
-1030
-1013
-1002
-1004
-1017
-1039
-1046
-1046
-1032
-952
-834
-734
-698
-655
-678
-696
-673
-605
-512
-385
-212
-75
-4
67
124
232
400
532
629
644
615
609
609
657
743
816
817
734
659
605
579
530
511
501
527
625
673
687
602
524
511
525
582
648
695
674
576
518
554
649
654
623
591
501
445
367
341
279
135
-41
-186
-184
-149
-207
-351
-500
-639
-785
-851
-831
-811
-837
-911
-958
-1011
-1065
-1087
-1101
-1060
-972
-916
-898
-864
-813
-794
-757
-664
-590
-495
-347
-222
-117
-64
-71
-21
91
196
269
332
377
423
427
391
366
364
370
375
414
396
283
186
160
216
248
278
272
242
222
214
253
272
269
249
231
312
439
548
601
611
628
671
674
630
576
561
544
561
597
608
557
402
274
209
182
138
92
9
-119
-235
-306
-357
-424
-497
-590
-630
-599
-549
-538
-563
-605
-648
-687
-688
-632
-548
-478
-411
-366
-382
-411
-406
-353
-261
-180
-203
-223
-228
-199
-184
-183
-205
-233
-222
-160
-44
15
40
-5
-40
0
53
83
114
140
165
220
278
324
328
294
248
262
339
391
399
347
308
245
217
271
308
314
328
342
386
455
491
481
407
364
358
341
338
325
312
305
305
328
284
259
189
118
98
60
4
-76
-128
-172
-250
-317
-377
-372
-340
-322
-301
-292
-343
-408
-418
-382
-325
-259
-226
-206
-202
-214
-186
-236
-260
-233
-241
-293
-308
-326
-373
-359
-353
-276
-226
-246
-269
-291
-284
-281
-238
-181
-160
-138
-118
-74
-33
-44
-3
21
70
84
46
12
-20
-63
-71
-10
19
6
-1
-25
-15
24
86
157
144
126
107
64
81
97
143
203
264
331
346
358
373
365
374
435
495
563
553
504
496
468
427
469
503
522
539
501
441
352
254
193
176
173
140
84
76
83
44
7
4
-29
-81
-101
-114
-120
-162
-211
-214
-275
-316
-334
-339
-358
-403
-413
-417
-455
-519
-549
-565
-553
-570
-610
-637
-662
-659
-606
-580
-537
-514
-526
-497
-453
-413
-395
-379
-325
-284
-240
-184
-125
-81
-16
45
56
72
71
87
120
195
287
365
474
505
502
506
524
569
660
715
744
704
674
703
740
766
750
765
753
779
791
809
824
794
755
728
695
637
558
494
445
393
314
205
149
103
35
-71
-168
-273
-386
-478
-535
-559
-668
-821
-929
-950
-947
-978
-1033
-1081
-1148
-1225
-1255
-1242
-1259
-1335
-1344
-1290
-1218
-1144
-1087
-1023
-938
-852
-739
-631
-510
-424
-360
-253
-115
9
130
232
349
487
612
734
859
957
1017
994
996
1033
1068
1109
1096
1099
1049
992
1014
993
985
953
923
844
769
715
635
564
502
485
440
424
384
358
287
178
93
30
25
18
15
-28
-92
-161
-194
-236
-282
-317
-361
-411
-445
-456
-522
-604
-670
-725
-741
-734
-733
-732
-717
-695
-702
-660
-605
-544
-508
-489
-462
-480
-488
-434
-345
-261
-203
-151
-87
-59
-34
40
123
180
184
194
247
295
298
309
301
247
169
187
233
234
209
152
97
48
39
27
19
16
9
27
51
79
105
121
108
89
49
59
36
39
118
148
115
93
83
54
88
134
156
159
183
165
158
190
211
202
221
227
191
166
139
129
159
212
233
239
259
252
251
282
303
315
308
326
312
289
246
175
110
42
-23
-78
-99
-137
-191
-280
-338
-370
-425
-474
-546
-595
-631
-680
-707
-695
-683
-692
-711
-662
-610
-591
-555
-454
-380
-347
-312
-276
-253
-240
-148
-93
-63
11
31
38
107
164
199
187
188
199
240
254
297
363
408
426
419
434
439
465
472
513
492
448
443
471
507
534
579
612
589
532
513
491
468
423
398
411
384
286
178
103
46
-10
4
25
24
-40
-139
-214
-272
-304
-314
-331
-349
-365
-406
-465
-470
-484
-505
-525
-531
-480
-508
-554
-576
-556
-572
-579
-555
-543
-560
-541
-475
-425
-342
-289
-262
-231
-225
-225
-206
-186
-163
-111
-75
-44
23
96
119
148
155
98
133
220
288
358
419
352
269
250
210
254
358
471
591
623
515
350
196
115
143
296
520
625
662
567
341
157
102
138
196
292
316
212
82
-28
-74
-20
65
99
53
29
-1
-68
-75
-25
-35
-65
-65
-101
-102
-83
-88
-59
2
25
-14
-26
-98
-171
-186
-173
-157
-144
-96
-104
-150
-177
-217
-217
-193
-187
-223
-242
-263
-326
-304
-213
-206
-221
-190
-202
-205
-163
-143
-137
-120
-87
-98
-61
-13
-4
-22
-41
-51
-64
-45
-24
10
30
31
10
9
22
20
78
122
114
90
70
78
127
128
119
166
195
206
180
175
196
222
219
226
235
206
223
231
200
191
187
179
140
124
113
75
70
75
45
72
59
14
2
-4
-13
-46
-47
-73
-53
-67
-81
-143
-173
-213
-244
-218
-211
-161
-134
-199
-263
-296
-348
-350
-362
-342
-302
-296
-296
-281
-271
-139
-40
-117
-214
-220
-301
-346
-258
-198
-168
-63
120
221
240
241
180
97
106
69
102
119
140
159
175
220
255
305
266
261
257
249
251
231
189
192
196
251
340
384
401
405
470
468
427
326
250
223
182
206
253
258
221
247
246
167
142
79
24
-10
-64
-89
-156
-186
-197
-199
-177
-201
-242
-249
-262
-296
-331
-306
-356
-415
-391
-370
-350
-344
-269
-254
-285
-297
-327
-319
-294
-327
-354
-334
-299
-339
-368
-343
-329
-317
-319
-286
-213
-167
-114
-75
-31
-6
-8
9
47
112
134
177
181
175
199
179
195
239
238
256
328
353
281
258
273
254
261
305
287
286
304
325
337
354
373
347
403
394
352
363
316
268
248
199
149
149
164
92
102
109
32
6
-63
-96
-138
-191
-183
-193
-209
-251
-293
-310
-347
-357
-327
-274
-214
-185
-151
-176
-188
-239
-280
-289
-254
-219
-225
-235
-279
-325
-340
-343
-315
-267
-260
-252
-244
-227
-269
-310
-303
-271
-182
-159
-138
-85
-96
-108
-139
-38
49
110
184
248
280
266
265
275
358
400
426
473
512
513
505
518
558
571
559
585
565
536
506
504
493
464
455
434
409
391
348
276
207
214
195
175
202
137
81
-30
-66
-82
-139
-193
-173
-159
-196
-269
-349
-400
-420
-401
-424
-413
-447
-531
-568
-570
-610
-623
-628
-634
-606
-586
-585
-602
-557
-506
-468
-432
-446
-428
-442
-473
-448
-441
-360
-321
-220
-178
-120
-110
-58
-22
65
329
331
247
182
179
10
-57
50
212
387
419
391
347
314
195
149
244
406
505
580
636
581
435
348
381
429
462
510
573
650
585
476
465
483
402
318
322
253
239
178
205
266
198
122
30
74
-24
-172
-157
-91
-139
-190
-169
-184
-199
-247
-329
-353
-282
-298
-368
-349
-385
-457
-500
-537
-521
-430
-334
-325
-306
-346
-448
-440
-344
-318
-268
-161
-107
-194
-209
-137
-54
-56
-61
64
31
21
-44
-80
-56
23
88
54
154
214
180
218
239
192
195
180
181
191
264
315
375
375
310
312
336
368
268
319
277
291
273
209
214
234
270
199
243
265
142
113
73
70
122
29
-48
-30
-39
-135
-214
-127
-70
-154
-194
-159
-158
-196
-266
-301
-247
-349
-379
-327
-285
-349
-315
-203
-281
-267
-283
-291
-280
-284
-332
-348
-289
-295
-328
-305
-260
-216
-277
-324
-216
-200
-159
-142
-97
-90
-105
-97
-117
-4
33
27
60
191
284
198
297
339
282
202
198
368
380
363
451
541
431
345
370
420
431
438
442
432
399
304
285
306
353
294
263
352
413
266
132
190
211
119
52
58
30
-65
-191
-165
-136
-102
-118
-110
-93
-174
-221
-292
-249
-273
-362
-377
-365
-366
-377
-345
-302
-272
-303
-270
-224
-261
-299
-290
-236
-256
-220
-192
-234
-177
-125
-144
-159
-101
-42
-75
-49
45
54
95
88
45
87
124
63
103
203
128
17
87
171
95
140
139
119
124
93
113
144
228
225
188
149
103
82
83
96
100
106
104
94
76
25
87
138
170
139
148
127
-4
-12
73
97
57
32
40
3
2
0
-46
55
70
8
6
72
2
-134
-119
-120
-96
-87
-202
-223
-197
-134
-181
-227
-171
-224
-266
-303
-350
-368
-288
-292
-315
-225
-180
-238
-248
-246
-212
-168
-131
-90
-81
-88
-83
-55
-35
-45
-15
116
112
109
170
194
115
89
126
166
205
224
214
273
326
203
219
279
289
197
140
209
263
262
193
190
224
267
265
227
282
320
255
234
251
213
191
122
109
116
88
87
99
108
44
61
39
-55
-77
-36
-6
-43
-39
-103
-181
-145
-131
-206
-246
-166
-244
-347
-355
-338
-346
-303
-307
-272
-147
-217
-234
-169
-177
-287
-203
-129
-174
-179
-172
-125
-108
-136
-177
-51
58
-33
-67
-31
25
73
153
126
78
110
43
68
127
128
175
189
215
207
194
186
96
169
211
204
209
243
253
142
80
83
45
-28
-31
12
42
74
82
19
-77
-125
-132
-222
-195
-178
-116
-88
-120
-189
-249
-199
-249
-265
-161
-33
-1
-59
-112
-138
-128
-104
-140
-97
9
74
-72
-52
-6
-62
-94
-55
56
29
62
65
78
85
13
50
165
163
69
34
85
117
100
58
87
108
54
12
41
52
31
9
98
130
113
43
-41
69
76
60
47
77
48
-4
-2
13
73
101
98
94
98
47
53
30
-3
-16
-30
-29
-59
-85
-70
29
57
75
113
125
80
0
-17
23
105
92
6
25
13
-14
7
-17
73
159
120
33
131
64
-16
35
-7
7
-27
-39
-110
-134
-83
-94
-52
37
64
17
-17
-78
-215
-252
-205
-187
-109
7
-6
-27
-64
-156
-218
-220
-190
-209
-98
-44
-73
-110
-141
-126
-125
-151
-153
-46
87
47
93
206
140
42
2
20
30
73
157
229
255
178
67
4
-11
23
45
147
209
176
83
-26
-45
-83
-118
-128
-61
15
28
65
59
-7
-45
-63
-45
-56
-107
-99
-37
14
-27
-40
-19
-66
-159
-173
-130
-139
-104
-77
-72
-54
-36
-57
-30
-1
-4
67
180
152
84
74
31
-9
10
54
83
115
51
52
84
100
76
129
154
33
30
68
43
-1
27
102
104
44
1
-2
-8
-76
-131
-77
5
-42
-57
30
12
-9
0
10
22
177
161
52
38
-5
-97
-112
-67
-109
-29
43
-53
-99
-128
-158
-100
-63
-56
31
125
91
47
-26
-71
-6
77
140
227
312
248
122
79
39
-28
-22
38
109
161
128
9
-61
-30
-87
-160
-122
-49
-57
-67
-9
34
32
9
18
42
8
-24
-12
31
48
45
76
71
20
-117
-210
-192
-193
-184
-117
3
19
-29
-99
-149
-182
-200
-95
-8
68
97
57
38
-2
-51
-83
-52
41
62
44
49
-19
-100
-143
-198
-247
-205
-125
-78
-29
-71
-147
-154
-113
-127
-78
-16
12
3
21
25
39
92
96
126
133
94
26
24
8
-1
47
123
184
206
212
133
73
65
10
25
66
50
48
52
56
31
27
45
76
186
228
197
209
200
108
12
-19
-40
-97
-118
-88
-23
42
64
23
19
-7
-113
-164
-154
-124
-90
-8
99
152
170
94
-53
-110
-100
-127
-99
-7
20
0
-21
-45
-34
-27
-48
-63
-23
-32
-70
-30
1
-14
-15
-9
26
118
210
244
188
123
62
-5
-58
-61
-45
15
43
30
-9
-59
-11
-3
-40
-44
-34
-51
-80
-95
-64
5
-4
56
162
164
151
77
-21
-92
-161
-167
-110
-24
-10
-30
17
10
-29
-48
-55
-112
-140
-104
-75
-63
-64
-29
-16
-62
-144
-201
-187
-140
-99
-18
76
79
20
-53
-91
-103
-66
-29
46
133
103
16
-55
-56
-45
-83
-59
4
48
30
18
40
28
25
58
83
96
52
-16
-38
-21
33
190
341
316
253
167
17
-121
-156
-135
-72
60
112
85
122
153
169
148
109
46
6
42
12
-19
-31
-7
36
22
-39
-83
-106
-110
-106
-42
80
132
103
60
7
-88
-164
-158
-106
-26
20
58
133
129
-7
-89
-70
-62
-62
-30
33
90
97
118
170
96
-57
-73
24
50
22
36
72
37
-29
-66
-58
-11
-24
-70
-96
-53
-27
-74
-104
-138
-165
-157
-110
-62
-43
-24
-54
-107
-113
-139
-127
-50
55
146
132
27
-139
-175
-128
-130
-102
-7
117
134
34
-38
-26
-45
-69
26
184
268
286
228
182
109
-7
-67
43
174
177
213
336
360
201
-17
-147
-156
-137
-43
102
251
194
9
-98
-145
-248
-325
-212
-32
50
59
84
74
-37
-217
-329
-237
-139
-183
-183
-64
1
-99
-162
-147
-171
-198
-221
-183
-140
-167
-169
-84
-40
-78
-72
17
24
-43
-65
-30
22
-14
-38
-14
51
40
29
150
241
234
159
79
29
-16
-22
72
244
376
360
290
172
7
-96
-96
0
123
209
293
354
344
168
-41
-65
-17
14
58
200
312
299
193
47
-97
-208
-243
-125
74
228
264
222
181
57
-91
-149
-87
38
90
31
-16
-67
-115
-120
-64
4
59
105
34
-95
-180
-207
-143
-39
-23
-74
-141
-178
-217
-232
-149
-98
-79
-37
-41
-120
-239
-282
-262
-192
-144
-111
-35
30
16
-35
-52
-94
-107
-37
18
5
2
29
-11
-91
-117
-60
24
80
99
91
64
-36
-125
-107
-18
45
118
261
341
273
159
108
33
-52
-42
55
147
172
180
221
210
-6
-206
-217
-136
-144
-95
137
355
396
198
-51
-143
-154
-239
-245
-55
78
59
40
-29
-181
-324
-384
-366
-267
-146
60
255
274
175
95
1
-172
-287
-250
-55
69
104
150
176
66
-173
-313
-265
-150
-97
41
252
346
220
73
84
91
73
38
69
204
272
225
163
139
148
141
73
-15
-51
36
106
133
173
185
164
104
62
-41
-81
-40
-27
15
114
172
70
-102
-257
-337
-292
-170
-49
74
200
248
187
31
-200
-355
-373
-349
-284
-83
86
67
3
-56
-116
-202
-229
-197
-46
116
181
221
186
15
-175
-207
-195
-160
-40
96
142
133
48
-38
-60
-115
-124
7
153
195
190
171
135
65
-24
-44
10
14
-8
27
63
59
3
10
49
59
11
3
79
120
63
19
59
87
48
-23
-11
-7
-31
-76
-47
24
44
78
127
90
-59
-195
-251
-197
-149
-119
-33
83
116
50
-38
-124
-119
-99
-48
28
61
50
-28
-110
-156
-128
-113
-68
46
153
139
40
-21
-51
-59
-104
-132
-84
-36
-63
-80
-63
-76
-121
-153
-127
-106
-48
94
172
152
101
87
70
29
-27
23
122
131
63
-31
-53
-75
-112
-118
-31
105
122
42
6
19
-6
-60
-23
72
131
183
234
208
75
-65
-98
-33
-20
-14
122
280
295
214
188
201
164
38
-19
64
149
146
90
67
59
0
-98
-122
-67
-6
50
119
114
25
-77
-91
-50
-32
6
70
112
52
-85
-202
-232
-232
-243
-180
-110
-94
-83
-97
-111
-170
-229
-190
-86
-21
-54
-64
-25
-18
-98
-138
-111
-46
6
26
57
77
46
-25
-71
-80
-90
-92
36
185
205
121
53
10
-50
-143
-161
-62
69
135
92
62
14
-43
-60
-9
67
97
113
126
101
38
-22
-42
-29
-31
-53
-59
-71
-99
-114
-68
-38
-64
-61
-35
-3
31
50
119
168
124
66
86
109
53
9
11
8
-19
-76
-77
-8
21
28
73
149
142
63
45
47
14
-42
-71
-69
-85
-82
-55
-37
-60
-103
-116
-129
-182
-187
-30
190
248
177
159
92
-79
-208
-179
-15
139
212
205
180
85
-108
-250
-223
-155
-55
134
295
370
318
214
125
46
14
51
133
214
223
201
127
20
-54
-65
-59
-68
-37
50
107
141
126
70
28
-47
-127
-205
-211
-173
-101
-51
-45
-30
-76
-122
-156
-210
-194
-91
-1
27
-44
-114
-146
-176
-237
-237
-134
-7
45
-26
-79
-68
-96
-183
-187
-114
16
114
126
102
97
61
-25
-39
44
145
168
187
184
113
3
-69
-76
-59
-7
31
79
100
51
-29
-67
-104
-97
-28
11
4
-25
-18
8
4
-55
-113
-68
-4
6
20
67
46
-64
-139
-141
-103
-88
-67
-1
56
50
47
66
101
135
134
155
140
38
-63
-107
-71
-26
9
96
180
189
120
77
92
82
31
40
90
101
47
-1
6
5
35
63
80
56
32
49
44
-4
-33
20
87
64
-14
-56
-86
-149
-181
-150
-51
61
91
26
-39
-59
-99
-134
-76
19
36
68
113
55
-44
-130
-149
-109
-96
-45
62
115
71
-13
-55
-100
-181
-187
-138
-78
0
63
104
128
92
17
-34
-37
-61
-72
-42
-17
-16
-32
-51
-74
-91
-104
-50
42
79
68
66
77
62
-13
-38
-32
-32
-28
4
36
71
116
57
-17
-45
-69
-54
-9
66
142
175
162
96
67
33
-42
-76
-68
-26
26
57
83
115
102
31
-41
-60
-58
-32
19
75
85
50
19
-41
-100
-118
-81
-17
35
36
18
4
-64
-123
-156
-133
-84
-74
-50
-38
-28
-49
-51
-42
-47
-50
-43
-53
-95
-101
-86
-60
-53
-54
-59
-50
-27
-34
-11
4
15
60
61
38
45
9
5
59
117
147
109
75
60
18
-18
-13
41
145
221
240
227
196
126
48
23
28
71
108
100
86
124
154
116
107
91
59
52
74
57
49
40
-10
-51
-86
-85
-75
-40
-35
-20
-10
-7
-21
-64
-87
-65
-16
-32
-53
-34
-27
-33
-40
-43
-51
-67
-79
-82
-102
-129
-129
-78
-33
-13
-15
-30
-49
-80
-84
-78
-50
-29
-25
-35
-33
-32
-36
-56
-67
-66
-70
-44
-27
-8
5
-17
-63
-94
-91
-84
-77
-52
-6
36
45
42
52
45
-4
-75
-103
-76
-43
-33
0
38
56
61
44
37
53
81
88
90
96
83
61
41
4
-5
24
51
53
68
96
97
34
-7
24
61
62
24
3
15
12
0
17
19
18
47
75
91
110
108
67
-4
-51
-54
-35
13
51
52
77
88
14
-37
-13
-17
3
50
68
98
84
22
-45
-97
-126
-147
-121
-58
-10
31
31
4
-18
-53
-67
-57
-25
-10
6
31
19
-37
-63
-69
-90
-65
-20
4
17
-6
-29
-61
-102
-121
-100
-56
-10
24
41
37
4
-26
-36
-37
-74
-99
-83
-74
-82
-57
-11
-19
-24
1
21
20
19
8
-6
-21
-15
-11
-21
-13
-16
-16
-13
-12
2
20
11
18
20
0
14
46
64
71
71
59
53
94
134
129
118
96
77
32
-43
-58
-37
-23
12
28
59
84
76
53
23
13
-21
-53
-85
-100
-88
-70
-52
-38
-1
9
15
23
32
51
40
6
-30
-58
-61
-37
-11
14
50
74
45
13
3
-23
0
37
45
49
39
48
60
57
25
16
44
53
59
58
59
57
42
20
4
26
47
70
98
135
128
113
65
34
26
-13
-20
-32
-49
-25
-9
-26
-12
-19
-33
-15
-18
-41
-57
-71
-99
-119
-116
-136
-160
-171
-153
-143
-151
-133
-106
-84
-83
-93
-92
-79
-43
-13
-2
19
17
7
14
27
42
31
18
34
54
65
75
76
44
26
26
32
33
30
53
72
87
95
77
56
39
7
5
55
67
94
92
52
13
-24
-44
-36
11
46
58
62
53
34
-2
3
-5
-32
-41
-70
-107
-134
-137
-149
-148
-130
-90
-44
-12
-18
-32
-23
-25
-40
-49
-72
-108
-115
-123
-112
-77
-26
4
27
14
-2
-25
-53
-94
-95
-36
12
21
22
36
20
-2
-2
24
27
51
81
77
55
10
-11
-33
-25
12
58
75
61
69
63
34
38
60
61
44
64
84
98
138
135
135
138
122
78
48
41
21
17
35
68
81
111
108
82
54
25
14
13
5
1
37
52
70
58
20
9
-26
-63
-63
-45
-47
-31
-16
-16
-15
-31
-50
-60
-77
-96
-92
-75
-38
-28
-31
-51
-69
-82
-77
-76
-84
-95
-105
-98
-104
-87
-46
-13
1
7
-5
-1
-9
-9
30
34
1
-29
-34
-43
-38
14
48
69
66
24
20
22
6
13
5
1
16
13
18
36
33
22
16
8
0
4
-9
-31
-37
-44
-56
-47
-20
17
28
16
9
-2
-8
2
-10
-6
-3
-28
-27
-29
-32
-12
-1
-16
-29
-27
-5
3
11
-3
-24
-34
-46
-57
-23
17
17
14
12
20
22
10
4
24
31
54
51
24
9
-21
-35
-38
-44
-17
-1
4
26
44
41
32
25
25
52
66
87
85
79
54
27
6
-19
-1
34
61
79
78
78
76
43
10
-9
-22
-16
-19
-5
13
22
46
64
74
71
54
55
27
-5
-13
-4
13
-6
-16
-7
0
-30
-39
-49
-48
-45
-38
-17
-13
-19
-23
-25
-30
-22
-39
-46
-58
-57
-66
-77
-60
-44
-19
0
5
-4
-15
-39
-57
-38
-8
-17
-6
16
-4
-24
-33
-51
-63
-50
-39
-49
-40
-38
-34
-26
-25
-25
-17
-13
-21
-6
11
10
-22
-24
-15
-16
-1
2
16
16
11
-2
-8
7
15
35
40
31
30
17
-3
-19
-17
12
27
31
45
44
11
-19
-11
3
2
-19
-33
-41
-30
-17
-12
11
9
32
52
43
42
32
5
-14
-7
-8
21
22
35
53
48
29
29
52
60
70
81
81
51
37
44
53
59
57
42
10
-13
-22
-31
-41
-38
-27
-6
2
18
17
13
-1
1
11
6
17
19
16
5
-17
-34
-52
-49
-48
-41
-24
0
8
1
19
22
12
13
8
-21
-46
-35
-32
-5
27
33
36
37
41
45
39
42
50
44
37
11
-2
-11
-12
-2
9
7
13
22
36
41
19
8
-7
-37
-40
-51
-70
-60
-76
-82
-65
-66
-61
-63
-69
-87
-91
-91
-94
-108
-117
-115
-97
-72
-41
-16
-18
-23
-44
-58
-66
-55
-36
-16
2
10
-2
-18
-26
3
40
57
65
52
19
-1
0
3
23
51
50
50
65
66
52
48
45
41
36
43
39
43
51
44
34
19
-10
-7
-4
8
42
64
68
53
37
18
7
-14
-20
-10
3
5
12
29
37
37
40
32
24
31
29
46
49
42
38
31
17
11
7
6
15
9
5
6
-4
-13
-4
15
13
-6
-17
-25
-26
-20
-30
-34
-22
-14
2
17
31
19
22
26
25
27
22
12
11
19
33
38
33
25
10
8
2
-9
-14
-10
-23
-41
-26
-12
-11
6
14
9
-7
-22
-43
-51
-63
-64
-65
-76
-71
-64
-52
-38
-48
-68
-70
-75
-82
-76
-82
-88
-81
-72
-57
-52
-66
-89
-82
-81
-64
-45
-21
-4
-10
-17
-6
13
18
36
39
37
34
23
20
28
50
55
54
61
52
36
35
42
47
74
81
73
79
84
78
61
42
