SAMPLES:	10461
BITSPERSAMPLE:	16
CHANNELS:	1
SAMPLERATE:	16000
NORMALIZED:	FALSE
2
2
0
1
2
4
4
5
6
4
6
4
4
2
2
0
1
1
1
2
3
2
2
2
0
-2
-1
1
2
2
1
2
2
2
1
0
0
1
-1
0
-1
-3
0
-1
-1
-2
-2
-1
-1
2
1
5
2
2
-2
-1
-2
0
0
2
3
3
3
2
2
2
1
0
-1
-1
-1
0
0
0
3
1
3
3
2
0
0
0
-2
-2
-1
-1
-1
-1
-1
-1
-1
-2
-1
-2
-1
0
-1
-1
0
-1
-1
-1
-1
1
0
1
-1
-1
-1
-4
-3
-3
-2
-2
-1
-1
-1
-3
-3
-4
-3
-3
-2
-2
-1
-1
-1
-3
-5
-5
-6
-4
-4
-5
-5
-4
-4
-5
-4
-5
-4
-3
-4
-1
-2
-3
-2
-1
-1
-3
-1
-1
1
1
2
3
3
2
1
1
2
1
1
2
4
4
4
4
4
3
2
3
4
4
3
6
4
3
0
2
3
4
5
6
7
8
8
6
4
2
1
1
1
2
4
2
3
3
3
2
3
3
0
1
-1
0
1
2
1
2
1
-1
0
1
0
-1
-1
0
1
1
3
0
-2
-3
1
-1
-2
0
0
0
-3
-2
-3
-3
-4
-2
-1
-1
-2
-3
-4
-2
-3
-2
-2
-2
-5
-8
-8
-6
-4
-2
-1
0
-3
-4
-4
-3
-4
-1
0
-1
-4
-4
-3
-4
-2
-2
0
1
0
0
-1
-2
-4
-2
-1
1
2
2
1
-1
-3
-1
0
3
3
1
2
0
2
2
1
2
3
4
1
2
0
1
1
2
3
4
1
-1
-1
2
1
1
0
0
-1
-2
0
2
1
-1
0
0
0
0
2
3
1
0
1
1
2
4
5
6
5
5
4
4
5
5
3
2
0
-2
-2
2
4
5
5
6
4
1
2
0
0
0
-1
0
0
-2
-3
-2
-4
-2
-1
1
-2
-2
-2
-1
-2
-3
-4
-5
-3
-6
-4
-5
-4
-4
-4
-3
-4
-3
-4
-3
-3
-3
-1
0
0
-1
1
0
0
1
-1
1
0
1
0
1
1
1
1
2
2
1
0
-1
-2
0
-1
1
3
3
3
2
3
2
2
0
1
1
1
1
0
1
1
2
3
1
0
2
1
0
-1
-1
0
-2
-1
-1
1
0
2
1
2
0
-1
0
2
-1
-2
-1
-2
-1
-1
0
0
0
-1
0
-3
-2
-4
-4
-2
-2
-1
-1
-1
-1
-2
-2
-3
-4
-3
-2
-2
-1
-2
-1
-2
-3
-3
-3
-4
-4
-4
-3
2
3
4
3
3
2
1
1
3
3
2
2
4
2
2
-1
1
2
2
4
4
3
3
3
2
2
1
0
0
-1
-2
-1
-2
0
-1
2
1
2
0
1
2
0
1
0
-1
0
1
2
2
2
2
2
3
2
0
0
1
1
1
1
2
4
3
2
2
2
2
3
3
5
5
5
6
5
4
2
2
3
2
-1
-2
-2
-1
-2
-2
-2
0
2
0
-2
-1
-1
-5
-5
-5
-5
-6
-7
-6
-6
-7
-7
-7
-5
-6
-8
-5
-4
-4
-6
-4
-3
-4
-4
-5
-3
-2
-4
-3
-2
-2
-2
0
2
0
0
-1
0
-1
-3
0
1
1
2
2
3
4
2
4
4
5
4
3
2
2
3
4
5
5
4
3
5
5
4
2
2
3
4
2
4
3
1
1
2
1
1
2
2
3
3
2
2
2
0
-1
0
0
-1
-3
-5
-5
-4
-3
-1
-1
1
1
-1
-3
-4
-5
-6
-5
-5
-4
-3
-4
-3
-3
-2
0
0
-2
-1
1
-1
-1
-1
-1
1
0
3
4
3
1
0
2
2
2
3
3
3
3
4
2
3
2
3
2
3
2
0
2
3
4
5
5
5
3
3
-1
-1
-1
-2
-2
-2
-2
-2
-2
-2
-2
-1
-3
-4
-5
-2
-2
-3
-1
-2
0
-2
-2
-2
-4
-5
-5
-3
-2
-3
-2
-1
0
-2
-3
-2
-1
-2
-3
-1
-1
-2
-3
-3
-2
0
-1
-1
0
0
-2
-2
0
-1
-2
-2
2
3
1
0
-1
-2
-3
-2
-1
1
1
0
2
2
1
-2
-1
2
0
-2
0
1
1
1
4
5
5
2
1
1
1
-1
2
4
5
5
4
5
4
4
3
4
4
2
3
3
3
3
2
3
5
5
5
5
4
2
1
1
0
-1
0
0
1
3
3
3
3
3
3
0
-2
0
-1
-2
0
0
-1
-2
-2
-2
-2
-2
0
3
3
2
3
2
-1
-3
-1
0
0
-1
-2
-3
-3
-3
-2
-1
-1
-3
-3
-2
-2
-2
-2
0
-1
-1
0
-2
-1
-2
-4
-4
-4
-4
-2
-2
-2
-2
-3
-2
-1
-2
-3
-2
-4
-4
-4
-4
-2
-2
-2
-1
-2
-2
-4
-2
0
-2
-3
-1
0
-2
-2
-2
-2
-2
-2
-2
-1
0
0
0
2
1
1
2
1
0
0
0
0
2
2
1
0
0
-1
-1
2
3
3
4
4
5
5
4
2
2
2
2
5
5
4
4
3
2
2
1
3
3
3
2
4
5
4
4
2
3
1
1
0
-1
1
2
1
2
2
3
2
3
4
1
2
0
2
2
2
0
0
0
-1
0
-1
1
1
0
0
-2
-3
-5
-4
-3
-1
1
0
0
2
0
1
2
2
0
0
1
3
1
-2
-2
-1
-2
-2
-1
2
1
-1
-1
-1
-2
-5
-4
-3
-4
-5
-5
-3
-4
-3
-2
-1
-2
-4
-3
-2
-1
-4
-5
-4
-5
-5
-6
-4
-3
-3
-2
0
2
-1
0
-1
-2
-2
-4
-3
-3
-1
-3
-1
1
2
2
4
5
4
3
2
2
1
-1
0
2
3
4
4
4
3
2
1
0
1
1
1
0
-1
0
-1
-1
1
1
1
1
0
-1
-2
-2
-2
-2
-1
-2
-1
-1
-2
0
-1
-1
0
1
3
3
3
3
3
1
1
1
1
1
0
2
3
3
2
3
3
2
2
2
4
4
3
4
3
4
3
2
4
4
3
2
4
6
5
4
2
2
0
-2
-2
-3
-2
-2
0
-1
0
0
0
0
0
0
0
0
-1
-3
-3
-3
-7
-5
-4
-1
-1
0
1
0
-2
-4
-3
-3
-2
-3
-3
-2
-1
-1
1
1
2
-1
-2
-4
-5
-5
-4
-3
-2
-2
-1
0
-1
-3
-2
0
-1
-3
-3
-3
-2
-2
-1
0
0
-2
-4
-3
-3
-4
-3
-2
-2
-2
-1
-1
0
-1
-2
-2
-2
-2
-3
-2
-3
-2
-1
0
2
3
1
1
1
0
-2
1
2
3
2
2
2
2
2
2
5
6
4
4
5
5
5
4
5
2
1
2
3
5
3
5
5
4
1
1
3
3
2
3
3
4
1
0
1
1
2
2
1
1
0
0
1
2
4
1
0
-1
-2
-4
-3
-3
-1
-1
0
0
-1
-5
-4
-3
-1
-2
-1
0
0
-1
2
3
1
3
2
2
1
0
1
1
2
1
1
0
-2
-2
-3
-1
0
-2
-2
-2
-2
-6
-5
-3
-2
-1
-2
-2
-1
0
1
3
2
3
1
2
1
0
-2
-2
-3
-2
-1
0
-1
0
1
1
1
1
0
-2
-1
0
-1
-2
-2
-1
0
-1
-1
-1
-1
0
0
1
-1
-2
-1
-1
-1
-1
-1
-1
1
1
-2
-1
-2
-4
-3
-3
-2
-3
-4
-5
-4
-3
-5
-4
-2
0
0
0
0
0
-1
-2
-1
-1
-2
-2
-3
-3
1
-1
-2
-2
-3
-2
-3
-3
-3
-4
-4
-5
-4
-5
-5
-3
0
3
6
8
9
7
6
4
4
6
6
5
6
8
6
7
8
8
9
7
7
10
11
10
14
13
12
7
6
3
1
1
1
2
3
3
4
6
7
7
8
8
7
6
3
1
-2
-3
-4
-4
-2
-4
-5
-4
-5
-6
-8
-7
-7
-6
-7
-6
-8
-8
-8
-8
-7
-8
-10
-10
-10
-11
-13
-12
-10
-8
-9
-8
-8
-9
-10
-10
-9
-11
-11
-9
-9
-7
-8
-7
-7
-4
-3
-3
1
3
3
2
2
3
3
5
6
9
8
8
7
8
10
9
10
12
12
15
17
20
22
22
24
22
23
20
19
16
16
12
10
8
7
7
5
4
0
-1
-3
-3
-5
-6
-7
-10
-13
-17
-21
-21
-24
-22
-22
-20
-17
-21
-20
-19
-17
-16
-16
-15
-16
-16
-17
-14
-11
-8
-6
-5
-3
-5
-6
-7
-7
-7
-8
-6
-5
0
1
4
9
9
11
12
12
13
14
13
14
17
18
21
23
25
27
29
28
32
33
36
36
38
38
37
39
40
40
38
38
38
34
32
27
24
20
15
11
6
1
-7
-16
-23
-28
-34
-40
-44
-48
-52
-57
-56
-56
-58
-58
-55
-54
-58
-61
-63
-64
-64
-62
-61
-59
-58
-58
-56
-53
-51
-49
-46
-42
-39
-35
-32
-27
-23
-20
-16
-11
-5
2
11
20
27
35
43
51
59
69
79
87
92
98
106
109
115
122
125
130
131
135
137
137
134
132
128
120
108
96
82
70
54
41
32
19
4
-13
-28
-44
-61
-81
-98
-111
-125
-140
-149
-155
-161
-165
-165
-161
-154
-152
-141
-131
-120
-112
-106
-99
-95
-93
-92
-91
-90
-89
-91
-90
-90
-90
-85
-80
-73
-63
-52
-41
-31
-19
-8
2
15
31
46
65
83
105
127
152
176
199
222
241
259
271
281
282
279
279
273
268
259
245
233
219
200
183
161
136
107
82
54
21
-12
-47
-78
-103
-129
-155
-179
-203
-222
-239
-245
-245
-239
-233
-221
-210
-199
-192
-183
-169
-163
-157
-154
-157
-164
-168
-169
-172
-180
-183
-186
-179
-173
-169
-162
-157
-152
-145
-140
-125
-111
-97
-72
-40
-10
15
39
66
96
116
138
169
204
232
263
306
342
358
367
377
381
370
357
352
353
345
336
333
327
312
291
277
257
227
182
139
100
52
-4
-49
-87
-120
-161
-182
-192
-208
-226
-240
-241
-252
-264
-259
-250
-236
-229
-222
-214
-207
-208
-213
-212
-220
-239
-256
-272
-289
-309
-328
-344
-346
-344
-339
-325
-305
-279
-256
-230
-196
-153
-113
-68
-19
25
61
104
148
193
242
286
341
391
451
507
557
599
619
635
638
629
606
583
562
546
521
500
480
460
428
395
358
314
256
181
112
30
-50
-131
-200
-266
-331
-391
-440
-468
-495
-511
-516
-507
-491
-466
-425
-390
-366
-347
-333
-333
-344
-358
-372
-390
-393
-402
-406
-417
-426
-437
-439
-424
-409
-388
-377
-351
-319
-294
-258
-217
-175
-127
-72
-1
59
106
151
206
250
297
355
425
490
558
620
678
726
750
762
769
770
747
721
712
693
674
660
653
643
616
596
559
517
447
352
251
140
23
-92
-190
-281
-355
-419
-460
-490
-499
-518
-527
-540
-551
-555
-537
-516
-507
-467
-451
-426
-426
-423
-419
-429
-440
-470
-496
-527
-558
-583
-578
-562
-552
-527
-494
-450
-421
-390
-350
-311
-258
-204
-113
-20
48
117
185
248
288
343
430
533
607
682
761
840
869
905
949
980
977
959
944
925
897
857
834
813
797
767
737
703
637
548
449
323
184
21
-143
-305
-441
-587
-699
-764
-815
-849
-858
-839
-806
-776
-752
-696
-632
-592
-574
-524
-505
-496
-513
-525
-528
-542
-575
-611
-639
-658
-693
-670
-618
-571
-534
-508
-452
-415
-388
-364
-306
-236
-161
-70
27
126
197
262
339
396
485
569
667
786
902
1012
1106
1179
1229
1254
1254
1253
1214
1169
1129
1082
1025
966
927
885
864
804
753
678
560
411
223
38
-186
-400
-587
-772
-902
-1032
-1116
-1156
-1183
-1168
-1151
-1076
-1009
-918
-850
-787
-715
-687
-653
-629
-583
-570
-578
-605
-637
-689
-743
-790
-831
-818
-781
-724
-654
-579
-505
-440
-355
-270
-196
-113
-24
66
151
245
328
402
492
571
663
787
896
999
1125
1225
1304
1361
1388
1412
1407
1388
1350
1306
1249
1199
1143
1087
1039
988
940
893
812
723
608
464
303
111
-73
-311
-525
-715
-887
-1011
-1116
-1179
-1229
-1234
-1221
-1187
-1104
-1002
-905
-820
-752
-702
-695
-685
-670
-659
-662
-687
-694
-755
-803
-866
-912
-904
-853
-783
-696
-588
-551
-504
-466
-439
-401
-336
-258
-153
-42
64
182
285
355
437
497
564
637
701
817
922
1039
1123
1234
1308
1344
1363
1384
1374
1305
1241
1168
1112
1027
977
941
939
912
846
766
656
488
265
79
-115
-307
-491
-667
-790
-899
-991
-1035
-1040
-1021
-1029
-977
-924
-865
-814
-742
-667
-607
-550
-508
-477
-464
-480
-513
-548
-603
-696
-780
-798
-805
-778
-705
-636
-565
-495
-434
-380
-333
-296
-262
-195
-120
-49
46
141
203
274
331
406
513
632
715
840
980
1100
1174
1248
1344
1380
1366
1354
1363
1351
1301
1255
1235
1175
1074
992
926
856
739
621
480
321
129
-101
-340
-552
-747
-949
-1078
-1170
-1249
-1325
-1328
-1290
-1214
-1150
-1058
-970
-873
-794
-734
-665
-626
-615
-650
-657
-709
-739
-782
-786
-803
-819
-819
-797
-711
-657
-605
-534
-443
-404
-340
-289
-222
-140
-59
49
172
292
382
459
542
637
700
805
930
1068
1167
1292
1395
1452
1502
1530
1547
1544
1489
1442
1378
1294
1192
1103
1067
1011
960
886
819
713
553
367
137
-117
-384
-631
-819
-985
-1133
-1269
-1310
-1337
-1334
-1290
-1210
-1117
-1061
-1001
-952
-883
-861
-815
-749
-690
-652
-649
-659
-704
-729
-767
-809
-847
-866
-860
-824
-732
-634
-541
-415
-326
-254
-203
-175
-144
-87
3
118
231
338
429
523
607
677
793
933
1059
1184
1304
1408
1469
1497
1513
1536
1559
1519
1485
1459
1405
1294
1191
1109
1038
967
896
847
766
609
369
106
-175
-462
-759
-981
-1158
-1297
-1397
-1424
-1426
-1421
-1416
-1376
-1303
-1241
-1150
-1044
-887
-802
-723
-650
-597
-601
-632
-685
-745
-806
-849
-882
-876
-875
-874
-815
-719
-598
-503
-403
-324
-258
-217
-148
-71
26
103
166
282
378
460
551
681
829
996
1154
1294
1429
1535
1629
1707
1772
1798
1776
1745
1684
1588
1468
1387
1279
1181
1097
1019
936
794
647
481
320
97
-159
-410
-684
-961
-1223
-1425
-1602
-1694
-1709
-1668
-1612
-1517
-1397
-1243
-1085
-943
-820
-712
-654
-631
-612
-607
-656
-722
-778
-836
-878
-949
-973
-978
-944
-876
-766
-653
-533
-398
-294
-198
-133
-71
-32
34
142
253
353
403
474
540
656
820
1023
1236
1452
1696
1916
2089
2154
2128
2061
1974
1850
1713
1595
1455
1293
1151
1084
1030
1003
967
872
714
498
198
-145
-493
-851
-1177
-1438
-1627
-1772
-1872
-1909
-1887
-1822
-1699
-1581
-1423
-1242
-1080
-961
-854
-774
-723
-703
-688
-721
-762
-853
-965
-1050
-1146
-1223
-1286
-1234
-1156
-1021
-866
-703
-545
-435
-311
-216
-73
6
82
201
284
391
464
590
728
933
1212
1480
1759
2035
2270
2419
2529
2562
2512
2416
2252
2059
1864
1681
1473
1315
1223
1169
1095
1015
913
738
556
302
-21
-394
-810
-1219
-1527
-1774
-1955
-2084
-2102
-2062
-1953
-1800
-1665
-1520
-1371
-1225
-1062
-881
-768
-718
-672
-678
-730
-808
-929
-1039
-1156
-1248
-1332
-1372
-1372
-1336
-1201
-987
-794
-635
-494
-339
-209
-105
-8
90
172
250
347
509
658
853
1131
1498
1862
2194
2509
2733
2887
2936
2887
2743
2557
2280
1963
1723
1503
1233
1035
924
826
765
703
582
455
295
-28
-401
-795
-1223
-1644
-1947
-2144
-2331
-2364
-2330
-2195
-1978
-1742
-1518
-1300
-1054
-863
-695
-541
-521
-548
-570
-629
-742
-906
-1094
-1335
-1500
-1593
-1588
-1546
-1438
-1285
-1079
-833
-683
-475
-325
-237
-159
-14
113
183
268
391
600
946
1307
1737
2217
2703
3120
3396
3563
3542
3416
3193
2938
2631
2303
1948
1548
1221
972
734
614
551
424
258
96
-116
-419
-774
-1130
-1392
-1650
-1898
-2097
-2225
-2293
-2348
-2281
-2094
-1867
-1597
-1326
-1022
-731
-547
-477
-536
-618
-782
-987
-1197
-1427
-1657
-1882
-2028
-2043
-2037
-1953
-1802
-1636
-1447
-1279
-1068
-894
-739
-590
-430
-232
-61
112
367
662
1158
1725
2297
2856
3405
3806
4029
4121
4052
3816
3521
3195
2732
2297
1905
1455
1046
773
601
483
439
331
185
71
-191
-539
-887
-1202
-1461
-1624
-1730
-1865
-1995
-2010
-1970
-1856
-1635
-1409
-1151
-844
-566
-359
-167
-153
-297
-486
-789
-1178
-1639
-2064
-2428
-2669
-2737
-2655
-2418
-2120
-1828
-1516
-1136
-933
-882
-815
-682
-581
-520
-441
-288
-101
316
1025
1828
2618
3274
3879
4328
4533
4472
4270
3937
3401
2785
2275
1856
1411
947
618
502
458
376
280
236
171
31
-199
-436
-704
-973
-1136
-1182
-1236
-1369
-1482
-1553
-1561
-1492
-1319
-1062
-768
-512
-210
62
163
16
-270
-632
-1077
-1684
-2297
-2877
-3274
-3464
-3349
-2988
-2596
-2177
-1745
-1145
-738
-564
-575
-584
-684
-846
-920
-895
-613
117
986
1903
2892
3752
4272
4398
4460
4159
3732
3149
2474
1867
1474
1173
772
565
482
517
506
456
325
195
80
-130
-258
-351
-515
-556
-462
-440
-561
-740
-869
-1102
-1172
-1262
-1214
-976
-678
-348
77
405
452
225
-95
-604
-1296
-2035
-2820
-3423
-3671
-3565
-3238
-2556
-1879
-1240
-547
74
270
195
3
-338
-700
-954
-1090
-551
432
1336
2325
3479
4380
4452
4470
4201
3597
2863
1964
1057
434
179
-212
-376
-161
-66
-49
196
311
159
18
-119
-300
-355
-375
-403
-189
3
-100
-284
-324
-733
-1195
-1319
-1371
-1276
-978
-578
-93
412
621
456
212
-224
-1064
-1875
-2614
-3234
-3622
-3525
-3075
-2294
-1351
-593
95
722
917
734
530
97
-450
-878
-780
-149
884
1943
2903
3968
4725
4702
4152
3506
2607
1647
685
-93
-486
-619
-779
-798
-453
-206
-229
-183
-239
-510
-737
-871
-954
-880
-633
-294
188
458
274
-78
-384
-888
-1498
-1798
-1800
-1492
-960
-367
256
735
836
469
-8
-715
-1762
-2815
-3449
-3750
-3594
-3048
-2109
-908
200
1008
1483
1763
1589
1039
433
-82
-599
-972
-437
761
2011
3165
4298
5258
5301
4727
3813
2801
1654
507
-457
-845
-770
-812
-808
-459
-153
-316
-440
-470
-777
-1196
-1226
-1206
-939
-600
-343
107
480
295
-363
-826
-1462
-2299
-2686
-2626
-2299
-1648
-822
-7
656
971
600
-22
-714
-1793
-2855
-3505
-3776
-3679
-2984
-1874
-683
546
1357
1752
1913
1633
1012
339
-234
-810
-1098
-143
1248
2521
3888
5150
5926
5697
4966
3699
2455
1345
149
-612
-652
-392
-330
44
522
507
180
-125
-548
-980
-1291
-1351
-1122
-573
-298
-83
480
523
-52
-782
-1429
-2302
-2918
-3073
-2959
-2422
-1608
-810
15
571
429
-192
-875
-1816
-2962
-3713
-4090
-4014
-3450
-2540
-1397
-238
720
1195
1475
1414
855
226
-187
-611
-987
-892
417
2132
3540
4589
5492
6079
5371
4256
2956
1917
1050
307
-16
91
560
547
497
554
205
-426
-785
-848
-1042
-1004
-470
126
765
999
899
880
424
-505
-1670
-2288
-2896
-3315
-2987
-2341
-1446
-575
143
536
490
-176
-1279
-2201
-2971
-3821
-4202
-4074
-3577
-2907
-1884
-888
-15
647
701
619
347
-83
-547
-771
-779
-814
61
1771
3127
4149
4886
5601
5255
4318
3256
2247
1674
1047
844
903
1304
1187
672
428
45
-516
-991
-932
-670
-421
74
758
1341
1596
1293
1056
597
-250
-1333
-2147
-2479
-2823
-2640
-2050
-1235
-535
32
385
379
-166
-1185
-2095
-2694
-3301
-3768
-3775
-3443
-2930
-2343
-1585
-914
-407
-227
-211
-196
-373
-590
-875
-821
-956
-724
742
2225
3381
4032
4780
5043
4387
3327
2137
1759
1369
843
791
1321
1535
942
511
183
-269
-812
-1055
-735
-216
224
664
1254
1818
1470
959
624
-69
-973
-1839
-2158
-2239
-2082
-1729
-1076
-261
137
229
303
-24
-934
-1976
-2497
-2781
-3071
-3104
-2920
-2372
-1899
-1540
-1091
-475
-192
-403
-389
-401
-594
-935
-1211
-1308
-1077
308
1787
2910
3808
4569
4776
3997
3064
1945
1156
801
522
583
1092
1527
1141
639
426
-141
-672
-741
-483
-111
448
1028
1391
1679
1411
706
289
-283
-1094
-1710
-1925
-2038
-1953
-1411
-856
-303
172
341
342
46
-721
-1655
-2222
-2635
-3025
-3033
-2794
-2395
-1909
-1253
-697
-256
75
136
37
-150
-557
-912
-1155
-1344
-1263
20
1690
2653
3580
4362
4710
3992
3071
1973
1153
840
470
407
732
1093
660
195
-43
-544
-925
-814
-507
8
654
1284
1660
1840
1544
817
409
-348
-1326
-1883
-1971
-2059
-1961
-1347
-809
-304
5
61
-44
-282
-903
-1651
-1977
-2290
-2705
-2807
-2768
-2597
-2184
-1701
-1158
-512
169
481
652
582
176
-348
-822
-1253
-1520
-279
1470
2838
3901
4609
4748
3997
3050
1608
670
559
584
735
1104
1306
829
192
-468
-1328
-1685
-1320
-879
-61
803
1456
1688
1766
1374
494
-104
-961
-1658
-2009
-2053
-2101
-1847
-1245
-892
-464
-186
-224
-302
-447
-873
-1344
-1556
-1860
-2278
-2371
-2511
-2570
-2353
-1912
-1323
-573
214
681
1011
1050
673
-61
-804
-1478
-1422
205
2109
3421
4416
5271
5141
3895
2610
1273
383
422
732
1022
1613
2056
1476
508
-282
-1323
-1892
-1459
-738
6
916
1680
1786
1643
1004
-4
-683
-1294
-1929
-2232
-2070
-2138
-2017
-1471
-1164
-1026
-829
-819
-852
-845
-1086
-1497
-1532
-1561
-2047
-2441
-2773
-2945
-2720
-2175
-1584
-747
233
750
874
766
200
-641
-1291
-1700
-1337
543
2585
4016
5048
5520
4781
3353
2146
740
146
556
1022
1517
2291
2479
1485
504
-346
-1350
-1527
-852
-31
1071
2131
2392
2112
1663
552
-718
-1261
-1766
-2040
-1687
-1326
-1374
-1350
-1267
-1536
-1576
-1436
-1520
-1298
-942
-955
-1121
-1261
-1759
-2515
-2981
-3415
-3448
-2820
-2003
-1261
-259
625
725
661
330
-331
-1089
-1700
-2055
-1139
1237
3030
4088
4998
5207
4212
2771
1584
586
698
1387
1646
2185
2760
2259
858
-216
-1084
-1835
-1275
-134
1192
2558
3178
2895
2153
1211
-234
-1255
-1471
-1586
-1330
-825
-720
-967
-1333
-1728
-2092
-1947
-1738
-1373
-641
-251
-396
-778
-1288
-2131
-2991
-3542
-3814
-3499
-2633
-1790
-861
-19
376
370
129
-357
-1172
-1705
-1949
-1678
57
2267
3749
4582
4813
4040
2404
1218
274
49
992
1979
2561
2965
2848
1658
149
-974
-1850
-1661
-301
1080
2393
3384
3414
2449
1326
135
-890
-1092
-920
-621
-33
234
-269
-1038
-1703
-2315
-2435
-1832
-1153
-444
56
67
-342
-986
-1950
-2965
-3531
-3746
-3533
-2700
-1779
-1040
-453
23
23
-267
-692
-1330
-1722
-1862
-1877
-900
1533
3535
4206
4231
3901
2617
1096
328
68
830
2100
2850
2974
2696
1670
-125
-1391
-1927
-1936
-739
1035
2446
3288
3349
2456
1076
-81
-917
-1096
-589
-150
295
784
479
-556
-1515
-2062
-2330
-1974
-1170
-379
283
356
-233
-1060
-1911
-2872
-3500
-3548
-3287
-2677
-1565
-736
-283
-27
-149
-500
-1019
-1439
-1843
-1754
-1611
-1331
801
2949
3931
3834
3583
2870
1390
610
152
672
1973
2841
3020
2788
1852
200
-1136
-1751
-2023
-1181
645
2231
3361
3519
2701
1398
162
-835
-1237
-585
65
443
849
632
-328
-1497
-2224
-2574
-2112
-1073
-94
891
1213
479
-786
-1947
-2947
-3640
-3578
-3064
-2149
-1055
-337
12
-24
-550
-1306
-1499
-1492
-1672
-1577
-1320
-1223
53
2131
3341
3392
3186
2854
1722
739
272
440
1570
2527
2555
2337
1805
417
-963
-1288
-1342
-1128
213
1727
2601
2773
2102
916
-8
-543
-836
-309
638
851
617
390
-479
-1751
-2461
-2436
-1933
-899
222
998
1300
615
-868
-2109
-2822
-3366
-3457
-2907
-2077
-1241
-454
-147
-125
-215
-620
-1071
-1166
-987
-1164
-1145
-1118
-403
1391
2712
3037
2924
2884
2070
1104
799
767
1502
2491
2554
1958
1362
365
-909
-1208
-886
-722
247
1640
2187
2135
1731
794
-90
-295
-332
-43
814
1145
619
85
-639
-1703
-2251
-2092
-1690
-837
176
717
868
600
-502
-1749
-2410
-2773
-3029
-2797
-2125
-1492
-878
-517
-422
-397
-458
-706
-785
-795
-1165
-1406
-1412
-1018
392
2111
3016
2995
2911
2554
1486
754
549
1031
1923
2358
2109
1530
731
-464
-1282
-1080
-703
-21
1139
1946
2178
1800
1130
161
-448
-475
-221
482
1017
882
186
-658
-1586
-2464
-2551
-2014
-1181
-25
913
1294
971
32
-1194
-2194
-2701
-2862
-2698
-2127
-1554
-1022
-692
-708
-699
-650
-718
-871
-607
-456
-788
-1123
-1238
-101
1480
2469
2836
2978
2795
1789
1018
717
612
1314
2099
2181
1804
1163
122
-802
-737
-448
-171
943
1881
2045
1650
1010
154
-612
-585
-210
459
1161
1116
560
-352
-1454
-2493
-2754
-2230
-1470
-378
594
988
691
-126
-1282
-2273
-2584
-2600
-2375
-1836
-1292
-1042
-907
-920
-1045
-1019
-841
-671
-489
-163
-241
-537
-923
-326
1233
2388
2568
2831
3061
2567
1799
1345
1073
1215
1989
2081
1413
877
352
-386
-589
-141
128
681
1642
1850
1473
1072
399
-259
-378
-147
54
422
589
54
-737
-1418
-2143
-2314
-1826
-1162
-471
269
620
318
-252
-1059
-1959
-2346
-2320
-2213
-2020
-1745
-1474
-1191
-935
-1024
-1219
-1095
-822
-712
-589
-584
-728
-1052
-716
583
1797
2347
2565
2707
2336
1702
1358
999
1108
1761
1960
1601
1223
699
-81
-340
74
285
651
1392
1801
1693
1327
868
479
282
157
45
251
385
-7
-577
-1047
-1511
-1796
-1551
-1072
-562
-14
411
510
198
-531
-1409
-1963
-2174
-2266
-2206
-1819
-1468
-1224
-1003
-849
-870
-967
-968
-998
-1042
-1260
-1467
-1549
-1239
147
1624
2250
2368
2547
2246
1310
824
920
930
1410
1974
1871
1300
649
-4
-539
-259
368
926
1544
1921
1858
1505
993
589
348
444
673
855
1017
626
-153
-1080
-1770
-2051
-1851
-1190
-409
313
864
906
547
-201
-1037
-1685
-1951
-1930
-1943
-1874
-1670
-1461
-1278
-1142
-1063
-984
-877
-722
-746
-826
-1035
-1267
-1519
-737
646
1593
1961
2219
2425
1726
1063
751
674
937
1332
1517
1385
1048
451
-279
-346
15
358
880
1263
1502
1382
1108
705
267
255
375
547
727
677
242
-483
-1074
-1538
-1738
-1402
-813
-136
359
630
541
104
-572
-1295
-1671
-1748
-1771
-1786
-1604
-1373
-1152
-1085
-990
-907
-862
-795
-745
-738
-959
-1239
-1419
-930
476
1427
1754
2075
2155
1773
1240
1075
715
698
1465
1670
1415
1052
598
135
-201
-82
96
506
917
941
967
907
654
475
457
617
649
650
632
170
-466
-1201
-1572
-1650
-1459
-1011
-499
83
494
516
315
-20
-534
-996
-1246
-1305
-1532
-1543
-1394
-1097
-858
-784
-678
-608
-538
-612
-752
-1000
-1357
-1545
-1371
-261
1139
1874
2035
1946
1731
1042
502
434
602
985
1338
1526
1347
689
-17
-290
-259
-71
311
827
1023
972
868
589
276
120
83
298
559
677
571
171
-415
-1018
-1343
-1350
-1163
-769
-194
372
698
639
378
-131
-624
-1006
-1137
-1174
-1263
-1229
-1094
-773
-543
-519
-519
-630
-662
-679
-680
-689
-822
-845
-504
418
1058
1305
1467
1453
1288
1056
1109
964
802
1043
1073
866
532
101
-139
-242
-80
139
278
500
531
515
410
346
459
371
269
312
243
121
-178
-509
-839
-1136
-1105
-1048
-799
-585
-378
-33
271
374
201
-112
-464
-893
-1126
-1220
-1219
-1139
-835
-428
-322
-315
-424
-438
-494
-599
-700
-802
-793
-768
-193
875
1428
1523
1506
1484
1246
899
784
710
932
1250
1120
859
597
366
38
-201
-48
70
328
536
505
504
327
132
129
-9
-34
32
197
181
-218
-596
-1020
-1247
-1339
-1327
-1008
-611
-158
227
475
479
73
-300
-662
-949
-1064
-1190
-1183
-1024
-688
-422
-372
-333
-372
-386
-379
-447
-528
-666
-652
-554
81
1092
1628
1688
1616
1612
1245
805
732
885
1121
1329
1335
1144
859
456
140
2
145
408
652
735
694
472
196
51
140
183
300
403
378
137
-342
-860
-1385
-1554
-1500
-1269
-939
-587
-160
146
170
-51
-412
-680
-920
-1046
-1178
-1371
-1354
-1229
-987
-694
-520
-503
-562
-543
-643
-833
-772
-676
-566
-423
117
820
1236
1563
1662
1553
1188
818
780
750
811
1002
1122
1197
1053
727
412
208
265
274
462
658
664
557
329
250
228
197
282
355
270
25
-324
-726
-1155
-1376
-1304
-1029
-737
-486
-164
86
124
10
-225
-420
-749
-1028
-1173
-1217
-1160
-1088
-926
-635
-468
-536
-507
-439
-522
-803
-783
-627
-324
-92
181
868
1424
1595
1379
1239
1106
901
951
1059
1072
1212
1280
1157
1001
829
555
269
327
487
609
645
556
382
250
203
289
325
314
274
169
-107
-530
-871
-1161
-1347
-1295
-1016
-760
-609
-407
-241
-235
-328
-456
-576
-758
-1022
-1234
-1323
-1246
-1237
-1128
-800
-539
-471
-453
-455
-550
-687
-653
-551
-376
-144
116
614
1131
1297
1195
1157
1108
1017
980
1046
1103
1148
1326
1362
1264
1074
845
568
475
605
703
690
552
475
402
301
299
243
372
469
309
-17
-428
-748
-1119
-1333
-1264
-1075
-781
-484
-345
-329
-422
-490
-563
-680
-730
-889
-1100
-1269
-1369
-1389
-1327
-1089
-750
-535
-459
-480
-589
-752
-907
-858
-643
-263
119
336
652
1004
1043
922
940
1030
966
915
1047
1084
1264
1470
1526
1464
1274
1057
716
527
470
457
505
601
669
641
475
455
449
340
174
66
2
-243
-545
-793
-992
-1004
-790
-522
-356
-186
-81
-72
-210
-405
-663
-1045
-1256
-1318
-1328
-1345
-1252
-1087
-919
-723
-664
-738
-848
-834
-759
-712
-585
-331
-76
105
128
306
568
649
684
826
961
866
814
968
1050
1092
1244
1362
1329
1221
1107
886
653
589
574
571
688
802
784
600
501
453
376
269
238
123
-206
-546
-718
-820
-811
-637
-423
-275
-186
-125
-164
-337
-605
-824
-951
-1032
-1135
-1178
-1181
-1160
-1127
-1053
-995
-900
-801
-740
-727
-661
-621
-521
-350
-214
-242
-346
-405
-248
-38
164
345
489
669
772
880
1006
1092
1120
1158
1205
1238
1120
900
681
689
691
658
724
802
827
733
649
664
684
586
388
235
78
-149
-291
-282
-300
-379
-280
-176
-152
-264
-378
-492
-548
-554
-575
-658
-733
-769
-811
-852
-970
-1086
-1061
-961
-825
-694
-656
-651
-671
-676
-714
-655
-636
-618
-620
-583
-502
-279
4
271
402
514
608
744
868
864
911
1034
1205
1185
1157
1198
1150
1041
1061
1151
1138
1015
1000
1123
1114
996
842
728
552
399
319
278
275
266
173
65
-49
-201
-391
-557
-589
-673
-695
-653
-656
-796
-945
-1064
-1219
-1417
-1489
-1429
-1288
-1118
-975
-957
-1059
-1206
-1304
-1320
-1319
-1313
-1202
-1045
-900
-776
-710
-548
-312
-54
170
325
467
607
832
1001
1050
1050
1137
1266
1331
1392
1412
1323
1390
1513
1570
1553
1566
1538
1376
1218
1143
1080
1014
948
873
714
586
442
199
-110
-373
-492
-543
-624
-652
-689
-813
-868
-886
-1036
-1287
-1462
-1463
-1404
-1328
-1224
-1199
-1226
-1295
-1383
-1512
-1562
-1529
-1442
-1343
-1219
-1067
-907
-795
-648
-535
-413
-182
114
379
550
681
796
845
947
1070
1158
1218
1430
1654
1688
1696
1723
1748
1734
1713
1653
1549
1512
1517
1464
1413
1410
1388
1274
1104
866
524
289
174
-21
-298
-427
-448
-518
-679
-808
-903
-1040
-1117
-1108
-1105
-1145
-1196
-1186
-1205
-1355
-1487
-1673
-1722
-1699
-1653
-1670
-1645
-1497
-1416
-1337
-1245
-1117
-991
-843
-684
-513
-341
-80
167
242
256
332
434
597
780
950
1030
1118
1295
1402
1419
1394
1411
1389
1410
1497
1491
1454
1520
1597
1567
1468
1402
1264
1022
703
467
312
179
108
21
-78
-235
-347
-419
-565
-671
-734
-706
-632
-639
-774
-973
-1100
-1265
-1469
-1505
-1507
-1483
-1434
-1373
-1361
-1441
-1498
-1448
-1344
-1287
-1144
-891
-713
-594
-483
-409
-391
-306
-128
40
148
245
435
643
864
1010
1056
1073
1171
1284
1290
1365
1461
1518
1594
1706
1773
1692
1576
1510
1410
1303
1231
1142
1032
934
711
478
360
249
-5
-244
-262
-228
-218
-253
-244
-348
-487
-595
-712
-901
-1131
-1249
-1312
-1378
-1471
-1541
-1602
-1612
-1595
-1550
-1560
-1447
-1272
-1125
-1030
-965
-852
-855
-811
-731
-659
-588
-435
-184
30
130
230
386
524
665
804
921
1092
1314
1516
1591
1588
1594
1506
1437
1459
1469
1412
1430
1507
1466
1335
1238
1169
1041
863
686
495
348
265
135
58
-5
-33
-114
-228
-352
-565
-728
-782
-820
-958
-1142
-1253
-1329
-1425
-1585
-1681
-1637
-1602
-1516
-1450
-1379
-1402
-1419
-1391
-1367
-1346
-1188
-1002
-839
-716
-593
-524
-513
-387
-244
-111
46
321
496
717
963
1126
1176
1303
1444
1439
1408
1421
1486
1469
1461
1536
1560
1510
1501
1494
1433
1347
1239
1078
930
787
691
611
600
516
324
157
0
-161
-334
-462
-560
-640
-772
-894
-945
-1095
-1233
-1307
-1336
-1371
-1390
-1391
-1393
-1442
-1544
-1631
-1653
-1578
-1473
-1365
-1216
-1058
-999
-974
-941
-865
-778
-688
-498
-190
100
319
517
693
820
941
1052
1110
1160
1237
1351
1432
1482
1562
1601
1559
1604
1676
1677
1622
1588
1549
1521
1490
1394
1239
1052
913
806
694
537
335
88
-133
-272
-362
-507
-673
-801
-844
-893
-938
-1016
-1114
-1168
-1280
-1430
-1589
-1700
-1809
-1840
-1770
-1666
-1597
-1568
-1486
-1378
-1345
-1329
-1263
-1194
-1097
-914
-701
-487
-324
-133
86
288
438
524
651
759
898
1035
1203
1343
1435
1520
1550
1579
1591
1568
1614
1675
1692
1691
1715
1741
1611
1524
1466
1356
1139
927
752
574
382
213
51
-148
-327
-448
-504
-575
-642
-722
-739
-791
-918
-1114
-1325
-1476
-1607
-1710
-1745
-1771
-1795
-1792
-1780
-1715
-1732
-1739
-1676
-1574
-1393
-1218
-1013
-897
-791
-679
-586
-460
-391
-245
-78
127
356
550
741
854
1015
1172
1297
1407
1484
1566
1639
1696
1678
1678
1709
1783
1827
1885
1924
1881
1767
1616
1431
1188
1021
873
701
522
383
238
41
-86
-155
-229
-330
-486
-660
-831
-947
-1061
-1189
-1311
-1388
-1474
-1530
-1593
-1631
-1704
-1771
-1785
-1818
-1822
-1770
-1641
-1485
-1299
-1128
-1027
-956
-880
-788
-670
-568
-456
-314
-138
57
271
474
660
812
935
1102
1255
1392
1486
1542
1590
1635
1664
1647
1692
1740
1771
1809
1792
1707
1563
1454
1372
1268
1106
971
861
682
531
419
298
66
-177
-336
-531
-733
-912
-954
-990
-1068
-1148
-1217
-1290
-1441
-1530
-1605
-1693
-1746
-1784
-1796
-1773
-1692
-1646
-1595
-1531
-1420
-1291
-1179
-1012
-874
-802
-697
-523
-371
-263
-134
32
230
450
665
797
883
987
1127
1309
1445
1519
1584
1700
1798
1847
1804
1737
1704
1628
1604
1596
1541
1407
1309
1254
1188
1111
1001
801
603
369
163
-73
-276
-456
-606
-710
-804
-869
-1024
-1193
-1270
-1278
-1342
-1472
-1582
-1637
-1689
-1706
-1667
-1603
-1615
-1586
-1514
-1443
-1396
-1361
-1303
-1182
-1029
-875
-714
-585
-426
-274
-134
-4
108
201
329
521
742
899
1009
1137
1335
1477
1622
1718
1746
1733
1716
1703
1672
1677
1647
1624
1596
1580
1553
1507
1382
1279
1141
974
786
566
303
91
-67
-195
-315
-445
-549
-689
-797
-906
-1053
-1253
-1340
-1318
-1332
-1395
-1435
-1457
-1528
-1584
-1590
-1600
-1605
-1601
-1520
-1438
-1340
-1244
-1168
-1052
-936
-742
-625
-576
-512
-424
-301
-173
32
231
388
571
774
960
1066
1147
1181
1220
1311
1414
1458
1431
1434
1435
1453
1463
1487
1462
1393
1345
1310
1232
1055
877
778
692
556
389
216
51
-118
-248
-345
-425
-541
-697
-791
-860
-925
-968
-1018
-1035
-1077
-1129
-1199
-1254
-1303
-1367
-1395
-1364
-1328
-1319
-1258
-1146
-1038
-978
-953
-884
-836
-734
-555
-356
-205
-84
64
160
252
283
307
340
455
601
710
826
943
1060
1125
1202
1324
1382
1437
1442
1474
1462
1388
1294
1172
1066
962
909
891
848
791
753
698
659
557
363
196
66
-81
-270
-425
-482
-552
-671
-753
-758
-839
-914
-909
-864
-945
-1027
-1058
-1105
-1172
-1189
-1147
-1121
-1117
-1102
-1045
-952
-859
-813
-795
-742
-625
-489
-368
-271
-179
-148
-118
-35
91
165
216
342
468
553
658
777
892
949
989
1078
1109
1035
970
977
946
884
860
876
877
881
884
887
849
721
628
520
393
262
137
61
-16
-69
-105
-182
-279
-381
-505
-642
-684
-702
-779
-772
-740
-733
-835
-887
-880
-909
-952
-946
-872
-849
-838
-764
-682
-642
-652
-604
-538
-446
-384
-300
-269
-234
-195
-136
-79
-7
123
201
293
388
492
545
585
603
613
630
701
772
786
771
797
811
794
816
794
739
690
728
762
699
669
685
650
518
387
300
187
47
-62
-148
-258
-310
-336
-365
-361
-358
-342
-354
-400
-429
-493
-559
-612
-630
-681
-718
-698
-675
-704
-708
-670
-604
-565
-527
-426
-423
-402
-394
-369
-371
-307
-221
-158
-127
-111
-104
-91
-33
68
175
303
413
517
569
586
642
672
647
640
684
711
658
611
639
655
648
665
690
659
627
595
537
409
327
260
225
212
180
99
-21
-62
-149
-164
-244
-242
-248
-289
-307
-303
-304
-410
-482
-524
-586
-690
-699
-671
-654
-678
-652
-606
-588
-624
-642
-620
-568
-470
-419
-403
-429
-427
-444
-456
-417
-353
-331
-282
-158
-38
40
122
240
265
287
384
454
481
526
565
587
626
669
740
755
743
745
760
760
729
728
727
669
614
560
492
429
392
394
343
290
242
186
120
72
29
-75
-121
-164
-188
-238
-304
-321
-363
-451
-515
-513
-583
-671
-717
-693
-689
-710
-713
-728
-708
-707
-715
-724
-728
-692
-643
-583
-561
-533
-481
-402
-295
-181
-125
-79
-11
83
170
235
354
409
446
450
490
530
573
650
725
811
870
912
918
916
916
924
922
861
802
738
686
664
642
564
488
442
387
297
203
111
2
-99
-133
-158
-191
-239
-309
-383
-501
-604
-683
-714
-811
-860
-883
-899
-973
-1009
-987
-946
-909
-874
-852
-885
-898
-907
-865
-831
-771
-702
-612
-489
-383
-283
-154
-69
38
119
213
284
335
394
436
489
542
625
751
839
893
975
1080
1168
1146
1158
1200
1191
1109
1035
955
869
781
735
722
669
604
536
524
411
288
137
39
-28
-117
-190
-300
-369
-478
-601
-702
-733
-767
-853
-930
-974
-1013
-1043
-1063
-1051
-1065
-1074
-1021
-982
-940
-942
-914
-851
-774
-723
-670
-626
-564
-494
-410
-278
-153
-29
92
237
351
431
496
563
602
618
723
836
977
1078
1166
1250
1291
1334
1290
1246
1222
1194
1088
988
895
808
755
722
706
641
545
426
313
171
33
-125
-224
-303
-357
-476
-608
-735
-827
-967
-1053
-1025
-1025
-1055
-1077
-1059
-1078
-1123
-1179
-1178
-1194
-1184
-1144
-1047
-975
-977
-908
-815
-735
-655
-552
-406
-278
-141
-84
-38
47
165
255
372
542
631
723
838
961
1030
1124
1200
1249
1313
1352
1368
1387
1380
1321
1268
1260
1253
1170
1016
879
747
650
603
520
395
265
192
86
-50
-158
-270
-329
-419
-514
-628
-783
-919
-1038
-1098
-1127
-1152
-1175
-1212
-1240
-1251
-1262
-1237
-1214
-1199
-1203
-1175
-1099
-1049
-1044
-1025
-937
-860
-749
-642
-512
-352
-235
-93
33
133
242
374
547
701
823
942
983
1037
1067
1114
1164
1261
1354
1413
1468
1512
1519
1485
1480
1432
1353
1266
1143
975
824
692
626
541
427
316
224
100
-63
-196
-324
-415
-487
-564
-662
-762
-943
-1088
-1170
-1247
-1305
-1327
-1305
-1339
-1353
-1374
-1396
-1385
-1387
-1357
-1277
-1177
-1093
-1051
-984
-892
-804
-688
-546
-392
-247
-81
60
193
267
319
455
630
765
863
973
1078
1130
1229
1334
1417
1424
1460
1553
1549
1518
1507
1500
1455
1376
1251
1177
1056
915
745
608
533
454
347
199
122
11
-150
-287
-413
-572
-722
-804
-816
-914
-1075
-1211
-1274
-1316
-1399
-1419
-1378
-1341
-1366
-1387
-1346
-1321
-1306
-1285
-1229
-1151
-1074
-988
-895
-789
-682
-561
-433
-295
-162
-52
30
169
264
361
442
573
700
803
876
987
1106
1177
1236
1282
1299
1311
1327
1299
1277
1233
1248
1212
1190
1140
1063
952
829
700
551
466
349
266
168
75
-8
-116
-206
-302
-388
-509
-612
-729
-832
-936
-995
-1005
-1029
-1074
-1079
-1109
-1097
-1096
-1099
-1097
-1118
-1097
-1066
-1005
-951
-826
-719
-595
-519
-449
-371
-273
-205
-120
6
108
195
288
405
499
593
670
766
830
910
963
1025
1079
1069
1085
1087
1105
1138
1177
1161
1153
1118
1024
920
877
796
685
564
481
361
259
196
128
63
-40
-170
-319
-439
-556
-618
-697
-766
-818
-916
-1014
-1072
-1098
-1135
-1156
-1097
-1032
-1026
-1044
-1019
-1015
-1017
-974
-885
-816
-757
-674
-607
-550
-504
-433
-330
-192
-54
47
122
178
273
352
461
582
678
729
782
844
899
944
983
1043
1053
1037
1026
1026
976
950
958
960
920
857
811
749
630
522
469
391
317
212
102
3
-100
-223
-335
-422
-485
-571
-623
-650
-677
-733
-772
-814
-873
-940
-990
-968
-961
-941
-930
-911
-854
-859
-809
-757
-702
-651
-576
-471
-384
-316
-237
-168
-117
-80
-18
91
171
251
301
375
442
507
566
645
731
769
834
882
901
920
945
991
1001
1011
957
955
939
858
783
707
662
540
477
439
384
303
229
162
66
-14
-107
-232
-313
-408
-505
-578
-648
-702
-776
-803
-845
-855
-881
-906
-910
-891
-845
-797
-750
-743
-742
-746
-729
-702
-665
-624
-592
-529
-478
-417
-334
-214
-108
-9
78
124
174
209
245
289
376
459
533
569
638
664
697
706
770
861
892
897
890
858
771
693
674
659
623
576
531
481
407
335
304
273
211
147
91
27
-11
-76
-169
-239
-315
-355
-375
-382
-397
-468
-515
-577
-639
-677
-665
-629
-594
-535
-540
-545
-575
-600
-614
-616
-600
-567
-537
-490
-430
-378
-315
-269
-198
-124
-52
-22
27
79
129
146
186
244
318
354
360
388
419
467
492
554
614
638
601
624
633
605
562
560
555
520
475
421
381
330
286
264
246
224
207
158
112
26
-42
-95
-145
-160
-184
-243
-296
-323
-407
-475
-489
-469
-504
-535
-515
-497
-501
-505
-461
-440
-412
-442
-438
-421
-422
-416
-401
-367
-309
-257
-169
-102
-40
1
-3
19
43
72
95
169
225
249
271
337
362
416
410
438
447
437
474
488
510
516
551
564
554
532
492
455
425
321
248
188
200
170
146
136
103
50
-24
-73
-135
-177
-226
-253
-307
-344
-376
-395
-431
-433
-447
-429
-458
-463
-493
-484
-478
-482
-498
-500
-510
-507
-472
-434
-375
-329
-278
-243
-193
-186
-177
-146
-99
-91
-73
1
52
110
160
223
270
286
316
373
393
387
401
475
513
530
520
534
536
501
487
466
481
459
421
363
359
348
345
357
358
345
270
227
174
104
25
-21
-28
-51
-104
-172
-215
-270
-342
-365
-381
-375
-372
-390
-426
-469
-498
-525
-542
-546
-527
-528
-511
-522
-515
-511
-472
-417
-385
-337
-298
-257
-210
-181
-114
-71
-38
-4
53
83
83
124
156
205
238
288
354
398
457
476
518
551
554
616
660
667
641
601
500
422
405
425
408
402
411
380
330
296
264
230
178
85
26
-38
-121
-166
-204
-254
-281
-338
-372
-410
-422
-420
-422
-411
-417
-433
-451
-484
-534
-579
-579
-563
-526
-484
-430
-405
-388
-375
-357
-313
-308
-278
-225
-166
-119
-78
-20
40
73
105
166
225
273
311
362
426
455
456
474
512
523
505
510
519
498
475
463
455
444
436
415
396
369
312
293
240
223
177
144
113
84
58
-27
-66
-75
-91
-137
-160
-186
-252
-334
-347
-363
-351
-368
-382
-398
-420
-470
-532
-528
-545
-563
-572
-537
-526
-523
-511
-467
-417
-391
-341
-299
-251
-205
-185
-167
-127
-80
-27
32
102
166
214
238
258
291
298
317
366
425
468
494
506
512
499
492
502
517
492
499
503
467
461
449
440
421
424
413
365
295
267
237
198
181
179
138
54
-13
-58
-109
-164
-219
-292
-340
-365
-401
-410
-412
-451
-460
-473
-509
-557
-583
-595
-620
-608
-611
-576
-573
-546
-515
-462
-415
-370
-319
-260
-203
-180
-149
-81
-33
-16
23
83
155
188
217
256
323
351
366
406
454
493
485
502
545
561
545
528
533
506
450
439
482
503
490
491
484
461
397
310
294
261
193
126
77
20
-42
-96
-127
-194
-276
-334
-361
-381
-404
-428
-464
-506
-562
-630
-619
-625
-611
-604
-610
-632
-641
-621
-608
-550
-494
-436
-420
-352
-290
-243
-199
-109
-54
-20
21
65
108
138
203
278
345
388
416
465
527
579
606
624
624
601
592
601
615
614
620
606
595
586
554
510
485
443
374
302
251
207
169
97
53
8
-45
-123
-183
-228
-286
-343
-415
-440
-480
-523
-578
-596
-618
-668
-723
-750
-780
-801
-797
-769
-709
-673
-645
-605
-550
-512
-482
-426
-358
-289
-238
-169
-96
-31
34
85
165
245
308
353
414
461
497
549
618
665
716
738
768
780
769
792
806
805
805
781
754
703
653
619
559
507
480
451
395
336
282
205
124
52
-4
-79
-151
-231
-315
-417
-507
-557
-600
-661
-716
-746
-790
-826
-868
-865
-893
-923
-923
-914
-891
-870
-843
-789
-747
-692
-638
-591
-523
-447
-373
-316
-223
-149
-81
-38
32
117
191
297
385
466
517
575
639
724
787
821
846
862
904
886
883
911
892
883
883
862
836
779
711
667
622
568
504
434
385
293
193
120
62
-23
-117
-183
-247
-306
-373
-454
-528
-610
-683
-733
-802
-828
-865
-869
-874
-901
-927
-934
-923
-933
-906
-836
-759
-702
-659
-589
-503
-460
-406
-367
-280
-198
-120
-16
111
212
281
377
493
570
608
633
711
764
770
808
898
983
991
974
979
972
935
906
895
840
789
719
661
607
540
475
413
381
314
229
152
89
12
-67
-158
-221
-293
-418
-555
-628
-708
-787
-854
-904
-938
-969
-985
-998
-982
-1013
-1018
-1022
-997
-997
-982
-956
-899
-835
-805
-722
-632
-536
-449
-356
-258
-159
-107
-35
55
129
192
270
358
468
539
607
659
708
740
778
819
869
910
923
944
952
955
952
931
919
891
824
770
704
646
557
496
427
407
324
253
180
131
80
-1
-46
-133
-211
-344
-437
-543
-602
-663
-715
-716
-728
-767
-792
-792
-772
-782
-788
-767
-764
-788
-807
-751
-713
-651
-636
-578
-518
-463
-418
-359
-267
-169
-80
6
134
221
275
323
374
431
479
523
587
611
649
687
741
782
819
856
904
926
924
919
889
863
805
739
691
651
575
520
461
380
321
250
169
121
65
-10
-76
-131
-218
-298
-356
-415
-477
-559
-626
-669
-714
-763
-792
-799
-814
-836
-854
-852
-822
-806
-796
-787
-764
-747
-727
-699
-641
-551
-470
-391
-309
-254
-221
-167
-81
0
64
131
197
288
327
359
395
441
486
551
618
660
686
673
691
709
721
737
725
712
665
643
606
580
562
501
449
408
354
285
242
162
79
24
-34
-82
-131
-185
-220
-266
-314
-359
-417
-452
-474
-485
-515
-554
-586
-644
-666
-650
-624
-610
-568
-504
-470
-472
-439
-392
-383
-386
-344
-283
-267
-236
-195
-129
-35
27
83
159
214
231
259
307
347
360
350
372
428
439
436
456
496
526
531
563
554
530
502
468
485
475
454
430
422
402
361
306
236
200
174
126
97
69
38
-29
-78
-101
-138
-212
-269
-278
-270
-288
-320
-342
-377
-419
-456
-448
-453
-468
-476
-460
-443
-412
-410
-387
-364
-351
-370
-359
-340
-320
-300
-244
-173
-131
-107
-86
-54
-49
-25
14
70
121
165
199
231
262
280
284
330
343
354
343
353
360
346
338
351
365
372
350
308
303
275
251
215
200
181
132
94
87
79
77
30
-32
-63
-88
-138
-162
-146
-174
-213
-268
-287
-303
-331
-350
-350
-317
-323
-353
-370
-367
-368
-380
-344
-296
-266
-267
-272
-228
-213
-209
-173
-131
-89
-77
-58
-11
14
43
81
133
179
208
221
248
269
295
327
360
384
404
399
389
397
392
399
382
377
382
356
348
341
336
312
305
295
252
212
150
93
41
25
-19
-51
-70
-79
-99
-97
-117
-152
-192
-227
-243
-279
-315
-334
-340
-342
-356
-352
-367
-393
-402
-387
-367
-376
-335
-308
-285
-283
-291
-269
-232
-204
-196
-172
-124
-104
-73
-38
18
55
71
123
183
232
242
282
311
308
297
306
341
360
343
339
350
325
314
333
331
308
289
300
308
270
231
213
202
172
126
98
68
20
-30
-49
-73
-121
-178
-219
-240
-266
-285
-302
-302
-332
-353
-363
-361
-359
-389
-390
-387
-384
-414
-425
-400
-367
-348
-331
-274
-246
-241
-198
-155
-114
-103
-83
-23
34
61
59
92
128
141
168
208
253
275
300
331
351
382
373
365
393
385
381
370
389
388
368
361
347
340
334
327
297
270
246
191
124
82
41
12
-31
-37
-46
-59
-92
-125
-119
-112
-148
-188
-185
-187
-224
-246
-242
-229
-255
-300
-314
-328
-321
-325
-295
-261
-244
-232
-217
-168
-157
-166
-169
-145
-124
-112
-94
-67
-42
-25
-4
44
80
99
123
155
181
157
133
134
146
154
187
211
220
216
222
234
234
234
220
197
192
194
180
152
128
88
75
57
59
58
62
24
7
3
-22
-37
-80
-52
-74
-97
-137
-136
-164
-197
-195
-166
-143
-158
-183
-192
-192
-215
-212
-201
-167
-149
-122
-120
-106
-125
-114
-136
-124
-116
-124
-118
-67
-27
-17
-7
11
59
31
52
57
78
55
48
77
109
128
141
156
173
148
118
111
94
83
72
89
91
81
80
74
63
67
63
39
21
26
22
11
9
6
-5
-11
-2
-9
0
9
-1
-4
-1
-8
-33
-28
-32
-42
-26
-23
-4
-4
-13
-30
-34
-15
8
28
40
84
84
92
95
79
91
83
91
108
130
112
106
84
49
39
-7
4
-15
-14
-15
-8
6
-11
-6
-16
-2
-51
-59
-74
-93
-111
-118
-94
-80
-77
-93
-96
-109
-117
-119
-102
-84
-98
-105
-87
-77
-82
-79
-59
-37
-56
-90
-92
-66
-82
-72
-46
12
49
53
63
55
52
14
13
38
72
49
24
25
58
44
74
99
133
134
108
103
65
39
-16
-34
-22
-20
-34
-34
-29
-44
-61
-72
-84
-92
-98
-86
-71
-69
-80
-77
-91
-87
-75
-90
-82
-80
-87
-69
-60
-58
-73
-83
-86
-82
-49
-43
-35
-39
-33
-22
-10
19
47
66
85
94
106
116
147
189
209
231
233
229
205
199
201
205
182
173
208
209
214
231
239
239
213
187
154
139
115
106
88
92
83
81
71
64
45
12
-13
-37
-33
-37
-31
-56
-70
-98
-127
-150
-157
-174
-189
-192
-217
-219
-249
-259
-255
-224
-232
-234
-217
-185
-159
-140
-133
-120
-134
-149
-114
-103
-82
-106
-83
-71
-48
-45
4
67
76
99
87
101
112
106
101
98
99
103
90
112
129
130
127
123
128
101
84
57
41
23
32
25
24
21
5
-22
-42
-66
-87
-110
-104
-121
-136
-151
-175
-183
-194
-195
-206
-180
-189
-166
-147
-132
-129
-138
-133
-114
-86
-69
-62
-64
-48
-26
-8
35
68
78
65
49
40
33
48
65
94
116
152
176
179
188
207
228
230
225
217
189
210
207
218
226
236
215
174
137
107
102
101
99
103
99
75
46
39
45
43
38
42
16
-33
-83
-100
-117
-126
-111
-120
-105
-133
-140
-153
-146
-141
-138
-137
-153
-161
-160
-148
-114
-95
-84
-68
-65
-72
-94
-110
-95
-104
-97
-62
-4
39
25
20
34
44
52
51
88
96
103
98
112
131
114
113
125
170
167
158
140
159
124
106
106
138
140
123
111
104
71
40
38
39
43
16
4
-20
-22
-71
-102
-92
-89
-90
-114
-105
-136
-162
-171
-177
-171
-164
-154
-172
-171
-187
-218
-226
-233
-232
-244
-230
-214
-179
-167
-133
-96
-85
-64
-76
-76
-71
-85
-100
-87
-67
-42
-30
0
12
22
26
42
74
79
93
115
137
142
138
132
129
131
137
169
198
185
167
152
144
154
150
172
177
160
145
142
132
107
109
91
100
99
117
121
121
93
61
55
40
33
11
8
-17
-31
-47
-45
-40
-41
-42
-55
-69
-83
-73
-63
-64
-72
-61
-80
-81
-110
-108
-126
-130
-125
-139
-94
-73
-55
-67
-42
-77
-117
-128
-101
-77
-58
-31
3
16
43
36
47
57
50
46
41
63
48
62
82
123
129
136
135
122
107
79
67
74
70
54
54
76
66
43
64
92
101
93
97
84
60
39
43
36
30
16
-17
-21
-40
-34
-44
-34
-20
-64
-82
-109
-123
-143
-154
-145
-135
-140
-168
-168
-184
-182
-162
-126
-116
-91
-106
-113
-108
-94
-111
-101
-91
-94
-110
-94
-81
-75
-53
-30
17
22
17
27
52
56
66
67
97
80
69
73
64
83
77
104
126
129
133
114
110
101
102
115
134
137
135
116
102
85
56
62
90
105
99
86
85
75
22
-12
-27
-46
-71
-77
-48
-42
-85
-110
-106
-71
-69
-72
-58
-41
-78
-136
-148
-151
-161
-161
-140
-102
-94
-101
-92
-81
-79
-95
-87
-81
-80
-65
-67
-56
-14
16
35
54
86
87
89
82
90
106
129
137
140
166
158
156
152
156
162
145
133
139
146
128
112
116
122
111
123
134
135
96
60
36
30
16
-4
7
-7
-24
-28
-36
-29
-45
-70
-65
-83
-110
-153
-154
-187
-185
-182
-157
-119
-132
-132
-123
-106
-140
-133
-142
-138
-148
-132
-117
-103
-81
-77
-66
-81
-62
-47
-8
5
2
-12
-11
2
24
46
56
73
76
63
25
20
33
57
64
89
101
98
94
79
72
71
68
48
53
63
56
41
26
27
5
5
19
28
19
1
-22
-31
-40
-55
-46
-22
-10
-36
-39
-30
-51
-65
-76
-79
-72
-65
-60
-55
-48
-22
-15
-1
32
27
10
-11
-21
-17
-24
-17
18
57
82
108
125
122
122
129
119
110
97
104
116
136
119
106
114
97
79
71
83
109
102
99
83
88
70
44
59
60
57
22
22
0
-19
-59
-88
-89
-102
-101
-83
-62
-57
-73
-91
-91
-134
-162
-191
-166
-169
-149
-139
-118
-118
-128
-129
-132
-102
-108
-126
-112
-83
-73
-46
-21
6
-2
10
5
16
23
21
44
65
87
102
127
129
124
116
93
72
60
41
52
42
54
60
82
105
96
91
95
99
80
102
120
111
86
61
46
29
-14
-42
-42
-39
-42
-59
-47
-46
-54
-84
-85
-97
-134
-160
-173
-193
-205
-219
-226
-215
-193
-204
-193
-164
-175
-155
-135
-108
-100
-102
-93
-94
-75
-43
-12
1
1
11
18
32
52
78
95
83
79
93
105
118
136
162
184
205
218
234
260
258
244
235
245
246
233
221
221
219
178
172
155
144
124
133
130
130
102
72
61
40
-4
-38
-57
-81
-95
-113
-113
-128
-146
-153
-143
-156
-163
-190
-162
-154
-146
-148
-133
-118
-138
-155
-165
-153
-173
-183
-160
-141
-114
-91
-76
-44
-16
-7
-9
10
1
-7
-22
-10
-7
17
39
56
78
66
53
66
85
107
113
129
164
174
155
123
121
107
105
86
83
97
72
38
25
40
29
14
12
20
-2
-24
-52
-46
-49
-78
-100
-91
-94
-123
-155
-167
-175
-187
-175
-173
-131
-141
-165
-173
-157
-150
-169
-157
-126
-126
-131
-100
-75
-25
-22
-17
-16
-2
-16
-4
13
37
30
34
52
52
86
96
133
148
156
160
172
188
197
209
209
202
174
162
168
152
164
174
195
192
164
149
116
100
83
50
26
34
30
32
67
79
59
21
-7
-49
-74
-109
-121
-107
-91
-81
-79
-74
-79
-77
-68
-73
-87
-90
-96
-91
-82
-81
-95
-95
-96
-84
-76
-64
-99
-115
-107
-114
-104
-83
-78
-78
-76
-41
-4
18
20
8
11
-5
-18
-18
21
31
30
26
48
84
82
96
133
152
129
93
97
101
75
56
74
83
45
13
3
-8
-37
-56
-50
-21
-7
-18
-14
10
0
-15
-10
9
-2
-22
-19
-3
-15
-38
-54
-55
-77
-89
-81
-73
-73
-86
-55
-34
-22
-3
-16
-13
-37
-54
-64
-61
-80
-90
-64
-55
-33
-26
-20
5
20
13
21
41
52
55
49
47
46
37
46
55
55
42
27
18
31
39
47
45
61
58
51
62
67
67
55
44
32
1
-8
-4
15
44
53
47
42
31
14
12
19
2
-11
-37
-25
-32
-54
-38
-30
-35
-62
-70
-36
-28
-23
-13
13
12
-18
9
40
57
28
10
-2
-10
-10
-11
2
23
14
8
28
61
64
55
44
50
42
22
30
35
40
0
2
4
-10
-6
-1
31
49
63
45
53
44
17
-10
-10
14
-7
-27
-9
-2
-26
-46
-51
-36
-22
-31
-45
-37
-58
-81
-90
-66
-61
-86
-82
-80
-53
-60
-88
-82
-50
-36
-40
-47
-40
-54
-63
-31
-23
-35
-55
-52
-53
-61
-72
-84
-63
-54
-37
-6
14
9
-10
-4
-12
-6
9
25
23
14
-5
-18
-6
3
30
42
55
38
35
20
2
12
13
11
9
14
17
16
13
11
24
42
36
41
57
58
38
40
41
46
59
66
90
93
72
62
52
57
44
40
47
52
52
24
37
41
29
21
44
61
49
28
30
31
18
10
14
23
29
17
5
4
17
-3
-38
-19
-10
-5
-4
24
37
9
-15
-28
-6
1
-28
-24
-18
-32
-59
-52
-9
-7
-19
-9
9
-3
-34
-34
-25
4
0
-3
33
