SAMPLES:	12125
BITSPERSAMPLE:	16
CHANNELS:	1
SAMPLERATE:	16000
NORMALIZED:	FALSE
37
-6
13
25
-14
23
-11
18
14
11
13
9
10
1
19
-15
27
-3
36
11
-1
39
-18
38
-17
24
-2
13
25
-13
34
-17
36
-4
22
20
3
31
-6
29
-7
18
-7
5
4
11
7
0
12
-4
12
-2
9
-7
11
7
2
15
9
30
0
11
0
-21
-2
-10
-1
3
-10
3
-11
0
-5
2
6
-5
20
-10
5
-16
9
5
-2
11
-16
11
-10
14
-8
-6
12
-20
10
-9
-14
-9
-12
-14
-11
-5
-3
2
-25
28
-39
-5
-9
-34
-2
-13
-16
-4
-9
-11
-14
-12
-19
-23
-20
-26
-4
-31
-10
-32
-17
-11
-11
-4
-20
-9
-28
-22
-21
-24
-22
2
-22
10
-20
-14
6
-22
2
-7
-1
-3
9
6
-9
17
-25
6
11
-4
20
13
6
6
5
5
3
6
15
-4
25
3
12
14
28
13
25
18
17
24
0
19
6
8
8
30
9
10
37
10
25
29
31
-15
38
-14
7
23
-8
32
-11
24
12
-1
12
5
11
-9
27
-14
12
-3
1
10
-7
19
-5
19
-11
11
6
-20
29
-35
31
-7
27
26
-13
23
-23
8
-16
-3
-8
-23
18
-39
-7
-21
-26
-12
-23
9
-22
6
10
-24
18
-21
-29
8
-24
-15
25
-12
4
6
-12
-20
2
-12
0
22
17
-4
15
-4
-35
28
-20
9
26
-11
27
-6
31
-11
-2
19
-29
38
-32
29
-11
22
1
1
-2
-10
17
-5
22
-5
-20
1
-22
-9
-15
-17
8
-12
-6
1
-22
-3
-16
-6
-11
-32
7
-32
-20
-7
-40
-24
-18
-43
-10
-36
1
-24
-14
1
-25
-33
0
-48
-9
-1
-35
2
-22
3
-8
20
-2
-6
24
-12
12
16
16
-2
9
14
3
14
-2
21
-15
32
4
7
16
19
25
31
30
23
22
22
9
14
17
1
49
18
49
12
16
7
-11
37
-11
39
7
21
8
-14
34
-24
28
10
-3
25
-2
32
8
9
22
2
24
11
16
2
12
35
-32
22
-28
-9
13
-21
39
-13
28
2
13
1
-15
8
-20
-21
23
-31
-12
5
-46
-7
-32
-17
-35
-1
-11
-2
-3
-21
-3
-7
-24
14
-17
-22
-9
-24
-20
-11
-6
-6
-9
-17
1
-25
-12
-12
-24
-7
-12
-10
2
-23
2
-20
-11
-14
14
-15
-6
7
-13
-10
-23
5
-43
13
7
-31
29
-49
20
8
-49
70
-13
34
4
3
6
-43
19
-21
19
15
13
9
3
15
-2
11
-1
4
7
-5
26
-14
10
0
-12
-4
-1
-2
-4
-6
5
11
0
8
17
-16
-4
8
-26
-10
16
-23
-13
15
-19
27
-26
-4
-24
-5
-3
-1
36
-11
39
4
4
26
-16
51
-16
62
24
21
42
-11
47
4
34
33
3
37
-12
50
2
27
23
3
20
20
-8
-9
33
-23
40
10
21
-11
10
-26
6
-9
-26
35
-47
2
-15
-36
-15
-41
22
-45
13
-16
-31
-5
-46
0
-2
-21
8
-27
-42
-1
-40
0
-15
5
12
4
2
-15
-10
-5
5
7
4
16
26
2
3
1
-14
29
11
-20
15
-24
-10
-10
-26
10
-5
38
-35
16
-51
-2
-10
-18
15
-6
19
0
-13
-10
-11
-23
-3
-27
-10
-14
9
-23
-8
0
4
-26
-2
-35
-46
-21
-8
-18
-4
-24
28
-29
27
8
-6
-3
-11
-25
-8
-19
1
7
19
21
22
4
7
16
-3
6
3
45
12
47
10
-6
30
13
51
26
48
55
15
53
33
4
48
11
57
12
19
41
14
37
16
36
26
14
31
-2
-6
30
9
-8
1
-5
11
-9
4
-3
-23
3
-17
4
-41
-15
8
-53
-4
-12
-21
-37
2
-60
-37
-52
-40
-43
-45
28
-44
10
-73
-16
-60
-39
-4
-43
-3
-17
-11
-34
-36
0
-52
23
-52
20
-34
1
22
-42
30
-49
32
-21
15
30
3
22
45
-40
30
-17
27
46
5
35
20
34
32
0
44
14
35
40
3
53
12
17
11
17
11
40
-5
12
-1
35
2
19
6
-25
6
-9
6
15
-20
21
-23
-2
-18
-22
-17
-8
-18
-6
-32
-13
-19
-26
-20
-26
-26
-9
-6
-19
-3
-42
11
-32
-39
1
-29
-15
12
-43
19
19
22
21
-2
11
2
-31
-4
-23
12
45
16
63
-18
33
14
-19
53
-6
49
53
-19
46
20
27
13
16
27
-9
32
15
-5
4
12
0
5
7
11
23
15
56
14
7
5
-22
-4
19
18
1
-4
-8
-1
-50
10
-5
-51
10
-24
-11
-48
-14
-11
-28
-21
14
-47
-33
-3
-8
-45
-12
20
-54
-57
44
-70
-23
26
-55
-7
-13
-35
-7
-71
44
-15
-33
10
-42
18
-71
2
3
-88
60
-9
-12
-33
103
-59
82
-38
2
34
-44
91
-60
57
-1
28
73
-53
34
4
-104
82
-46
10
25
1
2
13
-19
34
-37
63
-12
22
19
-23
-18
4
-2
5
27
-21
30
27
-1
16
7
29
61
42
-5
33
-17
29
-3
-5
7
-30
30
-30
55
-19
-6
21
17
19
8
34
-8
42
8
-2
-15
-4
41
35
-18
70
-19
69
12
13
27
-28
53
-9
2
17
5
4
21
-70
34
-58
43
36
-26
40
36
-16
-32
5
-11
-54
36
11
-54
-35
-72
9
-21
-5
16
-34
68
-3
19
-83
3
-29
-52
42
-58
13
57
-49
15
-49
-82
26
-34
-33
-3
-37
-28
-9
8
-53
-84
39
-27
-68
58
-69
-27
-15
-9
43
-59
47
23
-17
14
4
-194
27
4
15
137
81
97
-19
-48
-19
-140
-12
-95
83
136
-106
168
-55
-90
72
-103
-72
-71
-20
57
-63
66
40
2
10
-1
48
-116
-32
37
-163
-19
21
-43
94
67
23
72
-86
40
-51
-59
51
-17
78
-14
30
41
-23
73
45
-52
73
47
36
3
-41
80
-12
5
66
-16
75
74
16
3
-48
-29
107
-12
76
137
-30
-14
-42
-31
-55
84
59
64
73
36
38
-18
9
48
94
37
42
43
-4
75
-6
-8
-77
-23
-18
-149
-11
-116
-27
37
-3
8
-52
-18
14
-28
30
1
62
24
12
65
-106
8
66
-48
118
-4
-21
115
-100
16
-37
-93
26
-59
-16
-82
-51
-75
-132
29
-53
-18
65
-9
20
38
-43
16
-26
-114
68
-97
-37
49
-55
15
-77
-6
-50
-144
19
-43
-76
-4
-26
-47
-47
11
-11
-48
-16
-44
8
-10
-98
-20
-7
22
-43
-1
-85
40
108
-28
41
-5
82
54
-1
-10
24
24
35
122
5
34
108
-14
31
-4
-57
67
-34
26
13
-53
0
-22
42
-21
48
106
33
57
31
-8
16
28
14
46
32
46
76
18
58
56
4
1
-7
28
-41
-3
11
-5
-1
-32
-26
-70
-14
27
24
-12
68
36
7
-4
-23
11
-9
-58
-3
32
-3
113
62
45
52
47
-53
-80
-46
-88
24
49
48
109
12
53
9
-72
-10
3
-60
-17
15
-45
-29
34
-20
-27
56
23
-9
-35
-102
-64
-67
-77
36
-15
-7
49
-5
-49
-40
-58
-71
-14
-24
-25
-29
-19
5
-33
-20
-12
-34
-29
26
-18
-44
-13
-29
-13
1
15
18
19
11
55
-33
2
29
2
60
39
53
23
-22
13
3
-56
10
-28
-30
15
-36
-51
-28
-26
6
12
-11
-8
-39
-38
-25
-35
-46
-24
-7
-1
5
7
-13
-27
-31
8
-37
-22
-3
-2
28
13
49
17
8
32
22
11
44
21
5
49
41
20
15
43
42
65
99
81
88
71
82
60
28
19
33
67
67
85
87
72
38
63
32
-29
11
7
-3
14
-9
19
10
-1
18
-23
-48
-42
-47
-51
-63
-47
-51
-50
-41
-74
-94
-79
-61
-60
-48
-45
-58
-63
-47
-53
-72
-100
-57
-40
-82
-6
-15
-45
-14
-10
-72
-63
-95
-101
-62
-75
-47
-29
-64
-84
-70
-82
-87
-76
2
13
96
156
216
330
409
526
549
557
544
488
398
351
280
275
255
212
154
71
31
-105
-176
-257
-300
-343
-371
-373
-360
-415
-428
-411
-435
-416
-415
-360
-301
-257
-193
-141
-162
-147
-151
-183
-216
-268
-334
-378
-496
-530
-534
-576
-585
-580
-587
-509
-483
-481
-424
-427
-321
-187
67
336
692
1329
1731
2157
2275
2251
2065
1683
1466
1158
880
864
895
934
809
484
230
-259
-541
-754
-871
-817
-668
-407
-274
-266
-320
-468
-522
-509
-426
-299
-187
35
127
154
172
-59
-206
-367
-483
-646
-806
-941
-1083
-1190
-1348
-1490
-1615
-1674
-1656
-1491
-1426
-1292
-1043
-847
-617
-277
-16
256
442
577
757
805
958
1066
1313
2456
3406
4177
4141
3641
3037
2046
1270
281
-348
-282
103
713
697
208
-328
-965
-1068
-1346
-1440
-1164
-689
89
641
681
164
-395
-554
-573
-433
-468
-464
-171
18
216
-26
-680
-1142
-1278
-1299
-1518
-1865
-2222
-2237
-2059
-1944
-1857
-1973
-2064
-1700
-1352
-1202
-1311
-1338
-950
-505
-125
13
228
487
668
820
565
262
-72
-17
271
658
2334
3660
4578
4509
4117
3395
1998
881
-339
-646
-283
272
1185
1014
625
21
-755
-1046
-1535
-1391
-935
-80
876
1356
1376
590
-108
-544
-917
-817
-911
-773
-255
192
311
148
-405
-978
-1242
-1409
-1643
-1893
-1987
-1801
-1633
-1339
-1100
-1201
-1149
-1126
-855
-796
-840
-803
-575
-208
24
204
262
386
494
422
305
145
-50
-140
216
407
1669
3245
4389
4670
4076
3694
2506
1451
250
-427
-236
122
935
1176
781
78
-786
-1059
-1369
-1324
-1138
-488
401
974
1186
573
-283
-881
-1208
-1034
-964
-949
-651
-212
101
98
-308
-1050
-1414
-1587
-1640
-1633
-1661
-1616
-1421
-1202
-1015
-1145
-1428
-1634
-1492
-1159
-1036
-983
-899
-625
-394
-139
187
282
51
-169
-224
-242
-384
-177
-8
849
2641
4186
5190
4660
3959
2870
1571
436
-870
-1130
-868
82
946
1005
617
-527
-1174
-1487
-1507
-1176
-815
74
938
1671
1666
733
-178
-905
-998
-802
-645
-591
-524
-239
-80
-111
-587
-1338
-1739
-1816
-1784
-1778
-1853
-1667
-1235
-694
-229
-156
-528
-814
-896
-753
-571
-652
-594
-233
61
105
-119
-257
-390
-448
-394
-194
-71
-113
-6
405
517
1486
2906
4263
5082
4800
4357
3068
1804
438
-598
-723
-560
49
550
577
349
-570
-994
-1190
-913
-540
-49
647
1059
1402
971
394
-271
-792
-813
-757
-578
-704
-759
-744
-589
-545
-946
-1262
-1629
-1715
-1769
-1820
-1697
-1540
-1279
-875
-615
-676
-1096
-1327
-1364
-1149
-877
-755
-545
-285
-50
-28
-147
-348
-547
-330
-241
-41
-64
-113
-28
199
395
1313
2756
4061
5019
5041
4711
3437
2027
456
-709
-931
-686
-112
434
715
531
-152
-651
-1119
-1095
-828
-400
196
544
712
406
41
-390
-750
-847
-920
-893
-961
-925
-919
-985
-976
-1140
-1329
-1510
-1633
-1753
-1711
-1626
-1649
-1556
-1390
-1207
-1129
-1211
-1141
-1008
-844
-661
-455
-188
-57
58
110
87
127
149
265
350
395
367
166
192
238
390
1477
2752
4126
4793
4910
4611
3483
2244
745
-156
-464
-465
2
379
659
540
55
-218
-539
-611
-725
-627
-441
-331
-239
-373
-460
-686
-920
-1150
-1223
-1173
-1243
-1052
-875
-645
-574
-781
-958
-1219
-1378
-1608
-1485
-1287
-1195
-1093
-991
-1084
-1055
-1045
-959
-814
-715
-508
-415
-214
-115
-116
0
98
465
706
935
789
558
388
73
46
82
286
1008
2229
3567
4384
4746
4516
3742
2820
1544
492
-206
-520
-460
-221
28
119
-96
-442
-728
-895
-1286
-1463
-1495
-1459
-1087
-920
-771
-669
-663
-726
-826
-927
-1006
-923
-918
-760
-645
-687
-821
-957
-1026
-1171
-1237
-1312
-1342
-1283
-1244
-1222
-1125
-1074
-937
-847
-768
-602
-521
-392
-222
23
257
506
730
770
938
1086
1134
932
697
431
173
37
97
240
702
1689
2657
3540
3980
3923
3458
2770
1891
991
384
-18
-119
-48
86
145
-52
-425
-787
-1091
-1364
-1641
-1827
-1782
-1572
-1260
-1072
-878
-710
-605
-692
-801
-756
-839
-865
-785
-512
-162
39
159
238
207
-30
-409
-854
-1233
-1421
-1524
-1571
-1379
-1159
-963
-822
-704
-633
-494
-295
-51
312
709
1093
1363
1486
1644
1611
1326
938
610
321
91
107
231
470
861
1335
1849
2264
2458
2362
2042
1561
1129
823
664
605
567
522
493
359
-18
-460
-901
-1294
-1472
-1508
-1481
-1384
-1254
-1041
-861
-749
-884
-1074
-1215
-1302
-1208
-983
-668
-248
192
593
754
663
424
38
-327
-649
-891
-1048
-1128
-1121
-1057
-928
-942
-1038
-1079
-1057
-904
-717
-422
-104
168
475
746
854
822
704
614
670
804
831
761
781
622
502
475
302
219
208
309
570
908
1118
1264
1342
1288
1142
900
556
273
125
17
-97
-158
-218
-250
-173
-172
-132
-58
-88
-119
-173
-198
-248
-298
-244
-120
61
77
62
57
-87
-293
-452
-616
-660
-699
-704
-608
-561
-535
-513
-524
-576
-480
-450
-395
-364
-293
-230
-219
-244
-306
-380
-386
-289
-172
-11
194
342
343
399
346
314
272
168
173
335
458
540
603
727
759
689
518
438
405
397
464
370
218
33
-152
-227
-221
-130
-6
69
129
124
169
186
146
116
170
222
190
175
221
281
310
246
200
117
-40
-175
-249
-281
-278
-234
-202
-141
-85
-79
-138
-249
-363
-404
-399
-346
-376
-379
-291
-290
-211
-238
-250
-193
-166
-269
-393
-429
-479
-494
-445
-376
-188
-4
26
139
205
302
346
361
373
343
324
252
150
-34
-294
-585
-743
-764
-775
-692
-500
-295
-27
228
389
515
583
596
580
536
344
128
63
86
120
101
-4
-64
-115
-150
-205
-241
-205
-98
73
289
407
434
408
371
296
239
182
60
116
136
150
178
194
194
255
307
326
229
127
13
-85
25
120
156
190
305
330
319
299
268
287
261
174
166
66
-107
-240
-366
-454
-638
-774
-749
-760
-739
-603
-523
-415
-241
-122
52
168
144
119
61
-91
-264
-403
-510
-493
-432
-371
-188
-47
38
117
134
190
140
148
192
230
267
315
267
244
235
132
92
71
46
38
51
76
151
255
336
434
498
523
532
540
442
397
378
320
260
171
118
47
-12
-50
-86
-167
-266
-394
-494
-574
-582
-565
-486
-330
-233
-184
-244
-340
-417
-487
-470
-341
-174
-21
163
249
176
25
-184
-410
-591
-644
-594
-487
-269
-57
99
236
232
240
241
194
201
130
74
96
121
132
232
243
178
179
157
113
75
55
121
221
252
324
378
365
335
327
315
291
243
164
102
22
-38
-33
-3
23
23
-23
-8
-93
-215
-252
-275
-252
-177
-72
-7
22
-93
-278
-368
-426
-374
-299
-195
19
187
303
368
331
181
86
8
-53
-32
-11
37
125
157
199
218
117
31
-61
-139
-184
-161
-173
-141
-43
43
116
144
225
285
205
229
260
266
333
364
320
252
187
38
-94
-188
-278
-312
-342
-287
-181
-184
-154
-62
42
72
19
-61
-145
-232
-249
-251
-263
-217
-193
-146
-111
-215
-317
-452
-494
-431
-366
-221
-84
-5
135
295
373
367
389
354
366
384
302
246
159
125
63
41
-52
-124
-208
-217
-232
-167
-90
-94
-41
10
131
189
221
225
270
289
328
415
367
333
286
174
44
-64
-204
-317
-309
-331
-274
-230
-242
-212
-143
-108
-47
-3
-48
-80
-170
-265
-286
-283
-334
-335
-317
-291
-219
-249
-241
-183
-184
-131
-81
-74
-62
-33
-26
66
161
243
365
419
449
434
349
238
140
30
5
26
-36
-46
-34
-31
30
96
143
191
240
347
466
475
514
534
529
539
486
398
310
179
58
12
-56
-138
-192
-251
-257
-252
-266
-236
-195
-159
-91
-32
-3
-19
-15
-72
-104
-154
-224
-311
-376
-430
-488
-462
-419
-401
-344
-255
-219
-148
-150
-159
-158
-172
-134
-67
-37
59
182
270
291
264
173
86
41
25
34
21
64
143
222
255
221
168
114
104
186
241
279
329
366
402
444
465
448
361
301
259
148
65
-42
-149
-200
-279
-239
-222
-222
-191
-183
-156
-75
-95
-46
22
-23
2
62
3
-74
-165
-310
-365
-430
-519
-516
-479
-464
-354
-214
-153
-110
-118
-148
-99
-38
-61
-25
33
26
91
64
10
-27
-101
-133
-86
-82
-95
12
51
101
162
146
135
130
65
84
63
48
127
172
201
271
247
217
295
277
253
193
118
17
-73
-132
-158
-144
-135
-81
18
126
155
147
176
171
129
177
158
126
100
-10
-55
-117
-200
-248
-268
-253
-190
-148
-134
-102
-86
-71
-42
7
80
155
228
331
388
338
245
161
48
-42
-47
-123
-159
-131
-109
-101
-80
-96
-136
-80
-67
-46
49
58
119
187
218
187
128
114
120
79
43
15
-56
-111
-144
-150
-169
-166
-196
-133
-74
-37
33
48
69
80
43
71
114
78
38
-20
-121
-210
-262
-274
-268
-213
-100
1
92
187
211
173
181
124
83
124
146
157
208
274
224
137
61
-23
-154
-203
-199
-217
-206
-156
-105
-86
-13
25
22
28
60
24
17
86
78
137
172
163
141
91
14
-99
-179
-265
-259
-268
-276
-261
-242
-212
-166
-175
-127
-113
-126
-53
-35
-8
18
22
-2
-22
-78
-154
-217
-274
-286
-289
-275
-186
-131
-61
6
37
97
109
120
133
154
216
230
264
288
276
264
251
206
128
77
10
-8
28
86
124
154
155
185
247
289
277
304
316
321
319
290
267
221
176
167
160
104
-12
-115
-198
-226
-245
-239
-231
-278
-283
-259
-236
-219
-175
-153
-103
-43
-7
-9
-69
-75
-122
-161
-175
-243
-265
-251
-213
-204
-195
-150
-141
-98
-37
39
71
121
157
149
194
150
136
209
156
118
139
76
46
64
23
88
140
84
145
180
166
194
196
216
241
238
253
263
268
230
269
219
137
72
-23
-92
-177
-252
-299
-302
-307
-325
-311
-264
-269
-221
-205
-212
-179
-165
-168
-99
-75
-67
-64
-113
-200
-225
-258
-345
-365
-352
-323
-285
-213
-142
-36
63
188
264
316
321
306
256
189
155
119
74
51
69
66
70
35
26
50
1
5
23
41
78
95
119
142
174
165
181
201
182
173
190
194
144
63
-9
-134
-207
-269
-367
-378
-390
-430
-381
-321
-295
-241
-159
-84
22
77
74
90
92
102
125
102
71
19
-32
-49
-87
-99
-92
-77
18
122
201
296
365
431
471
498
470
408
384
330
291
289
274
262
242
189
190
175
131
148
108
25
12
-44
-111
-111
-161
-150
-129
-114
-104
-104
-104
-124
-154
-208
-201
-277
-345
-393
-475
-468
-495
-492
-412
-390
-361
-313
-297
-299
-283
-255
-233
-144
-107
-120
-96
-77
-114
-138
-131
-140
-109
-75
-7
66
83
127
197
236
264
304
335
383
398
438
499
469
485
488
455
442
395
311
226
179
161
178
201
220
243
206
164
76
-8
-61
-116
-97
-36
-11
35
51
29
36
-11
-97
-193
-300
-397
-453
-490
-508
-461
-426
-385
-308
-321
-369
-344
-368
-360
-285
-269
-253
-181
-160
-184
-193
-229
-266
-249
-181
-109
-66
15
114
142
186
235
191
199
228
193
216
273
266
335
416
459
512
526
476
461
444
382
355
337
336
308
298
243
211
167
94
47
18
-33
-29
-10
-40
-14
-37
-79
-95
-182
-229
-289
-337
-368
-363
-376
-351
-302
-355
-276
-241
-253
-200
-171
-173
-128
-82
-90
-43
-73
-120
-112
-179
-232
-205
-217
-155
-36
29
132
201
229
263
272
292
282
300
321
283
250
248
205
165
217
200
228
278
273
293
258
183
150
141
89
88
79
14
-42
-52
-75
-124
-163
-200
-198
-186
-148
-167
-199
-267
-342
-350
-398
-445
-443
-476
-473
-399
-390
-339
-303
-282
-223
-145
-101
-60
2
30
54
7
-42
-97
-187
-176
-168
-167
-136
-91
-20
59
148
228
277
359
413
449
523
513
508
487
433
395
380
358
323
312
293
233
235
224
212
213
165
128
98
29
12
-9
-87
-103
-139
-134
-120
-129
-113
-47
-31
-76
-124
-187
-251
-254
-287
-330
-313
-362
-365
-323
-355
-358
-306
-273
-213
-130
-55
-23
-9
24
23
19
-36
-98
-81
-74
-35
2
7
51
108
169
250
297
302
306
328
339
314
291
285
272
278
318
291
261
241
219
177
190
187
157
160
178
162
140
123
52
4
-54
-42
-91
-118
-110
-153
-189
-189
-191
-203
-191
-164
-207
-211
-247
-313
-308
-373
-413
-381
-381
-382
-328
-318
-296
-238
-235
-224
-211
-220
-200
-200
-198
-171
-187
-209
-162
-123
-86
-28
1
79
108
128
135
131
141
158
175
163
170
163
184
205
260
285
263
278
296
281
279
324
295
251
278
292
243
233
191
165
174
135
153
138
48
6
-5
-52
-18
4
8
5
5
-63
-80
-65
-169
-193
-169
-234
-245
-206
-245
-209
-186
-232
-201
-185
-212
-173
-197
-211
-156
-147
-129
-75
-63
-68
-48
-23
7
16
48
54
40
72
78
53
77
105
115
138
133
140
203
223
227
243
256
252
243
238
239
241
230
199
180
171
161
197
189
170
175
108
56
32
20
-13
7
5
1
3
-25
-57
-90
-80
-88
-103
-98
-126
-134
-112
-125
-157
-198
-212
-246
-277
-251
-251
-267
-237
-226
-205
-189
-216
-196
-169
-179
-137
-116
-158
-147
-141
-185
-201
-202
-184
-182
-142
-92
-77
-37
1
-15
13
68
35
50
65
28
45
54
1
16
22
19
43
68
71
65
93
78
94
116
90
72
103
86
63
101
69
68
102
118
127
150
153
133
144
148
168
138
132
93
72
65
41
18
25
31
57
71
63
73
63
67
90
114
128
129
83
69
59
19
8
7
-9
-17
-25
-3
-4
-5
-1
7
20
50
76
80
81
68
18
37
25
-45
-29
-102
-144
-114
-135
-143
-101
-112
-109
-78
-109
-108
-104
-109
-108
-93
-75
-26
-24
1
30
1
-1
16
-16
-20
-1
-2
16
21
39
6
7
-28
-34
-57
-49
-25
-64
-1
42
60
77
105
101
76
101
59
31
-1
-31
-34
-37
-39
-60
-50
-56
-51
-21
-24
-29
-18
-53
-70
-53
-45
-54
-75
-75
-69
-115
-117
-117
-106
-85
-103
-123
-80
-61
-52
-30
-44
-43
-50
-62
-82
-49
-44
-24
19
33
58
25
6
1
-4
-1
35
46
35
67
20
6
33
6
-7
10
11
10
26
35
71
106
106
90
105
77
57
44
-1
-17
-34
-42
-19
13
71
83
106
164
157
154
177
138
120
100
80
87
109
133
147
150
138
148
113
59
80
88
91
100
74
80
107
100
92
74
39
3
7
6
-7
-7
-23
-29
-19
15
10
-37
-70
-123
-175
-179
-172
-177
-179
-173
-144
-144
-164
-159
-141
-165
-123
-78
-88
-101
-101
-98
-130
-143
-171
-224
-231
-215
-201
-126
-71
-89
-21
10
11
76
66
44
66
62
67
112
116
106
156
143
142
145
109
86
111
104
88
113
82
86
116
137
168
167
111
70
37
23
24
-25
-20
1
-10
-8
-3
-71
-118
-144
-219
-225
-209
-222
-171
-103
-102
-112
-111
-144
-146
-148
-132
-101
-100
-96
-54
-55
-86
-90
-168
-178
-182
-171
-153
-151
-121
-78
-36
18
53
41
65
69
65
50
55
72
64
77
119
173
189
213
233
229
229
211
200
182
183
180
168
200
210
207
211
223
197
181
170
199
186
179
179
136
120
112
76
42
43
16
-11
35
15
-25
-23
-30
-57
-34
-30
-54
-34
-61
-44
-20
-49
-56
-34
-88
-122
-141
-178
-203
-213
-235
-218
-195
-149
-120
-94
-80
-112
-126
-126
-128
-126
-88
-93
-85
-61
-29
-9
18
29
57
54
56
67
47
29
16
26
43
81
77
81
77
68
42
22
46
26
39
49
40
12
-1
-44
-50
-28
-48
-47
-87
-101
-82
-66
-64
-39
-14
-43
-52
-51
-49
-38
-57
-63
-44
-75
-110
-93
-107
-166
-164
-164
-163
-115
-97
-124
-76
-31
-46
-51
-41
-34
-23
-36
-13
31
40
34
70
77
87
114
108
113
160
168
167
177
154
138
136
98
86
94
80
93
99
85
109
127
102
104
90
64
45
1
10
-3
-14
-61
-70
-77
-92
-52
-56
-70
-35
10
16
39
68
82
64
72
78
64
46
17
18
24
8
26
36
39
68
94
118
130
143
148
133
139
112
106
106
95
70
69
52
21
18
12
18
31
28
6
13
12
-17
-4
-42
-89
-102
-142
-175
-172
-169
-202
-167
-146
-187
-149
-180
-182
-158
-187
-187
-182
-204
-218
-219
-211
-192
-207
-173
-135
-140
-134
-100
-118
-108
-84
-83
-48
-11
-22
-3
-12
-46
-43
-15
-25
-1
-8
-6
51
59
63
83
97
78
96
124
92
132
166
149
182
198
171
163
127
123
155
122
141
172
147
123
88
48
17
-3
-11
-3
45
42
59
72
45
34
18
7
-10
-13
-12
4
-14
-17
-29
-35
-14
-12
-31
-39
-40
-57
-48
-31
-30
-16
-21
-37
-42
-38
-30
-27
-2
-6
0
17
28
38
37
36
39
29
24
60
57
48
66
82
104
95
95
82
85
61
51
12
20
11
7
51
44
28
36
30
22
21
-6
-18
-31
-44
-52
-54
-37
-20
-13
-52
-74
-76
-88
-104
-76
-56
-87
-86
-77
-73
-77
-51
-75
-90
-66
-87
-86
-76
-89
-70
-69
-69
-60
-59
-64
-98
-65
-24
-30
-33
-21
-1
7
5
31
35
16
31
18
22
21
12
7
29
42
20
-21
-40
-61
-57
-44
-62
-72
-57
-47
-20
19
8
11
-2
-21
-18
-9
-18
-9
1
-14
8
30
40
46
53
57
59
51
32
31
33
35
50
59
51
91
79
89
112
99
100
122
136
141
149
123
83
87
67
30
37
8
23
30
37
72
94
119
130
88
82
96
45
45
46
3
19
21
-13
-19
-14
-54
-58
-61
-119
-113
-105
-98
-66
-82
-84
-73
-46
-58
-36
-45
-93
-99
-120
-136
-109
-105
-126
-86
-63
-64
-60
-62
-60
-45
-27
-26
-37
-59
-35
-32
-24
4
-29
-16
16
6
65
77
44
76
64
49
63
24
17
38
9
21
37
41
81
111
99
99
110
62
44
45
34
39
47
51
48
47
22
-29
-49
-56
-62
-68
-66
-80
-101
-94
-90
-77
-72
-61
-84
-109
-125
-121
-120
-130
-104
-111
-100
-80
-102
-104
-101
-123
-139
-128
-106
-78
-41
-18
11
48
53
68
74
56
42
75
59
55
67
71
107
93
133
117
89
98
107
123
137
141
137
164
143
120
132
133
116
133
163
148
152
158
121
129
112
84
77
69
38
30
37
9
21
32
20
12
-4
-35
-48
-58
-89
-90
-114
-123
-95
-115
-136
-114
-113
-124
-111
-133
-135
-130
-156
-126
-72
-74
-61
-25
-35
-34
-34
-57
-62
-55
-73
-50
-15
-13
-25
-43
-30
-38
-38
-6
0
35
67
76
90
60
71
84
87
92
85
59
44
50
30
58
75
42
39
49
44
61
68
45
48
38
17
-9
-24
-29
-63
-61
-69
-92
-90
-49
-73
-89
-61
-88
-99
-70
-78
-89
-87
-117
-111
-109
-107
-98
-75
-99
-112
-94
-88
-82
-60
-34
-33
-36
-3
-5
-12
-3
-35
-35
-29
-33
-24
-19
-18
-2
45
61
70
113
108
83
92
75
72
82
87
75
80
89
86
109
103
90
112
127
119
128
135
132
149
113
88
94
39
41
75
46
52
85
56
38
46
20
32
30
26
37
-1
-11
-3
-20
-42
-37
-48
-56
-40
-38
-71
-69
-98
-101
-64
-70
-64
-51
-39
-18
-18
2
4
-22
-24
-27
-18
-22
-38
-35
-33
-36
-4
17
32
28
40
53
45
29
36
46
48
19
20
9
-4
10
-13
11
20
1
2
7
3
13
31
6
18
0
-17
-15
-53
-39
-14
-33
-30
-32
-55
-54
-69
-62
-58
-81
-68
-30
-46
-42
-44
-44
-31
-56
-76
-67
-96
-132
-94
-107
-95
-57
-60
-49
-24
-46
-55
-24
-49
-27
-25
-21
-7
-8
7
-1
3
-10
3
0
13
33
48
25
23
35
16
17
18
16
21
30
65
74
96
102
120
418
737
621
-28
-767
-1014
-701
-125
309
394
407
469
391
105
-293
-544
-453
-131
174
328
279
78
-86
-105
-28
37
67
65
126
224
212
108
-25
-107
-89
6
29
2
-34
-51
-50
26
409
950
828
-177
-1169
-1359
-828
-41
562
734
745
625
196
-483
-962
-905
-257
817
1697
1592
482
-660
-1188
-1004
-568
-593
-660
-130
627
949
466
-354
-738
-457
76
245
108
-98
-115
58
136
25
-25
46
162
357
339
151
47
75
26
61
33
-261
-240
-143
-189
109
176
130
80
-141
144
369
194
-426
-883
-768
-663
-63
343
-5
153
251
40
-385
-602
-336
-20
224
173
312
493
153
-328
-447
-173
277
329
-29
-261
-27
357
411
-193
-308
-169
112
37
-73
180
-193
-47
149
283
393
-183
-264
-250
244
423
174
28
-87
55
28
0
-313
-404
528
554
-46
-146
-224
-233
-305
-106
66
312
146
-15
167
-171
-386
-46
-48
-83
230
545
337
34
-188
-342
-266
-63
299
492
692
851
214
-642
-983
-840
-365
514
795
488
273
-195
-848
-1216
-966
-316
425
625
349
208
233
-71
-513
-585
-238
503
880
553
184
67
57
-72
-67
-94
4
134
192
489
367
-180
-405
-230
180
232
33
-200
-20
317
274
-10
-103
171
190
44
-52
-33
26
194
408
231
65
-83
-161
-361
-444
6
201
-113
-396
76
268
-223
-781
-760
-308
107
237
-73
-172
68
90
-31
-272
-432
-325
67
438
273
22
-40
-228
-202
197
149
-164
-51
308
545
60
-265
-259
-119
86
277
120
-95
-3
-5
-30
-151
7
8
-134
-113
140
422
255
-205
-331
85
363
235
-387
-556
7
480
385
-220
-567
-155
419
437
-272
-776
-162
637
601
-181
-723
-328
383
482
-49
-517
-159
331
390
-27
-500
-270
133
258
-1
-120
72
170
33
-144
-250
85
290
12
-378
-360
216
375
43
-509
-437
122
481
256
-351
-526
20
655
549
-268
-725
-196
771
921
51
-765
-420
402
688
127
-606
-319
648
1089
463
-281
-308
240
524
171
-159
-54
427
436
200
235
126
71
20
-128
-40
265
314
18
-177
-93
150
164
-338
-595
-344
71
325
32
-423
-395
-90
91
-192
-588
-650
-206
237
37
-361
-509
-322
-276
-402
-576
-508
-201
-104
-305
-389
-112
99
-182
-481
-398
-2
129
-30
-187
-119
212
300
14
-153
44
288
404
374
263
275
449
540
433
368
516
729
727
581
626
710
688
521
157
5
53
62
96
54
98
110
36
-213
-423
-452
-456
-324
-192
-246
-387
-540
-573
-552
-596
-682
-573
-315
-236
-258
-373
-442
-526
-512
-361
-341
-500
-578
-467
-335
-229
-259
-289
-310
-332
-291
-101
-70
-193
-244
-6
493
631
452
444
849
1306
1663
1702
1446
1536
1637
1446
1136
970
1028
1145
1076
809
673
567
365
219
23
-144
-208
-224
-301
-538
-699
-793
-805
-877
-869
-679
-568
-608
-621
-656
-772
-719
-615
-557
-602
-766
-809
-819
-910
-1038
-1150
-1103
-864
-860
-1111
-1235
-1202
-1237
-1245
-1216
-979
-510
-94
159
140
-74
-155
-109
-77
221
888
1699
2499
3020
2887
2364
1735
1259
1101
1132
1292
1692
2097
2192
1828
1008
138
-382
-527
-392
-122
117
287
281
-123
-765
-1264
-1459
-1398
-1147
-729
-332
-104
-234
-569
-731
-671
-524
-547
-559
-471
-376
-379
-652
-1087
-1545
-1739
-1676
-1576
-1567
-1657
-1599
-1372
-1159
-1110
-1179
-1180
-1004
-580
-82
189
387
555
609
559
509
855
1662
2593
3304
3598
3369
2708
2043
1371
903
1032
1532
2017
2107
1780
1064
213
-500
-880
-845
-492
29
440
528
174
-570
-1231
-1524
-1397
-922
-387
-26
144
10
-387
-772
-955
-827
-542
-387
-402
-530
-791
-1215
-1775
-2133
-2093
-1878
-1777
-1811
-1909
-1915
-1850
-1745
-1643
-1481
-1201
-843
-385
25
218
212
242
275
309
677
1585
2709
3551
3807
3464
2890
2259
1590
929
760
1145
1941
2441
2133
1305
312
-451
-863
-1037
-965
-400
517
1011
764
-66
-988
-1477
-1465
-1026
-431
184
617
603
178
-365
-849
-1061
-937
-571
-215
-134
-359
-960
-1651
-2144
-2347
-2254
-2072
-1945
-1890
-1789
-1616
-1519
-1593
-1650
-1424
-997
-553
-93
271
491
610
516
289
523
1453
2719
3642
3954
3743
3208
2494
1593
719
472
1030
2026
2475
2059
1108
85
-482
-809
-992
-834
-297
588
1143
860
76
-881
-1430
-1325
-750
-178
318
620
556
219
-355
-936
-1183
-1117
-734
-309
-163
-407
-1172
-2055
-2517
-2606
-2453
-2320
-2244
-2056
-1722
-1475
-1604
-1867
-1967
-1649
-1071
-563
-139
201
472
643
595
336
374
1044
2243
3286
3813
3814
3370
2594
1685
809
414
797
1616
2203
2125
1540
610
-315
-974
-1175
-900
-253
612
1106
1036
560
-251
-1045
-1332
-998
-211
638
1115
982
475
-99
-678
-1080
-1170
-867
-371
-43
-201
-838
-1695
-2369
-2661
-2643
-2464
-2145
-1854
-1671
-1515
-1545
-1664
-1699
-1597
-1337
-902
-370
173
666
866
655
199
121
819
2121
3237
3859
3926
3569
2852
1834
611
-68
177
1246
2206
2213
1449
450
-429
-1068
-1292
-1153
-459
584
1370
1488
965
48
-802
-1216
-917
-164
731
1222
1080
578
124
-442
-984
-1258
-1045
-392
140
19
-724
-1667
-2322
-2562
-2665
-2720
-2538
-2161
-1732
-1416
-1473
-1726
-1803
-1684
-1333
-879
-428
-41
296
483
491
148
-135
346
1545
2891
3658
3721
3242
2582
1743
755
28
144
989
1970
2084
1468
483
-555
-1165
-1321
-995
-162
812
1482
1476
1038
268
-684
-1195
-969
-86
904
1421
1256
544
-108
-523
-819
-895
-736
-209
124
-41
-615
-1579
-2452
-2718
-2575
-2245
-1921
-1745
-1680
-1621
-1618
-1707
-1636
-1460
-1130
-789
-514
-187
51
162
289
125
-116
334
1431
2804
3617
3789
3414
2910
2133
1061
188
178
961
2093
2396
1746
732
-309
-935
-1170
-943
-211
755
1508
1651
1231
488
-450
-1069
-1065
-213
885
1529
1450
780
84
-402
-871
-1168
-1067
-517
-84
-108
-681
-1604
-2348
-2714
-2736
-2492
-2178
-1863
-1709
-1705
-1693
-1741
-1759
-1614
-1319
-961
-580
-314
-237
-109
33
119
-199
-308
461
2001
3301
3749
3562
3051
2394
1538
490
-15
450
1474
2296
2098
1208
78
-830
-1334
-1212
-481
518
1357
1678
1416
989
181
-725
-993
-444
606
1386
1389
814
92
-320
-656
-959
-1004
-673
-198
-141
-597
-1397
-2171
-2557
-2667
-2460
-2031
-1748
-1582
-1640
-1655
-1642
-1619
-1456
-1247
-903
-569
-335
-340
-484
-355
-191
-106
-301
-93
1043
2635
3789
3857
3245
2495
1809
1182
466
457
1233
2187
2531
1719
525
-570
-1288
-1305
-627
528
1498
1860
1625
970
488
-188
-679
-434
374
1404
1680
1086
135
-695
-894
-883
-791
-551
-228
-66
-486
-1127
-1896
-2553
-2753
-2555
-2017
-1589
-1635
-1912
-2135
-1975
-1694
-1492
-1327
-1053
-594
-272
-299
-541
-766
-661
-464
-285
-410
39
1327
2800
3825
3827
3149
2319
1416
673
194
541
1495
2355
2518
1606
506
-666
-1501
-1391
-519
911
1991
2143
1675
848
144
-617
-937
-409
670
1743
1887
1142
112
-876
-1271
-1388
-1145
-637
-224
-65
-435
-1139
-1949
-2681
-2943
-2685
-1951
-1354
-1351
-1557
-1702
-1590
-1597
-1614
-1407
-994
-425
-53
-108
-374
-749
-825
-806
-612
-378
-240
548
1949
3442
4030
3641
2968
2276
1671
1091
584
949
1718
2516
2413
1391
227
-1020
-1684
-1434
-444
909
1736
2009
1748
1097
310
-639
-941
-398
747
1652
1573
871
-156
-1063
-1561
-1823
-1446
-848
-313
-244
-788
-1516
-2385
-3035
-3026
-2484
-1691
-1235
-1162
-1307
-1472
-1479
-1519
-1324
-889
-310
66
66
-190
-641
-1138
-1272
-1058
-401
110
211
850
2123
3519
4097
3538
2695
2103
1690
1164
583
921
1677
2361
2243
1185
-27
-1211
-1702
-1191
21
1454
2126
2032
1497
847
127
-756
-989
-368
750
1578
1428
598
-523
-1382
-1773
-1833
-1313
-805
-515
-566
-1033
-1648
-2382
-2947
-2949
-2340
-1470
-914
-819
-1144
-1423
-1489
-1584
-1432
-1076
-697
-425
-245
-363
-742
-1004
-955
-606
-61
192
375
1228
2473
3589
3863
3418
2830
2134
1359
729
483
978
1706
2245
1932
1005
-188
-1380
-1720
-1042
296
1576
2126
2177
1734
1001
55
-793
-839
-93
973
1528
1176
257
-913
-1761
-2059
-1889
-1333
-858
-595
-714
-1143
-1822
-2561
-2950
-2765
-2016
-1109
-598
-588
-943
-1305
-1453
-1466
-1237
-939
-592
-229
-102
-164
-520
-811
-818
-534
-122
211
248
819
2066
3326
3977
3885
3411
2810
1996
1105
430
632
1307
1804
1778
1008
12
-1087
-1644
-1211
-181
1066
1942
2223
2116
1407
401
-656
-938
-364
441
982
863
194
-751
-1705
-2079
-2052
-1656
-1187
-764
-577
-866
-1496
-2388
-2995
-2775
-2028
-1155
-542
-451
-631
-898
-1145
-1351
-1290
-998
-505
77
486
490
60
-664
-1159
-1121
-596
-68
301
326
966
2239
3302
3765
3597
3270
2863
2257
1466
592
410
626
885
1077
681
-52
-1057
-1588
-1102
-67
989
1549
1745
1703
1162
400
-640
-1070
-805
-215
251
230
-146
-907
-1702
-2073
-2116
-1720
-1233
-911
-778
-1012
-1368
-1891
-2218
-2151
-1647
-905
-492
-456
-737
-1080
-1246
-1292
-1103
-669
-62
421
584
482
-85
-705
-1034
-1017
-553
-84
373
653
1509
2649
3479
3849
3509
3012
2428
1598
898
254
356
877
1296
1394
708
-231
-1144
-1387
-630
305
1251
1720
1757
1579
794
-93
-884
-985
-609
-63
458
293
-316
-1121
-1798
-1769
-1609
-1421
-1296
-1132
-949
-1019
-1289
-1635
-1735
-1533
-1212
-744
-550
-605
-836
-1059
-967
-727
-381
-177
-25
121
158
29
-295
-578
-756
-664
-336
-28
73
208
218
837
2224
3484
4148
3938
3150
2253
1270
479
-76
61
744
1334
1486
811
-197
-1085
-1507
-993
67
1154
1798
1800
1416
564
-344
-1128
-1377
-926
-190
409
431
-219
-1093
-1967
-2344
-2239
-1794
-1189
-592
-272
-513
-1133
-1852
-2242
-2004
-1308
-530
-83
-129
-377
-675
-949
-1113
-1129
-868
-302
181
328
134
-351
-820
-1039
-885
-392
137
490
736
754
962
1875
2656
3221
3371
3136
2695
1869
933
160
90
635
1038
1324
933
45
-793
-1307
-835
-25
815
1393
1422
1337
751
-179
-919
-1173
-802
-221
234
158
-444
-1256
-1934
-1873
-1475
-1117
-788
-597
-399
-510
-901
-1374
-1632
-1382
-811
-274
-123
-422
-854
-1139
-1189
-1031
-700
-332
-45
180
147
-111
-506
-810
-844
-541
16
446
579
314
27
-149
646
2010
3022
3557
3446
3123
2430
1170
164
-296
344
1116
1486
1362
471
-453
-1348
-1473
-622
345
1347
1730
1691
1320
302
-731
-1494
-1313
-626
27
421
67
-554
-1252
-1750
-1692
-1411
-856
-427
-6
120
-296
-858
-1459
-1588
-1218
-719
-304
-498
-873
-1183
-1288
-1104
-909
-522
-18
315
311
-91
-499
-764
-790
-561
-215
97
37
-247
-449
-356
-155
727
2004
3077
3653
3419
2721
1672
725
266
87
643
1045
1162
877
36
-649
-1164
-1091
-346
447
1215
1395
1084
406
-503
-1004
-1110
-646
-160
187
329
9
-472
-1054
-1415
-1238
-772
-157
182
100
-366
-1095
-1468
-1521
-1368
-1081
-868
-620
-605
-745
-894
-912
-593
-250
37
107
-104
-438
-714
-791
-655
-455
-336
-351
-363
-374
-339
-282
-51
190
790
2091
3101
3632
3435
2838
2158
1385
818
388
622
1141
1165
1050
154
-722
-1306
-1471
-640
298
1066
1388
1185
827
19
-585
-918
-553
89
469
718
411
-115
-683
-1218
-1243
-1027
-777
-683
-701
-791
-1128
-1371
-1531
-1411
-1085
-725
-406
-345
-528
-710
-790
-788
-785
-813
-766
-755
-835
-724
-518
-492
-441
-450
-477
-336
-244
-112
200
360
498
393
758
1848
2771
3359
3252
2859
2190
1221
497
-50
261
709
767
684
33
-528
-1059
-1095
-394
407
1154
1307
1141
803
86
-354
-535
-149
442
701
614
34
-691
-1400
-1834
-1817
-1543
-1093
-736
-434
-415
-728
-992
-1197
-1013
-536
-109
3
-395
-962
-1367
-1532
-1420
-1226
-869
-447
-201
-193
-390
-503
-482
-212
204
512
546
238
-160
-340
-287
-82
217
535
1722
2831
3314
3129
2296
1638
1034
598
404
568
1185
1270
1178
594
-252
-714
-1013
-408
560
1341
1643
1222
712
50
-513
-780
-711
-197
56
146
-134
-736
-1331
-1751
-1607
-1088
-469
61
204
175
-131
-662
-1205
-1580
-1589
-1336
-1051
-941
-1056
-1278
-1413
-1348
-1173
-837
-432
-66
228
291
238
69
-87
-118
-173
-151
-285
-412
-506
-323
-132
109
161
262
1267
2095
2904
3005
2557
2123
1329
889
569
821
1401
1510
1669
950
271
-481
-1100
-644
-70
638
794
496
187
-495
-805
-1010
-674
-167
105
365
67
-323
-816
-1092
-868
-559
-185
-183
-317
-492
-921
-1270
-1607
-1688
-1558
-1283
-1009
-915
-961
-1157
-1145
-835
-489
-177
30
186
260
176
-8
-195
-351
-415
-346
-217
-219
-260
-401
-341
-183
24
227
387
1456
2528
3218
3289
2737
2246
1612
1307
1318
1581
2027
1734
1235
192
-889
-1473
-1676
-914
84
718
674
111
-360
-799
-791
-427
209
839
1005
828
227
-390
-844
-1023
-767
-328
-142
-338
-773
-1318
-1726
-1822
-1737
-1344
-982
-709
-559
-653
-923
-1081
-859
-506
-140
71
-15
-244
-591
-810
-751
-553
-263
-25
61
-38
-266
-519
-576
-437
-1
406
784
847
799
1516
2153
2776
2792
2554
2415
1754
1224
584
383
689
614
501
-147
-741
-1237
-1505
-925
-252
415
573
452
412
117
-70
-310
-248
134
377
352
18
-455
-1024
-1332
-1199
-923
-631
-540
-533
-615
-926
-1181
-1282
-1169
-925
-570
-329
-391
-712
-1056
-1152
-948
-669
-430
-290
-93
-23
-50
-19
-33
40
115
199
295
353
239
124
85
312
478
518
468
558
1501
2284
2785
2459
1864
1537
1140
1069
943
1180
1421
946
449
-415
-920
-1082
-948
-173
424
762
430
-45
-264
-556
-465
-351
-61
251
234
19
-490
-897
-1189
-1075
-546
-132
67
-69
-465
-798
-1194
-1337
-1135
-848
-778
-738
-781
-1006
-1291
-1357
-1032
-495
-32
154
127
43
-43
8
207
430
527
443
373
298
114
-107
-163
-3
211
319
309
354
272
616
1569
2247
2530
2022
1507
1150
853
898
811
1096
1210
927
330
-617
-1104
-1313
-839
-96
360
424
-199
-736
-1060
-1243
-1094
-761
-301
1
180
-59
-538
-848
-1042
-772
-275
37
6
-319
-696
-1122
-1431
-1547
-1390
-1001
-692
-480
-424
-649
-892
-894
-619
-122
291
474
485
436
316
197
241
263
269
295
367
427
379
244
146
104
228
338
532
638
611
438
538
1205
1642
1860
1488
1170
923
534
461
391
693
910
782
548
-131
-494
-817
-715
-239
-15
11
-385
-683
-783
-794
-541
-365
-120
21
114
-34
-375
-528
-656
-524
-259
-103
-123
-303
-443
-505
-545
-538
-436
-353
-371
-285
-324
-443
-449
-367
-218
-29
65
22
-9
-20
-69
-63
96
268
445
542
615
609
422
253
227
267
270
219
96
28
58
101
133
520
797
912
628
198
142
188
474
771
1062
1208
912
385
-230
-553
-546
-336
-21
113
73
-285
-718
-1008
-1139
-971
-591
-228
-4
40
-122
-412
-534
-494
-215
116
233
223
90
-204
-456
-554
-502
-322
-126
-65
-102
-290
-588
-805
-730
-477
-236
-89
-65
-180
-339
-370
-220
179
449
517
444
273
118
-23
-95
-77
42
184
164
9
-272
-594
-655
-513
-224
124
561
814
832
606
360
374
443
770
1181
1391
1281
715
105
-259
-344
-176
126
453
524
349
8
-279
-346
-295
-92
216
427
526
452
167
-55
-131
-9
191
369
458
344
122
-140
-347
-432
-377
-285
-212
-184
-226
-346
-524
-555
-380
-191
-271
-531
-743
-798
-668
-487
-341
-317
-275
-370
-593
-796
-730
-427
-105
204
171
-92
-305
-473
-523
-318
42
399
618
646
502
177
95
247
565
803
805
735
424
220
88
157
350
542
679
639
648
546
392
373
373
560
668
727
721
566
341
188
181
83
19
-76
-219
-300
-413
-498
-539
-527
-494
-406
-298
-234
-261
-361
-447
-522
-510
-501
-483
-578
-687
-816
-918
-999
-1054
-979
-901
-834
-721
-543
-414
-374
-348
-384
-341
-194
-40
102
239
372
404
398
384
346
291
300
370
377
387
456
415
413
444
369
404
581
669
744
827
788
876
968
870
892
878
819
809
726
613
475
343
210
84
19
-107
-169
-257
-302
-349
-370
-256
-241
-221
-215
-301
-354
-398
-455
-422
-438
-518
-604
-672
-804
-912
-928
-869
-716
-575
-486
-434
-444
-452
-475
-417
-269
-104
11
129
247
246
184
92
16
72
200
310
371
371
308
227
153
207
293
435
551
585
588
556
575
616
625
677
704
649
599
517
426
383
307
181
58
-114
-217
-268
-278
-234
-251
-345
-414
-459
-433
-342
-268
-164
-66
-61
-132
-279
-406
-517
-495
-425
-417
-414
-450
-548
-633
-535
-435
-404
-413
-262
-145
-73
4
53
89
46
-29
-64
-3
26
-15
2
53
95
164
210
288
362
444
469
417
341
252
262
277
294
264
178
165
124
89
111
132
113
122
119
59
2
-35
-39
-45
-103
-203
-306
-314
-252
-154
-113
-98
-108
-148
-168
-209
-196
-145
-112
-80
-81
-125
-240
-295
-293
-222
-106
-64
-95
-100
-59
31
159
235
305
366
349
357
312
213
213
178
178
209
208
208
269
362
400
396
391
405
448
489
545
505
402
377
321
246
179
122
35
-21
-32
-72
-102
-157
-204
-196
-214
-267
-300
-385
-370
-293
-304
-278
-249
-319
-298
-207
-216
-268
-265
-298
-311
-286
-332
-336
-407
-452
-490
-514
-456
-382
-295
-205
-105
-23
-23
36
67
67
127
147
140
128
143
91
103
143
151
188
213
209
215
224
203
198
237
275
314
291
234
186
170
219
245
227
208
171
135
119
67
-75
-224
-293
-295
-237
-224
-237
-257
-255
-251
-247
-213
-180
-124
-41
23
-34
-103
-143
-182
-166
-149
-155
-150
-223
-295
-305
-270
-248
-193
-97
41
119
167
233
228
256
246
236
260
236
206
200
195
187
162
171
194
202
166
147
200
189
173
164
127
56
30
36
69
158
179
219
227
233
127
77
61
52
98
58
-5
-77
-169
-246
-275
-245
-193
-138
-93
-74
-42
-45
-37
29
90
108
155
129
18
-43
-170
-258
-221
-229
-209
-130
-90
-74
-17
-2
69
181
218
251
244
226
217
145
90
67
45
82
151
101
8
-46
-145
-117
-42
-2
-1
-24
-141
-212
-230
-185
-89
4
96
125
92
-13
-105
-158
-156
-147
-126
-128
-205
-316
-352
-407
-405
-359
-312
-234
-188
-178
-169
-143
-140
-101
-25
-8
12
30
49
35
7
-19
-79
-76
-88
-89
-35
57
114
173
205
187
199
185
264
367
406
411
369
312
282
226
166
213
193
164
210
215
146
67
12
-20
-20
-3
15
0
6
-45
-64
-81
-144
-154
-118
-53
-10
18
-57
-181
-254
-316
-337
-308
-294
-301
-291
-284
-321
-291
-235
-194
-102
-40
8
68
60
37
60
37
10
33
91
135
157
179
204
208
195
206
229
281
359
402
416
447
428
407
363
340
349
319
289
254
197
112
57
22
40
101
93
98
64
19
-4
-69
-106
-103
-138
-209
-215
-244
-308
-298
-279
-256
-269
-285
-301
-337
-373
-405
-426
-425
-402
-398
-384
-380
-381
-366
-367
-328
-241
-174
-94
-41
-25
-21
-24
-37
-49
-11
13
59
70
101
146
163
195
217
252
319
404
432
419
383
407
373
371
400
380
351
296
286
262
205
181
120
102
163
183
192
164
90
-35
-102
-155
-187
-186
-198
-185
-224
-247
-289
-274
-286
-243
-231
-303
-342
-384
-388
-372
-391
-395
-330
-307
-286
-257
-232
-191
-179
-173
-100
-83
-86
-53
-41
-42
-40
-57
-42
34
61
100
156
235
301
334
367
372
383
350
350
402
393
371
340
314
296
283
323
375
401
412
416
354
306
234
195
185
161
111
58
4
-52
-102
-153
-158
-137
-137
-87
-66
-87
-108
-201
-242
-242
-248
-220
-234
-287
-337
-360
-400
-384
-343
-268
-202
-183
-117
-63
-88
-65
-96
-119
-109
-176
-195
-152
-143
-132
-118
-71
-41
20
113
190
223
206
213
155
147
167
117
91
96
37
49
89
83
145
180
170
219
263
232
233
202
141
99
43
-17
-41
-84
-147
-163
-170
-194
-182
-153
-145
-127
-97
-65
-88
-100
-99
-109
-114
-122
-150
-176
-192
-183
-177
-146
-105
-78
-82
-41
13
10
-25
-28
-11
-5
-25
-27
-44
-55
-33
8
27
106
173
186
246
253
223
256
248
198
202
173
158
154
121
97
87
33
9
26
32
92
145
173
168
146
109
79
52
35
23
8
-11
-54
-87
-142
-183
-178
-102
-35
19
23
9
-57
-126
-153
-163
-184
-186
-144
-153
-172
-157
-155
-135
-88
-55
-14
9
-3
6
4
-3
30
-11
-38
-16
-4
15
2
-39
-45
-30
3
56
92
69
49
77
105
114
140
141
130
156
151
159
85
-12
-4
19
56
55
31
7
-7
-6
28
96
93
66
60
4
-14
-13
-40
-35
-30
-50
-51
-53
-76
-13
20
-31
-43
-99
-163
-156
-164
-168
-135
-92
-103
-126
-143
-178
-178
-131
-61
-15
5
-4
-27
-26
-17
-18
-18
-6
28
53
51
54
25
-35
-56
-55
-80
-65
-57
-23
0
21
39
52
52
73
82
119
155
136
122
83
57
58
61
87
98
74
102
141
139
162
164
181
183
140
142
111
80
85
90
83
106
79
17
29
22
30
43
34
3
-10
-26
-74
-72
-107
-120
-114
-116
-95
-101
-106
-111
-87
-56
-33
-49
-43
-37
-32
-61
-113
-135
-187
-207
-205
-213
-192
-150
-145
-117
-76
-78
-30
24
61
130
125
95
110
64
57
72
61
60
92
29
24
48
2
31
65
91
91
102
43
23
32
-25
-14
32
29
41
72
58
66
69
62
94
61
48
29
-26
-76
-140
-190
-164
-169
-181
-164
-178
-191
-137
-153
-143
-78
-75
-35
-19
-17
-6
-20
-66
-82
-84
-102
-95
-88
-107
-56
-59
-38
36
48
82
138
168
150
119
123
147
147
184
185
146
164
142
104
102
108
71
59
74
63
50
61
83
71
92
108
90
68
87
107
103
131
112
90
63
42
55
30
-31
-34
-73
-80
-87
-129
-169
-167
-155
-169
-127
-107
-146
-144
-135
-170
-133
-116
-109
-89
-71
-58
-105
-122
-139
-158
-150
-123
-98
-62
-37
-18
-14
-12
39
83
100
115
100
49
81
97
80
128
147
145
164
169
158
152
145
153
199
201
183
172
111
106
109
106
116
119
98
71
59
21
3
-40
-46
-22
-14
-31
-68
-115
-182
-200
-202
-204
-193
-206
-256
-258
-268
-298
-249
-211
-200
-168
-164
-173
-168
-150
-203
-202
-175
-185
-139
-97
-68
-64
-51
20
51
76
101
131
133
148
168
151
163
173
187
208
221
235
212
194
242
265
255
265
255
246
272
301
269
290
257
171
144
126
95
69
82
76
73
64
13
-38
-66
-96
-112
-128
-160
-191
-197
-209
-227
-215
-224
-249
-237
-246
-227
-179
-178
-177
-179
-202
-240
-247
-257
-235
-204
-224
-213
-199
-230
-186
-167
-149
-103
-36
-25
-9
-9
-30
-23
-8
43
102
141
171
172
142
133
128
165
216
269
285
286
279
257
236
269
267
273
267
206
167
159
147
128
174
165
184
149
90
45
-2
-17
-2
8
10
18
-32
-93
-118
-95
-102
-61
-43
-56
-86
-114
-159
-151
-125
-141
-117
-127
-166
-187
-212
-239
-235
-218
-199
-167
-151
-133
-134
-139
-129
-139
-92
-59
-57
-26
21
10
33
47
62
84
84
104
127
127
112
126
134
147
176
189
162
125
97
78
96
110
101
113
84
49
34
3
-6
-1
-9
1
0
-29
-50
-59
-59
-41
-20
1
19
-12
-30
-40
-50
-48
-11
-32
-45
-84
-137
-160
-168
-172
-200
-168
-134
-150
-116
-68
-97
-52
-46
-55
-6
7
-18
9
16
-3
12
-16
9
53
88
74
108
144
142
154
141
134
122
100
77
106
98
55
44
41
40
62
63
56
96
95
93
120
95
69
77
37
10
32
19
14
10
-9
-1
-8
-34
2
28
5
12
-6
-7
4
-31
-41
-52
-64
-71
-79
-57
-60
-110
-128
-104
-115
-97
-31
-14
-28
-14
-43
-58
-31
-46
-48
-38
-42
-22
-12
-29
-12
-12
19
45
58
67
26
2
-15
-34
-21
-18
-14
-6
-3
-2
38
31
11
22
1
35
23
-28
-44
-52
-90
-72
-35
-24
17
15
7
4
-13
-42
-70
-77
-68
-42
-6
37
65
55
33
-2
-39
-44
-79
-99
-49
-45
-20
21
9
-3
-30
-48
-38
-30
-2
43
37
75
90
40
66
60
21
23
22
15
63
52
32
42
27
23
45
63
70
73
57
57
68
47
59
79
70
86
94
53
52
73
14
2
8
-35
-53
-24
-53
-53
-7
-51
-36
2
-18
-17
17
-13
-19
-17
-44
-23
-34
-52
-52
-69
-102
-89
-61
-47
-16
-2
5
4
-1
3
-20
-1
3
-5
46
43
27
42
49
15
22
51
48
57
60
40
36
48
16
10
35
39
52
42
36
46
35
59
72
68
76
51
29
4
5
11
21
-20
-55
-76
-79
-71
-67
-87
-78
-86
-107
-91
-76
-62
-79
-60
-57
-23
-2
-23
-38
-81
-118
-146
-153
-176
-158
-128
-83
-58
-52
-39
-57
-58
-61
-37
-14
-13
-19
-20
-43
-33
-10
-14
-13
-9
1
0
5
18
57
84
126
133
128
147
112
100
115
83
102
125
78
94
125
92
107
110
81
106
68
38
70
75
61
76
86
41
34
56
40
11
17
16
-10
13
-21
-73
-65
-81
-99
-51
-64
-84
-81
-72
-78
-56
-43
-62
-31
-31
-29
5
-5
-32
-5
-4
-34
-25
-45
-69
-58
-57
-57
-52
-37
-31
-34
-26
-14
6
42
47
35
31
48
43
32
29
48
44
44
61
54
55
40
49
70
50
45
43
15
17
18
27
36
41
65
66
61
39
14
-13
-23
-43
-32
-32
-59
-41
-55
-40
-26
-5
-16
3
10
-13
-7
-26
-38
-69
-69
-46
-73
-75
-56
-80
-62
-30
-39
-24
12
0
19
28
-3
20
21
14
27
21
8
-3
-15
-20
-10
-11
-25
-25
-18
-29
-49
-44
-39
-12
10
-1
15
9
7
-14
-48
-54
-37
-48
-48
-22
-33
-54
-26
-20
-43
-28
-13
-15
-12
-22
-36
-81
-84
-105
-95
-84
-66
-34
-11
6
16
38
50
66
65
73
95
48
38
39
27
28
26
45
48
63
67
78
53
54
86
80
81
71
59
44
54
51
64
100
104
65
39
6
-22
17
16
32
61
61
41
56
56
55
121
97
90
106
64
20
14
-25
-46
-45
-76
-46
-27
-20
-6
-39
-30
-4
-37
-35
-10
-63
-78
-61
-84
-91
-76
-81
-57
-38
-39
5
13
22
34
35
11
33
31
8
14
4
-7
13
14
-3
-10
-25
2
42
61
47
60
49
49
38
27
45
47
26
15
5
-13
-25
-46
-29
-22
-29
-3
-8
-9
-17
-20
-41
-59
-73
-63
-58
-58
-71
-75
-74
-104
-117
-98
-119
-136
-128
-172
-179
-165
-154
-159
-145
-139
-129
-89
-102
-87
-49
-30
-23
-11
-8
-11
-14
-9
23
15
32
43
28
58
68
58
78
92
82
84
87
80
92
122
118
124
129
100
89
86
72
88
85
85
78
67
49
26
41
-8
11
35
-6
-5
-1
-17
12
37
26
21
1
-19
-16
-22
-12
-12
4
47
38
44
45
-5
-29
-2
8
9
15
0
44
67
37
76
81
50
60
70
57
52
96
106
78
84
105
82
58
64
47
52
101
68
64
82
55
49
38
18
3
-19
-43
-24
-22
-30
-17
-24
-42
-27
-62
-90
-90
-96
-89
-91
-81
-116
-99
-88
-89
-90
-91
-82
-106
-94
-117
-118
-92
-100
-92
-64
-78
-113
-110
-121
-125
-82
-59
-73
-53
-40
-32
-44
37
105
77
16
-9
-14
-52
-112
-92
-67
-65
-7
23
18
37
32
10
21
9
4
3
17
44
48
22
0
-7
-9
55
44
8
-31
-50
-58
-64
-78
-95
-97
-78
-82
-122
-107
-109
-88
-81
-51
-12
6
8
24
60
28
19
29
29
55
89
104
100
129
116
118
151
110
106
103
90
99
99
112
115
144
131
131
133
118
151
160
177
189
186
190
167
151
133
119
132
93
77
105
71
50
71
32
35
48
1
-40
-50
-57
-52
-63
-46
-54
-63
-76
-115
-131
-160
-186
-164
-127
-120
-137
-126
-127
-140
-104
-85
-99
-115
-109
-92
-99
-93
-96
-115
-106
-110
-92
-64
-79
-123
-114
-108
-90
-29
-18
37
66
34
54
47
14
35
74
76
100
83
29
52
2
-6
64
61
63
86
69
78
62
54
51
64
76
60
46
13
5
-22
-24
-37
-13
-16
-56
-28
-29
-53
-35
-16
-41
-57
-70
-89
-83
-106
-129
-123
-133
-127
-79
-28
-14
-14
-26
-57
-35
-32
-50
-41
-27
-27
-19
-29
-6
6
22
47
36
23
52
65
54
71
67
53
53
53
57
85
87
66
63
57
65
91
86
43
42
93
76
61
72
75
90
115
104
119
127
95
103
95
73
36
-8
-12
-8
-12
-5
11
22
34
10
-15
-6
-29
-25
-32
-23
-32
-38
-33
-49
-42
-47
-49
-45
-39
-49
-43
-60
-65
-40
-31
-40
-27
-37
-48
-32
-43
-29
-18
2
-1
-11
-11
-3
17
0
5
22
12
5
8
-17
-14
13
-2
-39
-36
-56
-68
-21
-17
-16
30
20
5
21
-1
8
26
8
-12
-7
-20
-41
-18
-62
-68
-66
-121
-107
-84
-67
-43
-11
-44
-45
-38
-75
-57
-58
-69
-99
-92
-78
-61
-40
-53
-28
-36
-46
-46
-25
-25
-28
-2
-12
-2
6
3
-1
-5
-2
35
67
82
74
59
42
35
44
75
57
43
31
33
62
69
68
89
95
67
72
61
57
54
51
64
95
86
86
88
63
73
36
37
41
25
51
76
83
83
81
74
44
42
14
-2
28
-3
45
96
66
58
77
44
36
34
23
27
42
8
19
45
19
18
11
-39
-33
-9
-3
-12
-18
-30
-5
2
-26
-16
-19
-24
-10
-12
-14
8
-26
-47
-39
-32
-47
-73
-82
-83
-77
-54
-56
-64
-70
-71
-59
-76
-62
-57
-70
-67
-67
-61
-50
-54
-60
-70
-60
-52
-54
-32
-37
-55
-82
-95
-91
-69
-64
-43
-18
-19
10
14
-9
12
41
-20
-16
5
-34
-46
-39
-47
-23
-15
-16
-3
-22
-35
-36
-33
-22
-26
-20
-21
-19
-15
-13
-22
-5
-1
-35
-8
-34
-67
-34
-15
-34
0
-2
-19
10
12
40
59
46
24
53
34
27
49
30
42
38
39
63
63
66
90
93
76
79
81
74
73
75
88
99
105
125
122
92
106
113
85
96
98
66
69
61
53
60
54
27
6
35
20
36
48
26
40
63
22
16
46
35
18
37
41
30
24
14
-2
12
-4
-35
-6
-36
-42
9
-27
-18
5
-36
-27
-19
-42
-43
-31
-45
-38
-6
-32
-41
-30
-30
-32
-55
-70
-64
-77
-75
-62
-70
-78
-58
-55
-106
-87
-67
-104
-72
-52
-73
-48
-28
-72
-71
-51
-62
-42
-25
-61
-43
-47
-79
-7
21
450
847
341
-543
-695
-223
-53
-225
-415
-287
261
340
-351
-836
-412
257
346
-58
-203
13
162
-25
-344
-359
-28
212
208
200
257
244
83
-89
-61
9
49
126
-59
-130
43
123
-104
-224
-45
224
197
31
-5
64
119
76
93
190
230
185
113
76
210
214
132
173
212
270
166
14
18
227
363
67
-266
-228
123
87
-143
-200
-123
34
55
-235
-373
-4
305
76
-185
-66
117
50
-36
-26
111
238
114
-27
4
91
59
-30
13
111
80
2
-60
-99
-161
-129
-37
-54
-48
33
56
-17
-67
34
66
85
131
183
96
42
55
-12
21
73
79
84
43
-44
-101
-118
-107
-69
-36
-94
-76
-15
-164
-327
-288
-141
-50
-72
-31
-33
-55
-131
-252
-210
-51
31
68
115
86
-68
-169
-136
-130
-37
85
49
-24
-50
-195
-288
-244
-142
-33
-37
-23
34
-1
-145
-148
-26
65
97
27
-42
3
36
0
31
147
232
151
-13
-117
-122
-60
35
80
118
110
-9
-198
-192
-40
52
124
160
146
91
-18
-111
-70
32
155
282
311
203
67
-45
-105
-45
99
161
217
190
8
-125
-139
-130
-115
52
199
170
65
-16
-110
-104
-24
40
174
300
261
134
13
-65
-85
-23
89
174
195
166
5
-122
-136
-139
-48
85
214
195
82
-19
-129
-153
-92
42
128
147
172
109
-44
-201
-271
-151
17
162
191
148
95
-70
-203
-259
-149
-5
86
140
116
-2
-133
-256
-284
-139
-25
-4
41
66
15
-61
-136
-166
-91
1
59
106
106
37
-40
-93
-81
-57
-62
5
3
2
30
20
-18
9
14
10
1
-48
-29
12
15
30
30
3
-15
-25
-46
-50
-23
-15
4
4
3
15
-7
-51
-44
-37
-21
9
12
-9
-16
-18
-66
-103
-85
-74
-58
-17
-29
-44
-52
-60
-95
-93
-64
-52
-2
20
31
16
-20
-46
-82
-106
-66
-23
-25
-14
0
-13
-56
-47
-20
-2
20
39
63
81
52
29
53
57
61
101
100
79
62
67
69
55
83
102
128
131
125
94
56
54
78
94
74
52
26
-9
10
27
42
65
63
67
78
90
57
-5
5
11
-1
-27
-24
-15
-11
-18
-55
-57
-35
13
-30
-79
-49
-17
-33
-22
-24
-30
-33
-58
-81
-56
-5
11
-40
-37
10
-14
-48
-44
-47
-34
-4
-10
-38
1
28
10
19
17
9
9
26
40
30
20
22
39
37
32
40
21
14
2
-10
-8
-4
-13
12
28
15
-18
-37
-17
5
18
-1
7
24
-13
-19
-26
-25
-7
20
-2
-14
-31
-67
-86
-71
-52
-46
-45
-70
-74
-78
-72
-81
-76
-78
-47
-19
-27
-37
-52
-69
-63
-50
-43
-50
-41
-9
15
19
19
5
3
12
0
-4
31
20
-10
19
-3
33
76
55
43
59
73
59
56
62
105
104
78
66
62
47
46
54
29
43
70
73
35
53
87
59
49
34
21
21
14
-3
-38
-30
2
-21
-44
-5
20
-1
-5
10
15
20
-30
-64
-14
3
-3
-17
-27
-19
-33
-63
-47
-27
2
4
-23
-25
7
15
-12
10
1
6
26
-4
-5
6
-8
-40
-51
-31
0
2
-17
-20
-6
25
9
-38
-10
39
35
13
-7
0
36
17
-23
-34
-15
-18
-36
-28
3
16
-17
-38
-26
-5
-3
-33
-32
-30
-11
5
-8
-7
-3
-3
-11
15
4
19
33
-3
-24
-43
-48
-50
-47
-39
-39
-39
-34
-32
-5
-13
-21
0
-4
-2
-6
-17
-16
-2
5
18
24
7
19
29
2
-21
-25
-11
-8
-10
-11
-11
-4
-24
-6
30
29
27
26
13
31
44
8
1
38
55
37
23
37
58
34
35
59
51
33
27
15
25
39
29
24
34
50
70
65
69
83
68
41
22
31
28
29
19
17
23
28
15
22
5
8
6
-3
10
1
-11
-6
-21
-61
-47
-38
-43
-37
-54
-56
-32
-40
-43
-33
-35
-25
-29
-47
-30
-38
-49
-49
-49
-41
-27
-29
-28
-24
-10
1
-15
-11
-5
-31
-33
-19
-34
-36
-17
-15
-1
-10
-30
-2
4
-1
-6
-13
-13
-7
-16
-20
-7
-15
-17
-16
-11
4
-3
9
26
13
-5
-9
-25
-26
-17
-16
-24
-23
-20
-38
-49
-40
-17
-15
-1
11
-3
17
18
12
27
19
4
10
15
7
-7
3
7
7
12
30
39
27
28
31
49
42
36
47
39
28
29
31
28
45
46
43
61
69
46
41
39
19
22
4
1
9
2
10
16
12
12
18
-12
-3
3
-2
-9
-19
-6
-4
-20
-23
-15
-30
-20
-2
-3
5
2
-5
14
20
-9
-6
-13
-18
5
-8
-18
-7
-6
-18
-20
-17
-17
10
17
17
21
8
6
-16
-30
-6
12
9
12
24
21
3
-14
-12
11
39
52
40
24
16
-1
-8
-2
-15
-7
-2
-20
-30
-20
-31
-26
-25
-37
-14
6
10
6
2
-11
-5
-17
-32
-7
-10
-14
-10
-19
-15
-30
-44
-35
-29
-32
-22
-22
-33
-4
3
-21
-12
-18
-54
-35
-26
-36
-24
-25
-34
-28
-29
-33
-16
-14
-23
-19
-14
-3
12
5
4
24
27
14
21
20
30
28
15
11
19
18
6
9
20
30
19
26
30
23
33
31
28
41
40
31
37
22
17
21
16
9
19
7
15
10
-1
11
5
5
14
-4
-12
11
7
1
0
-6
-5
-18
-36
-25
-22
-12
1
-17
-26
-13
-26
-22
-7
-14
4
11
-9
-4
2
-10
13
6
-14
4
15
16
29
28
8
23
25
19
31
36
9
22
26
15
19
31
25
28
26
11
19
15
7
15
24
3
11
14
-2
5
10
-8
-3
-5
-16
-12
-17
-30
-30
-29
-17
-6
-11
2
-25
-22
-9
-39
-31
-16
-38
-34
-16
-27
-25
-12
-19
-16
-17
-44
-27
-7
-23
-21
-24
-39
-12
-5
-19
2
-9
-6
13
-6
-10
-6
-17
-2
0
-18
6
21
3
8
1
5
