SAMPLES:	6536
BITSPERSAMPLE:	16
CHANNELS:	1
SAMPLERATE:	16000
NORMALIZED:	FALSE
-3
28
-6
-15
11
-58
18
-25
-8
16
4
-6
6
5
-47
30
4
-2
5
-10
-7
19
16
18
25
2
2
0
-22
-5
-28
39
14
16
-1
-23
26
-20
34
9
24
10
5
29
5
15
7
6
46
16
29
23
-11
-1
-15
-7
2
34
15
24
28
1
19
0
15
25
-5
-6
-11
-3
7
23
-20
26
18
-25
8
-28
24
1
-21
-10
-11
1
-15
-4
-17
-13
-2
-26
9
-33
1
-11
0
-37
-21
9
-14
9
-9
7
-16
16
-2
8
-26
22
-3
-11
5
-32
20
6
14
-3
-5
1
-6
7
17
-8
-29
-11
-8
-23
15
7
3
60
-20
-9
-26
-51
-16
0
-1
-13
34
24
-19
-13
-23
-17
-13
3
8
14
-21
-22
-31
-21
-7
10
25
-20
5
-32
-16
-37
-24
-6
-4
28
-5
-3
4
-23
-2
-3
13
3
-2
17
-1
-6
20
30
20
14
29
26
-37
-27
8
5
34
10
24
1
-2
9
9
38
4
39
11
4
12
-13
-10
22
34
-11
9
36
20
24
-11
12
-7
26
38
9
27
4
15
-11
-6
10
8
7
-11
11
5
-7
24
-31
-3
-24
-22
8
-4
27
17
31
9
-3
-33
-49
-28
-48
-22
-19
5
0
-2
0
-12
16
-4
43
2
-13
-3
-40
-50
-64
-49
-6
15
22
8
11
16
-12
-22
-16
-1
4
20
19
-4
5
-9
-32
-33
-39
-14
-25
-29
-14
14
5
20
28
29
-3
-15
-43
-50
-15
-42
-4
31
23
33
3
-11
-10
16
-26
2
17
-11
-14
-23
-19
-1
36
31
12
-2
14
0
-15
-27
-7
7
5
17
9
-6
4
1
21
13
18
21
18
17
-8
-21
-20
-4
-15
-18
-22
-9
-8
-12
4
-4
1
8
20
13
3
26
7
1
-10
-20
-18
-13
-3
0
11
-6
-19
-10
-27
-13
16
12
33
35
40
39
59
98
116
120
143
163
162
150
141
129
125
125
129
125
103
97
78
62
46
16
-19
-54
-92
-108
-139
-150
-151
-163
-199
-219
-212
-222
-195
-184
-156
-155
-183
-199
-216
-211
-220
-190
-183
-171
-174
-229
-252
-250
-218
-218
-193
-153
-152
-171
-181
-165
-95
-32
101
256
379
501
642
792
859
959
994
1015
970
867
735
541
368
194
64
-16
-95
-164
-168
-127
-113
-163
-187
-241
-281
-399
-473
-557
-670
-760
-812
-773
-769
-674
-520
-357
-218
-119
-47
5
-34
-64
-112
-217
-337
-480
-566
-686
-746
-790
-780
-704
-668
-536
-432
-328
-242
282
710
959
1242
1662
2098
2083
2323
2423
2519
2391
2144
1937
1525
1030
513
226
19
-397
-670
-666
-676
-750
-803
-673
-744
-820
-928
-1000
-1193
-1410
-1522
-1499
-1433
-1373
-1252
-842
-577
-367
22
280
423
477
528
406
79
-365
-696
-1033
-1393
-1661
-1861
-1835
-1748
-1670
-1380
-1124
-755
-561
-312
-59
705
1287
1689
2246
3090
3937
4032
4460
4620
4829
4488
3954
3405
2579
1605
537
-172
-946
-1857
-2380
-2306
-2267
-2251
-2179
-1866
-1768
-1714
-1783
-1776
-1865
-2079
-2101
-1937
-1800
-1752
-1495
-971
-535
-224
315
875
1153
1232
1304
1042
525
-197
-672
-1172
-1753
-2245
-2387
-2430
-2519
-2527
-2170
-1772
-1467
-1166
-661
560
1244
1855
2599
3834
4608
4663
4929
5157
5309
4669
4172
3525
2604
1473
385
-170
-1064
-1961
-2446
-2538
-2573
-2891
-2795
-2576
-2537
-2452
-2398
-2157
-2140
-2155
-2053
-1691
-1402
-1221
-656
75
538
945
1454
1909
2036
1935
1823
1387
579
-340
-970
-1533
-2251
-2912
-3101
-2945
-2868
-2793
-2273
-1831
-1350
-1222
-339
919
1475
2171
2986
4495
4860
5069
5441
5697
5730
4946
4606
3666
2564
1312
231
-414
-1543
-2604
-3016
-3080
-3254
-3623
-3440
-3097
-2993
-2813
-2485
-2045
-2151
-2042
-1603
-1100
-857
-687
-99
555
919
1260
1834
2283
2239
2166
2009
1323
356
-592
-1288
-2007
-2792
-3322
-3467
-3403
-3430
-3299
-2848
-2204
-1909
-1430
52
1217
1897
2649
4182
5200
5385
5654
5926
6057
5468
4766
3977
3004
1714
428
-379
-1216
-2384
-3126
-3284
-3385
-3858
-4079
-3920
-3750
-3579
-3365
-2950
-2619
-2398
-2044
-1413
-876
-583
-94
829
1400
1670
2180
2646
2786
2683
2466
1928
948
-107
-1067
-1871
-2813
-3633
-3975
-3865
-3681
-3579
-3027
-2414
-1979
-1580
-105
1254
2023
2813
4129
5474
5660
5923
6111
6401
5984
5216
4544
3523
2250
835
-85
-949
-2127
-2974
-3144
-3353
-3748
-4184
-4161
-4093
-3949
-3835
-3422
-2880
-2570
-2072
-1448
-706
-330
272
1182
1875
2254
2649
3109
3224
3076
2775
2248
1385
258
-862
-1798
-2847
-3754
-4343
-4332
-4091
-4035
-3494
-2714
-2144
-1611
-219
1148
1900
2791
4105
5287
5724
5917
6158
6310
5993
5353
4544
3740
2462
1109
153
-794
-1991
-3015
-3303
-3620
-4131
-4522
-4502
-4449
-4395
-4215
-3814
-3328
-2921
-2424
-1622
-881
-365
301
1171
1852
2113
2627
3084
3208
3056
2788
2218
1359
278
-782
-1698
-2699
-3582
-4063
-4234
-4146
-4058
-3634
-2901
-2509
-1625
-281
1086
1885
2907
4475
5363
5673
5834
6328
6431
5908
5359
4594
3610
2231
928
-26
-1188
-2259
-3111
-3424
-3746
-4394
-4603
-4606
-4412
-4434
-4297
-3757
-3311
-2843
-2414
-1689
-1088
-523
322
1166
1859
2249
2847
3328
3440
3315
3038
2509
1569
493
-572
-1655
-2724
-3559
-3938
-4114
-4097
-3857
-3288
-2651
-2190
-976
376
1576
2366
3607
5060
5504
5718
5857
6361
6151
5466
4906
4124
3174
1765
719
-206
-1349
-2292
-2846
-3048
-3670
-4284
-4449
-4452
-4417
-4596
-4340
-3895
-3495
-3062
-2391
-1617
-1164
-511
456
1314
1768
2256
2922
3171
3114
2919
2585
1936
1015
86
-871
-1921
-2946
-3555
-3880
-4003
-3984
-3679
-2949
-2523
-1568
-180
989
1927
2908
4619
5310
5694
5872
6251
6394
5574
5074
4269
3541
2228
1169
455
-721
-1735
-2363
-2514
-3008
-3653
-3896
-4156
-4242
-4442
-4455
-4222
-4035
-3550
-3003
-2215
-1746
-1123
-200
673
1292
1766
2556
3053
3124
3117
2862
2236
1277
310
-598
-1679
-2665
-3395
-3777
-3987
-4130
-3899
-3234
-2749
-1875
-475
834
1768
2756
4331
5249
5611
5777
6066
6130
5539
4997
4283
3490
2351
1231
509
-479
-1543
-2283
-2499
-2824
-3554
-3839
-3902
-4070
-4340
-4494
-4239
-4058
-3760
-3295
-2587
-1913
-1382
-509
397
1098
1501
2162
2862
2966
2839
2646
2287
1521
647
-218
-1199
-2182
-3019
-3370
-3653
-3749
-3625
-3157
-2611
-2084
-708
509
1639
2645
4148
5281
5559
5995
6168
6402
5774
5190
4471
3568
2510
1237
405
-584
-1513
-2127
-2304
-2528
-3078
-3315
-3301
-3486
-3745
-4030
-3901
-3782
-3535
-3258
-2627
-2069
-1582
-691
243
1014
1407
2151
2792
2954
2855
2628
2179
1451
585
-236
-1302
-2231
-3017
-3430
-3825
-3921
-3835
-3433
-2853
-2292
-671
482
1641
2528
4114
5160
5290
5692
5887
6342
5588
5042
4267
3418
2271
1034
358
-556
-1537
-2254
-2362
-2579
-3264
-3617
-3373
-3485
-3657
-3836
-3518
-3458
-3406
-3011
-2414
-1764
-1442
-630
315
983
1395
1868
2583
2605
2468
2290
1899
1242
205
-525
-1408
-2319
-3189
-3581
-3836
-3942
-4001
-3616
-3058
-2318
-976
156
1437
2392
3984
4973
5479
5878
6095
6436
5839
5334
4369
3435
2271
994
92
-918
-1756
-2438
-2754
-2802
-3197
-3285
-3248
-3245
-3270
-3545
-3264
-3186
-3014
-2819
-2336
-1718
-1310
-455
312
1068
1711
2212
2785
2807
2816
2531
1904
1248
250
-539
-1606
-2466
-3201
-3737
-4128
-4247
-4007
-3719
-3188
-2418
-874
267
1370
2462
4001
5032
5359
5919
6119
6382
5719
5266
4603
3670
2528
1414
706
-412
-1421
-2105
-2371
-2643
-3076
-3144
-2995
-3079
-3212
-3318
-3050
-3054
-2951
-2672
-2146
-1597
-1138
-365
363
950
1467
2148
2712
2784
2676
2502
1951
1208
246
-598
-1649
-2594
-3346
-3801
-4154
-4421
-4196
-3944
-3454
-2761
-1252
-118
913
2105
3641
4789
5060
5592
5914
6198
5625
5095
4381
3521
2440
1308
553
-502
-1457
-2085
-2259
-2514
-2989
-3194
-3051
-3142
-3301
-3453
-3254
-3122
-2895
-2525
-2054
-1585
-1048
-286
544
1150
1695
2331
2697
2843
2714
2589
1955
1267
426
-470
-1457
-2515
-3208
-3775
-4147
-4320
-4224
-3918
-3482
-2690
-1233
-108
963
2046
3658
4626
4902
5379
5678
5986
5398
5067
4375
3499
2452
1463
728
-379
-1344
-2037
-2329
-2761
-3252
-3398
-3315
-3390
-3386
-3314
-3082
-3044
-2810
-2404
-1964
-1534
-1021
-216
488
1070
1640
2336
2774
2810
2900
2845
2290
1445
614
-98
-1066
-2062
-2699
-3178
-3552
-3874
-3645
-3328
-3106
-2645
-1393
-28
698
1713
3149
4466
4726
5089
5646
5972
5592
5070
4739
3881
2708
1556
898
-108
-1345
-2196
-2357
-2687
-3317
-3534
-3311
-3388
-3605
-3442
-3126
-3048
-3079
-2664
-2116
-1718
-1362
-587
225
754
1140
1796
2441
2470
2362
2478
2257
1477
705
47
-767
-1841
-2600
-3103
-3446
-3803
-3725
-3397
-3177
-2853
-1888
-522
292
1228
2486
4034
4515
4880
5450
5928
5780
5119
4861
4129
3130
1838
1121
225
-946
-1883
-2158
-2374
-3005
-3408
-3204
-3000
-3322
-3330
-2992
-2704
-2829
-2594
-2055
-1565
-1244
-832
55
563
880
1521
2176
2487
2329
2405
2343
1763
835
0
-651
-1665
-2529
-3111
-3450
-3807
-3984
-3702
-3251
-3038
-2255
-935
24
848
1964
3676
4437
4876
5271
5809
5948
5345
5004
4282
3495
2205
1264
554
-495
-1496
-2006
-2188
-2673
-3179
-3182
-2915
-2925
-3088
-3020
-2690
-2647
-2630
-2267
-1807
-1374
-1003
-223
587
944
1455
2076
2577
2536
2559
2450
1934
1185
333
-472
-1370
-2262
-2966
-3399
-3654
-3788
-3724
-3471
-3161
-2653
-1519
-440
438
1538
2893
4050
4416
4965
5383
5750
5422
5000
4531
3669
2717
1726
1011
-49
-977
-1574
-1798
-2197
-2656
-2824
-2759
-2857
-2855
-2961
-2826
-2797
-2740
-2440
-2193
-1802
-1443
-608
89
643
1170
1876
2472
2543
2631
2632
2257
1576
800
39
-1007
-1973
-2749
-3273
-3695
-4057
-3908
-3634
-3243
-2882
-1820
-614
178
1136
2250
3584
3964
4376
4843
5251
5159
4673
4521
3842
3057
2038
1370
503
-551
-1231
-1530
-1796
-2308
-2578
-2515
-2565
-2720
-2836
-2742
-2759
-2888
-2712
-2369
-1914
-1658
-953
-126
462
853
1520
2293
2476
2452
2463
2345
1815
1054
371
-517
-1506
-2400
-3015
-3372
-3774
-3960
-3775
-3319
-3043
-2346
-1035
-79
810
1805
3103
3866
4156
4628
5042
5241
4725
4451
3970
3279
2258
1395
827
-43
-749
-1154
-1317
-1727
-2140
-2177
-2202
-2493
-2778
-2843
-2760
-2801
-2696
-2495
-2102
-1806
-1274
-495
191
685
1250
2101
2571
2665
2709
2669
2289
1557
774
-102
-1117
-2050
-2822
-3262
-3674
-3875
-3712
-3317
-2957
-2530
-1395
-375
405
1255
2401
3564
3841
4340
4698
5012
4728
4293
4034
3385
2666
1754
1241
436
-373
-917
-1179
-1560
-2049
-2268
-2335
-2539
-2808
-2969
-2930
-2967
-2941
-2723
-2442
-2144
-1728
-930
-226
305
785
1603
2127
2324
2452
2490
2209
1578
958
268
-533
-1425
-2114
-2601
-3059
-3532
-3660
-3455
-3212
-3007
-2159
-979
-121
772
1860
3192
3769
4173
4524
4918
4848
4420
4106
3562
2914
1950
1383
719
-22
-647
-941
-1194
-1636
-2034
-2137
-2210
-2429
-2722
-2714
-2718
-2846
-2850
-2670
-2305
-2079
-1482
-760
-123
391
1090
1867
2200
2428
2622
2538
2163
1496
843
25
-826
-1678
-2377
-2809
-3225
-3481
-3428
-3105
-2879
-2214
-1136
-201
643
1615
2861
3528
3937
4224
4704
4828
4458
4180
3663
3129
2205
1545
909
217
-410
-760
-952
-1289
-1638
-1823
-1910
-2082
-2463
-2649
-2684
-2861
-2913
-2865
-2625
-2381
-1862
-1211
-491
114
826
1603
2034
2256
2429
2432
2157
1645
1063
402
-407
-1245
-2044
-2629
-3135
-3416
-3430
-3203
-2977
-2635
-1578
-691
205
980
2180
3130
3507
3955
4219
4626
4292
4171
3764
3227
2465
1687
1211
528
-86
-530
-712
-1002
-1409
-1631
-1733
-1918
-2242
-2542
-2626
-2848
-3023
-3014
-2796
-2624
-2236
-1647
-918
-419
125
955
1609
1846
2086
2353
2244
1889
1354
781
-5
-785
-1574
-2126
-2567
-2926
-3048
-3001
-2784
-2699
-1998
-959
-174
509
1343
2465
3065
3532
3878
4387
4522
4281
4003
3576
2911
2041
1506
997
366
-320
-577
-802
-1134
-1512
-1598
-1709
-1943
-2334
-2499
-2604
-2803
-2874
-2726
-2444
-2283
-1818
-1226
-617
-250
422
1107
1640
1913
2182
2440
2311
1921
1304
697
18
-715
-1413
-1909
-2381
-2761
-2902
-2753
-2693
-2531
-1731
-766
6
739
1792
2854
3337
3715
4045
4388
4287
4060
3826
3366
2653
1852
1383
747
10
-521
-652
-897
-1282
-1580
-1658
-1882
-2213
-2463
-2624
-2740
-2947
-2903
-2736
-2611
-2395
-1917
-1237
-771
-263
463
1179
1608
1870
2084
2099
1899
1479
979
418
-216
-908
-1349
-1887
-2404
-2710
-2686
-2566
-2606
-2296
-1464
-579
23
796
1849
2705
3117
3534
3951
4279
4151
4031
3813
3252
2542
1980
1597
915
165
-262
-458
-824
-1279
-1546
-1754
-2091
-2423
-2625
-2716
-2898
-3015
-2843
-2655
-2615
-2348
-1798
-1179
-763
-296
352
939
1314
1599
1888
1957
1724
1414
1021
520
-147
-807
-1279
-1807
-2328
-2560
-2481
-2518
-2539
-2353
-1533
-812
-262
514
1467
2416
2822
3510
3902
4297
4243
4188
4023
3440
2930
2334
1971
1189
490
81
-229
-675
-1130
-1343
-1514
-1788
-1960
-2142
-2372
-2650
-2697
-2527
-2470
-2337
-2087
-1558
-1113
-778
-396
130
782
1095
1506
1857
2021
1899
1619
1290
657
-25
-639
-1078
-1684
-2189
-2427
-2500
-2610
-2639
-2406
-1998
-1297
-757
125
857
1813
2516
3124
3597
3875
4264
4225
4188
3669
3293
2699
2030
1303
673
202
-270
-591
-874
-1104
-1478
-1774
-2001
-2197
-2482
-2637
-2665
-2680
-2704
-2574
-2286
-1942
-1519
-1096
-547
-59
491
883
1306
1583
1685
1649
1503
1251
782
316
-263
-937
-1524
-2101
-2405
-2653
-2708
-2709
-2596
-2409
-1892
-1095
-623
192
924
2021
2562
3191
3543
4007
4256
4132
4111
3713
3349
2609
2152
1518
789
124
-215
-471
-909
-1248
-1502
-1710
-2067
-2331
-2459
-2552
-2608
-2632
-2474
-2334
-2126
-1809
-1337
-841
-441
-9
533
980
1366
1601
1742
1719
1511
1213
812
325
-353
-911
-1376
-1948
-2333
-2542
-2531
-2682
-2594
-2451
-1882
-1255
-721
221
1118
2228
2797
3542
3919
4366
4481
4463
4405
3930
3467
2865
2284
1592
883
364
-78
-522
-955
-1278
-1470
-1818
-2043
-2225
-2425
-2549
-2645
-2564
-2527
-2413
-2225
-1852
-1287
-1029
-570
-130
468
847
1299
1650
1742
1750
1604
1391
949
321
-288
-862
-1502
-2156
-2514
-2758
-2862
-2896
-2755
-2571
-2021
-1365
-745
120
935
2021
2733
3461
3741
4227
4382
4376
4247
3877
3435
2738
2138
1508
867
200
-323
-689
-1021
-1412
-1629
-1921
-2161
-2403
-2636
-2670
-2778
-2756
-2799
-2681
-2418
-2176
-1648
-1219
-636
-148
525
1063
1507
1808
1932
1977
1713
1338
868
351
-264
-894
-1475
-1996
-2449
-2677
-2831
-2774
-2724
-2515
-2160
-1320
-740
-49
791
1759
2601
3164
3798
4072
4501
4401
4373
4067
3600
3075
2542
2036
1287
639
97
-400
-845
-1297
-1663
-1908
-2174
-2389
-2492
-2583
-2690
-2707
-2584
-2496
-2356
-2148
-1674
-1185
-763
-197
424
947
1373
1870
2119
2167
2015
1782
1402
850
125
-493
-1080
-1681
-2251
-2604
-2760
-2936
-2797
-2540
-2138
-1799
-973
-292
552
1331
2214
3033
3493
3939
4106
4447
4318
4173
3821
3458
2764
2070
1469
818
150
-340
-765
-1145
-1584
-1907
-2094
-2396
-2624
-2844
-2930
-3036
-3058
-2924
-2693
-2407
-2117
-1559
-1042
-516
-3
633
1178
1525
1788
1918
1966
1722
1403
949
358
-360
-988
-1514
-2050
-2523
-2751
-2761
-2708
-2553
-2284
-1796
-1354
-601
114
809
1569
2226
3022
3401
3819
3954
4298
4326
4173
3904
3434
2874
2196
1620
1035
473
-120
-647
-1071
-1495
-1990
-2322
-2551
-2754
-2922
-3010
-2979
-2840
-2680
-2436
-2165
-1843
-1437
-910
-346
107
654
1137
1560
1734
1810
1728
1453
1137
741
197
-436
-1020
-1571
-1970
-2302
-2491
-2526
-2355
-2144
-1797
-1333
-1005
-504
251
860
1539
2031
2764
3218
3579
3757
3956
4157
4017
3925
3559
3132
2506
1887
1286
658
1
-610
-1101
-1511
-1997
-2340
-2551
-2751
-2910
-2925
-2842
-2724
-2520
-2294
-1988
-1617
-1288
-874
-369
1
391
789
1102
1293
1395
1375
1240
1014
586
221
-264
-820
-1279
-1603
-1878
-2056
-2062
-1913
-1725
-1546
-1220
-876
-577
-226
393
849
1349
1827
2424
2909
3262
3593
3761
4006
3784
3578
3165
2711
2079
1469
888
198
-492
-1104
-1549
-1980
-2365
-2657
-2701
-2717
-2698
-2490
-2278
-2099
-1909
-1652
-1420
-1264
-1060
-748
-427
-206
29
359
613
781
909
912
854
714
564
354
90
-379
-751
-1045
-1307
-1527
-1607
-1496
-1357
-1191
-971
-702
-455
-257
209
796
1157
1621
2090
2668
2948
3192
3344
3476
3448
3176
2979
2520
1889
1219
616
-8
-676
-1172
-1516
-1821
-1977
-2196
-2115
-2056
-1967
-1888
-1771
-1642
-1632
-1494
-1369
-1316
-1311
-1135
-848
-671
-517
-260
66
327
574
910
1123
1171
1065
945
737
341
-120
-422
-688
-948
-1211
-1216
-1149
-1041
-904
-542
-193
56
262
601
1025
1200
1590
2037
2463
2521
2706
2825
2816
2620
2363
2149
1765
1263
811
408
-78
-535
-903
-1077
-1299
-1432
-1478
-1403
-1413
-1461
-1492
-1547
-1686
-1835
-1899
-1902
-1925
-1876
-1696
-1427
-1086
-757
-239
201
546
850
1146
1259
1200
1003
757
483
89
-249
-575
-829
-1112
-1229
-1178
-1049
-865
-610
-316
-69
179
305
392
590
785
861
1135
1330
1590
1813
1969
2073
2101
2099
1905
1838
1541
1194
860
510
166
-191
-401
-617
-763
-913
-1102
-1200
-1334
-1520
-1678
-1786
-1970
-2039
-1942
-1841
-1659
-1397
-1043
-632
-202
211
606
929
1086
1232
1280
1164
932
650
396
103
-220
-486
-623
-672
-667
-593
-479
-354
-269
-164
-97
-60
-142
-272
-377
-296
-223
-90
227
583
989
1291
1609
1837
2015
2109
2113
2016
1739
1366
950
528
101
-283
-513
-712
-868
-991
-1122
-1194
-1306
-1346
-1356
-1356
-1350
-1338
-1238
-1101
-906
-714
-380
-42
258
514
795
940
1019
1010
976
816
613
498
332
244
63
-53
-120
-174
-218
-234
-295
-384
-517
-662
-856
-1012
-1146
-1164
-1188
-1073
-737
-443
-45
383
921
1338
1759
2006
2200
2236
2001
1696
1335
884
384
115
-195
-415
-566
-624
-630
-600
-586
-565
-499
-508
-574
-640
-734
-858
-881
-895
-833
-755
-638
-399
-180
-28
106
319
440
490
556
609
565
472
428
386
342
153
-47
-208
-403
-653
-855
-1011
-1195
-1300
-1322
-1285
-1247
-1147
-943
-799
-646
-279
69
418
752
1105
1344
1457
1505
1470
1539
1347
1128
957
872
661
522
575
623
643
660
698
704
622
465
340
107
-205
-506
-672
-812
-892
-910
-846
-769
-722
-580
-393
-247
-122
89
254
282
276
323
323
241
117
20
-80
-241
-398
-556
-715
-913
-1043
-1086
-1111
-1143
-1127
-991
-917
-841
-831
-768
-838
-817
-586
-454
-162
38
434
686
955
1099
1364
1692
1745
1828
1879
1894
1742
1645
1547
1463
1369
1302
1184
1104
751
426
127
-180
-474
-717
-852
-964
-1009
-1096
-1028
-1020
-1006
-901
-710
-619
-568
-442
-351
-265
-181
-78
18
41
11
28
-28
-130
-327
-440
-509
-623
-774
-915
-990
-1175
-1318
-1422
-1453
-1500
-1473
-1413
-1328
-1295
-1006
-722
-332
79
621
1210
1568
1929
2137
2520
2565
2588
2567
2587
2418
2220
2028
1914
1653
1353
1178
920
603
217
-29
-377
-716
-1099
-1299
-1450
-1527
-1593
-1570
-1459
-1405
-1342
-1142
-908
-799
-566
-336
-122
26
135
230
244
195
141
138
-26
-283
-538
-766
-1026
-1321
-1502
-1543
-1594
-1654
-1636
-1568
-1508
-1474
-1298
-1070
-871
-668
-240
185
664
1075
1642
2168
2489
2726
2931
3134
3044
2942
2756
2597
2255
1992
1772
1534
1227
957
703
433
34
-392
-684
-1050
-1363
-1633
-1695
-1763
-1713
-1627
-1490
-1315
-1188
-982
-744
-557
-422
-214
-88
4
39
93
100
20
-78
-192
-298
-512
-679
-865
-1008
-1114
-1231
-1328
-1366
-1399
-1417
-1347
-1178
-958
-792
-543
-393
-161
26
371
811
1086
1513
1868
2327
2496
2679
2691
2678
2617
2380
2174
1929
1666
1291
1027
760
523
289
127
-111
-322
-654
-899
-1139
-1295
-1436
-1501
-1444
-1424
-1325
-1252
-1103
-1043
-949
-915
-856
-726
-593
-427
-290
-173
-115
-87
-74
-35
-89
-228
-363
-539
-761
-900
-992
-996
-938
-871
-779
-697
-640
-644
-522
-393
-284
-145
9
213
358
618
940
1212
1456
1772
2177
2378
2456
2355
2289
2108
1772
1556
1389
1292
1106
893
776
553
267
46
-161
-364
-635
-772
-938
-1029
-1135
-1203
-1182
-1224
-1204
-1206
-1134
-1136
-1171
-1145
-1063
-917
-773
-501
-198
-70
64
126
171
70
-78
-192
-290
-397
-568
-575
-661
-753
-769
-746
-740
-741
-730
-684
-665
-529
-377
-146
86
252
472
636
962
1139
1368
1569
1759
1951
1941
1917
1804
1750
1577
1397
1260
1120
1074
917
765
644
432
209
-8
-149
-320
-528
-720
-935
-1061
-1247
-1379
-1366
-1315
-1272
-1178
-1074
-981
-899
-794
-651
-480
-318
-220
-123
-94
-66
-108
-229
-350
-515
-670
-801
-860
-867
-836
-727
-611
-494
-403
-283
-183
-169
-149
-81
-26
7
48
149
159
190
306
617
898
1099
1308
1551
1793
1818
1828
1764
1760
1653
1520
1393
1255
1127
957
823
695
518
367
226
12
-161
-373
-534
-690
-769
-801
-835
-838
-914
-939
-1048
-1204
-1359
-1455
-1436
-1398
-1230
-1033
-867
-727
-625
-512
-415
-369
-330
-254
-175
-185
-222
-218
-176
-132
-134
-118
-146
-304
-430
-543
-638
-643
-575
-393
-253
-51
142
291
441
604
874
995
1164
1190
1297
1465
1452
1489
1495
1602
1590
1558
1521
1480
1430
1285
1172
1032
796
602
374
186
-66
-427
-713
-1005
-1191
-1375
-1513
-1621
-1736
-1751
-1743
-1637
-1476
-1291
-979
-692
-408
-212
-73
20
37
136
149
97
19
-53
-103
-202
-293
-339
-353
-328
-236
-191
-173
-210
-267
-374
-444
-519
-497
-448
-338
-179
-26
124
229
366
553
837
966
1203
1421
1697
1810
1827
1846
1741
1654
1403
1231
976
709
446
225
46
-104
-206
-327
-443
-555
-726
-885
-989
-1070
-1034
-1087
-1019
-989
-969
-930
-892
-825
-763
-650
-561
-498
-421
-342
-310
-178
-69
93
134
158
120
35
-16
-124
-158
-207
-222
-272
-330
-369
-416
-407
-322
-264
-161
-72
48
172
292
411
459
480
428
506
686
766
806
870
971
1067
1001
963
945
968
940
869
833
718
656
535
525
491
375
215
38
-153
-415
-672
-851
-933
-951
-976
-1021
-998
-1003
-890
-815
-741
-689
-664
-593
-515
-414
-356
-269
-186
-78
19
124
131
146
141
132
62
25
97
187
301
346
371
224
13
-229
-381
-444
-468
-502
-428
-330
-341
-276
-262
-215
-162
-37
234
456
639
711
857
1019
1088
1069
996
1026
987
919
807
696
647
581
556
513
391
275
151
46
-115
-297
-501
-691
-805
-920
-964
-1022
-1036
-1028
-999
-958
-906
-762
-616
-492
-365
-207
-82
19
183
259
299
276
166
81
33
-8
-42
-29
-47
-121
-183
-267
-413
-529
-589
-600
-612
-602
-542
-516
-457
-340
-239
-157
-62
-31
-13
59
177
433
596
784
931
1099
1228
1278
1237
1239
1277
1165
1085
994
981
820
692
580
509
412
286
150
-24
-166
-299
-414
-505
-592
-757
-841
-868
-871
-862
-818
-798
-781
-729
-626
-434
-263
-76
27
137
205
278
327
310
294
266
226
99
-20
-118
-184
-237
-303
-416
-513
-609
-650
-692
-675
-660
-656
-583
-519
-501
-486
-390
-243
-105
21
149
363
580
785
969
1127
1264
1280
1251
1228
1245
1209
1141
1088
1058
986
908
768
590
368
106
-212
-500
-729
-908
-991
-1020
-1001
-970
-977
-975
-955
-902
-836
-767
-612
-459
-302
-141
67
221
330
439
511
481
370
217
96
4
-29
-34
-18
-35
-163
-310
-485
-677
-836
-977
-1062
-1117
-1117
-1023
-900
-758
-601
-388
-208
-44
4
93
244
367
517
721
964
1170
1307
1339
1405
1342
1183
1039
985
944
842
775
665
556
448
339
222
128
30
-52
-187
-297
-383
-495
-565
-590
-567
-570
-523
-465
-370
-293
-195
-98
42
148
189
255
250
252
216
206
128
36
-64
-128
-198
-257
-325
-412
-495
-590
-629
-694
-724
-751
-765
-765
-755
-730
-699
-658
-593
-527
-419
-274
-119
44
150
239
299
402
453
614
832
1018
1072
1043
1020
950
943
848
822
830
898
851
779
694
593
506
404
381
313
243
102
16
-71
-180
-304
-366
-373
-393
-419
-505
-539
-564
-481
-383
-330
-293
-251
-238
-200
-193
-220
-195
-229
-296
-372
-436
-534
-606
-641
-637
-677
-759
-823
-870
-879
-863
-849
-817
-761
-708
-674
-606
-504
-451
-358
-239
-127
-32
51
196
334
490
621
691
804
977
1158
1272
1284
1287
1336
1293
1184
1091
1086
1070
1022
951
839
702
534
361
232
130
98
69
40
-23
-113
-220
-361
-436
-529
-567
-581
-604
-645
-683
-674
-629
-564
-475
-395
-303
-196
-219
-272
-303
-341
-367
-392
-463
-537
-565
-616
-696
-778
-806
-811
-794
-753
-659
-535
-433
-322
-157
9
149
260
383
489
589
642
674
731
768
816
881
966
1034
1084
1152
1212
1230
1217
1117
1055
938
809
643
487
411
336
279
164
27
-65
-117
-182
-273
-338
-339
-388
-416
-464
-478
-508
-530
-533
-595
-583
-551
-522
-562
-558
-561
-582
-610
-633
-639
-632
-630
-674
-722
-789
-786
-782
-761
-701
-598
-481
-423
-361
-307
-212
-86
33
121
199
306
393
465
541
576
576
583
606
668
734
762
745
689
524
363
212
93
32
48
97
113
121
157
216
236
256
201
220
238
314
369
351
318
289
272
207
187
160
189
203
193
140
88
-19
-150
-283
-393
-437
-517
-570
-665
-712
-705
-706
-697
-622
-496
-364
-233
-166
-127
-47
47
108
153
166
180
180
192
207
222
207
206
260
274
240
173
120
37
-51
-139
-201
-269
-346
-390
-426
-419
-394
-338
-305
-280
-242
-212
-190
-189
-120
14
206
362
445
471
496
555
555
563
589
607
579
554
575
541
486
455
375
259
198
130
68
66
45
-20
-70
-61
-75
-52
-44
-46
-75
-147
-173
-173
-111
-33
3
-31
-75
-95
-57
-18
-33
6
46
15
-117
-202
-155
-137
-273
-462
-549
-528
-533
-604
-710
-763
-767
-781
-746
-661
-564
-525
-496
-433
-383
-284
-89
46
95
80
74
169
213
254
270
350
406
435
435
429
518
505
485
364
340
428
483
470
438
386
250
173
111
165
234
201
127
152
145
112
136
161
160
167
170
211
303
290
207
139
52
-76
-203
-224
-141
-117
-210
-283
-286
-275
-294
-360
-409
-440
-511
-575
-585
-517
-486
-496
-446
-427
-360
-289
-217
-135
-49
-18
3
31
38
70
117
189
256
327
387
413
388
333
255
148
124
165
189
171
134
183
246
264
242
237
238
245
238
202
214
296
370
317
247
249
271
255
192
140
173
197
195
159
125
145
123
54
-38
-103
-147
-189
-186
-227
-304
-371
-395
-412
-463
-438
-381
-381
-368
-343
-270
-165
-104
-118
-194
-211
-211
-211
-248
-247
-182
-146
-160
-209
-226
-239
-249
-218
-148
-84
-57
-101
-71
-8
-37
-80
-112
-73
35
139
221
342
401
318
205
113
114
223
294
366
422
418
354
282
205
132
102
76
91
108
92
57
8
-55
-80
-77
-55
-40
-36
-66
-104
-112
-122
-153
-211
-235
-204
-173
-193
-211
-152
-142
-173
-229
-249
-245
-247
-207
-137
-107
-100
-129
-158
-163
-141
-79
-25
36
124
209
244
254
214
200
222
289
364
419
398
363
368
380
361
351
385
444
466
411
329
252
201
139
97
56
32
33
44
58
51
0
-71
-77
-83
-67
-51
-58
-116
-169
-209
-224
-219
-233
-246
-255
-268
-284
-291
-343
-369
-362
-333
-333
-360
-378
-383
-387
-361
-266
-184
-135
-138
-170
-182
-155
-93
-8
104
201
296
378
364
334
329
332
342
343
360
408
409
359
298
248
195
166
165
211
241
203
189
166
93
-14
-130
-152
-94
-31
-6
1
-30
-88
-163
-240
-218
-152
-91
-16
11
-53
-163
-307
-408
-424
-394
-317
-252
-235
-258
-309
-394
-506
-571
-519
-469
-383
-273
-190
-177
-188
-194
-184
-161
-122
-21
81
129
183
225
239
256
292
365
395
428
454
471
472
446
373
325
343
368
407
451
473
464
415
311
172
69
6
-38
-52
-46
-42
-39
-9
-2
-6
-21
-47
-37
-30
-22
6
28
66
45
-40
-94
-145
-182
-164
-131
-134
-121
-130
-185
-219
-232
-239
-238
-234
-200
-149
-165
-190
-222
-263
-276
-252
-161
-42
54
88
72
16
2
43
119
179
218
277
310
314
301
276
225
165
159
166
147
132
132
105
93
105
49
-26
-63
-100
-123
-148
-145
-108
-73
-73
-81
-101
-131
-167
-166
-124
-66
-6
39
55
40
44
46
54
49
37
44
42
34
15
-6
-27
-82
-131
-156
-172
-182
-145
-104
-101
-103
-98
-110
-129
-141
-141
-146
-112
-54
-12
10
6
-21
-79
-117
-125
-76
-5
34
63
76
57
-3
-88
-156
-189
-193
-183
-159
-89
-24
-15
-36
-62
-82
-101
-84
-78
-40
-11
21
56
83
100
120
144
174
159
165
190
196
218
225
244
271
297
288
336
374
377
370
361
343
331
348
345
326
292
221
172
144
107
51
1
-2
-24
-48
-54
-71
-119
-168
-217
-280
-337
-338
-315
-275
-241
-257
-289
-273
-266
-236
-176
-136
-138
-162
-168
-190
-201
-231
-197
-169
-101
-88
-99
-56
-30
-21
-37
-21
-54
-38
-18
-6
-5
19
41
44
84
126
206
274
305
298
312
340
371
368
343
324
253
243
251
252
285
353
377
330
242
114
23
-49
-88
-134
-155
-178
-202
-211
-243
-303
-374
-437
-503
-529
-514
-458
-390
-352
-305
-279
-266
-277
-295
-281
-250
-233
-226
-214
-217
-196
-155
-139
-118
-88
-71
-59
-65
-65
-59
-74
-51
13
82
110
107
127
156
193
215
269
315
358
387
419
419
412
416
414
424
411
386
386
389
349
324
323
297
250
224
210
173
134
92
20
-46
-96
-112
-129
-135
-129
-136
-157
-206
-234
-262
-287
-266
-201
-181
-199
-238
-263
-287
-298
-282
-260
-214
-208
-229
-237
-228
-210
-177
-149
-136
-114
-87
-37
-10
21
62
85
104
107
99
98
120
156
186
219
249
272
289
292
317
327
326
318
305
297
289
268
260
250
236
208
176
164
137
129
106
63
36
13
-20
-56
-105
-131
-131
-152
-165
-208
-254
-285
-313
-355
-378
-341
-279
-244
-264
-323
-389
-436
-441
-395
-346
-293
-234
-207
-244
-291
-306
-277
-220
-157
-108
-91
-41
-20
-31
-38
-5
50
117
161
168
175
165
176
218
238
251
279
300
318
305
285
273
262
256
268
274
274
233
199
161
122
102
99
100
107
135
134
93
27
-21
-51
-59
-35
-7
4
-6
-38
-73
-101
-124
-156
-183
-179
-158
-129
-110
-146
-172
-185
-196
-196
-181
-169
-176
-155
-171
-180
-162
-98
-26
-3
2
23
45
33
37
79
120
166
188
197
211
208
217
240
219
186
186
201
215
227
237
203
181
164
142
102
74
36
26
43
43
51
40
19
-14
-54
-72
-76
-105
-124
-91
-50
-46
-75
-119
-157
-167
-181
-189
-176
-155
-122
-79
-87
-158
-180
-185
-171
-171
-155
-131
-128
-147
-185
-197
-203
-199
-182
-178
-159
-113
-96
-104
-80
-37
-13
-1
45
93
125
156
156
135
134
133
152
182
200
227
238
210
186
190
157
133
153
135
104
94
82
59
32
17
19
12
20
34
12
4
6
9
12
24
26
39
62
66
51
30
7
-29
-24
-9
-7
-22
-66
-102
-133
-161
-165
-160
-169
-187
-199
-204
-198
-218
-213
-174
-120
-106
-108
-129
-137
-93
-52
-11
24
62
79
97
132
179
197
181
173
177
186
188
189
177
172
172
148
115
78
50
37
17
-2
9
22
12
20
4
-8
4
7
-2
-12
-51
-104
-85
-37
13
65
102
98
58
32
13
10
7
4
7
-1
2
-4
-49
-97
-135
-148
-151
-167
-171
-164
-171
-183
-160
-116
-68
-31
-10
-7
-12
-4
8
27
23
39
63
76
76
64
34
31
39
63
90
102
69
48
45
-8
-49
-57
-48
-56
-37
-39
-36
-44
-44
-16
-41
-59
-59
-64
-69
-61
-31
-22
-3
29
54
64
80
80
63
62
66
45
26
27
20
18
37
57
53
39
13
-1
-9
-27
-18
-16
-6
-6
-8
-3
-16
-36
-15
0
12
25
15
4
11
-2
5
-4
-14
12
-17
-54
-95
-95
-81
-69
-52
-52
-38
-24
-9
15
52
89
115
119
66
33
10
-6
-12
-27
-1
33
36
32
46
57
70
86
73
50
36
45
46
28
21
17
11
10
12
23
18
-28
-46
-50
-28
17
25
17
25
16
9
-6
-53
-80
-84
-66
-43
19
27
2
-12
-15
-16
-23
-23
-24
-20
-15
-12
-19
-41
-77
-89
-82
-86
-68
-58
-27
13
54
75
77
85
84
76
70
59
58
62
46
12
10
0
-30
-50
-44
-37
-55
-74
-91
-81
-77
-69
-43
-25
-15
-8
14
30
28
18
10
1
-2
-1
-2
-17
16
44
36
23
-4
0
-3
3
39
29
0
7
-1
10
-14
-65
-89
-114
-102
-96
-108
-99
-73
-50
-22
-32
-28
5
17
7
9
17
-2
-11
-1
12
25
49
58
74
78
72
79
81
90
67
65
66
52
28
-2
31
60
58
84
91
73
44
18
27
52
64
79
70
41
13
-3
6
-6
-12
32
62
78
69
40
24
13
5
0
-18
-70
-93
-114
-141
-128
-121
-108
-92
-76
-84
-101
-110
-130
-134
-122
-106
-60
-31
-4
10
17
26
9
5
-7
24
48
51
63
80
93
95
90
115
156
174
193
175
134
89
61
23
2
8
41
55
69
62
28
-15
-33
-39
-46
-10
-22
-46
-44
-42
-30
-36
-61
-79
-80
-77
-94
-89
-87
-99
-101
-109
-123
-132
-138
-157
-170
-157
-145
-144
-126
-111
-114
-128
-144
-119
-73
-24
0
6
24
6
-14
-5
18
45
74
95
103
109
73
65
90
108
124
108
116
86
60
55
46
62
74
79
73
78
65
50
48
52
39
33
59
78
104
129
129
110
77
43
10
-29
-26
-17
-11
-7
-3
1
-4
22
30
48
83
72
33
4
-13
2
-2
-9
-13
-23
-34
-13
0
-14
4
9
15
28
44
44
20
-4
-21
-31
-46
-41
-30
-19
-52
-62
-80
-102
-84
-74
-76
-71
-59
-48
-33
-13
7
-1
6
-5
-40
-65
-82
-87
-85
-59
-28
-22
-8
-13
-44
-47
-58
-68
-56
-46
-31
-29
-19
-21
-14
-9
-11
-6
-6
1
29
57
76
82
84
64
45
56
51
65
76
77
77
47
44
46
28
55
51
8
-4
4
26
30
9
-2
-18
-32
-23
-1
-3
-26
-55
-70
-83
-95
-79
-51
-18
-11
-44
-67
-51
-43
-26
-25
-39
-7
30
50
46
29
-15
-58
-67
-54
-32
-13
2
-17
-20
-8
5
20
31
15
21
28
22
37
59
89
123
123
107
91
67
68
45
45
45
42
56
45
20
-5
-31
-52
-66
-65
-57
-46
-28
-24
-37
-43
-60
-71
-54
-44
-46
-63
-91
-102
-86
-55
-12
43
79
73
67
37
0
-22
-25
3
10
15
22
35
68
82
90
67
63
52
46
23
26
38
53
64
58
71
66
68
95
127
116
111
97
64
29
4
-7
-15
-24
-33
-4
27
25
0
-23
-63
-93
-93
-88
-79
-95
-91
-87
-103
-121
-135
-130
-127
-142
-134
-96
-73
-64
-54
-55
-53
-60
-61
-34
9
27
45
48
18
-3
-14
-4
-10
12
44
62
65
69
55
21
3
22
42
44
79
73
57
55
57
71
94
96
78
62
27
10
5
-3
-11
-15
-39
-64
-73
-80
-51
-14
21
35
49
43
7
-16
-29
-47
-61
-41
-30
-20
-12
-3
-9
-3
-7
-16
-9
5
-12
-29
-21
-42
-42
-48
-61
-62
-72
-70
-64
-47
-1
32
32
11
-5
-26
-22
-13
5
25
51
47
-2
-38
-49
-62
-71
-39
-31
-24
-27
-53
-54
-45
-33
-4
14
21
28
22
27
41
32
31
28
19
26
40
66
86
103
116
108
95
73
78
78
85
95
95
71
58
45
37
54
56
50
57
74
77
60
37
25
8
-3
9
29
29
18
10
-8
0
0
-3
15
13
5
11
26
35
25
-7
-36
-75
-106
-117
-116
-119
-110
-103
-108
-107
-116
-131
-137
-117
-98
-85
-83
-76
-76
-54
-15
17
56
64
56
39
14
