SAMPLES:	10378
BITSPERSAMPLE:	16
CHANNELS:	1
SAMPLERATE:	16000
NORMALIZED:	FALSE
62
-22
1
7
-21
20
-37
34
2
-36
53
-42
-3
38
-42
37
-3
-3
24
-25
23
-16
-2
-5
-24
31
-19
-7
-11
-4
-10
-4
18
-9
6
-10
-14
-36
16
-19
-13
20
-39
13
-42
-14
23
-17
1
2
-17
-29
-6
-13
-19
17
-15
-1
1
-22
-12
-2
-20
12
4
-4
20
2
2
-18
17
-2
4
20
23
4
0
17
-50
52
-1
5
40
-1
5
-15
10
24
-17
47
-3
5
37
-25
24
6
-13
44
13
-5
23
-9
0
-3
10
34
-10
10
-9
-23
49
-31
14
50
-75
51
-5
-20
-5
1
-13
-19
57
-37
27
-35
-15
18
-31
79
-33
30
0
-81
86
-65
27
51
-55
67
-77
9
14
-52
66
-7
3
13
-25
5
-14
-2
25
18
-22
51
-33
-10
19
-54
54
-29
30
29
-72
59
-98
20
15
-67
96
-75
24
28
-98
89
-14
36
-30
-112
105
-72
-91
33
54
-82
-62
79
-53
15
31
-18
16
-23
21
-66
-10
39
-48
34
-31
-9
8
-14
28
-36
55
-54
-5
48
-70
65
-6
-71
70
-5
-4
18
11
-34
-36
14
-1
10
17
65
-50
13
62
-82
72
-66
22
44
-80
64
-29
29
-8
-31
77
-19
40
4
2
-28
30
-44
33
53
11
-3
-14
50
-81
69
13
-2
46
-43
38
-27
15
54
-47
75
-32
-8
62
-63
15
37
-68
93
-57
-8
116
-135
96
-45
-12
48
-46
64
-71
25
12
-64
38
-26
0
7
3
-59
17
22
-118
159
-71
-31
46
-86
77
-107
86
4
-96
122
-139
71
-20
-84
110
-68
19
-7
27
-60
-11
38
-70
32
-45
48
-72
-45
69
-83
66
-26
57
-47
-43
95
-122
69
-5
10
-17
-16
69
-87
36
1
-39
59
-101
65
-37
-53
85
-38
-4
63
15
-31
1
32
11
-42
40
60
-152
118
0
-38
156
-101
64
16
-80
100
-110
136
-33
-68
84
-102
49
18
-12
77
-3
-33
11
-46
-2
-24
29
1
9
-13
-11
-30
23
2
-11
77
-83
14
33
-163
107
-27
17
56
-39
77
-118
35
39
-94
159
-140
23
63
-93
73
17
51
-49
60
9
-38
1
-9
20
18
6
12
19
-33
47
40
-82
105
0
-66
67
21
7
-13
22
68
-162
132
26
-45
51
-61
6
-106
82
42
54
-5
-1
-12
-140
133
42
-79
116
-87
7
-54
-97
235
-224
58
112
-200
224
-211
93
12
-244
298
-162
-34
220
-265
69
9
25
20
-99
123
-145
-34
99
-19
-67
125
-11
-82
57
-65
-18
-57
-6
127
-39
-18
3
-29
-59
-13
109
-21
-5
-44
-27
-97
8
10
-97
73
33
-68
-38
41
87
-204
77
44
-65
22
-97
100
-94
-24
113
-61
-30
55
-38
-59
89
-38
74
-20
-138
110
-101
24
67
-70
179
-182
139
-80
0
159
-167
110
6
-38
4
-49
55
-62
27
90
-78
51
69
-124
60
78
-55
56
-34
-10
-19
-110
169
-103
55
83
-62
67
-100
71
-37
26
25
-62
0
-29
69
-37
-14
195
-114
34
-64
14
79
-127
160
-57
46
-9
-38
186
-72
-33
80
-56
14
43
-3
-26
15
27
-102
57
36
6
-98
197
-12
-106
228
-119
-19
80
-113
144
-58
-86
100
-219
158
56
-73
108
-58
79
-56
23
97
-2
-183
60
-34
-7
93
-70
87
-157
25
67
-128
168
33
-167
-18
5
50
-157
87
38
-129
23
60
-117
7
134
-264
128
45
-147
127
-71
-6
26
-49
83
-140
94
35
-139
179
-63
-24
-29
-73
-23
-23
80
-56
36
-32
-35
85
2
-16
8
-27
-32
-70
10
146
-142
62
12
-96
30
4
121
-3
-12
33
-200
79
21
-23
198
-180
35
54
-210
195
24
-56
68
7
102
-115
43
56
-112
3
194
-32
-63
103
-172
55
41
3
105
-54
35
-108
49
16
91
22
-51
76
-124
97
-19
-55
71
-103
95
-30
-63
181
-120
71
-14
-19
176
-171
48
-9
-118
76
78
-25
41
-15
-58
-11
-74
175
-114
2
15
-210
257
-116
-45
149
-198
128
-56
118
-14
-37
159
-242
134
-55
-63
151
-249
107
-51
-117
203
-108
-46
16
-106
105
53
-110
202
-234
-219
238
-198
89
53
-163
260
-199
63
64
-58
61
-83
101
-103
44
-27
-43
-60
-52
72
-118
227
32
27
0
14
-16
-156
104
48
-34
123
-56
-102
113
-144
115
72
-131
101
-206
-18
99
-202
178
34
11
160
-119
-76
104
-174
68
199
-336
122
-147
-220
250
-82
118
-7
184
-51
-215
146
-103
-90
8
253
-159
7
27
-215
49
15
104
149
-8
25
-103
-161
25
178
-74
74
126
-109
-31
26
34
-22
-5
149
-41
100
-32
-115
30
116
56
1
59
-75
29
41
62
22
-52
-7
-60
93
126
-13
58
-69
25
-100
-41
84
53
-3
42
71
35
-145
-171
85
-140
61
311
-84
-46
-106
-174
34
16
195
44
-131
-16
-104
-212
72
113
14
75
121
-109
-188
48
8
10
-41
170
9
-306
265
-133
-43
284
-128
158
-124
-119
118
-205
27
99
23
47
51
-10
-102
31
-48
4
-124
228
-27
-307
279
-76
33
25
13
64
-170
-27
61
-179
134
90
-282
94
-75
1
113
-152
111
-118
-102
100
-96
166
-185
1
-43
42
20
31
155
-127
76
-129
13
-66
-196
80
92
-74
48
127
-43
-63
82
72
-30
-117
103
12
-133
112
-75
22
2
-59
94
-165
266
-6
26
120
0
-75
-103
138
-9
53
89
56
-133
59
39
-47
175
-59
115
-41
-63
64
-88
-28
34
31
-123
59
99
27
-20
-68
123
-66
-4
227
-216
194
-160
-69
257
-94
125
-28
-128
34
-74
22
222
6
18
11
-30
25
-46
96
71
-110
203
-56
-11
125
-64
-17
-139
173
-19
-205
259
-266
-32
69
-78
246
-178
-36
188
-417
223
14
-296
175
-240
33
123
-264
354
-235
-321
351
-395
252
36
-247
148
-266
44
77
-96
103
86
-177
116
5
-294
125
-110
17
57
-96
160
-211
-17
-90
-21
200
-170
343
22
-238
-23
66
-50
165
-1
13
16
-143
-10
-63
41
76
-12
-56
94
-171
27
93
-247
133
-102
-43
86
-109
154
-106
-230
228
31
-30
167
-183
-30
-265
95
26
30
174
-108
28
-9
37
-25
12
189
7
38
-24
72
-290
36
210
66
33
103
95
-94
-21
-17
101
26
121
115
-162
168
-92
-222
389
-19
265
-77
-194
307
-295
8
191
76
16
64
45
-33
-65
-110
110
-51
42
62
-91
-66
126
-100
44
101
28
140
-249
196
5
-110
122
-10
42
-122
117
-99
-151
238
-91
33
74
9
-170
-61
-14
-161
191
6
145
-96
-28
83
-333
231
-9
-29
47
-178
27
-245
93
-17
-52
72
-119
71
-83
-151
62
-70
-94
41
27
-42
82
-275
103
-104
-35
116
-53
11
-163
13
-96
44
-41
-23
-39
28
258
-54
-85
146
-94
-88
95
15
62
-130
-63
87
12
22
20
-131
53
-214
153
-151
172
133
-280
263
-46
9
122
47
-45
-77
-81
-30
14
112
191
-126
55
59
-267
103
188
-50
122
-24
26
-73
-25
1
63
127
2
156
55
27
38
-107
48
38
42
93
-109
39
-169
-115
280
-3
-53
352
-122
-200
75
23
4
16
239
-241
57
13
-242
93
100
-23
48
18
436
369
-102
64
-292
-399
-170
-31
166
-202
-215
-224
-530
78
269
79
424
164
-240
78
-210
-180
-67
74
6
-13
83
102
7
118
8
-93
210
204
-171
-72
-130
-206
-128
-141
234
221
-336
95
-53
-89
50
0
112
129
-54
-77
-160
-34
46
-298
262
30
-97
15
-45
150
-68
-206
178
157
-190
243
-62
-148
4
-168
126
230
-224
304
-142
-139
313
-321
115
-111
-38
182
-78
259
87
-41
123
20
-200
82
151
-43
162
-127
-354
-39
-583
198
5
110
351
-122
106
-245
128
13
-105
527
-104
-228
-20
-176
-170
6
-70
384
-182
240
197
-252
-121
-104
106
106
74
186
-44
-282
137
-151
194
195
122
139
48
59
67
-117
4
-28
-45
-34
-39
383
-170
-30
130
-201
215
-51
240
202
-272
170
-325
63
-62
12
168
-169
382
-315
-203
94
-420
220
-5
168
63
-147
-78
86
-118
-169
434
-89
170
-98
-205
90
-410
135
57
-249
347
-274
-78
120
-158
-201
50
122
267
84
-405
179
-185
-254
468
-56
180
-182
-272
201
-439
211
239
-331
600
-223
94
163
-353
242
-216
-165
381
-150
-185
301
-270
35
-164
82
216
-294
305
-75
-317
94
-125
-128
247
41
233
-125
-252
186
-461
219
178
-50
109
-263
93
-410
-225
301
-363
160
471
-380
439
-346
-45
-114
-245
462
-76
78
218
-112
-192
117
15
120
45
271
91
-166
62
-44
-116
-9
63
253
105
-4
165
-443
229
61
117
246
-481
342
-468
0
484
-19
243
-85
41
218
-330
270
23
-373
183
-214
207
-270
62
154
-329
458
-264
250
-26
-49
-98
-8
-55
83
142
-172
40
-77
50
-107
85
121
-245
182
-291
-35
211
-313
283
169
-108
94
103
28
-225
252
-26
-88
31
12
-191
-139
185
-95
221
214
-167
320
-151
-106
173
-247
206
-27
-57
-48
51
-13
-190
131
142
-246
40
300
-282
-152
351
-276
18
7
115
-166
-227
466
-228
-177
368
-108
56
-52
-148
88
-200
-191
413
-175
1
-149
-146
-4
-278
234
-15
-359
87
-82
-446
204
-17
-289
318
50
7
-53
72
-142
-211
79
-233
335
88
-104
-146
-199
306
-245
174
438
-235
-62
-110
-249
-74
45
-185
353
107
-509
366
-119
-111
259
137
223
-312
252
-113
-220
182
297
-83
225
404
-412
235
-224
74
58
-22
209
21
14
80
203
-113
284
340
269
458
-13
166
-144
-237
165
-384
-90
-142
-517
-80
-295
-144
-97
-139
184
-47
-187
350
170
-38
441
-213
-208
372
269
160
282
231
-204
-417
68
329
-284
234
472
-371
-60
-378
-267
70
-298
244
-124
-505
222
-193
-156
387
227
242
255
286
103
-123
-155
45
-155
75
-152
-311
-187
-641
-357
-216
-274
155
51
-164
73
-207
-203
188
361
191
98
415
28
-234
224
-219
-3
83
106
367
-235
3
-234
-550
42
19
-169
99
274
-228
-292
-110
132
59
182
566
2
-292
127
-115
43
380
359
214
119
77
87
-232
-72
134
44
156
261
231
86
-124
-361
-220
-98
-26
152
-120
-191
-147
-160
-45
195
339
46
-30
299
-101
-290
90
-59
-98
199
-123
-162
-248
-346
-336
-295
-2
-114
0
13
-154
-76
-62
150
293
61
-52
-151
-350
-124
40
-65
140
120
166
145
-40
173
183
223
375
218
224
206
222
245
67
145
320
151
306
361
234
270
-45
257
288
47
246
188
158
15
52
17
-106
90
157
52
46
-165
-314
-325
-430
-315
-406
-149
-214
-396
-346
-541
-442
-573
-387
-302
-462
-457
-675
-912
-765
-761
-746
-530
-558
-830
-862
-602
-405
-227
-112
-30
-168
-232
-133
-109
33
129
242
629
1125
1456
1793
1882
1882
1957
2012
2172
2016
1777
1899
1535
1279
1078
745
563
274
620
459
4
36
-700
-946
-1023
-1313
-1256
-1459
-1548
-1685
-2055
-2243
-2386
-2393
-2004
-1621
-1360
-1288
-1249
-1269
-1428
-1388
-1248
-997
-628
-444
-499
-652
-851
-844
-870
-688
-600
-600
-677
357
1758
2195
2648
2813
2725
2205
2769
3828
3669
3592
3582
2833
1988
1473
1470
1341
1653
2494
2298
1587
637
-479
-1437
-1750
-1287
-853
-962
-1197
-2005
-2997
-3491
-3609
-2548
-2032
-1342
-612
-1134
-1352
-1607
-1775
-1440
-912
-2
-83
-395
-743
-1914
-2501
-1939
-1436
-802
-482
-442
-1003
-1625
-1598
-1470
127
1922
2709
2957
2891
2227
1545
2291
3572
3905
4204
4313
3295
2053
1311
889
880
1711
2417
2313
1340
-291
-1831
-2897
-2897
-2423
-1768
-1414
-1759
-2535
-3536
-4235
-3853
-2999
-1714
-588
-154
-508
-994
-1313
-1426
-871
-37
760
853
623
-278
-1418
-2077
-1525
-729
-350
44
-232
-1149
-1733
-1961
-1612
240
2030
3313
3592
3309
2522
1609
2650
3955
4632
5160
4735
3735
2182
946
681
701
1565
2424
2230
1199
-807
-2632
-3802
-3878
-3050
-2123
-1659
-1860
-2568
-3831
-4617
-4088
-2878
-1306
202
698
171
-675
-1277
-1425
-819
357
1322
1508
1040
-23
-1382
-2223
-1774
-798
-116
255
20
-1121
-2316
-2670
-1987
69
2303
3647
3594
3136
2249
1662
2609
4010
4916
5415
4851
3660
2068
494
42
490
1590
2137
1885
343
-1974
-3836
-4633
-4399
-3290
-2029
-1611
-2034
-3029
-4067
-4601
-3522
-1809
-248
868
989
218
-522
-949
-780
15
980
1791
1640
654
-617
-1798
-2246
-1649
-788
-260
-407
-1000
-1865
-2546
-2752
-2012
397
2446
3731
3638
3088
2343
1790
3232
4740
5557
5856
4941
3645
1897
461
-93
45
1065
1367
925
-592
-2855
-4459
-5054
-4578
-3477
-2315
-1577
-2018
-2836
-3695
-4013
-2871
-1345
256
1308
1278
518
-182
-398
-320
370
1313
1839
1495
541
-842
-2042
-2550
-1871
-1016
-656
-567
-1208
-2025
-2608
-2649
-1665
908
3261
4284
4089
3459
2743
2314
3820
5236
5781
5749
4875
3097
961
-333
-886
-583
551
1036
350
-1518
-3592
-4812
-5379
-4489
-3189
-1926
-1479
-1862
-2566
-3618
-3443
-2191
-340
1034
1797
1719
484
-81
-320
-329
590
1439
1745
1004
-342
-1575
-2676
-2620
-1748
-918
-470
-685
-1334
-1948
-2454
-2212
-1275
1231
3677
4702
4655
3715
3094
2594
3692
5635
6226
5948
4588
2532
364
-1355
-1476
-896
11
423
-216
-1837
-4083
-5196
-5228
-4211
-2489
-1218
-844
-1518
-2452
-3202
-3086
-1136
726
1976
2290
1679
415
-569
-274
111
520
1047
796
-152
-1523
-2611
-2892
-2576
-1697
-991
-904
-1380
-2035
-2303
-2113
-1509
-628
685
3024
4209
4537
3991
3454
3696
3622
5133
6177
5494
4310
2298
366
-1191
-2031
-1532
-1042
-501
-735
-1842
-3382
-4832
-4905
-4083
-2620
-1238
-573
-786
-1495
-2222
-2160
-1255
393
2012
2515
2259
998
-239
-384
-141
418
871
556
-459
-1747
-2781
-2994
-2654
-1751
-1011
-756
-1015
-1684
-2065
-1943
-1082
-201
685
1398
2931
4178
4401
4355
4137
4029
4035
5133
5770
4814
3503
1623
-390
-1581
-2101
-2051
-1872
-1336
-1235
-1944
-2928
-4121
-4270
-3298
-2052
-913
-300
-281
-950
-1470
-1154
-801
571
2161
2270
1780
579
-455
-1113
-748
55
-99
-485
-1353
-2409
-2858
-3059
-2648
-1625
-870
-619
-1124
-1660
-2105
-1760
-456
422
1097
1296
2326
3662
4170
4565
4073
4295
4289
4429
5237
4299
2932
1155
-364
-1176
-2257
-2272
-2035
-1604
-1297
-1703
-2399
-3379
-3455
-2783
-1676
-687
-185
155
-239
-654
-717
-549
292
1402
2098
1716
630
-509
-1048
-965
-648
-532
-1025
-1843
-2495
-2843
-2701
-2295
-1555
-809
-775
-1194
-1604
-1813
-1431
-421
352
869
806
1127
2281
3427
4344
4385
4569
4617
4342
4373
4164
3381
2025
762
-282
-1422
-2258
-2277
-1890
-1552
-1379
-1663
-2324
-2918
-2866
-1997
-1013
-174
184
347
86
-428
-467
-48
673
1744
2195
1313
-91
-1116
-1225
-1114
-724
-520
-1295
-2216
-2714
-2567
-2222
-1866
-1296
-766
-1025
-1524
-1726
-1466
-1049
-129
819
1033
610
698
2338
3527
4607
4945
4940
4414
3301
3674
3592
2719
1721
601
-609
-2119
-2748
-2680
-2269
-1587
-1216
-1187
-2072
-2888
-2994
-2179
-1083
-150
908
863
294
-362
-495
-28
522
1969
2460
1390
169
-1078
-1510
-1579
-1048
-631
-1304
-1931
-2612
-2610
-2392
-2218
-1354
-764
-697
-1305
-1466
-1376
-956
106
827
1140
374
72
1660
3588
4865
4991
4776
3895
2763
2893
3337
3114
2158
1080
-263
-1961
-3272
-3671
-2981
-1883
-966
-677
-1440
-2667
-3208
-2419
-1024
472
1534
1752
1108
112
-459
-281
527
1806
2706
1831
128
-1464
-2040
-1907
-1405
-538
-677
-1623
-2665
-2957
-2841
-2505
-1428
-397
-85
-853
-1464
-1565
-1142
-88
1074
1685
1247
456
824
2391
3773
4470
4609
4154
2991
2317
2549
2644
2019
765
-392
-1760
-2967
-3478
-3130
-2180
-1464
-713
-668
-1484
-2112
-2014
-1019
396
1743
2348
1918
1173
465
177
723
1568
1840
1261
191
-1014
-1709
-1689
-1270
-1074
-1289
-1853
-2422
-2453
-2172
-1658
-982
-432
-384
-934
-1626
-1661
-1093
-16
931
1332
941
35
-221
1131
2949
4035
4233
3836
2945
1925
1815
2085
2098
1463
307
-1024
-2196
-3302
-3326
-2292
-1214
-452
-257
-841
-1793
-1850
-972
543
1964
2552
2305
1428
506
-163
48
1012
1613
1613
731
-654
-1783
-2162
-1626
-1211
-936
-1266
-2193
-2673
-2539
-1830
-973
-308
-61
-473
-1279
-1853
-1699
-718
330
767
722
116
-843
-863
892
2778
3965
4099
3830
2683
1621
1898
2226
2154
1373
347
-869
-2069
-2544
-2475
-1592
-670
-234
-72
-743
-1508
-1410
-217
1221
2250
2568
1835
638
-137
8
518
958
1211
851
-107
-1289
-2008
-2016
-1654
-1290
-984
-1251
-1926
-2276
-2051
-1324
-890
-635
-682
-1355
-2105
-2277
-1591
-628
317
634
300
-601
-1682
-918
1364
3510
4487
4260
3676
1986
1293
1929
2424
2448
1698
995
-285
-1634
-2424
-2400
-1432
-347
391
290
-440
-1232
-999
72
1117
2022
2240
1693
834
306
296
351
929
1074
717
-209
-1359
-1801
-1789
-1193
-861
-714
-1021
-1796
-2089
-1901
-1540
-1224
-735
-873
-1624
-2136
-2390
-1959
-1132
-281
172
-181
-603
-1083
-530
1541
3421
4445
4038
3308
2312
1774
2286
2802
2977
2101
844
-483
-1798
-2535
-2580
-1625
-687
-280
-457
-1102
-1571
-1338
-244
1038
1725
1656
1255
729
329
264
448
843
828
421
-146
-1070
-1636
-1647
-1124
-750
-1016
-1497
-2142
-2557
-2367
-1795
-1235
-1049
-1161
-1487
-1999
-2374
-1961
-771
282
936
900
286
-423
-425
1466
3276
4637
4796
4195
3432
2290
2272
2316
2446
2048
986
2
-1313
-2394
-2886
-2344
-1375
-809
-403
-571
-827
-852
-249
588
1237
1763
1718
1477
1012
625
241
221
363
141
-166
-990
-1627
-2036
-2013
-1793
-1873
-1865
-2280
-2495
-2246
-1987
-1699
-1616
-1499
-1530
-1607
-1578
-1205
-440
440
1064
1078
671
347
257
1205
3056
4308
4614
3901
2950
2132
1740
2098
2267
2231
1313
-211
-1357
-2473
-2956
-2796
-1701
-895
-605
-424
-661
-659
-424
408
1446
2113
2190
1641
881
77
-361
-214
119
145
-421
-1190
-2097
-2682
-2564
-2132
-1572
-1295
-1386
-1666
-1898
-1853
-1597
-1038
-531
-197
-268
-489
-795
-592
232
1060
1644
1636
1321
813
429
1390
2734
3789
3900
3285
2523
1269
1042
1315
1588
1399
419
-446
-1478
-2269
-2591
-2198
-1193
-638
81
326
29
-324
-297
334
927
1355
1210
712
42
-727
-1034
-1144
-1157
-1150
-1443
-1815
-2148
-2045
-1732
-1304
-959
-977
-1124
-1337
-1186
-784
-197
292
533
431
22
-324
-564
-405
234
1003
1268
1087
569
82
-226
542
2056
3167
3308
2702
2045
1181
963
1437
1762
1639
833
-184
-1051
-1739
-2164
-1933
-905
-106
297
180
-410
-931
-892
-177
478
792
473
-151
-678
-1126
-1267
-1209
-893
-777
-801
-899
-1018
-971
-704
-149
169
131
43
-139
-94
14
170
283
346
238
-203
-585
-1004
-986
-460
464
1036
992
755
365
84
483
1597
2588
3095
3017
2632
1872
1293
1280
1415
1439
1013
216
-621
-1247
-1816
-1912
-1329
-857
-555
-503
-716
-1104
-1490
-1341
-992
-399
-130
-346
-651
-1025
-1209
-1236
-772
-385
-116
100
197
225
94
126
-65
-123
-139
-207
-256
-474
-621
-838
-752
-741
-968
-1152
-1422
-1412
-986
-184
604
911
896
548
231
52
728
1808
2571
2741
2463
2192
1466
1193
1097
1239
1144
565
106
-503
-1032
-1640
-1622
-1146
-883
-695
-803
-944
-1197
-1068
-688
-260
188
87
-20
-205
-385
-394
19
700
1013
1061
843
647
391
253
293
293
273
-28
-268
-615
-948
-1087
-1117
-908
-823
-943
-1161
-1265
-1153
-536
303
841
1042
917
472
-71
-349
228
1360
2363
2583
2248
1595
487
178
515
950
1047
761
283
-442
-1216
-1942
-1979
-1532
-969
-320
-144
-458
-1044
-1190
-771
-68
597
845
822
520
324
352
577
1006
1325
1465
1064
445
-173
-528
-440
-340
-151
-275
-691
-1031
-1331
-1358
-1205
-918
-706
-612
-632
-793
-797
-634
-21
752
1254
1089
407
-290
-684
-653
257
1328
1769
1573
877
260
-256
65
586
1096
1339
775
172
-591
-1137
-1333
-988
-232
177
428
180
-191
-471
-513
-39
378
716
634
470
274
134
308
464
650
503
239
-111
-629
-795
-819
-642
-500
-402
-458
-766
-956
-1101
-1022
-816
-516
-289
-372
-583
-788
-820
-739
-515
-144
54
4
-227
-449
-627
-762
-535
114
617
791
689
630
610
793
1374
1782
1865
1477
1058
734
344
73
-51
253
551
799
864
631
326
-26
113
389
594
673
601
455
164
4
-101
-154
-207
-276
-260
-394
-561
-693
-596
-337
-323
-378
-522
-618
-722
-788
-776
-731
-725
-807
-869
-964
-1007
-1092
-966
-636
-368
-217
-299
-468
-652
-628
-430
-295
-84
189
353
362
514
717
829
1077
1299
1355
1265
1041
954
947
981
890
840
912
857
833
807
709
467
304
252
310
291
147
107
131
43
-173
-313
-421
-565
-640
-615
-519
-546
-629
-514
-408
-405
-505
-459
-370
-371
-362
-495
-636
-822
-928
-895
-850
-893
-964
-891
-770
-600
-414
-276
-305
-515
-668
-874
-954
-899
-573
-2
443
593
528
571
566
742
1241
1749
2020
1904
1605
1275
954
639
631
927
1091
1150
1021
725
360
43
-31
74
231
192
64
-81
-252
-421
-564
-450
-369
-352
-397
-443
-398
-305
-142
45
179
-32
-315
-480
-568
-605
-690
-676
-733
-907
-1112
-1266
-1300
-1396
-1430
-1290
-1044
-825
-615
-494
-473
-476
-461
-418
-307
-242
-111
225
531
860
1155
1458
1563
1488
1539
1633
1737
1645
1479
1253
909
661
458
575
765
829
848
728
488
115
-69
-50
150
403
529
588
425
177
-23
-33
78
143
136
66
8
-226
-414
-515
-616
-705
-921
-1031
-1192
-1362
-1465
-1480
-1446
-1498
-1505
-1518
-1458
-1357
-1192
-857
-563
-409
-364
-361
-361
-405
-369
-252
-92
-121
-196
-161
26
273
491
773
979
1036
972
998
1056
1005
951
917
994
872
703
601
704
865
926
1167
1302
1184
965
859
890
841
720
589
468
256
-37
-196
-410
-665
-937
-987
-941
-959
-944
-945
-870
-873
-930
-922
-913
-840
-908
-858
-726
-679
-696
-701
-603
-588
-558
-519
-424
-311
-354
-419
-458
-406
-297
-227
-84
-8
91
20
24
92
174
356
528
762
973
1159
1237
1278
1321
1293
1279
1184
1028
984
1034
1128
1205
1310
1277
1164
967
716
466
228
67
-51
-110
-312
-554
-741
-903
-1037
-1088
-1035
-989
-929
-871
-789
-711
-701
-659
-580
-480
-455
-482
-500
-523
-520
-534
-554
-645
-677
-677
-623
-483
-377
-238
-99
-14
-2
-99
-201
-110
58
224
307
275
228
158
168
228
247
300
454
678
927
1100
1115
1142
1132
1070
1011
810
669
611
582
577
509
378
202
124
108
41
-118
-252
-362
-416
-395
-401
-453
-508
-564
-537
-524
-605
-685
-700
-641
-625
-601
-624
-721
-760
-693
-546
-358
-214
-130
-92
-116
-107
-83
-43
-16
-23
8
-11
-41
-99
-165
-163
-170
-197
-138
-82
-81
-61
-9
42
89
138
137
76
153
334
472
646
771
870
920
1028
1108
1100
1001
751
528
418
393
369
397
418
288
135
-39
-155
-236
-303
-320
-314
-299
-363
-419
-478
-562
-556
-423
-234
-133
-83
-30
16
48
125
209
175
118
-14
-127
-246
-314
-308
-339
-339
-361
-426
-466
-503
-470
-395
-295
-287
-338
-392
-425
-400
-291
-89
65
169
144
5
-66
-96
-63
19
115
242
296
338
419
573
590
562
601
572
507
367
210
100
86
90
111
131
75
25
124
349
500
561
542
441
352
232
177
171
134
143
171
170
-30
-300
-506
-528
-419
-340
-239
-225
-232
-271
-305
-270
-333
-372
-376
-312
-270
-259
-237
-221
-159
-162
-215
-298
-373
-466
-472
-402
-338
-271
-237
-251
-340
-533
-621
-551
-467
-330
-264
-164
-68
35
169
309
435
411
483
628
761
813
798
802
769
767
697
660
706
652
648
683
588
401
211
126
62
-23
-124
-188
-210
-205
-206
-242
-273
-323
-313
-232
-159
-94
-55
-4
97
213
229
119
-23
-181
-341
-372
-379
-439
-511
-574
-604
-671
-775
-837
-743
-634
-620
-585
-585
-644
-637
-517
-324
-162
-86
-68
-44
-40
-29
-15
104
303
460
630
740
830
840
844
915
962
944
852
750
686
615
474
396
398
426
451
466
398
279
166
129
156
208
173
68
41
13
-11
-2
77
70
17
-21
-77
-148
-241
-336
-314
-292
-372
-447
-481
-509
-630
-704
-642
-592
-580
-578
-537
-560
-646
-634
-531
-447
-434
-430
-420
-414
-402
-288
-124
1
1
-76
-142
-218
-240
-154
21
220
316
384
404
382
386
378
508
657
791
741
620
526
430
406
393
463
514
506
477
465
448
339
275
232
148
67
-82
-173
-187
-186
-234
-212
-147
-200
-206
-155
-97
-107
-133
-153
-155
-123
-120
-67
-69
-140
-237
-313
-345
-371
-353
-369
-363
-336
-341
-312
-304
-291
-329
-377
-380
-431
-466
-442
-329
-236
-212
-208
-220
-158
-79
54
161
368
559
682
782
808
806
691
684
777
779
658
424
243
101
38
84
162
279
301
424
521
500
387
266
187
142
151
54
3
-49
-85
-44
20
56
6
-51
-52
-31
-25
-91
-119
-155
-220
-303
-365
-392
-526
-655
-730
-768
-784
-797
-670
-542
-473
-480
-455
-417
-469
-462
-457
-426
-483
-492
-374
-244
-173
-215
-211
-210
-299
-347
-324
-268
-106
104
299
427
553
573
555
671
795
876
872
790
690
578
537
533
651
808
894
959
957
874
691
617
555
505
435
287
189
98
9
-68
-52
-77
-174
-255
-290
-290
-286
-272
-266
-299
-366
-453
-515
-616
-658
-692
-706
-736
-844
-899
-981
-1016
-1032
-1081
-1117
-1097
-1001
-938
-858
-783
-758
-735
-682
-572
-530
-469
-357
-226
-56
78
149
257
511
770
1039
1293
1470
1514
1492
1533
1573
1548
1381
1165
1024
949
902
881
931
978
968
963
918
812
649
534
521
515
449
357
248
105
-15
-75
-162
-277
-404
-521
-627
-746
-828
-931
-1042
-1073
-1096
-1116
-1118
-1130
-1141
-1132
-1052
-1012
-1003
-983
-934
-840
-811
-764
-668
-570
-473
-375
-293
-292
-298
-218
-79
83
211
230
222
224
182
161
175
373
688
917
1113
1242
1327
1268
1233
1267
1271
1225
1058
963
901
812
669
561
557
476
408
425
349
159
-78
-230
-342
-421
-534
-670
-788
-880
-867
-857
-826
-828
-896
-864
-817
-765
-761
-700
-614
-587
-576
-561
-521
-531
-485
-438
-328
-273
-320
-320
-373
-381
-368
-264
-82
9
45
-1
-26
-46
-31
65
191
324
372
398
402
341
337
306
471
753
958
1117
1153
1235
1188
1122
1093
1052
930
623
396
238
149
50
-95
-94
-128
-105
-71
-39
-4
-68
-100
-159
-204
-354
-516
-533
-473
-378
-332
-297
-260
-267
-261
-209
-101
-54
2
105
144
103
23
15
19
-27
-133
-183
-187
-231
-214
-152
-59
-84
-178
-231
-300
-337
-389
-373
-376
-408
-402
-382
-365
-418
-513
-608
-610
-535
-581
-526
-187
179
436
559
682
600
441
557
784
911
814
559
315
166
18
-38
99
208
249
301
301
216
29
-18
86
251
344
373
372
316
209
159
254
321
341
409
532
620
619
560
519
408
224
26
-162
-334
-471
-542
-610
-690
-823
-945
-1002
-1018
-1022
-1016
-941
-876
-846
-838
-865
-875
-926
-877
-722
-553
-453
-523
-610
-696
-697
-666
-514
-6
484
830
1058
1238
1177
1004
1141
1389
1529
1356
984
726
480
321
255
365
522
573
696
744
733
565
448
499
585
596
539
527
438
268
149
162
155
56
-10
-45
-83
-153
-223
-244
-342
-512
-698
-811
-835
-883
-868
-909
-977
-1075
-1227
-1238
-1133
-1017
-905
-818
-784
-822
-878
-905
-895
-806
-678
-494
-352
-312
-401
-551
-532
-383
-207
101
651
1121
1395
1614
1734
1725
1650
1830
1998
1904
1634
1174
742
502
300
247
327
386
385
434
468
311
197
167
246
329
326
256
102
-71
-197
-216
-167
-158
-181
-254
-289
-356
-497
-548
-593
-670
-786
-851
-948
-990
-994
-1056
-1086
-1162
-1172
-1135
-1019
-878
-811
-721
-664
-674
-649
-655
-618
-544
-438
-283
-116
-18
10
-68
-252
-373
-345
-207
136
856
1453
1833
1938
1925
1792
1567
1732
1939
1986
1750
1222
754
290
-47
-181
-43
156
211
369
349
192
-18
-39
133
250
336
221
86
-121
-263
-283
-304
-198
-220
-252
-240
-290
-377
-438
-418
-518
-672
-787
-818
-833
-811
-803
-856
-924
-1032
-1082
-1046
-927
-728
-537
-361
-322
-414
-458
-429
-330
-280
-183
-127
-120
-81
-109
-224
-362
-425
-343
-255
119
790
1273
1613
1661
1732
1648
1582
1814
1897
1846
1447
908
479
51
-287
-434
-208
90
245
407
331
172
-38
-18
129
200
210
62
14
-73
-171
-176
-83
61
2
-48
-102
-255
-413
-480
-477
-608
-755
-850
-915
-950
-991
-1025
-1018
-1026
-1023
-941
-835
-734
-647
-536
-449
-526
-645
-674
-646
-644
-629
-586
-617
-586
-502
-508
-555
-570
-484
-237
76
677
1299
1667
1842
1871
1989
1855
1803
1964
1956
1735
1218
710
283
-108
-380
-422
-212
-94
45
258
279
221
159
330
570
748
773
671
560
314
149
138
159
115
-52
-148
-330
-574
-759
-806
-803
-874
-883
-878
-844
-933
-1029
-981
-964
-962
-942
-771
-591
-540
-433
-311
-282
-386
-435
-393
-368
-408
-467
-456
-490
-506
-444
-389
-410
-420
-368
-131
104
398
1085
1644
1915
1986
1972
1873
1673
1811
1975
1816
1349
668
196
-137
-383
-366
-99
193
295
455
475
330
193
257
498
632
609
453
263
16
-208
-258
-280
-362
-478
-540
-647
-841
-952
-959
-964
-1031
-1096
-1113
-1164
-1152
-1031
-909
-826
-839
-791
-738
-625
-540
-540
-513
-568
-638
-716
-742
-735
-729
-672
-586
-564
-616
-572
-450
-395
-328
-239
-76
95
333
1036
1779
2154
2260
2181
2048
1692
1558
1749
1792
1518
902
367
-196
-722
-899
-589
-96
198
442
512
381
228
239
515
779
860
821
631
348
20
-125
-155
-148
-146
-289
-432
-684
-851
-878
-804
-769
-863
-929
-1063
-1038
-894
-733
-505
-359
-284
-296
-305
-303
-278
-165
-57
-23
-116
-272
-376
-480
-517
-504
-536
-636
-660
-508
-354
-206
-45
-9
88
218
454
1043
1586
1896
1902
1804
1521
1137
1201
1373
1332
1035
529
47
-462
-863
-883
-529
-52
268
563
621
400
234
286
560
719
719
578
340
-14
-352
-469
-497
-473
-430
-432
-496
-631
-675
-662
-553
-548
-587
-654
-764
-727
-661
-541
-396
-288
-242
-358
-479
-598
-649
-549
-481
-439
-504
-627
-722
-811
-857
-918
-937
-996
-927
-713
-482
-294
-195
-94
-22
127
287
845
1480
1717
1777
1638
1421
1092
1094
1332
1310
1138
735
290
-67
-340
-360
-88
292
596
805
898
724
544
597
791
921
963
873
595
268
23
-94
-114
-36
53
-23
-241
-500
-740
-823
-754
-696
-664
-754
-924
-1024
-912
-812
-748
-640
-629
-699
-835
-803
-741
-740
-635
-584
-597
-722
-915
-988
-1056
-1071
-1038
-952
-834
-638
-385
-206
-64
50
147
332
499
824
1393
1718
1792
1804
1760
1471
1282
1506
1527
1302
946
574
252
3
18
301
702
941
1077
1144
924
670
611
756
908
919
839
541
117
-261
-446
-442
-425
-341
-375
-572
-816
-1012
-1093
-1064
-962
-862
-838
-866
-957
-1008
-1065
-1065
-968
-886
-869
-906
-912
-932
-962
-971
-982
-1022
-1131
-1150
-1099
-1089
-1078
-1011
-886
-796
-574
-295
-50
162
337
496
709
865
1186
1737
2109
2126
1883
1681
1436
1295
1524
1725
1601
1141
707
412
214
205
417
792
1061
1126
1109
915
680
564
672
822
779
565
248
-167
-555
-713
-690
-628
-549
-576
-788
-1053
-1307
-1413
-1332
-1193
-1064
-1013
-1006
-994
-1003
-976
-951
-919
-950
-1004
-1010
-984
-864
-758
-675
-647
-688
-740
-796
-743
-631
-451
-234
-74
13
103
238
363
429
622
865
1041
1106
1254
1689
1917
1960
1949
1819
1616
1424
1606
1759
1586
1244
732
324
74
-14
203
496
715
767
695
431
107
69
189
350
395
293
48
-401
-749
-889
-858
-785
-687
-641
-820
-1072
-1270
-1287
-1186
-1097
-1036
-1005
-1045
-1101
-1067
-975
-926
-931
-912
-963
-1101
-1159
-1108
-970
-824
-705
-623
-634
-632
-523
-384
-194
-18
67
69
90
186
262
358
481
611
764
841
1006
1380
1646
1670
1576
1515
1414
1292
1531
1803
1710
1342
932
595
244
125
270
528
743
793
742
506
165
-7
65
234
306
238
55
-297
-661
-799
-772
-717
-680
-667
-833
-1051
-1179
-1163
-1056
-971
-921
-927
-1037
-1134
-1113
-1028
-887
-746
-694
-718
-823
-853
-793
-657
-533
-467
-393
-387
-414
-356
-286
-216
-144
-84
-57
-4
99
195
312
417
560
740
908
1168
1567
1863
1939
1786
1627
1486
1302
1383
1544
1479
1203
836
509
153
-11
90
343
610
739
746
597
367
319
401
484
447
283
42
-274
-536
-647
-666
-662
-661
-663
-820
-1105
-1348
-1400
-1344
-1229
-1126
-1106
-1226
-1355
-1317
-1202
-1065
-918
-796
-789
-915
-973
-955
-840
-646
-437
-303
-319
-392
-472
-507
-430
-282
-128
-26
78
218
349
403
464
589
722
827
944
1384
1710
1812
1847
1774
1670
1343
1287
1460
1346
1111
807
576
255
-10
91
327
564
743
819
717
419
288
338
409
443
376
205
-135
-508
-734
-844
-798
-711
-673
-747
-996
-1197
-1225
-1152
-1020
-918
-903
-1039
-1145
-1196
-1141
-964
-798
-600
-544
-627
-789
-886
-855
-764
-582
-411
-336
-301
-298
-346
-391
-335
-239
-187
-51
129
228
308
401
516
630
712
923
1345
1627
1665
1667
1653
1544
1430
1520
1564
1310
936
638
422
225
161
314
499
649
763
795
694
532
455
509
542
465
299
1
-391
-739
-852
-827
-735
-676
-779
-1017
-1320
-1468
-1412
-1201
-981
-903
-933
-1054
-1157
-1200
-1064
-849
-653
-503
-477
-531
-666
-758
-751
-693
-595
-452
-380
-405
-428
-421
-374
-212
-19
95
209
285
358
499
694
875
1006
1049
1261
1543
1661
1687
1588
1463
1276
1212
1306
1251
1031
706
489
325
167
191
331
447
596
696
704
546
418
420
429
463
397
159
-213
-699
-1040
-1251
-1253
-1095
-936
-927
-1059
-1282
-1452
-1445
-1274
-1078
-926
-847
-892
-919
-918
-877
-798
-667
-514
-412
-467
-557
-664
-728
-670
-518
-308
-162
-113
-128
-152
-114
9
197
414
584
617
608
674
770
854
975
1166
1368
1436
1352
1215
1114
999
962
1089
1163
1059
835
602
422
271
241
367
515
651
705
661
587
458
343
273
190
57
-135
-402
-759
-1009
-1097
-1138
-1064
-943
-890
-962
-1008
-1030
-996
-884
-706
-608
-641
-757
-908
-998
-1012
-933
-813
-708
-602
-564
-567
-597
-603
-556
-438
-266
-122
-83
-77
-121
-107
3
151
334
470
533
517
512
526
570
652
817
1020
1249
1308
1250
1185
1124
1047
1065
1206
1221
1111
952
782
637
542
546
629
659
676
673
568
406
278
186
110
57
3
-132
-381
-636
-814
-904
-912
-828
-728
-775
-926
-1035
-1120
-1127
-1043
-910
-818
-794
-852
-917
-926
-926
-884
-807
-711
-640
-618
-618
-641
-663
-606
-475
-276
-127
-77
-68
-81
-83
-40
68
238
413
526
619
674
718
738
786
860
998
1092
1069
1025
964
901
859
895
923
864
792
717
623
599
620
685
774
808
803
738
621
443
279
184
104
28
-74
-210
-395
-597
-761
-842
-883
-882
-858
-876
-935
-1006
-1042
-1042
-982
-897
-817
-802
-827
-855
-901
-916
-864
-791
-696
-589
-527
-535
-554
-566
-570
-492
-330
-162
-19
49
66
85
106
133
208
296
357
387
435
494
527
567
623
705
779
811
825
833
816
796
839
906
937
964
968
923
911
886
889
897
876
836
749
647
513
403
365
324
261
170
28
-131
-286
-414
-504
-516
-496
-502
-542
-598
-686
-782
-848
-865
-842
-816
-815
-837
-897
-955
-969
-942
-902
-890
-828
-781
-742
-708
-719
-698
-653
-595
-527
-446
-390
-321
-248
-188
-138
-91
-55
-39
9
103
210
320
460
655
798
886
908
889
876
892
965
1038
1078
1098
1120
1138
1182
1215
1263
1267
1227
1134
1002
882
770
674
594
542
471
365
208
-16
-237
-403
-528
-624
-654
-692
-779
-867
-964
-1046
-1092
-1099
-1075
-1069
-1069
-1039
-1021
-1033
-1041
-1030
-1037
-1042
-1015
-994
-971
-962
-947
-901
-856
-777
-655
-556
-481
-424
-387
-333
-266
-176
-28
122
261
368
464
557
638
733
851
936
965
968
985
1022
1076
1166
1259
1319
1360
1385
1374
1358
1321
1332
1374
1411
1390
1302
1180
1042
873
726
636
524
376
218
55
-110
-243
-394
-538
-656
-773
-897
-998
-1058
-1080
-1104
-1098
-1077
-1088
-1087
-1079
-1092
-1141
-1209
-1223
-1223
-1243
-1222
-1171
-1125
-1080
-1075
-1072
-1038
-1005
-935
-835
-698
-594
-484
-333
-201
-72
44
139
269
420
569
714
825
908
981
1038
1072
1134
1203
1244
1273
1324
1364
1404
1422
1455
1447
1386
1352
1317
1297
1239
1142
1010
847
699
603
517
412
281
110
-85
-266
-410
-522
-629
-725
-805
-869
-952
-1060
-1141
-1187
-1234
-1233
-1198
-1185
-1184
-1193
-1200
-1210
-1208
-1192
-1164
-1126
-1093
-1056
-1013
-988
-944
-883
-810
-718
-611
-496
-383
-250
-133
-35
58
146
243
357
494
643
794
909
997
1064
1092
1120
1135
1173
1197
1190
1184
1198
1225
1313
1387
1433
1442
1391
1292
1165
1061
954
871
769
648
536
378
214
66
-55
-161
-266
-370
-484
-610
-738
-878
-1003
-1067
-1105
-1138
-1177
-1186
-1209
-1236
-1257
-1288
-1281
-1255
-1217
-1164
-1070
-1043
-1039
-1004
-990
-951
-872
-738
-608
-492
-411
-345
-267
-190
-66
80
216
364
500
621
732
828
902
980
1084
1197
1311
1390
1413
1407
1363
1329
1339
1317
1329
1324
1295
1266
1237
1178
1069
959
863
773
731
648
475
295
112
-18
-116
-191
-252
-303
-357
-441
-585
-731
-877
-1042
-1167
-1236
-1304
-1363
-1388
-1405
-1430
-1485
-1519
-1517
-1474
-1408
-1345
-1287
-1239
-1177
-1115
-1032
-942
-853
-740
-640
-567
-529
-517
-479
-397
-295
-177
-21
125
268
415
563
697
813
948
1088
1224
1309
1328
1351
1357
1327
1338
1373
1393
1392
1384
1384
1370
1334
1298
1256
1160
1041
952
869
811
744
659
573
471
361
252
121
-14
-121
-189
-249
-329
-431
-566
-747
-942
-1078
-1201
-1313
-1392
-1428
-1463
-1471
-1472
-1454
-1436
-1442
-1419
-1380
-1337
-1274
-1187
-1091
-979
-877
-772
-665
-579
-515
-428
-320
-216
-119
-27
85
219
345
456
596
727
866
998
1113
1185
1220
1234
1267
1313
1353
1368
1375
1364
1296
1227
1139
1066
1031
1023
1046
1090
1031
917
794
668
547
443
364
285
204
122
2
-117
-211
-308
-417
-544
-642
-764
-905
-1041
-1135
-1227
-1309
-1349
-1381
-1400
-1432
-1468
-1484
-1504
-1525
-1510
-1478
-1416
-1312
-1185
-1061
-961
-879
-818
-721
-596
-470
-340
-204
-44
97
222
360
465
538
624
723
815
942
1078
1189
1285
1337
1371
1392
1403
1410
1398
1394
1375
1316
1237
1182
1121
1056
1007
968
900
836
768
698
619
508
403
302
227
122
13
-118
-284
-411
-485
-539
-608
-706
-834
-964
-1094
-1193
-1246
-1317
-1377
-1421
-1465
-1479
-1485
-1448
-1380
-1315
-1246
-1152
-1075
-1024
-938
-821
-688
-569
-464
-350
-252
-142
-14
99
216
333
465
563
645
757
857
921
995
1040
1086
1123
1169
1211
1243
1253
1222
1193
1183
1177
1134
1107
1046
946
832
757
668
597
548
489
440
353
261
151
47
-27
-89
-172
-278
-413
-564
-700
-813
-907
-958
-1009
-1078
-1156
-1224
-1284
-1327
-1346
-1347
-1334
-1299
-1286
-1271
-1231
-1182
-1098
-968
-818
-720
-637
-558
-474
-368
-246
-115
6
148
284
391
481
538
586
624
690
784
856
896
952
1005
1080
1154
1205
1229
1241
1237
1213
1177
1086
1003
931
867
822
778
697
594
487
410
357
295
240
203
136
82
40
-25
-107
-187
-279
-389
-524
-643
-725
-810
-860
-914
-946
-974
-1024
-1065
-1067
-1061
-1070
-1082
-1072
-1052
-1039
-1021
-969
-885
-810
-722
-622
-518
-413
-286
-154
-23
119
229
322
368
418
494
567
616
651
685
707
770
826
889
927
952
949
925
913
908
894
899
898
857
817
781
709
603
518
432
348
256
173
80
-10
-74
-125
-160
-200
-255
-327
-369
-432
-490
-564
-638
-734
-847
-929
-985
-1009
-1021
-1017
-1002
-987
-1003
-996
-953
-893
-810
-717
-630
-549
-492
-457
-418
-344
-245
-145
-30
57
125
216
324
421
513
593
651
675
700
726
747
745
739
731
721
722
709
694
666
639
635
635
605
589
577
546
479
433
362
254
213
165
101
41
-33
-122
-213
-297
-368
-408
-417
-423
-444
-480
-518
-592
-639
-672
-720
-725
-723
-725
-681
-634
-600
-559
-506
-461
-435
-401
-378
-316
-257
-194
-113
-34
44
126
215
276
325
394
451
471
481
494
511
498
517
565
574
567
556
543
523
501
512
528
507
477
439
366
308
258
222
200
176
128
93
76
48
29
-25
-77
-121
-154
-186
-233
-275
-339
-426
-483
-515
-559
-567
-560
-553
-527
-497
-454
-419
-398
-367
-326
-321
-314
-284
-251
-214
-165
-100
-29
63
141
184
211
236
239
238
267
288
312
320
346
368
361
355
352
336
326
323
325
313
265
202
156
134
117
128
115
80
20
-65
-155
-243
-280
-256
-247
-238
-228
-273
-333
-366
-361
-358
-352
-348
-352
-374
-421
-450
-487
-500
-473
-465
-460
-472
-478
-451
-403
-328
-231
-129
-55
17
79
129
162
208
283
350
420
455
465
469
472
518
587
616
638
624
596
594
613
647
668
629
574
513
437
375
319
251
193
163
143
123
96
40
-25
-81
-147
-163
-193
-247
-284
-337
-404
-460
-503
-566
-616
-627
-618
-593
-581
-574
-557
-550
-510
-435
-367
-322
-298
-290
-290
-278
-265
-238
-188
-135
-65
-10
36
122
211
271
362
450
501
547
600
662
723
762
747
722
707
703
705
717
713
671
613
530
451
383
307
248
208
155
93
-8
-123
-210
-298
-380
-438
-479
-539
-594
-658
-719
-762
-801
-823
-819
-834
-846
-861
-864
-868
-858
-820
-793
-773
-738
-691
-646
-599
-537
-460
-369
-285
-171
-43
69
188
268
336
399
470
527
582
666
744
806
840
881
914
952
1009
1055
1097
1113
1096
1056
971
881
815
774
726
679
642
565
452
338
212
78
-34
-148
-249
-338
-434
-539
-630
-692
-745
-793
-841
-887
-909
-927
-951
-966
-961
-959
-963
-944
-934
-916
-877
-843
-794
-707
-621
-535
-442
-351
-275
-181
-99
-2
116
224
352
462
555
642
721
783
865
943
1012
1055
1091
1119
1118
1120
1106
1063
1004
941
869
803
741
714
671
631
604
563
506
455
378
238
117
-28
-155
-275
-391
-471
-552
-644
-712
-794
-880
-939
-1024
-1082
-1104
-1134
-1142
-1153
-1175
-1192
-1178
-1146
-1114
-1046
-964
-881
-802
-711
-649
-589
-500
-410
-321
-224
-128
-28
78
169
255
323
404
506
606
698
757
817
858
889
930
975
1012
1012
1017
1020
990
938
889
819
779
763
732
696
637
543
457
405
351
291
234
168
77
-30
-153
-248
-350
-460
-549
-628
-695
-763
-825
-881
-919
-957
-989
-1015
-1028
-1008
-999
-982
-947
-913
-860
-791
-710
-609
-492
-379
-266
-181
-97
-25
28
95
174
261
352
444
518
581
651
720
800
884
939
973
968
963
962
962
957
957
962
940
919
897
810
722
655
573
502
448
366
255
141
39
-48
-141
-204
-254
-319
-377
-425
-487
-551
-615
-696
-740
-779
-819
-839
-863
-894
-920
-906
-894
-892
-856
-820
-810
-768
-694
-611
-530
-431
-313
-235
-169
-105
-50
5
90
181
271
373
455
489
486
479
481
479
481
515
544
524
520
520
494
490
495
507
496
460
411
332
260
211
183
151
114
80
33
-17
-86
-146
-190
-231
-254
-282
-326
-401
-469
-511
-532
-515
-483
-448
-418
-402
-410
-417
-438
-456
-449
-403
-326
-254
-195
-145
-109
-65
6
63
123
192
230
239
257
278
327
369
403
451
501
545
575
583
565
550
516
494
486
487
475
465
452
409
374
342
298
241
184
145
116
90
31
-39
-112
-192
-254
-320
-361
-404
-438
-466
-495
-528
-556
-566
-558
-549
-539
-525
-511
-519
-525
-514
-487
-441
-402
-342
-266
-205
-150
-98
-43
-2
20
37
72
131
183
243
314
368
401
447
480
506
530
550
569
569
560
546
524
504
478
448
404
356
310
275
250
232
194
143
104
52
3
-53
-113
-157
-197
-227
-253
-284
-338
-389
-429
-459
-464
-446
-434
-444
-476
-492
-476
-466
-422
-378
-350
-321
-314
-296
-255
-238
-203
-138
-65
7
70
90
89
94
97
123
176
226
257
290
296
281
279
281
278
291
319
326
307
271
227
201
167
138
118
103
89
61
42
18
-7
-42
-80
-102
-135
-165
-181
-195
-215
-251
-293
-328
-336
-345
-351
-337
-330
-313
-297
-272
-264
-256
-234
-206
-160
-133
-110
-101
-69
-17
55
120
168
191
197
210
232
253
265
290
306
326
336
363
391
420
446
464
488
473
462
439
409
387
367
356
352
347
317
264
199
137
68
15
-45
-108
-162
-228
-295
-345
-379
-399
-427
-432
-426
-444
-472
-508
-549
-569
-586
-568
-508
-439
-404
-381
-356
-357
-340
-308
-262
-218
-181
-150
-112
-62
-12
31
76
130
190
280
347
403
434
453
498
525
570
624
650
639
622
608
591
568
522
480
437
395
361
322
299
288
259
214
169
130
71
-4
-65
-114
-160
-221
-270
-318
-353
-391
-422
-454
-496
-538
-587
-641
-696
-714
-722
-735
-730
-703
-670
-626
-591
-527
-473
-422
-342
-265
-224
-187
-138
-84
-40
-9
42
66
75
107
153
206
249
307
378
414
454
498
544
578
605
642
673
687
659
621
586
559
519
481
455
420
370
320
289
255
198
153
125
97
80
50
11
-39
-108
-162
-212
-249
-280
-303
-345
-387
-426
-485
-536
-560
-549
-546
-519
-489
-476
-456
-441
-436
-423
-414
-404
-353
-302
-263
-218
-165
-125
-88
-41
-4
39
85
139
193
249
304
323
330
332
339
366
393
441
483
517
534
527
515
488
462
417
387
342
301
267
208
160
116
113
104
73
56
51
13
-36
-69
-127
-203
-273
-329
-365
-379
-399
-435
-472
-512
-544
-550
-526
-502
-473
-452
-436
-426
-428
-430
-427
-398
-367
-308
-223
-143
-91
-26
31
46
83
123
156
196
245
283
296
312
339
366
392
432
460
486
513
504
498
491
485
496
497
499
492
458
401
310
214
147
88
64
69
48
-25
-96
-170
-254
-287
-311
-335
-336
-337
-341
-356
-377
-400
-409
-418
-410
-370
-357
-356
-342
-335
-348
-341
-300
-254
-215
-174
-141
-106
-76
-43
-28
-1
38
83
141
218
273
303
323
346
377
405
445
478
465
444
416
356
300
282
280
294
325
360
354
327
287
232
179
129
87
28
-13
-63
-112
-138
-146
-164
-187
-207
-242
-277
-317
-335
-339
-346
-370
-390
-421
-459
-450
-424
-414
-407
-378
-374
-389
-382
-376
-327
-261
-209
-165
-142
-157
-157
-143
-113
-55
6
67
133
172
198
236
263
295
318
343
366
389
396
397
424
437
422
408
411
416
418
386
357
317
269
219
188
163
161
165
143
118
91
50
-11
-49
-75
-93
-116
-157
-215
-287
-359
-420
-446
-438
-425
-406
-386
-373
-370
-362
-339
-316
-295
-280
-262
-247
-246
-257
-238
-210
-180
-151
-134
-123
-107
-98
-74
-21
25
63
111
165
204
243
264
282
279
279
277
279
275
266
263
246
237
226
245
258
256
260
242
216
211
199
163
132
114
95
75
66
72
94
94
79
67
73
74
66
48
28
-9
-44
-75
-93
-95
-98
-71
-51
-36
-41
-40
-28
-29
-27
-49
-96
-109
-108
-123
-119
-92
-70
-60
-47
-44
-28
-35
-44
-48
-45
-35
-43
-52
-56
-52
-56
-42
-21
-28
-33
-39
-63
-97
-125
-124
-135
-121
-93
-84
-84
-82
-66
-52
-41
-24
-4
-13
-27
-25
-39
-55
-60
-69
-74
-69
-81
-104
-113
-90
-68
-43
-35
-23
-21
-23
-8
-11
5
34
73
102
127
139
142
137
138
152
157
151
132
121
106
111
117
106
103
93
85
98
92
65
53
43
34
32
33
16
3
-37
-65
-81
-119
-126
-150
-162
-160
-165
-151
-143
-163
-174
-167
-146
-140
-144
-126
-118
-122
-102
-82
-79
-69
-52
-38
-39
-31
-20
4
34
71
98
103
96
99
90
87
98
114
146
167
195
221
233
261
280
285
283
269
248
212
191
179
153
130
103
72
58
36
3
0
-27
-49
-61
-73
-75
-80
-98
-117
-135
-148
-167
-198
-194
-171
-161
-144
-132
-144
-149
-162
-158
-150
-135
-111
-88
-61
-46
-28
-20
8
39
58
92
117
131
125
114
108
91
90
103
98
95
97
105
113
124
142
136
125
130
120
99
72
46
24
12
5
-10
-36
-66
-71
-70
-67
-67
-68
-73
-105
-141
-182
-213
-226
-220
-203
-204
-194
-199
-224
-240
-245
-228
-205
-177
-136
-128
-130
-152
-176
-174
-147
-108
-78
-50
-15
23
38
38
61
84
87
101
132
173
185
180
190
212
217
231
241
229
206
192
188
181
181
175
169
145
130
116
102
100
109
113
120
116
116
113
96
67
46
22
-6
-33
-73
-107
-126
-139
-141
-138
-159
-170
-177
-194
-227
-251
-257
-260
-253
-220
-179
-161
-132
-100
-86
-77
-63
-60
-61
-49
-29
-2
40
76
95
109
125
147
179
206
224
230
226
239
266
281
297
323
328
323
293
278
270
244
214
187
175
155
140
131
108
82
54
36
3
-38
-60
-68
-85
-100
-128
-180
-225
-273
-314
-325
-321
-310
-308
-334
-344
-370
-395
-387
-389
-364
-326
-312
-293
-256
-248
-238
-218
-206
-202
-185
-175
-155
-141
-120
-71
-33
11
53
84
116
153
178
215
249
271
289
311
328
340
340
326
313
283
271
275
279
294
294
283
260
232
198
172
134
108
82
51
20
-5
-7
-1
7
-10
-64
-119
-145
-180
-213
-222
-234
-242
-244
-239
-239
-258
-264
-251
-230
-196
-173
-173
-199
-202
-200
-182
-147
-110
-69
-37
-1
18
46
74
87
95
119
137
146
165
169
154
173
210
251
278
295
303
293
288
270
262
251
220
213
196
172
153
131
103
96
77
52
50
21
-13
-26
-26
-33
-45
-82
-125
-159
-184
-192
-206
-207
-218
-248
-274
-289
-304
-302
-304
-293
-275
-266
-247
-253
-258
-221
-177
-138
-100
-81
-63
-33
5
26
47
53
36
33
44
51
62
83
110
144
175
204
219
221
230
232
223
208
195
168
144
128
107
98
97
75
64
56
31
-7
-40
-80
-109
-114
-117
-103
-97
-119
-131
-145
-171
-183
-183
-175
-169
-152
-144
-127
-109
-120
-121
-113
-103
-96
-93
-103
-90
-61
-27
3
20
53
73
84
120
137
123
113
129
127
132
132
135
143
134
148
165
187
194
204
217
226
235
241
236
213
194
167
159
146
136
128
120
108
86
68
60
47
22
4
-22
-42
-70
-107
-133
-143
-147
-146
-157
-170
-176
-183
-198
-208
-212
-237
-241
-245
-244
-255
-264
-236
-222
-213
-202
-177
-167
-156
-119
-108
-99
-85
-62
-22
0
0
27
37
39
72
98
136
165
190
221
229
214
213
216
231
250
266
266
249
247
233
213
183
168
159
140
132
124
80
46
9
-39
-46
-68
-97
-114
-120
-131
-142
-152
-180
-192
-207
-215
-208
-228
-240
-226
-203
-188
-192
-202
-202
-177
-141
-110
-77
-40
-17
-1
20
47
59
70
87
115
139
141
139
147
165
198
224
223
217
207
181
161
158
158
159
154
145
124
113
99
82
42
12
-6
-50
-82
-117
-139
-162
-171
-168
-169
-177
-198
-222
-241
-246
-250
-239
-228
-210
-206
-218
-213
-213
-221
-209
-186
-181
-166
-151
-137
-115
-71
-29
9
41
51
51
48
61
73
103
141
175
207
221
241
248
254
262
258
258
276
266
259
259
265
276
281
280
258
225
194
159
123
101
75
36
-3
-9
3
-5
-21
-53
-97
-124
-138
-135
-134
-134
-151
-170
-184
-202
-216
-225
-229
-211
-186
-174
-174
-187
-181
-200
-194
-171
-160
-142
-111
-93
-81
-55
-39
-18
-2
3
16
16
25
57
81
95
116
153
165
187
218
219
206
187
175
181
185
191
203
197
167
151
134
123
117
113
102
84
74
36
14
-4
-24
-40
-56
-82
-121
-169
-216
-228
-228
-221
-204
-178
-173
-177
-182
-205
-240
-251
-241
-223
-195
-180
-173
-178
-179
-174
-164
-128
-102
-86
-64
-40
-15
-1
6
30
54
82
117
135
149
161
169
169
201
231
238
243
256
260
272
280
281
285
278
284
270
252
240
218
190
178
183
194
195
171
146
110
64
34
15
-8
-38
-80
-111
-145
-162
-174
-182
-164
-156
-155
-145
-146
-169
-198
-227
-251
-263
-240
-234
-236
-221
-202
-177
-140
-111
-92
-71
-67
-67
-54
-48
-42
-25
-11
18
33
51
66
64
58
40
38
40
47
58
75
118
119
114
102
89
82
81
88
90
94
81
64
47
34
15
-6
-14
-13
-18
-30
-35
-46
-71
-83
-73
-74
-85
-98
-127
-142
-148
-139
-127
-114
-114
-110
-103
-110
-109
-96
-85
-84
-62
-35
-51
-50
-32
-21
-19
-15
4
22
34
45
66
67
74
86
90
103
106
92
88
94
93
92
91
92
84
83
88
94
90
92
81
69
81
87
87
81
71
61
52
46
36
37
45
58
53
30
5
-31
-54
-51
-42
-25
-29
-41
-43
-58
-67
-81
-78
-52
-20
-5
7
9
-3
1
2
-7
-8
-2
8
14
11
22
19
28
62
70
94
96
55
36
21
17
37
73
95
115
113
91
89
64
42
54
58
59
66
58
47
25
1
-6
-10
-26
-36
-21
-24
-53
-71
-95
-98
-108
-119
-120
-125
-127
-133
-136
-144
-165
-179
-178
-172
-164
-164
-160
-164
-161
-138
-140
-118
-96
-80
-56
-56
-52
-42
-47
-49
-33
-25
-24
-30
-22
-5
6
33
46
61
61
53
52
59
69
71
78
75
80
86
67
38
24
28
47
75
89
85
79
70
46
26
22
19
29
52
67
70
55
33
24
20
15
25
23
-4
-34
-23
-16
-11
6
16
28
38
41
53
57
36
26
39
48
34
31
40
50
63
68
69
70
67
68
80
91
88
81
79
65
49
52
53
52
50
49
44
22
3
6
10
10
3
-13
-34
-59
-65
-75
-97
-106
-107
-100
-97
-106
-112
-117
-123
-110
-81
-74
-84
-98
-114
-124
-107
-101
-98
-95
-91
-77
-55
-50
-50
-50
-59
-40
-13
0
16
35
53
65
72
87
92
89
104
127
123
130
151
165
185
189
204
202
181
175
152
115
91
64
47
41
39
44
43
46
41
37
11
-20
-35
-54
-76
-103
-131
-162
-181
-189
-182
-175
-171
-166
-173
-192
-197
-201
-206
-199
-179
-169
-162
-156
-161
-149
-139
-131
-114
-85
-64
-42
-23
-4
-12
-43
-26
-3
16
46
80
115
132
131
141
147
136
131
119
102
102
106
112
124
137
151
164
163
146
120
111
100
100
106
100
84
47
20
-12
-32
-36
-41
-40
-39
-30
-33
-37
-44
-67
-79
-90
-107
-103
-94
-102
-99
-77
-59
-61
-41
-23
-7
-9
-18
-23
-34
-13
13
37
55
70
65
54
50
61
66
76
85
97
107
104
100
99
100
106
103
109
106
84
74
70
66
47
42
39
40
22
-7
-23
-29
-28
-31
-33
-39
-41
-65
-87
-86
-77
-93
-100
-94
-92
-88
-85
-81
-91
-120
-145
-144
-122
-116
-104
-76
-72
-53
-28
-24
-29
-25
-20
-14
0
7
-1
-11
-20
-14
-9
2
30
41
31
39
34
28
26
29
34
31
46
52
45
39
34
13
18
24
39
45
38
36
12
-10
-25
-19
-9
8
19
20
24
10
-12
-12
3
6
18
12
14
14
-4
-6
1
11
22
24
2
-26
-45
-51
-49
-35
-23
-7
5
11
16
-7
-24
-10
0
16
34
36
39
34
22
10
7
3
5
21
33
43
46
48
64
86
92
83
55
42
28
8
1
9
21
35
41
44
33
6
-14
-37
-49
-29
-4
8
6
10
-5
-32
-29
-33
