SAMPLES:	8459
BITSPERSAMPLE:	16
CHANNELS:	1
SAMPLERATE:	16000
NORMALIZED:	FALSE
1
0
-1
-1
-1
1
4
3
3
2
0
-2
-1
1
6
8
4
1
-2
-7
-6
-6
-6
-3
-2
-1
-4
-2
-1
1
2
5
5
5
2
-1
-2
-6
-10
-9
-8
-6
-8
-7
-9
-12
-13
-11
-5
-3
-1
-5
-9
-12
-15
-15
-13
-8
-7
-6
-2
0
-1
-2
-6
-8
-7
-7
-4
-2
3
4
1
4
8
9
9
10
12
11
9
10
11
10
11
9
11
9
9
7
4
3
3
3
2
0
-2
-5
-4
0
3
4
0
1
-1
-1
-1
-1
0
0
-2
-2
-1
-3
-5
-2
1
1
-2
-3
-8
-12
-15
-14
-11
-7
-5
-4
-2
-3
-5
-2
2
3
4
0
2
4
10
14
13
11
9
12
15
10
10
13
17
23
26
24
17
9
5
6
6
2
3
0
-3
-6
-7
-6
-3
0
-3
-6
-12
-24
-26
-25
-21
-16
-11
-11
-13
-16
-16
-19
-19
-16
-12
-9
-6
0
-1
-3
-6
-7
-3
-1
0
-1
-9
-12
-14
-14
-13
-14
-8
-12
-16
-32
-52
-56
77
235
208
38
-83
-11
140
295
352
161
-119
-228
-63
203
239
58
-151
-216
-128
-32
15
-43
-158
-226
-182
-76
-58
-84
-96
-107
-99
-81
-29
37
60
44
-3
-4
37
95
156
136
57
-11
3
67
84
48
-24
-70
-75
-57
-35
-38
-74
-105
-108
-71
-44
-49
-61
-81
-74
-34
26
61
57
48
39
53
96
118
101
61
23
10
13
2
-18
-55
-83
-82
-84
-88
-95
-116
-114
32
194
200
58
-27
57
217
398
461
305
71
-39
87
301
343
191
0
-71
-25
29
27
-51
-160
-239
-226
-179
-198
-244
-269
-266
-242
-212
-171
-118
-70
-63
-83
-48
28
107
159
142
77
26
58
144
168
100
-6
-81
-92
-103
-118
-138
-166
-186
-200
-170
-160
-183
-184
-142
-83
-50
-12
12
23
45
81
144
195
184
132
70
55
61
71
102
68
-10
-111
-128
-118
79
444
466
137
-188
-125
206
543
734
448
-93
-358
-91
468
665
364
-56
-235
-42
191
281
138
-160
-356
-333
-132
-97
-250
-358
-442
-440
-363
-253
-137
-121
-171
-248
-188
-44
70
151
154
101
56
98
200
191
104
14
-40
-47
-76
-164
-208
-226
-275
-365
-373
-373
-440
-393
-302
-231
-227
-224
-201
-190
-154
-86
33
150
165
113
85
131
239
331
814
1264
1010
370
68
490
928
1299
1348
577
-328
-652
-23
759
698
39
-576
-637
-355
-111
39
-184
-491
-612
-454
-215
-293
-236
-160
-242
-284
-319
-173
0
118
108
-99
-153
-108
62
273
217
-15
-178
-89
49
25
-75
-271
-396
-379
-331
-303
-375
-486
-573
-548
-396
-286
-285
-347
-430
-390
-218
19
64
-107
-233
-178
-1
206
323
240
-29
-66
959
1953
1703
625
58
541
1213
2011
2195
1075
-332
-841
105
1190
1064
154
-636
-652
-357
-179
-134
-470
-855
-1017
-659
-332
-613
-842
-844
-694
-515
-371
-138
-75
-62
-125
-152
104
223
220
269
250
132
18
164
281
110
-110
-318
-394
-379
-353
-409
-571
-778
-922
-841
-633
-586
-711
-843
-867
-802
-564
-227
-132
-148
-183
-181
47
463
721
675
1490
2377
2069
1102
773
1537
2025
2481
2493
1222
-211
-685
340
1412
1095
19
-896
-941
-522
-162
-40
-553
-1215
-1464
-853
-255
-608
-997
-1219
-1208
-763
-157
338
170
-247
-390
-159
375
619
492
305
94
-16
134
467
399
-127
-441
-411
-357
-444
-638
-869
-1033
-1048
-960
-923
-1000
-1112
-1100
-929
-748
-639
-506
-290
-305
-493
-390
-26
246
562
1847
2780
2200
1130
1232
2368
3089
3685
3384
1635
-162
-537
1073
2411
1681
-107
-1445
-1296
-487
-23
-122
-1092
-2039
-2146
-1230
-579
-1187
-1870
-2175
-2025
-1429
-813
-398
-530
-769
-795
-425
309
675
702
702
392
99
213
695
830
293
-273
-525
-380
-147
-249
-646
-988
-1085
-1013
-979
-930
-1069
-1151
-1001
-755
-479
-320
-258
-342
-441
-183
145
622
2018
2922
2353
1169
1083
2244
3125
3863
3602
1945
290
-70
1215
2171
1530
24
-1075
-990
-579
-312
-369
-1039
-1687
-1957
-1342
-743
-977
-1246
-1633
-1933
-1730
-1088
-360
-197
-396
-718
-674
-2
607
828
577
87
-217
38
595
565
-86
-612
-801
-690
-479
-547
-994
-1385
-1317
-1049
-870
-742
-866
-1134
-1042
-787
-384
-38
90
-12
-143
-170
235
1756
3049
2632
1230
899
1983
3281
4282
3873
1887
82
59
1694
2710
1853
107
-1020
-795
-105
160
-447
-1531
-2123
-1926
-1075
-779
-1534
-2201
-2244
-1777
-1166
-759
-568
-645
-628
-399
-16
454
581
529
502
554
650
627
648
388
-98
-497
-649
-529
-602
-906
-1314
-1673
-1833
-1782
-1448
-1298
-1564
-1645
-1476
-1129
-741
-270
-127
-501
-730
2
2051
3424
2903
1479
1064
2114
3326
4476
4320
2426
507
105
1592
2641
1857
299
-863
-884
-436
-137
-313
-1236
-2081
-2361
-1694
-1059
-1324
-1713
-2070
-2073
-1676
-983
-385
-501
-740
-607
-116
587
992
1001
832
637
600
756
1015
869
342
-118
-397
-583
-859
-1097
-1242
-1441
-1671
-1911
-1942
-1728
-1553
-1504
-1463
-1307
-993
-672
-414
-438
-399
940
2540
2872
1961
1348
1979
2931
4165
4649
3290
1244
274
1397
2879
2713
1017
-729
-989
-420
41
-59
-1066
-2186
-2616
-1907
-1065
-1277
-1919
-2438
-2408
-1885
-1131
-493
-564
-915
-1077
-632
436
1107
1135
856
709
716
879
1310
1261
680
3
-223
-66
-27
-365
-1051
-1522
-1599
-1552
-1477
-1464
-1565
-1697
-1656
-1427
-1239
-1016
-794
-632
-641
169
1814
2575
1992
1320
1797
2767
3866
4716
4058
2328
1019
1394
2679
2941
1901
430
-362
-390
-301
-364
-955
-1775
-2315
-2302
-1898
-2039
-2276
-2310
-2428
-2422
-2111
-1459
-963
-738
-647
-709
-339
407
998
1117
891
721
707
1075
1446
985
117
-409
-355
-148
-225
-739
-1449
-1831
-1691
-1418
-1341
-1452
-1822
-1943
-1674
-1271
-1099
-1133
-1255
-705
1017
2133
1724
720
835
1888
3253
4542
4172
2480
956
1318
3049
3627
2552
797
-16
426
942
889
-51
-1325
-2010
-1722
-811
-832
-1794
-2516
-2684
-2285
-1673
-1120
-1196
-1601
-1530
-1107
-375
259
541
563
422
479
728
1186
1550
1168
473
111
225
406
286
-249
-1060
-1458
-1252
-824
-803
-1252
-1860
-2194
-1893
-1280
-842
-782
-1209
-1331
-65
1622
1828
861
742
1461
2447
3681
4110
3002
1295
880
2117
3175
2670
1188
205
209
488
444
-155
-1010
-1753
-1889
-1328
-1146
-1822
-2599
-2648
-2341
-2078
-1688
-1500
-1555
-1499
-1252
-741
-109
371
630
778
896
983
1095
1267
1261
966
535
226
152
94
-164
-672
-1071
-1195
-1210
-1249
-1212
-1352
-1553
-1492
-1163
-924
-855
-984
-412
1053
1968
1468
620
1064
2145
3289
4148
3828
2441
1044
1279
2814
3422
2324
569
-228
59
557
633
-195
-1543
-2426
-2324
-1483
-1184
-1714
-2621
-3128
-2823
-1999
-1218
-1110
-1573
-1913
-1588
-588
267
458
267
164
378
769
1226
1390
1054
575
364
351
456
314
-233
-823
-1128
-1118
-1096
-1061
-972
-1080
-1273
-1287
-1095
-702
-551
-519
619
1879
1914
863
723
1860
2942
3895
4059
3019
1469
1032
2291
3306
2748
1268
293
304
521
622
165
-817
-1823
-2188
-1592
-1224
-1688
-2316
-2742
-2919
-2766
-2091
-1446
-1412
-1717
-1773
-1219
-400
126
138
-151
-203
89
678
1175
971
344
-209
-316
-81
111
-239
-990
-1481
-1406
-1131
-972
-1087
-1343
-1314
-1049
-692
-509
-587
-686
291
1846
2316
1366
714
1416
2541
3812
4290
3271
1815
1254
2223
3379
3164
1775
546
389
710
786
273
-724
-1481
-1774
-1513
-1208
-1543
-2005
-2449
-2613
-2340
-1735
-1222
-1305
-1581
-1658
-1331
-521
37
136
5
-156
-47
431
1053
965
320
-184
-339
-259
-233
-373
-950
-1697
-1950
-1824
-1453
-1149
-1394
-1797
-1857
-1414
-814
-495
-229
784
1718
1709
1160
1245
2051
2886
4054
4458
3411
2009
1740
3001
3793
3007
1502
621
811
1078
1048
367
-876
-1782
-1966
-1422
-1267
-2007
-2606
-2785
-2665
-2369
-1855
-1473
-1565
-1606
-1473
-827
96
592
677
477
434
564
825
1364
1387
834
215
-148
-132
-193
-450
-999
-1563
-1868
-2040
-1951
-1831
-1902
-2123
-2148
-1865
-1527
-1153
-286
1012
1524
1062
606
1307
2589
3629
4331
3999
2708
1649
2124
3774
4289
2854
1047
474
944
1322
1136
-4
-1494
-2091
-1675
-1053
-1420
-2588
-3335
-3313
-2791
-2326
-2053
-2013
-2145
-2082
-1761
-1128
-441
-40
195
288
276
505
1112
1568
1376
868
559
465
392
222
-209
-744
-1141
-1380
-1590
-1768
-1894
-2106
-2043
-1783
-1681
-1774
-1685
-621
925
1435
590
-121
782
2382
3678
4327
3612
2212
1617
2775
4600
4687
3038
1375
1075
1777
2267
1906
489
-927
-1350
-777
-187
-812
-2116
-2971
-2993
-2465
-1945
-1819
-2167
-2478
-2273
-1718
-1136
-609
-242
-78
-50
-43
162
636
1028
963
611
303
91
77
170
21
-524
-1129
-1568
-1714
-1570
-1394
-1579
-1975
-2198
-2081
-1693
-1103
277
1088
671
-306
-179
1271
2432
3288
3298
2288
1368
1516
3156
4342
3516
1811
933
1354
1970
2115
1503
54
-1100
-1235
-428
-164
-1147
-2171
-2734
-2590
-2088
-1610
-1589
-2081
-2391
-2210
-1489
-641
-322
-307
-431
-328
4
508
977
791
333
23
21
320
426
132
-491
-883
-914
-971
-1043
-1102
-1305
-1524
-1475
-1158
-1037
-1161
-121
1353
1509
393
-223
841
2131
3149
3580
2635
1359
837
2068
3773
3681
2148
781
844
1433
1576
1188
49
-1009
-1348
-902
-446
-1124
-2041
-2547
-2461
-2071
-1777
-1558
-1754
-1905
-1919
-1634
-1012
-622
-387
-258
-52
81
178
637
814
569
319
213
268
116
-129
-495
-758
-817
-1013
-1144
-1308
-1396
-1336
-1317
-1156
-1205
-1306
-309
1201
1692
719
-202
595
2095
3393
3794
2832
1470
998
2337
3942
3883
2259
695
673
1467
1887
1540
203
-1089
-1422
-745
-150
-888
-2082
-2763
-2716
-2213
-1652
-1489
-1922
-2229
-2089
-1590
-830
-417
-358
-399
-168
169
443
750
748
430
320
359
306
-24
-365
-735
-987
-991
-1129
-1304
-1448
-1428
-1385
-1360
-1279
-1490
-1584
28
1723
1489
76
-190
1032
2318
3647
3916
2478
1041
1117
2973
4323
3672
1842
604
1059
1924
2086
1358
-33
-1193
-1388
-581
-127
-1181
-2515
-3186
-2976
-2278
-1652
-1642
-2226
-2510
-2252
-1523
-648
-401
-557
-596
-345
10
314
634
482
27
-31
212
331
72
-422
-948
-1141
-1059
-1054
-1154
-1339
-1588
-1590
-1366
-1163
-1184
-1239
105
1639
1603
423
21
1076
2449
3751
4014
2583
1040
1047
2961
4652
4169
2175
741
1058
2028
2352
1658
37
-1202
-1301
-426
95
-777
-2084
-2871
-2664
-1951
-1297
-1397
-2087
-2341
-1955
-1244
-436
-187
-392
-519
-243
216
630
840
496
-86
-261
-5
113
-141
-626
-1263
-1470
-1267
-1250
-1464
-1743
-1905
-1863
-1620
-1232
-1505
-987
685
1506
817
-157
513
1778
2996
3996
3381
1808
869
1776
3735
4238
3098
1572
1219
1732
2044
1918
949
-297
-1086
-995
-261
-540
-1544
-2405
-2831
-2522
-1901
-1477
-1809
-2307
-2317
-1917
-1021
-354
-375
-597
-490
-16
438
931
1027
490
-88
-175
202
235
-133
-826
-1402
-1443
-1431
-1580
-1783
-1914
-2120
-2301
-1936
-1725
-1454
-98
889
532
-547
-202
1272
2402
3520
3527
2236
1121
1387
3258
4458
3715
2113
1399
1935
2376
2313
1620
384
-465
-494
206
292
-778
-1889
-2489
-2483
-1993
-1337
-1358
-2068
-2485
-2308
-1553
-650
-436
-658
-629
-253
139
549
885
739
320
-3
66
243
210
-222
-923
-1364
-1437
-1239
-1128
-1399
-1897
-2316
-2223
-1818
-1796
-729
576
447
-636
-752
645
1749
2607
3170
2394
1281
1131
2510
4050
3883
2625
1654
1879
2535
2604
2117
971
-57
-274
148
375
-528
-1529
-1993
-2096
-1901
-1530
-1314
-1676
-2083
-2064
-1802
-1126
-583
-489
-484
-380
-187
75
520
652
352
125
38
57
99
-36
-540
-1097
-1328
-1444
-1519
-1556
-1610
-1923
-2079
-1936
-2115
-1154
509
779
-522
-1182
-46
1332
2652
3424
2394
831
563
2228
4132
4201
2731
1384
1532
2398
2842
2393
1124
-8
-319
202
545
-272
-1420
-2051
-2087
-1766
-1351
-1290
-1790
-2134
-1936
-1546
-941
-522
-527
-650
-330
129
367
541
490
381
486
517
307
1
-149
-365
-704
-1053
-1403
-1744
-1867
-1765
-1881
-2268
-2497
-2640
-1285
582
656
-798
-1607
-508
922
2247
2918
1967
544
291
2029
3925
3859
2544
1454
1706
2519
2929
2528
1187
-3
-282
318
715
-234
-1377
-1899
-1864
-1564
-1213
-1225
-1774
-2079
-1854
-1324
-726
-456
-520
-528
-147
427
666
793
631
481
641
760
548
143
-98
-311
-374
-480
-831
-1379
-1681
-1479
-1450
-1644
-2044
-2217
-779
702
553
-969
-1429
-289
984
2435
2617
1166
-120
231
2418
3729
3159
1899
1280
1950
2609
2693
1901
725
39
9
676
491
-703
-1605
-1862
-1663
-1447
-1165
-1410
-2192
-2344
-1857
-1041
-589
-794
-1020
-1036
-355
381
730
680
45
-193
259
788
585
-188
-666
-830
-529
-330
-663
-1358
-1755
-1617
-1449
-1268
-1612
-1617
-198
789
257
-1127
-950
326
1281
2485
2326
981
18
606
2665
3560
2768
1517
1336
2279
2774
2576
1541
579
282
560
1156
602
-667
-1466
-1644
-1342
-1030
-890
-1412
-2161
-2216
-1682
-777
-424
-761
-1117
-926
-163
397
588
383
-121
-129
335
612
210
-500
-974
-1018
-740
-679
-1160
-1757
-1701
-1483
-1437
-1826
-2043
-663
754
591
-701
-1189
-241
956
2268
2444
1020
-218
132
2196
3457
2772
1553
1173
1952
2655
2772
2003
727
207
445
1085
868
-290
-1118
-1463
-1286
-1062
-820
-874
-1372
-1709
-1713
-1132
-319
-92
-390
-687
-414
242
926
1065
411
-96
23
523
695
288
-471
-1104
-1012
-716
-886
-1528
-1926
-1725
-1449
-1772
-2057
-915
395
198
-962
-1135
-171
642
1715
2213
1000
-406
-128
1943
3269
2512
1123
857
1779
2534
2528
1816
594
35
462
1226
1001
-351
-1298
-1503
-1318
-983
-836
-1174
-1772
-1822
-1571
-1183
-708
-501
-547
-535
-193
347
911
1145
706
275
347
600
696
527
-3
-696
-921
-730
-639
-1050
-1557
-1912
-1766
-1585
-1777
-1064
79
76
-1098
-1523
-504
289
1095
1728
947
-294
-413
1250
2694
2349
1163
688
1554
2405
2491
2017
970
311
412
1190
1369
269
-776
-1234
-1183
-977
-702
-749
-1403
-1755
-1565
-1022
-499
-449
-484
-461
-256
119
671
1088
752
262
287
587
735
578
323
-205
-470
-502
-538
-706
-834
-907
-1089
-1515
-1645
-421
701
247
-1104
-1301
-427
451
1447
1635
287
-1019
-632
1390
2567
1786
401
189
1154
1990
2133
1642
704
248
599
1335
1178
109
-667
-1002
-954
-787
-645
-840
-1319
-1585
-1541
-1106
-493
-393
-589
-563
-179
217
704
1020
614
182
228
666
848
487
-120
-625
-600
-484
-631
-1045
-1307
-1379
-1403
-1660
-1015
188
269
-709
-1384
-700
213
878
1478
1014
-278
-1069
-59
1728
1926
730
-150
280
1165
1667
1395
494
-61
218
737
942
251
-651
-1058
-1032
-746
-539
-638
-1005
-1212
-1028
-809
-562
-433
-371
-294
-100
253
615
1016
1037
827
835
962
1080
1055
827
359
-16
-73
-134
-522
-827
-833
-639
-866
-1259
-484
497
355
-668
-842
-103
395
1064
1324
486
-577
-658
873
2046
1527
164
-261
562
1303
1435
840
-225
-528
40
737
406
-794
-1393
-1222
-803
-668
-820
-1160
-1360
-1114
-801
-680
-716
-791
-625
-295
0
147
338
598
599
630
659
643
671
721
527
76
-126
-99
-197
-370
-442
-539
-685
-1017
-209
961
883
-192
-759
12
786
1238
1453
651
-343
-524
737
2017
1649
374
-247
439
1203
1352
840
-310
-936
-503
306
447
-553
-1492
-1632
-1169
-779
-722
-942
-1482
-1543
-1060
-650
-408
-576
-704
-425
-22
287
552
753
541
284
456
589
537
373
261
-77
-325
-252
-126
-244
-443
-638
-594
-768
-378
872
1385
530
-585
-309
674
1403
1901
1383
60
-658
191
1808
2093
953
-278
-252
646
1297
1149
48
-1080
-1050
-263
256
-298
-1249
-1673
-1585
-1278
-1032
-885
-1110
-1437
-1434
-1153
-649
-365
-349
-235
-68
140
370
873
1167
826
517
477
649
725
555
143
-176
-232
-196
-317
-270
-244
-316
-633
-588
572
1350
848
-70
-53
605
1207
1905
1927
861
-177
57
1636
2318
1377
42
-189
508
1030
931
76
-1057
-1300
-664
-109
-647
-1699
-2164
-1932
-1397
-1195
-1348
-1669
-1768
-1317
-890
-678
-650
-730
-442
47
432
549
577
648
689
809
762
644
549
503
331
100
-32
-191
-459
-351
-99
-107
-635
-787
521
1432
880
-159
-75
686
1379
2132
1976
824
-16
503
2129
2741
1826
580
308
858
1486
1539
469
-1019
-1378
-533
121
-566
-1973
-2684
-2506
-1966
-1467
-1439
-2023
-2431
-2032
-1253
-669
-588
-825
-781
-269
349
682
736
475
218
407
664
713
557
311
-61
-218
-105
-159
-556
-687
-518
-355
-707
-789
243
1078
743
-106
-25
633
1246
1913
1816
927
316
850
2211
2672
1882
904
934
1561
1968
1861
1015
-98
-426
-65
201
-368
-1471
-2148
-2163
-1984
-1853
-1961
-2315
-2587
-2289
-1794
-1414
-1217
-1179
-908
-419
37
422
727
769
528
507
618
635
582
462
83
-239
-178
-84
-314
-574
-515
-300
-572
-432
553
1027
451
-74
426
982
1349
1905
1762
977
466
1059
2467
2770
1773
951
1156
1686
1887
1819
979
-215
-454
207
500
-299
-1478
-2080
-1980
-1514
-1358
-1827
-2525
-2744
-2318
-1774
-1505
-1647
-1778
-1363
-746
-307
-50
55
131
232
472
595
494
321
235
91
-20
-50
-260
-531
-520
-377
-326
-647
-325
545
790
130
-274
307
847
1331
1860
1623
749
263
1255
2670
2778
1794
1195
1488
1945
2184
2002
1151
198
37
514
624
-178
-1305
-1943
-1959
-1605
-1386
-1712
-2402
-2632
-2156
-1497
-1197
-1441
-1727
-1433
-751
-235
-113
-200
-296
-220
118
378
330
36
-255
-393
-304
-174
-397
-664
-632
-544
-710
-620
369
999
528
-172
62
699
965
1391
1532
873
246
622
1846
2451
1831
1061
1287
1869
2146
2116
1702
861
516
915
1249
652
-426
-1117
-1272
-1194
-1002
-1152
-1795
-2404
-2276
-1697
-1277
-1239
-1485
-1518
-1048
-412
28
177
6
-73
137
348
310
147
-57
-275
-414
-443
-541
-800
-838
-652
-717
-1029
-787
282
754
186
-331
63
734
1200
1655
1460
770
394
959
2135
2378
1536
926
1306
1901
2070
1825
1226
624
584
852
892
325
-413
-831
-1000
-1034
-986
-1128
-1560
-2009
-2078
-1815
-1476
-1396
-1549
-1476
-1127
-598
-184
-98
-234
-216
77
324
308
127
-178
-452
-550
-497
-660
-966
-1133
-1137
-1060
-1126
-543
218
156
-635
-823
24
731
1059
1092
670
314
507
1543
2372
2186
1398
1141
1795
2291
2267
1740
1120
887
1050
1332
1072
262
-400
-584
-471
-520
-795
-1230
-1643
-1616
-1344
-1089
-1030
-1168
-1195
-946
-533
-207
-44
-178
-359
-102
245
262
19
-158
-240
-316
-360
-504
-802
-966
-847
-694
-924
-1133
-469
164
70
-539
-607
-90
389
952
1025
422
-30
358
1421
1938
1598
993
1140
1766
2089
2027
1524
1056
1059
1299
1242
647
-30
-348
-390
-499
-655
-911
-1294
-1550
-1433
-1210
-1053
-1082
-1153
-990
-634
-265
60
243
150
90
282
530
456
177
-63
-161
-150
-139
-401
-871
-1027
-920
-842
-1103
-1102
-434
-71
-404
-904
-698
-199
194
657
503
-107
-475
86
1194
1506
888
359
799
1555
1770
1465
895
635
878
1239
1248
532
-148
-372
-268
-321
-626
-1193
-1541
-1515
-1254
-1111
-1223
-1453
-1415
-918
-366
-113
-77
-20
90
441
829
891
651
504
569
549
451
244
-219
-527
-486
-390
-510
-889
-691
-115
42
-388
-670
-322
-98
110
534
400
-46
-209
512
1286
1254
846
690
1109
1556
1762
1459
869
658
956
1246
1062
343
-187
-283
-194
-167
-368
-939
-1478
-1429
-975
-748
-937
-1310
-1363
-904
-302
-58
-197
-430
-373
129
571
612
257
31
165
424
505
234
-212
-533
-452
-302
-448
-862
-649
-84
-12
-550
-717
-380
-155
70
276
-7
-384
-376
272
883
822
360
327
942
1396
1438
1149
766
688
978
1128
788
84
-309
-310
-273
-367
-665
-1121
-1386
-1229
-912
-813
-969
-1254
-1136
-599
-189
-42
-20
-85
38
451
811
660
300
223
369
466
471
244
-145
-317
-123
1
-198
-547
-189
401
419
-65
-226
101
182
370
524
127
-305
-187
437
805
596
166
158
665
1079
1166
875
515
536
916
1160
719
-40
-432
-386
-294
-334
-674
-1229
-1564
-1318
-979
-974
-1148
-1364
-1277
-833
-414
-262
-256
-259
-93
311
653
595
365
313
341
380
375
100
-281
-309
-135
-190
-514
-641
-139
282
116
-323
-229
137
298
589
686
267
-159
62
716
960
697
334
434
768
995
968
735
439
358
566
707
352
-226
-529
-411
-308
-344
-599
-1012
-1218
-1015
-760
-858
-1012
-1133
-986
-582
-287
-165
-179
-146
16
274
499
418
297
379
461
517
469
275
59
50
138
-17
-355
-418
145
507
191
-390
-398
2
220
488
352
-144
-271
204
873
1043
626
263
546
1123
1323
1088
634
307
453
746
780
244
-375
-558
-532
-523
-593
-980
-1405
-1456
-1187
-1020
-1084
-1269
-1292
-998
-608
-337
-226
-157
-89
28
244
334
216
125
232
375
396
321
168
7
83
117
32
-199
-273
177
513
308
-192
-296
-58
192
438
356
-4
-172
94
760
1029
637
205
426
932
1169
1080
758
406
462
796
902
479
-130
-394
-389
-370
-489
-769
-1107
-1198
-1034
-946
-1053
-1198
-1267
-1007
-642
-457
-338
-230
-116
73
361
421
306
323
440
450
404
287
99
-33
86
132
46
-150
-261
30
363
235
-144
-52
199
260
424
528
162
-150
117
752
981
797
557
629
955
1152
1082
890
580
478
692
725
296
-249
-430
-386
-431
-541
-856
-1234
-1348
-1220
-1136
-1224
-1332
-1325
-1080
-808
-691
-678
-644
-475
-255
-51
18
-25
35
258
335
343
214
5
-90
12
23
-86
-224
-294
18
312
141
-243
-181
116
158
284
393
166
36
219
763
1017
804
651
827
1161
1249
1124
981
725
693
909
911
407
-133
-225
-164
-158
-295
-611
-917
-1029
-845
-805
-1019
-1212
-1229
-961
-610
-468
-529
-533
-318
-32
205
150
-20
33
327
526
458
220
11
-37
83
115
17
-134
-316
-19
271
77
-305
-274
41
82
141
249
29
-168
-91
392
748
642
513
672
984
1072
998
914
688
586
734
852
518
50
-111
-181
-261
-368
-599
-900
-1087
-1054
-1011
-1066
-1100
-1136
-1002
-742
-568
-463
-372
-245
-100
137
189
93
180
341
336
268
267
155
51
-23
-48
2
67
-171
-242
76
174
-81
-124
70
-47
-91
353
376
81
-10
168
515
742
775
613
688
886
1042
1134
957
602
567
741
689
347
101
-243
-495
-437
-433
-673
-922
-1025
-1091
-1059
-919
-945
-1042
-930
-710
-581
-477
-329
-274
-171
-81
-89
0
166
204
113
97
125
110
8
-85
-97
38
34
-273
-242
69
-1
-235
-221
-107
-128
90
355
164
-13
59
398
795
895
699
563
796
1093
1199
1043
642
537
751
915
741
343
10
-146
-108
-55
-327
-711
-937
-897
-794
-752
-876
-1072
-888
-539
-403
-434
-413
-316
-212
-65
-5
-21
66
131
120
100
123
105
64
-20
-110
-66
-4
-192
-472
-180
98
-35
-270
-405
-334
-206
104
280
-12
-176
-92
387
856
893
635
594
964
1235
1292
1045
608
575
914
1111
824
251
-89
-92
107
8
-349
-673
-820
-672
-509
-550
-805
-923
-663
-372
-305
-410
-466
-464
-354
-174
-159
-184
-243
-215
-136
-113
-123
-264
-293
-285
-233
-172
-283
-479
-613
-274
31
-117
-412
-548
-411
-220
-11
151
-55
-236
-86
382
751
722
405
475
962
1281
1252
954
652
793
1124
1115
741
259
32
119
288
138
-226
-534
-512
-303
-301
-547
-709
-673
-442
-240
-294
-430
-394
-249
-132
12
17
-75
-73
5
8
-94
-224
-305
-308
-220
-233
-310
-340
-321
-425
-404
-199
-212
-448
-513
-402
-343
-231
-13
1
-110
-84
194
561
654
571
615
894
1048
970
933
834
825
901
864
688
566
472
363
283
109
-88
-146
-128
-185
-340
-466
-416
-323
-268
-267
-289
-369
-360
-262
-158
-108
-160
-227
-205
-136
-171
-297
-318
-287
-294
-340
-508
-607
-478
-432
-603
-866
-745
-367
-267
-445
-681
-597
-454
-187
173
111
-141
-184
218
700
758
556
463
613
846
1098
1243
949
614
672
913
961
665
273
30
101
286
315
92
-239
-300
-106
-9
-50
-140
-140
-89
-34
-47
-108
-194
-318
-358
-320
-310
-321
-354
-426
-402
-271
-293
-449
-452
-421
-408
-439
-572
-754
-918
-765
-391
-274
-442
-688
-581
-294
-149
37
-31
-250
-157
302
749
720
467
429
716
1108
1223
1040
706
670
939
1165
1069
671
356
374
618
677
465
190
46
115
280
324
206
11
-71
-33
67
39
-212
-379
-403
-321
-223
-311
-513
-598
-593
-573
-573
-625
-717
-783
-778
-749
-758
-771
-867
-982
-1016
-757
-485
-461
-528
-562
-405
-253
-183
-6
61
73
111
241
488
615
621
601
737
934
1055
1153
1085
944
940
1028
1075
997
852
766
749
735
636
505
391
286
272
211
101
6
-97
-112
-117
-148
-263
-372
-398
-400
-459
-634
-761
-762
-710
-630
-682
-869
-1030
-1007
-899
-834
-814
-901
-1001
-988
-895
-728
-510
-483
-584
-574
-323
-70
51
124
43
-86
62
357
543
470
372
421
662
1006
1075
887
764
786
956
1135
1165
1015
859
823
872
957
871
615
430
394
478
479
330
54
-125
-91
-79
-158
-275
-365
-475
-588
-614
-715
-860
-952
-1011
-1056
-1027
-1006
-1060
-1086
-1091
-1154
-1145
-940
-754
-748
-832
-891
-774
-493
-310
-335
-443
-337
-119
94
251
159
12
107
477
824
862
718
675
857
1166
1251
1191
1117
1157
1381
1557
1588
1428
1269
1283
1343
1386
1214
922
731
645
610
499
329
111
0
20
-89
-371
-629
-720
-714
-800
-916
-1067
-1181
-1186
-1125
-1121
-1153
-1201
-1259
-1215
-1116
-1070
-1067
-1055
-1047
-917
-762
-767
-742
-596
-427
-366
-337
-254
-205
-100
65
164
156
207
389
644
762
761
776
948
1261
1450
1405
1299
1245
1375
1484
1438
1359
1280
1224
1157
1093
958
739
549
452
416
316
87
-198
-447
-540
-563
-615
-770
-940
-1069
-1089
-1039
-1065
-1276
-1472
-1505
-1442
-1311
-1291
-1370
-1352
-1300
-1169
-1042
-1010
-1046
-1023
-889
-760
-675
-647
-546
-395
-293
-288
-273
-184
21
228
373
381
449
677
953
1120
1121
1186
1371
1619
1758
1757
1678
1614
1675
1797
1825
1737
1585
1439
1294
1178
1091
929
729
505
304
141
13
-58
-205
-379
-461
-533
-673
-798
-922
-1056
-1119
-1068
-1101
-1195
-1284
-1350
-1320
-1260
-1251
-1232
-1113
-995
-1004
-997
-967
-960
-905
-839
-835
-846
-754
-568
-402
-317
-356
-325
-86
168
324
404
437
544
746
994
1182
1215
1176
1193
1356
1513
1522
1399
1245
1194
1275
1298
1239
1075
887
765
661
578
444
242
125
144
105
-37
-212
-434
-540
-464
-424
-607
-827
-912
-855
-754
-716
-835
-1008
-1090
-1041
-915
-905
-1018
-1099
-1037
-959
-868
-862
-875
-833
-751
-653
-640
-604
-504
-373
-191
4
142
203
226
349
483
641
735
827
952
1028
1092
1147
1228
1191
1062
1040
1097
1107
1088
1019
940
888
841
750
634
520
393
312
252
185
120
60
-12
-88
-211
-373
-473
-500
-594
-767
-875
-919
-897
-813
-749
-817
-950
-1002
-974
-959
-955
-930
-922
-942
-936
-871
-825
-853
-758
-515
-339
-317
-270
-137
-33
43
161
320
406
424
506
628
704
709
689
758
856
830
693
625
705
755
737
681
584
539
579
616
605
558
453
407
449
439
352
277
274
308
311
249
109
57
19
-48
-126
-199
-230
-249
-241
-304
-365
-463
-546
-567
-593
-628
-664
-646
-611
-574
-527
-488
-445
-426
-438
-399
-326
-258
-185
-148
-103
-40
12
69
116
103
89
96
150
215
227
199
161
97
34
44
59
17
-14
40
133
177
190
210
215
231
248
258
249
250
220
179
108
52
34
28
46
63
64
1
-43
-60
-43
6
1
-72
-118
-128
-136
-185
-255
-290
-286
-257
-230
-237
-215
-168
-150
-123
-80
-56
-15
56
101
127
128
84
29
41
52
11
-62
-102
-148
-176
-169
-169
-164
-143
-115
-71
-43
-56
-45
-33
2
44
73
116
102
114
136
157
166
148
129
131
158
188
200
173
126
126
166
200
200
170
151
168
181
157
119
76
51
31
48
78
99
112
72
36
68
155
232
227
160
111
108
91
67
42
-11
-70
-94
-101
-120
-197
-246
-241
-204
-203
-235
-253
-254
-253
-241
-206
-152
-99
-67
-40
-34
-49
-54
-27
5
7
-14
-11
13
21
-1
-58
-52
-6
38
53
79
105
113
103
86
76
100
107
78
70
48
22
25
40
44
6
13
73
126
144
104
44
10
8
5
4
-12
-44
-95
-136
-151
-162
-208
-246
-259
-243
-214
-185
-152
-124
-83
-51
-78
-83
-83
-82
-73
-47
-12
32
36
-5
-11
16
19
-10
-7
19
39
69
53
38
29
61
103
111
80
25
1
33
75
97
100
111
112
127
146
118
47
-29
-79
-94
-87
-74
-98
-122
-141
-147
-140
-129
-123
-173
-177
-154
-136
-115
-105
-126
-124
-107
-86
-69
-68
-39
14
43
56
85
130
186
181
184
196
178
193
247
247
224
217
234
290
288
233
203
203
234
264
266
253
226
205
204
216
204
213
201
173
170
176
157
78
26
1
-14
-6
-34
-59
-107
-194
-229
-249
-249
-269
-323
-371
-375
-372
-389
-387
-378
-350
-343
-313
-249
-210
-204
-225
-202
-154
-133
-98
-62
-67
-73
-42
28
102
143
148
150
135
124
160
221
266
273
255
267
255
244
214
171
157
166
180
202
183
126
76
57
54
45
35
8
3
-23
-76
-144
-217
-267
-295
-352
-407
-412
-396
-395
-430
-459
-491
-460
-401
-386
-385
-404
-398
-338
-287
-270
-251
-206
-101
-4
12
35
74
57
52
120
168
241
312
360
411
407
408
424
445
466
496
524
530
517
523
549
594
625
610
551
486
420
386
352
281
207
170
126
58
32
3
-40
-87
-127
-197
-242
-271
-316
-367
-380
-410
-433
-418
-419
-421
-428
-397
-377
-373
-365
-358
-342
-320
-268
-237
-221
-204
-196
-167
-104
-41
-4
23
37
70
101
118
122
120
107
111
183
242
279
305
303
288
288
310
325
361
349
330
316
291
240
166
138
116
117
106
69
22
10
-14
-71
-115
-180
-244
-285
-332
-365
-393
-407
-420
-422
-432
-398
-389
-403
-404
-380
-364
-345
-306
-303
-284
-269
-232
-195
-149
-95
-50
-21
-15
9
15
81
138
156
186
207
250
315
351
352
363
362
394
433
477
506
489
501
506
490
445
384
341
303
264
240
214
166
151
108
53
12
-35
-74
-101
-116
-134
-141
-157
-203
-246
-274
-304
-335
-367
-369
-378
-370
-381
-409
-406
-389
-378
-380
-330
-254
-214
-197
-170
-181
-152
-119
-108
-69
-18
28
74
102
137
209
264
292
321
354
388
413
414
384
384
388
349
294
233
199
173
190
216
183
115
56
8
6
-16
-44
-73
-101
-131
-153
-184
-210
-192
-189
-200
-183
-156
-172
-152
-180
-232
-239
-263
-280
-246
-254
-286
-304
-272
-216
-183
-161
-184
-181
-151
-100
-27
23
72
132
182
221
224
245
272
285
299
318
308
272
283
319
345
345
339
347
331
319
288
241
172
95
47
15
-19
-49
-75
-117
-154
-196
-234
-256
-256
-247
-238
-269
-303
-310
-299
-260
-246
-254
-263
-270
-267
-261
-268
-257
-226
-172
-152
-164
-155
-144
-125
-89
-38
24
55
61
81
122
163
200
264
303
296
321
338
330
326
326
343
330
325
316
302
290
272
248
212
172
155
141
82
27
-17
-72
-109
-123
-132
-146
-148
-142
-143
-207
-258
-295
-289
-245
-209
-199
-211
-215
-244
-261
-293
-299
-296
-269
-229
-222
-213
-178
-126
-86
-49
-10
12
-5
-5
14
58
129
188
213
253
304
339
364
375
384
361
352
332
307
294
268
265
279
289
278
235
191
188
169
131
92
41
14
-10
-52
-109
-131
-133
-133
-125
-145
-165
-187
-217
-236
-261
-285
-297
-303
-311
-300
-312
-324
-333
-332
-327
-322
-330
-329
-311
-277
-239
-203
-162
-138
-109
-68
-33
-29
30
72
114
131
171
218
228
278
304
293
282
284
299
337
361
374
365
331
298
282
257
213
164
146
159
164
155
134
77
36
30
16
-14
-56
-106
-148
-131
-130
-111
-124
-161
-175
-177
-191
-203
-214
-246
-248
-224
-271
-352
-370
-352
-341
-325
-259
-217
-181
-154
-133
-108
-68
-31
-10
42
79
83
112
160
176
186
192
189
185
193
197
180
199
200
218
251
241
221
196
172
166
153
154
170
161
149
129
119
105
71
49
19
-17
-42
-22
-31
-52
-85
-101
-97
-121
-143
-160
-184
-182
-175
-171
-139
-147
-163
-142
-141
-148
-155
-141
-116
-117
-87
-80
-76
-48
-26
-22
-12
28
50
73
79
106
121
123
141
135
111
100
97
62
41
28
17
34
50
59
81
90
98
125
130
125
97
63
41
31
46
64
72
73
55
40
37
5
-4
-15
-18
-18
-41
-48
-76
-122
-157
-163
-145
-128
-113
-84
-71
-84
-102
-122
-127
-135
-115
-90
-102
-111
-99
-88
-96
-105
-134
-146
-120
-107
-102
-90
-91
-90
-74
-69
-64
-34
-18
-4
-12
-14
1
2
22
52
94
118
147
144
137
115
111
124
146
158
146
164
178
177
167
153
134
137
134
109
100
91
65
44
16
-3
-12
14
35
43
50
33
16
6
11
8
5
-13
-5
-10
-29
-15
-5
-23
-32
-42
-27
-24
-59
-53
-47
-38
7
43
26
0
-19
-17
-24
-36
-20
8
15
7
3
-11
-12
-12
-13
2
2
5
5
2
1
-5
30
59
68
78
66
36
9
2
32
27
4
-9
-45
-69
-61
-45
-66
-77
-78
-87
-66
-51
-44
-54
-60
-52
-37
-43
-73
-110
-118
-97
-101
-95
-102
-117
-110
-117
-115
-112
-131
-126
-119
-104
-81
-74
-81
-57
-23
-1
17
11
14
18
18
14
33
46
41
45
60
55
61
63
65
82
123
159
155
142
116
98
108
129
153
148
137
103
98
106
84
57
41
37
38
25
4
-9
-34
-42
-28
-14
-8
11
16
-29
-66
-83
-91
-93
-62
-37
-52
-82
-69
-47
-48
-49
-31
-10
5
25
8
-8
-19
12
32
37
47
45
43
77
79
60
61
66
84
92
133
125
53
61
77
105
166
187
148
75
-11
-44
-31
-30
-34
-26
-21
-68
-113
-123
-147
-166
-157
-160
-185
-187
-194
-232
-251
-242
-232
-198
-137
-106
-94
-110
-116
-111
-114
-108
-71
-55
-13
24
38
68
78
85
84
120
142
149
183
203
205
215
223
225
238
233
224
221
192
195
205
186
172
167
172
169
170
158
102
47
32
24
-5
-37
-72
-91
-104
-136
-168
-195
-206
-217
-220
-218
-231
-244
-279
-325
-339
-325
-329
-293
-234
-203
-179
-145
-133
-139
-114
-93
-51
-4
27
63
76
50
36
36
43
79
118
141
150
145
144
156
160
180
181
168
164
173
189
181
158
145
143
130
119
114
106
100
120
125
104
77
32
-18
-41
-44
-49
-50
-49
-65
-69
-81
-101
-110
-114
-116
-110
-102
-107
-137
-157
-174
-199
-185
-159
-137
-109
-92
-81
-52
-39
-15
11
20
45
65
68
75
93
87
100
110
108
119
143
156
144
164
170
179
203
207
199
185
197
208
196
216
212
185
163
131
83
50
30
-6
-35
-71
-95
-119
-121
-111
-135
-171
-193
-216
-241
-272
-283
-312
-358
-361
-349
-344
-339
-328
-301
-271
-247
-236
-233
-227
-237
-235
-212
-178
-170
-156
-122
-77
-19
22
58
68
56
85
117
144
170
229
267
305
342
345
350
341
353
352
339
337
332
317
288
279
282
281
273
248
208
168
109
51
29
-4
-37
-42
-55
-87
-110
-117
-126
-116
-112
-130
-172
-212
-236
-248
-265
-271
-299
-307
-278
-254
-234
-206
-169
-151
-150
-123
-90
-95
-101
-103
-101
-84
-46
3
42
83
119
149
156
167
200
220
246
246
262
240
215
225
241
220
193
192
219
233
226
229
207
187
159
134
116
95
68
33
-3
-43
-69
-106
-128
-99
-97
-111
-116
-147
-179
-192
-233
-269
-248
-259
-265
-275
-301
-304
-284
-275
-248
-209
-185
-166
-159
-153
-147
-104
-74
-46
-15
14
34
64
77
69
92
102
121
154
175
201
198
194
163
160
191
189
210
240
217
189
171
154
165
165
149
133
112
82
81
75
82
57
9
-30
-61
-85
-99
-88
-110
-118
-127
-169
-179
-172
-195
-229
-231
-228
-230
-214
-218
-217
-179
-171
-164
-153
-151
-147
-144
-126
-76
-37
-15
-26
-34
-20
-11
8
51
108
112
76
77
49
52
104
120
170
185
179
153
118
95
68
74
91
133
168
173
169
142
122
139
159
152
159
140
92
49
10
-25
-81
-74
-69
-29
-2
-31
-33
-59
-72
-64
-39
-32
-53
-57
-39
-39
-43
-61
-71
-67
-31
-3
26
50
46
40
24
26
7
-10
-5
6
25
65
65
41
60
61
76
103
99
108
97
61
27
30
14
19
3
6
-5
-41
-21
-30
-38
-17
-24
-52
-71
-120
-99
-94
-83
-44
-47
-49
-51
-53
-76
-88
-110
-124
-121
-96
-84
-78
-86
-79
-77
-95
-69
-21
-20
-10
-34
-49
-58
-101
-100
-90
-65
-58
-47
-55
-53
-72
-63
-4
1
10
32
27
6
0
-24
-20
-19
-4
6
36
41
51
71
56
8
10
42
39
54
67
93
84
73
68
51
44
59
83
82
82
77
55
49
60
110
138
143
128
120
92
61
27
36
100
137
163
151
108
65
17
-26
-15
11
15
3
-34
-53
-69
-101
-104
-69
-55
-54
-17
-34
-83
-84
-82
-40
-5
25
35
51
45
30
14
-26
-20
-32
-20
-4
22
2
47
53
163
792
971
-9
-910
-640
-240
-400
-84
595
-46
-1278
-1281
-258
568
857
742
486
-1
-507
-615
-346
171
346
244
-53
-429
-386
-343
-268
246
569
399
-185
-527
-273
-397
-203
469
562
147
-235
99
-231
-518
133
327
-29
89
367
212
-107
-189
17
456
1042
950
-86
-462
-332
-463
-346
164
433
-214
-667
-420
-254
-131
560
482
-282
157
562
-476
-590
720
669
-582
-181
822
71
-551
568
806
-200
-91
218
-310
-652
-240
-6
-205
-298
-251
-317
-244
-164
-184
51
-45
-435
-181
43
-224
-365
-54
384
106
-145
199
218
51
-47
331
525
-45
0
382
71
-282
-60
464
224
-5
122
-120
-295
-98
173
68
-88
-189
-312
8
85
5
542
489
43
133
176
197
207
339
516
187
-106
-36
187
152
-53
317
306
-450
-375
266
271
-54
227
296
-271
-545
-393
55
304
-73
-321
121
-126
-730
-242
480
255
-302
-220
11
-201
-441
-252
487
571
-420
-359
318
-342
-896
-2
644
-42
-529
-33
-39
-411
-471
143
727
-131
-512
388
278
-599
-167
480
53
-540
39
236
-305
-284
-81
143
72
-137
3
160
-156
-314
201
169
-272
-116
95
-96
-372
-7
342
99
-196
-110
22
-129
32
263
369
159
69
99
-210
-222
36
117
244
351
35
-434
-289
215
172
73
443
288
-331
-260
181
249
103
208
283
44
-214
-230
31
253
90
-122
186
241
-132
-90
235
134
-212
-74
123
40
-17
44
46
35
-100
-88
75
183
145
-174
-154
174
62
-79
275
373
-199
-263
283
196
-68
119
86
-16
117
236
193
82
38
-45
-310
-164
244
142
-122
68
118
-202
-163
181
270
47
-73
-29
10
-71
-13
118
329
114
-343
-139
-16
-327
-159
188
112
-89
-264
-212
-180
-66
200
151
-152
-371
-250
-101
61
266
306
19
-337
-262
8
-74
27
304
26
-399
-411
22
95
-125
9
87
-195
-384
-124
67
-56
-77
-17
112
-106
-386
-335
-115
27
-193
-143
-3
-155
-229
95
248
-29
-193
-181
-27
112
120
98
137
9
-299
-171
249
342
134
-6
55
-125
-268
46
442
341
-70
-169
-54
-149
-154
115
350
299
84
-26
-81
27
68
248
387
280
151
-157
-321
-127
120
90
37
276
232
-166
-173
-4
69
-6
1
200
97
-209
-160
147
74
0
151
162
16
-55
77
124
31
40
72
78
4
-27
17
28
62
54
25
173
169
5
-53
-8
18
-78
8
77
-63
-103
-25
1
12
-89
-212
-63
-5
-175
-146
101
68
-174
-75
21
-101
-122
-55
30
95
-72
-186
-37
-51
-142
21
223
109
-26
78
142
52
21
132
92
5
83
-3
13
131
75
-27
-48
11
9
-85
9
78
-24
-25
-37
102
207
43
-23
-5
-133
-223
-73
1
-81
-97
-204
-244
-81
-21
-111
-12
75
-198
-237
-8
-103
-186
-67
18
-126
-142
-16
-87
-134
-146
-240
-203
-97
33
74
-2
-107
-212
-184
-10
188
259
245
55
-161
-181
-95
89
313
341
168
-22
-123
-80
161
435
395
161
37
-95
-124
142
406
476
286
-13
-137
-139
-21
231
416
278
-28
-157
-209
-145
138
316
311
138
-67
-94
-108
-79
107
230
97
-121
-142
-146
-181
-18
167
28
-227
-316
-239
-142
-91
15
-2
-184
-266
-165
-31
51
78
124
42
-153
-142
-24
69
141
181
148
49
85
117
98
195
234
57
-99
-69
-22
10
83
157
101
-73
-184
-114
-1
15
28
-59
-221
-228
-158
-65
-1
49
-18
-154
-125
-97
-61
-11
-55
-105
-186
-283
-259
-135
-70
-59
16
90
-10
-122
-88
-62
-66
-32
18
66
-75
-143
48
149
58
32
170
147
-118
-182
55
164
146
269
284
126
-17
-58
44
216
284
229
184
66
-86
-148
-55
77
119
116
53
-87
-144
-165
-67
101
163
159
62
-75
-234
-289
-140
48
142
125
17
-131
-267
-258
-127
-18
17
25
-58
-210
-176
-69
-67
15
201
198
48
-26
-55
-64
-8
157
302
286
115
-61
-122
-127
-11
246
344
183
52
13
-7
-4
138
292
239
126
37
-71
-149
-71
81
175
169
37
-107
-143
-123
6
140
145
33
-128
-189
-234
-174
28
94
68
-14
-187
-287
-217
-50
61
87
51
-64
-208
-255
-119
81
151
104
25
-120
-295
-233
32
206
200
123
-62
-206
-146
24
148
232
199
25
-158
-199
-117
47
156
120
10
-144
-273
-223
-5
115
102
58
48
-30
-102
-39
59
130
49
-32
-104
-202
-192
-16
155
136
-14
-188
-248
-170
-9
168
229
88
-90
-205
-190
-122
-34
77
109
-17
-154
-130
-16
110
223
254
203
29
-98
-56
11
101
202
194
45
-82
-114
-66
34
150
148
23
-85
-147
-116
39
153
133
61
-48
-115
-172
-155
-30
122
181
101
-20
-161
-231
-104
89
204
238
138
-69
-182
-157
-33
93
166
183
94
-49
-128
-121
19
90
65
92
39
-72
-147
-55
102
147
145
147
74
-22
-17
-10
24
17
-40
-23
57
49
28
27
-2
10
60
72
3
3
45
45
93
104
13
-7
45
22
-14
-3
-10
9
22
-45
-64
-9
9
1
22
31
-35
-66
-53
-11
-12
-34
-36
-55
-79
-108
-113
-70
-42
-41
-18
-53
-110
-72
-63
-94
-68
-67
-112
-66
2
0
6
-17
-38
-40
-86
-142
-154
-127
-122
-111
-67
-43
-73
-43
1
62
134
116
15
-20
-106
-155
-29
69
98
161
92
-65
-107
-30
71
136
165
114
7
-103
-72
36
108
142
139
126
-21
-122
-76
-23
27
87
126
91
-8
-37
3
58
51
48
117
63
-35
-8
42
14
8
84
101
36
-8
-4
37
89
96
108
94
5
-74
-44
-25
-52
-36
24
32
-25
-65
-75
-73
-91
-39
31
38
30
5
-45
-43
12
82
56
16
14
-1
-9
-63
-71
-43
-28
-4
43
18
-11
-8
24
48
81
52
-13
17
36
27
100
154
142
159
145
98
73
89
100
118
127
72
28
3
-25
-34
12
100
93
22
-60
-154
-168
-169
-140
-68
-33
-74
-190
-252
-272
-238
-160
-93
-57
-85
-169
-255
-251
-186
-129
-74
-68
-133
-176
-225
-200
-117
-32
-6
-4
4
-77
-129
-73
12
61
80
70
17
-31
-20
66
154
184
207
195
124
70
98
105
143
192
181
159
117
91
62
72
93
65
29
6
-20
-25
12
19
27
20
-29
-51
-39
-11
15
16
-1
-87
-120
-63
-55
-45
25
3
-52
-48
4
45
22
3
1
-40
-94
-84
-83
-45
36
87
110
92
65
26
49
122
133
124
120
66
1
46
64
57
125
166
145
119
70
8
-25
-27
16
61
76
70
43
-48
-133
-128
-57
5
65
73
-15
-94
-84
-75
-84
8
96
73
20
-50
-132
-201
-156
-26
58
33
-71
-199
-267
-229
-111
21
124
94
-26
-94
-101
-84
-30
89
118
37
-46
-85
-109
-71
11
86
121
105
41
0
-48
-65
1
65
137
173
125
26
-31
-66
-52
51
100
96
34
-45
-100
-76
17
123
143
86
9
-72
-95
-90
13
88
13
-63
-136
-188
-156
-91
-4
46
-1
-103
-161
-168
-149
-73
38
61
23
-8
-59
-104
-77
7
62
85
67
31
-25
-82
-60
24
74
105
91
8
-107
-175
-125
-51
18
69
86
26
-71
-108
-48
29
90
190
195
99
4
-49
-68
11
106
132
127
92
41
-3
10
16
51
103
97
66
8
3
19
19
67
108
92
52
43
15
-9
10
35
70
70
34
-13
-24
0
17
56
54
36
32
26
44
24
-16
-10
-34
-60
-42
-21
-36
-61
-40
-36
-54
-65
-69
-88
-69
-39
-12
46
46
3
-45
-90
-98
-64
1
26
53
41
-35
-80
-101
-96
-58
-40
-64
-67
-78
-68
-40
-17
18
21
6
19
8
-30
-30
-18
-29
-17
14
5
-19
-24
-20
-10
24
36
21
-4
-13
-10
12
36
40
30
-6
-20
-31
-37
-55
-37
4
-1
-13
6
12
-28
-52
-42
-16
11
28
60
71
32
18
47
53
57
76
53
9
-25
-29
-8
16
50
73
54
32
14
10
15
27
44
40
36
15
-38
-71
-63
-42
-8
-3
-16
-33
-39
-44
-45
-38
-39
-43
-39
-55
-75
-74
-53
-40
-30
