SAMPLES:	10844
BITSPERSAMPLE:	16
CHANNELS:	1
SAMPLERATE:	16000
NORMALIZED:	FALSE
2
-2
-7
-3
-1
-5
4
5
-3
-5
-2
-7
-6
0
-3
-1
4
1
-7
-5
-5
-8
-2
3
-2
0
2
-5
-3
3
-7
-6
0
-1
-2
-3
-5
-6
-1
-2
-3
-4
4
-7
-2
1
-10
-3
2
1
4
6
0
1
-1
1
0
7
8
2
9
14
7
2
6
7
5
2
6
6
4
4
2
6
5
4
4
13
9
10
8
6
6
-2
-1
3
4
6
4
9
8
0
3
6
6
4
2
4
0
-2
-6
-10
-1
-6
-3
-3
-1
-1
-5
1
-4
-7
11
-3
-1
2
-3
-5
-6
0
-7
-8
-1
-7
-2
-5
-5
-3
-2
-4
-4
-2
-7
-3
-3
-10
-3
-2
-5
-6
-6
-2
-3
-5
2
-10
2
0
-8
-8
-4
-4
-9
-3
1
-3
-11
3
-3
-9
-4
0
-7
-2
0
-6
-1
7
-8
-2
7
-11
2
6
-4
-3
6
-5
-3
13
1
-8
11
3
-4
6
6
-3
15
4
-5
11
4
-10
5
11
-6
7
11
-9
3
16
-14
3
18
-3
1
15
-5
4
14
-8
3
6
3
-3
-2
-1
-1
0
-5
5
7
-2
5
11
-1
3
11
-13
-3
2
-9
5
2
6
2
-1
6
3
2
4
9
5
-15
11
1
-1
7
-11
14
3
-5
3
-7
2
0
-2
-5
-1
13
-5
3
10
-10
7
2
-5
0
7
3
-2
3
-5
-5
8
-6
-1
4
-9
4
1
1
3
4
1
-5
-1
-3
-6
-3
-13
-6
6
-5
-1
-4
-1
4
-6
-6
8
-14
2
-5
-11
4
-6
-10
-1
-1
-4
-12
-2
1
-8
4
-13
-2
-2
-17
5
4
-14
11
2
-5
2
0
-1
-13
18
-8
-19
22
-11
-13
19
-2
-9
6
6
-5
-6
25
1
-6
16
1
4
10
1
1
10
18
-3
-3
12
-3
7
4
5
-4
16
4
-11
14
1
-7
13
2
-1
15
7
-16
1
15
-13
-4
10
-5
1
11
-12
-9
16
-6
-8
0
10
-1
-8
5
-3
-9
-8
-8
7
-6
-9
10
-7
-8
2
-13
-8
2
-6
-8
10
-3
-21
2
-8
-8
8
-10
0
9
-13
-15
-2
-1
-14
5
7
-10
-1
-3
-1
-6
-6
-1
4
7
2
-4
4
1
5
0
-2
13
5
-2
2
4
8
1
3
14
4
19
0
-1
18
9
-4
3
10
7
0
-1
5
3
10
-7
7
16
1
1
5
1
-1
1
-2
1
5
-8
2
-1
0
-5
7
-6
-14
12
-13
-3
7
-12
8
-2
-11
5
-11
2
-13
2
-9
-12
9
-20
5
12
-33
8
13
-28
2
8
-27
9
6
-18
3
20
-14
-26
29
-14
-15
26
-15
-4
24
-25
8
7
-17
15
4
-10
7
18
-8
-7
10
-2
-1
13
-7
6
17
5
-1
3
6
4
12
0
-4
18
5
-4
-1
12
-6
6
17
-15
12
13
-13
8
2
-3
-7
1
7
-1
4
2
-8
-11
0
3
-11
0
1
-11
-4
1
-18
-4
16
-14
-4
2
-2
-9
-12
0
-8
-4
3
-22
-1
4
-19
3
3
-5
4
-10
4
-1
4
-3
-6
5
0
-11
11
2
1
12
-5
-8
10
8
-14
17
5
9
2
-12
-4
16
-4
-4
11
13
-6
7
1
-5
3
12
-4
-2
16
-2
-1
4
5
-8
12
-2
-3
15
-7
7
8
-12
9
12
-5
0
13
4
-18
3
8
-13
-2
11
-7
-8
-3
-1
-3
-2
12
-11
0
-4
-8
-2
-11
-2
5
-19
5
-9
-9
-6
-7
5
-1
-12
8
-16
-3
-2
-31
14
-4
-31
11
9
-17
-15
20
-5
-26
27
-18
-19
18
1
-17
13
15
-7
9
7
-16
31
10
-32
33
21
-30
6
28
-7
3
25
8
2
27
-3
6
22
-4
8
16
22
7
-7
14
12
8
20
-2
4
22
-7
-7
13
5
6
16
-9
3
17
-11
-8
10
-7
4
-7
-15
0
-17
-2
-2
-13
13
-13
-15
-10
-22
15
-43
-3
15
-33
-10
-19
-2
-15
-28
11
-25
-4
2
-39
2
-2
-13
-14
0
4
-21
-11
17
-16
0
8
-27
4
21
-21
11
11
-27
8
5
8
-3
30
7
-8
31
12
-37
47
15
-11
17
9
13
4
-7
10
1
19
16
-18
44
-8
10
14
-48
35
23
-30
23
10
4
4
-8
11
-11
9
11
-5
16
-3
-10
15
-20
-22
26
8
-22
19
-20
-10
10
-16
-14
12
23
-34
3
2
-13
-28
12
-6
-21
42
-27
-11
16
-29
8
-10
-13
23
-7
9
-17
6
-9
-23
44
-18
-12
52
-8
-17
8
-4
-3
7
4
0
11
9
-22
-3
20
2
7
4
16
22
-21
-8
32
-3
-7
23
7
0
18
-9
-9
27
9
-25
12
15
-26
26
13
-25
22
-13
1
22
-18
-5
14
-8
-5
-12
21
4
-21
-4
10
-17
-13
8
-22
-15
2
-11
-38
13
9
-36
31
-16
-54
38
-2
-57
-8
26
-38
-17
7
-14
-19
-6
-26
-5
-2
-20
7
-13
-9
2
-34
-10
27
-13
-1
19
-12
-14
19
-15
-20
42
-5
-7
28
-1
-13
29
1
-13
50
45
-22
40
12
7
22
-7
20
47
28
4
22
10
-12
27
27
8
40
18
12
10
1
-25
23
32
-13
29
-3
-2
-7
-27
-2
-2
-15
7
-14
15
-22
-18
-6
-37
-5
-20
-29
20
-23
-17
-4
-16
-23
-15
8
-41
-2
-11
-18
-19
0
6
-40
29
-1
-61
18
-13
-8
8
-16
24
-35
23
-32
-2
52
-20
9
3
-7
32
-11
6
22
6
40
-37
2
48
8
1
5
-3
48
-17
-1
33
6
11
1
28
-32
18
58
-41
-4
44
-25
-8
5
24
-15
8
7
-34
-1
18
0
-19
8
-3
-18
-7
-9
-1
-1
-30
17
-41
-12
12
-3
-12
-15
11
-22
-30
-2
-12
-10
8
-31
-4
9
1
-37
11
16
-37
21
-13
-33
12
-11
-6
-1
9
-4
-9
34
-26
2
12
-4
38
3
-15
15
3
16
-32
10
31
-21
-5
32
36
-20
22
22
5
0
40
3
-34
46
39
-45
36
31
-4
10
7
1
5
64
-18
13
59
-11
2
18
-2
-9
9
45
-13
-8
25
-8
11
-15
11
21
5
-6
-7
-17
15
-16
-26
-7
46
-4
-56
19
20
-72
20
27
-58
5
12
-47
-42
32
-41
-23
25
-44
-30
31
-58
-44
18
-46
-7
14
-34
-26
13
-30
-57
12
15
-71
25
24
-73
36
-18
-57
28
5
-4
-17
18
-11
-35
40
-36
10
42
-22
-3
19
-10
10
17
-11
34
35
2
9
49
9
-15
32
-10
-6
76
-6
-2
75
-37
26
22
6
26
9
33
-1
-29
21
25
-30
8
22
21
-21
5
27
-26
28
-4
-13
49
-63
7
34
-55
6
0
-24
-20
13
-12
-47
50
10
-95
-4
11
-48
-3
18
-46
-1
1
-41
-17
-16
7
-6
6
-12
-26
8
-24
-26
27
4
4
12
-21
6
3
-40
-2
27
53
-6
45
33
-27
5
-5
12
54
42
38
20
35
39
-22
-12
50
50
10
29
48
13
19
20
-19
26
51
18
9
11
20
-48
7
-6
-34
36
6
-23
2
-57
26
-23
-15
16
-24
2
-27
-34
-27
-38
-8
-51
-9
-4
-89
9
4
-68
-14
-51
-39
7
-18
-34
-14
8
-37
-46
-5
-36
1
8
-6
-7
-1
20
-28
-34
37
10
-18
-8
4
11
2
15
-26
9
45
-10
-12
24
46
-13
-9
-1
74
6
17
58
-8
40
31
-48
44
42
15
-25
25
94
-52
11
57
-29
41
19
-7
39
-21
33
-18
-62
84
-18
-45
50
-12
17
-56
-8
27
-51
78
-27
-43
41
1
-54
-37
26
32
-54
10
-36
-27
7
-48
-15
1
-2
-46
-52
5
-26
-13
22
-35
-1
-41
-35
-30
-36
-4
-12
11
2
-35
-7
7
-16
17
6
-16
16
26
-30
-2
36
-16
0
45
15
31
26
-17
23
54
23
3
92
37
-6
108
-8
3
97
-4
-13
70
60
-10
29
42
-22
45
63
-6
47
34
29
61
-43
3
52
9
4
-34
16
20
16
25
-56
69
2
-90
31
-42
-3
-18
-48
26
-86
-55
8
-88
-60
-11
16
-119
-88
44
-165
-37
9
-138
-2
-61
-73
-99
-58
-10
-169
-12
-12
-62
-74
-56
6
-15
-49
-17
-1
-3
27
-43
-15
41
22
6
20
44
33
79
-23
13
111
37
111
16
57
132
-11
82
74
91
58
70
129
-2
109
102
-13
140
76
56
65
69
89
-32
100
75
-29
43
60
-62
85
32
-52
30
51
-28
-94
13
-17
-60
-89
8
-58
-76
-47
5
-80
-70
-49
-55
-142
-45
-112
-85
-52
-189
-10
-87
-213
15
-88
-117
-25
-28
-18
-193
35
-31
-179
84
-66
-90
80
8
2
-29
21
80
-9
52
28
48
72
29
66
62
73
75
97
141
10
85
91
18
144
118
48
119
148
30
94
152
5
66
180
3
28
83
88
-10
108
92
-112
104
7
-25
93
-114
45
-32
-43
64
-190
-21
-86
-129
7
-223
-9
-131
-173
56
-282
-115
-20
-198
-94
-173
-65
-149
-218
-10
-206
-165
30
-272
-160
62
-140
-213
-38
17
-225
35
-106
-161
175
-22
-219
184
45
-128
149
114
-14
162
149
-44
101
206
-5
125
242
51
238
207
109
227
229
92
228
279
49
223
318
-8
144
210
147
138
133
160
82
218
-28
9
191
46
-11
66
33
0
8
-64
-73
-34
-98
-128
-49
-95
-83
-167
-213
-122
-181
-164
-133
-172
-186
-72
-188
-243
-234
-192
-162
-176
-196
-185
-89
-144
-337
3
-128
-185
-53
-52
-89
-170
85
-24
-206
268
-40
-164
281
17
-18
46
208
7
37
242
43
87
300
136
111
291
160
157
167
234
192
177
196
315
138
183
226
168
290
219
81
222
223
104
95
66
47
43
131
-19
-40
135
-30
-219
-36
-69
-280
-180
65
-305
-314
29
-321
-325
-73
-166
-366
-184
-211
-376
-185
-198
-327
-151
-174
-321
-256
-267
-349
-199
-42
-328
-185
-32
-149
-289
-130
-10
-290
-76
82
-158
-40
-19
-47
7
-18
83
88
125
48
160
152
13
330
313
102
419
389
231
202
435
339
133
530
602
253
397
520
220
353
401
324
307
415
289
125
228
173
4
183
172
-42
72
-50
-203
-180
-140
-237
-228
-78
-138
-304
-179
-258
-382
-209
-208
-305
-227
-234
-211
-445
-336
-244
-564
-156
-263
-525
-241
-114
-502
-223
-119
-321
-357
-110
-234
-322
25
-193
-229
-29
-15
-186
115
51
-122
197
73
-22
216
227
208
306
436
324
255
451
287
326
584
385
366
604
512
441
509
466
366
570
517
367
439
376
178
182
150
97
97
-37
18
-99
-127
-258
-284
-243
-255
-310
-346
-333
-424
-340
-454
-490
-426
-343
-436
-429
-307
-478
-485
-493
-534
-383
-407
-436
-300
-468
-303
-384
-483
-264
-303
-212
-180
-344
-143
-262
-399
-191
-66
-76
-74
235
138
-184
160
352
71
506
677
377
486
637
463
444
672
897
808
894
1027
753
708
785
828
785
966
959
646
527
470
306
237
182
346
201
73
60
-325
-427
-435
-474
-396
-320
-415
-437
-512
-580
-742
-702
-552
-526
-422
-488
-577
-662
-634
-677
-589
-466
-553
-701
-539
-600
-771
-593
-517
-569
-365
-395
-319
-352
-432
-427
-273
-261
-264
-17
8
19
68
93
-63
205
604
544
725
708
561
825
704
795
1018
1017
1274
1151
1094
1035
854
1036
1116
1182
1223
1153
959
673
424
162
46
152
198
117
-59
-443
-699
-923
-906
-766
-707
-641
-749
-980
-1113
-1081
-1046
-973
-589
-399
-542
-609
-811
-980
-701
-706
-748
-367
-534
-817
-664
-862
-1008
-791
-383
-531
-312
-244
-764
-699
-644
-682
-130
-139
-68
238
93
-153
-78
654
605
982
1445
882
1049
1159
823
1034
1463
1547
1821
2182
1797
1386
1603
1335
1400
1824
1747
1479
1455
1076
346
415
400
78
275
238
-282
-625
-867
-1130
-1304
-1066
-1044
-1062
-1075
-1175
-1262
-1289
-1294
-1312
-962
-823
-1012
-1038
-1054
-1154
-1073
-1059
-812
-796
-731
-770
-809
-743
-868
-964
-553
-354
-543
-444
-509
-851
-902
-477
-343
-87
99
124
72
-155
212
748
907
1177
1524
1193
1040
1348
1278
1224
1854
2107
1967
1976
1874
1583
1614
1819
1859
1830
1779
1325
1008
614
124
203
93
-56
-94
-414
-822
-1111
-1291
-1182
-1350
-1344
-1299
-1455
-1591
-1664
-1599
-1493
-1317
-1085
-1054
-1055
-1111
-1167
-1187
-1124
-810
-755
-671
-586
-878
-866
-734
-881
-721
-434
-334
-523
-380
-464
-860
-456
-403
-627
-178
116
-221
-198
521
638
581
1263
1310
1190
1392
1434
1556
1702
2075
2067
2158
2283
1965
1962
2122
2171
2245
2125
1856
1521
1340
955
628
752
474
135
89
-396
-907
-1151
-1211
-1349
-1427
-1314
-1542
-1754
-1725
-1689
-1611
-1454
-1221
-1110
-1238
-1274
-1319
-1320
-1195
-1090
-966
-943
-944
-1016
-1006
-991
-951
-774
-821
-844
-613
-754
-959
-739
-547
-696
-540
-175
-325
-433
59
420
526
1027
1106
853
1055
1294
1428
1663
2003
2230
2353
2431
2182
2114
2312
2224
2479
2527
2138
1777
1530
1344
1004
976
822
368
232
-121
-714
-1083
-1278
-1265
-1350
-1478
-1626
-1934
-2104
-2068
-1945
-1743
-1603
-1483
-1448
-1422
-1438
-1593
-1399
-1200
-1041
-876
-978
-1098
-1061
-951
-826
-830
-725
-643
-660
-535
-580
-725
-716
-608
-561
-452
-385
-68
-297
31
896
832
815
1003
1065
929
1416
1920
1914
2239
2646
2489
2433
2450
2394
2532
2746
2870
2531
2105
1679
1480
1414
1222
957
756
289
-204
-434
-936
-1275
-1291
-1281
-1462
-1664
-1901
-2216
-2228
-1997
-1751
-1905
-1860
-1716
-1698
-1572
-1459
-1401
-1324
-1090
-1024
-1211
-1267
-1244
-1194
-905
-738
-795
-911
-897
-731
-769
-735
-766
-710
-633
-542
-513
-472
-512
67
901
990
1181
1043
1066
1186
1650
2098
2097
2464
2606
2432
2615
2528
2384
2815
3098
3099
2716
2321
1827
1634
1682
1264
1016
588
132
-24
-357
-885
-1205
-1231
-1291
-1448
-1521
-1964
-2318
-2091
-1949
-1951
-1877
-1854
-1917
-1688
-1532
-1621
-1571
-1481
-1346
-1149
-1229
-1404
-1376
-1342
-1151
-984
-1120
-1186
-971
-919
-1075
-1026
-1050
-1078
-960
-833
-679
-668
-576
91
575
890
876
750
919
1287
1835
1881
2089
2434
2533
2739
2800
2663
2902
3160
3292
3174
2787
2399
2002
2003
1842
1512
1112
659
386
76
-348
-760
-1047
-1184
-1219
-1496
-1809
-2126
-2169
-1997
-1823
-1732
-1880
-1866
-1732
-1536
-1463
-1474
-1542
-1550
-1234
-1218
-1341
-1344
-1263
-1120
-1033
-1127
-1162
-1153
-1041
-838
-861
-1049
-1195
-1217
-1086
-1017
-954
-1035
-430
261
430
516
459
634
951
1511
1966
2012
2310
2480
2553
2762
2607
2878
3212
3349
3498
3099
2582
2200
2127
2117
1808
1442
934
460
263
-100
-432
-761
-989
-1096
-1362
-1605
-1976
-2104
-1956
-1812
-1815
-2018
-2058
-1855
-1503
-1286
-1297
-1319
-1449
-1360
-1167
-1155
-1189
-1170
-1094
-1073
-1125
-1155
-1131
-924
-731
-914
-1075
-1387
-1455
-1319
-1186
-1043
-958
-378
-71
158
122
161
436
760
1425
1652
1710
1969
2131
2309
2587
2697
2802
2943
3239
3085
2839
2518
2100
2084
1979
1722
1289
851
537
266
18
-428
-836
-1032
-1169
-1278
-1509
-1815
-1922
-1881
-1726
-1660
-1796
-1808
-1626
-1302
-1257
-1295
-1367
-1396
-1237
-989
-934
-991
-971
-962
-948
-950
-972
-948
-745
-659
-789
-1020
-1292
-1268
-1058
-845
-903
-631
-63
20
154
20
108
211
835
1497
1573
1919
2072
1937
2192
2583
2673
2777
2965
3165
2808
2571
2284
2050
2073
2047
1790
1222
699
351
164
-62
-414
-770
-984
-1251
-1388
-1496
-1715
-1711
-1642
-1625
-1727
-1860
-1848
-1629
-1286
-1177
-1203
-1395
-1432
-1317
-1181
-990
-945
-895
-853
-826
-924
-957
-737
-516
-508
-654
-942
-1198
-1103
-919
-709
-765
-150
100
182
152
81
316
321
1149
1366
1356
1683
1777
1880
2138
2337
2449
2497
2714
2725
2547
2431
2076
1959
1776
1637
1257
696
437
149
-128
-430
-775
-1047
-1210
-1272
-1434
-1737
-1832
-1767
-1704
-1666
-1782
-1844
-1738
-1504
-1355
-1286
-1247
-1327
-1137
-990
-931
-839
-866
-828
-631
-508
-652
-653
-462
-438
-556
-640
-830
-958
-858
-703
-807
-593
48
257
323
229
369
371
672
1258
1383
1616
1824
1779
1896
2135
2349
2536
2725
2906
2623
2408
2108
1914
1939
1761
1501
1054
702
249
-55
-223
-581
-872
-1050
-1292
-1462
-1636
-1835
-1831
-1756
-1681
-1679
-1789
-1829
-1679
-1451
-1327
-1146
-1061
-1051
-894
-869
-849
-747
-703
-615
-490
-522
-663
-609
-382
-358
-427
-484
-673
-721
-545
-542
-690
-229
342
487
421
391
226
335
960
1270
1337
1660
1769
1693
2089
2102
2183
2348
2561
2596
2391
2288
1895
1838
1772
1504
1181
731
340
151
-101
-540
-995
-1264
-1532
-1581
-1602
-1792
-1941
-1972
-1906
-1878
-1951
-1948
-1823
-1607
-1444
-1412
-1392
-1386
-1141
-931
-867
-807
-759
-766
-593
-383
-414
-454
-287
-1
-39
-128
-315
-492
-540
-425
-378
-545
196
597
638
507
294
328
681
1343
1584
1542
1696
1610
1676
2041
2099
2400
2561
2761
2658
2391
2124
1720
1821
1722
1401
1032
515
158
-94
-267
-664
-1121
-1309
-1454
-1571
-1699
-2015
-2191
-2236
-2196
-2114
-2187
-2096
-1933
-1658
-1661
-1673
-1649
-1576
-1269
-1016
-967
-960
-902
-770
-499
-344
-343
-351
-228
-100
-88
-23
-220
-244
-194
-76
-257
135
708
819
893
711
615
587
1186
1672
1720
1827
1935
1798
2135
2413
2629
2617
2820
2908
2563
2498
2146
1940
1817
1569
1293
846
499
184
-75
-275
-780
-1115
-1425
-1603
-1770
-1954
-2192
-2353
-2295
-2300
-2357
-2348
-2323
-2205
-2048
-1980
-1884
-1924
-1749
-1505
-1338
-1247
-1205
-1033
-816
-524
-439
-522
-562
-369
-257
-173
-229
-354
-394
-302
-224
-330
350
901
935
906
794
666
898
1486
1726
1656
1935
1849
1808
2308
2456
2491
2679
2857
2824
2597
2505
2182
2034
1958
1594
1186
738
397
177
-32
-347
-788
-1123
-1384
-1520
-1645
-1927
-2093
-2175
-2237
-2239
-2365
-2378
-2267
-2095
-2022
-1978
-1967
-2007
-1759
-1465
-1462
-1399
-1278
-1142
-939
-709
-745
-858
-604
-302
-292
-260
-367
-481
-456
-271
-318
-171
575
797
855
832
779
802
1215
1729
1750
1851
2055
1911
2154
2475
2421
2596
2749
2886
2797
2730
2580
2264
2332
2140
1810
1411
982
660
367
152
-160
-607
-868
-1092
-1252
-1491
-1742
-1926
-2042
-1995
-2119
-2257
-2241
-2121
-1952
-1886
-1900
-1935
-1884
-1709
-1609
-1644
-1682
-1584
-1430
-1169
-1074
-1152
-1073
-797
-648
-602
-659
-823
-832
-649
-487
-577
52
550
656
561
487
470
650
1370
1630
1602
1804
1825
1862
2248
2379
2576
2706
2958
2925
2776
2730
2421
2341
2296
2076
1696
1205
815
604
401
129
-328
-638
-869
-1012
-1173
-1376
-1529
-1704
-1803
-1852
-2037
-2115
-2038
-1891
-1799
-1822
-1885
-1927
-1800
-1622
-1584
-1650
-1639
-1593
-1351
-1169
-1174
-1257
-1138
-918
-830
-685
-811
-842
-842
-751
-874
-667
182
429
499
427
354
471
899
1440
1588
1726
1934
1816
2090
2321
2381
2508
2641
2919
2748
2586
2421
2194
2144
1982
1773
1342
990
782
572
344
2
-463
-782
-941
-1047
-1226
-1416
-1579
-1718
-1664
-1684
-1833
-1800
-1749
-1708
-1617
-1553
-1622
-1496
-1370
-1324
-1326
-1378
-1407
-1282
-976
-913
-1013
-1050
-812
-677
-553
-566
-677
-778
-727
-599
-608
122
563
518
449
420
524
750
1453
1617
1621
1876
1718
1762
2141
2275
2484
2627
2811
2715
2526
2540
2209
2197
1931
1609
1316
928
705
486
231
-122
-461
-743
-960
-1064
-1279
-1560
-1688
-1764
-1830
-1829
-1919
-1974
-1828
-1717
-1742
-1707
-1685
-1608
-1431
-1376
-1440
-1514
-1472
-1390
-1166
-977
-1092
-1103
-937
-809
-770
-748
-885
-951
-874
-736
-878
-489
200
366
354
175
315
550
1159
1545
1455
1546
1582
1620
1945
2205
2408
2535
2666
2869
2641
2524
2312
2206
2108
1894
1640
1208
935
708
458
158
-222
-531
-636
-691
-871
-1159
-1497
-1685
-1639
-1577
-1584
-1722
-1671
-1583
-1496
-1556
-1589
-1696
-1534
-1314
-1286
-1284
-1313
-1263
-1083
-865
-925
-1023
-975
-752
-700
-665
-797
-868
-853
-735
-827
-476
225
383
368
205
356
425
945
1386
1436
1624
1656
1571
1864
2187
2349
2517
2622
2733
2575
2597
2350
2236
2114
1814
1593
1250
846
612
417
82
-262
-556
-792
-962
-1076
-1303
-1428
-1533
-1649
-1647
-1603
-1647
-1666
-1614
-1600
-1668
-1647
-1641
-1527
-1355
-1325
-1328
-1319
-1317
-1218
-1022
-963
-964
-915
-750
-701
-643
-732
-849
-909
-884
-960
-751
2
288
285
78
146
292
865
1458
1399
1474
1633
1592
1792
2111
2219
2323
2495
2689
2558
2485
2285
2080
2103
1847
1582
1283
1018
770
566
269
-169
-468
-649
-819
-869
-1082
-1372
-1493
-1461
-1488
-1546
-1647
-1623
-1473
-1313
-1313
-1289
-1346
-1282
-1054
-1076
-1237
-1325
-1329
-1212
-849
-785
-912
-948
-827
-800
-776
-847
-951
-983
-840
-1053
-888
-181
132
101
15
169
257
694
1144
1143
1298
1517
1475
1687
1962
2221
2278
2407
2567
2440
2370
2209
2037
1889
1661
1483
1295
924
701
432
151
-177
-410
-588
-730
-844
-1065
-1234
-1303
-1267
-1300
-1303
-1493
-1444
-1298
-1104
-1045
-1072
-1139
-1122
-904
-838
-919
-993
-1100
-1107
-806
-698
-693
-735
-593
-691
-741
-786
-833
-800
-728
-943
-764
-89
220
245
100
190
299
696
1033
1118
1312
1319
1388
1664
1775
2051
2197
2301
2413
2290
2084
1781
1697
1495
1262
1159
848
609
416
176
-42
-323
-580
-841
-948
-1100
-1395
-1474
-1462
-1390
-1319
-1335
-1431
-1417
-1205
-1096
-1105
-1123
-1241
-1125
-885
-703
-747
-851
-894
-900
-697
-580
-617
-625
-469
-495
-571
-709
-698
-697
-658
-718
-258
271
409
266
154
271
581
1086
1227
1410
1571
1573
1570
1727
1809
1973
2195
2299
2270
2138
1947
1743
1703
1417
1151
847
600
399
217
-106
-539
-820
-967
-1091
-1118
-1275
-1489
-1584
-1531
-1388
-1402
-1473
-1519
-1374
-1086
-981
-1001
-1068
-1092
-897
-742
-671
-704
-811
-882
-767
-608
-559
-504
-382
-349
-420
-550
-646
-691
-626
-747
-580
123
319
436
195
345
454
825
1376
1471
1708
1747
1612
1694
1829
1928
2127
2180
2367
2182
2052
1964
1824
1654
1293
988
646
347
216
-17
-346
-728
-1011
-1091
-1144
-1194
-1434
-1625
-1620
-1547
-1476
-1409
-1463
-1438
-1264
-1067
-954
-918
-1034
-1031
-862
-747
-673
-654
-734
-777
-718
-634
-650
-515
-371
-425
-519
-729
-798
-750
-623
-618
-182
338
423
265
213
323
694
1190
1424
1511
1722
1706
1689
1876
1911
2086
2310
2363
2271
2060
1853
1709
1685
1366
900
600
225
52
-28
-309
-691
-1011
-1190
-1339
-1299
-1391
-1665
-1705
-1659
-1555
-1475
-1502
-1578
-1504
-1221
-1008
-967
-995
-1000
-939
-772
-702
-591
-591
-642
-711
-676
-706
-607
-356
-235
-252
-491
-633
-711
-545
-587
-207
364
538
486
368
489
650
1150
1597
1754
1916
1940
1756
1863
2007
2150
2370
2526
2469
2095
1908
1657
1570
1474
1146
766
394
47
-113
-286
-603
-1022
-1221
-1348
-1502
-1556
-1699
-1863
-1777
-1738
-1574
-1585
-1600
-1566
-1425
-1175
-1076
-984
-1063
-1066
-999
-875
-756
-577
-597
-559
-535
-610
-661
-431
-210
-185
-277
-564
-814
-739
-552
-277
521
833
724
487
436
578
945
1546
1745
1938
2134
1893
1807
1885
2061
2403
2558
2631
2285
1876
1665
1482
1396
1062
732
394
-67
-283
-472
-865
-1100
-1348
-1418
-1519
-1558
-1616
-1737
-1708
-1741
-1718
-1664
-1692
-1585
-1362
-1177
-1091
-1069
-985
-973
-899
-909
-840
-661
-535
-544
-584
-581
-675
-502
-218
-93
-213
-446
-673
-688
-610
-452
361
923
984
715
545
613
916
1504
1822
2034
2181
2100
1988
2066
2044
2253
2428
2628
2477
1991
1684
1447
1305
920
559
242
-68
-328
-431
-740
-1193
-1670
-1862
-1831
-1761
-1672
-1770
-1702
-1711
-1744
-1750
-1800
-1678
-1396
-1067
-914
-953
-970
-955
-805
-674
-687
-614
-628
-597
-590
-662
-740
-615
-323
-177
-165
-287
-568
-622
-599
-541
270
909
1108
782
606
651
872
1500
1943
2215
2442
2343
2104
1983
1968
2270
2557
2764
2523
1984
1511
1177
1131
991
688
386
-29
-457
-730
-1023
-1241
-1450
-1522
-1556
-1684
-1791
-1944
-1934
-1761
-1586
-1466
-1439
-1457
-1396
-1215
-1020
-901
-755
-727
-735
-791
-875
-842
-721
-601
-506
-461
-540
-578
-422
-215
-182
-320
-539
-735
-731
-651
-18
809
1265
1248
874
626
681
1248
1916
2193
2329
2311
2085
1938
1729
1941
2356
2761
2722
2060
1485
1129
944
821
656
484
79
-481
-886
-1244
-1327
-1361
-1418
-1443
-1497
-1611
-1904
-2076
-1906
-1560
-1340
-1384
-1569
-1646
-1459
-1205
-1051
-971
-911
-913
-971
-1064
-1051
-917
-744
-572
-486
-581
-695
-613
-374
-126
-114
-328
-555
-639
-636
-273
452
1148
1476
1272
947
748
1001
1484
2003
2374
2582
2446
2094
1695
1614
1977
2339
2587
2436
2102
1556
1041
776
613
605
556
280
-100
-515
-954
-1285
-1429
-1298
-1174
-1097
-1281
-1601
-1801
-1735
-1495
-1207
-993
-980
-1070
-1152
-1182
-1147
-1064
-891
-729
-735
-853
-1065
-1136
-1124
-824
-484
-451
-495
-507
-430
-303
-160
-55
-8
35
79
103
184
503
989
1333
1316
1222
1076
918
986
1206
1498
1749
1871
1789
1526
1269
1093
1044
1245
1465
1526
1359
899
387
29
-39
-21
5
30
-49
-308
-692
-994
-1102
-924
-755
-677
-809
-988
-1152
-1270
-1327
-1312
-1194
-999
-944
-876
-999
-1210
-1347
-1372
-1235
-1014
-716
-677
-748
-771
-723
-710
-547
-327
-3
291
275
188
216
282
393
415
463
451
500
593
628
870
1029
929
879
801
768
773
822
857
855
899
930
898
839
822
822
825
749
706
720
768
754
603
445
317
211
163
158
125
9
-177
-345
-466
-541
-614
-691
-788
-823
-884
-917
-954
-1000
-1025
-949
-839
-739
-697
-767
-817
-825
-790
-727
-600
-379
-61
22
-182
-372
-239
55
167
158
159
257
264
119
90
362
504
478
249
147
277
262
226
274
468
604
482
285
107
220
492
535
484
407
408
448
457
402
389
528
631
652
625
575
481
418
315
149
53
4
-56
-164
-361
-536
-649
-728
-707
-686
-701
-733
-841
-824
-688
-581
-596
-682
-642
-494
-259
-210
-302
-243
-256
-305
-228
-177
24
156
43
-124
-94
35
-3
44
141
107
198
197
-171
-108
-11
-101
-52
-107
-186
-194
-13
124
17
161
207
167
315
201
168
300
441
446
386
371
354
441
640
590
558
622
589
564
495
345
334
335
312
250
118
-112
-193
-125
-69
-49
-99
-149
-368
-454
-379
-296
-143
83
223
84
28
-86
-114
86
273
206
-45
-130
-251
-227
-138
-190
-156
-23
-89
-300
-444
-379
-525
-372
-180
-336
-375
-457
-457
-468
-404
-400
-508
-329
-248
-503
-418
-244
-51
-10
-6
60
109
222
244
247
396
465
367
208
121
140
181
390
523
584
527
416
344
367
411
528
645
605
428
232
158
189
356
444
545
471
304
140
87
85
211
274
250
237
135
72
-139
-186
-96
-34
-110
-316
-538
-536
-557
-736
-829
-773
-746
-793
-792
-843
-821
-720
-725
-767
-800
-826
-697
-540
-460
-596
-607
-440
-313
-284
-340
-233
-15
74
56
-49
-81
31
224
336
398
562
536
444
370
318
460
676
902
970
952
930
835
889
993
1070
1128
1080
997
950
917
812
652
516
463
516
549
475
287
154
122
147
56
-98
-112
-146
-223
-335
-558
-784
-836
-826
-772
-849
-910
-974
-998
-919
-1070
-1124
-1120
-1060
-980
-899
-739
-847
-905
-815
-882
-632
-571
-491
-331
-347
-351
-393
-280
-198
-106
140
216
361
507
419
408
458
574
723
804
794
822
933
963
956
934
1010
1167
1225
1157
1074
944
862
869
878
858
819
710
525
448
429
341
234
209
169
89
-38
-318
-484
-476
-534
-682
-646
-624
-716
-849
-1097
-1125
-830
-824
-1057
-1213
-1139
-1038
-1088
-1020
-942
-836
-633
-712
-1027
-1056
-872
-674
-501
-102
-38
-362
-432
-538
-297
90
4
34
400
671
520
182
-54
38
512
916
975
1103
1164
989
840
665
673
861
1181
1492
1511
1256
1095
949
902
987
1003
1031
960
885
698
473
302
33
-133
-109
-82
-60
-130
-286
-479
-695
-795
-978
-902
-846
-780
-830
-854
-619
-636
-965
-1251
-999
-850
-837
-840
-810
-716
-670
-789
-1016
-937
-586
-559
-616
-344
-160
-263
-284
-280
-201
-24
-301
-525
-253
114
309
373
525
605
655
709
353
597
919
1107
1256
1163
1112
1063
1079
1055
1016
1088
1210
1306
1422
1280
1164
1026
687
388
314
380
400
338
148
-104
-278
-358
-451
-580
-677
-772
-741
-703
-831
-880
-814
-750
-775
-804
-696
-610
-710
-918
-1043
-1004
-990
-1070
-979
-652
-603
-778
-857
-989
-860
-908
-966
-842
-406
23
-5
-353
-604
-596
-374
-398
-516
10
488
724
783
626
669
763
754
873
1193
1478
1474
1455
1407
1268
1274
1231
1208
1246
1258
1220
1281
1291
1106
869
667
447
206
12
-6
-13
-10
-145
-294
-353
-491
-592
-706
-822
-810
-698
-709
-708
-709
-794
-972
-1060
-988
-776
-656
-768
-920
-1045
-972
-1006
-1122
-1196
-1061
-900
-919
-890
-762
-643
-494
-297
-232
-209
-387
-424
-358
-198
-125
-27
528
1009
1393
1429
1130
1019
1016
1045
1161
1453
1881
2166
2106
1873
1573
1306
1238
1276
1410
1451
1376
1244
977
574
141
-216
-375
-370
-347
-276
-293
-421
-738
-982
-1168
-1165
-1022
-840
-781
-786
-879
-1104
-1202
-1228
-1125
-1051
-1051
-986
-971
-1091
-1294
-1485
-1529
-1342
-1157
-1029
-943
-932
-936
-1005
-1107
-974
-646
-419
-335
-217
-233
-343
-338
28
700
1342
1751
1838
1790
1647
1436
1357
1424
1666
2091
2391
2523
2390
2084
1830
1634
1505
1333
1191
1148
1132
971
598
121
-297
-663
-805
-862
-846
-851
-892
-922
-952
-1066
-1155
-1167
-1134
-1036
-892
-772
-718
-753
-807
-821
-899
-966
-1101
-1242
-1279
-1244
-1239
-1300
-1316
-1353
-1366
-1400
-1319
-1180
-1068
-892
-794
-733
-643
-694
-792
-624
-91
786
1557
2089
2140
1951
1725
1525
1516
1685
2012
2450
2829
2885
2663
2244
1896
1579
1319
1047
1022
1080
1142
922
484
-75
-497
-740
-935
-914
-873
-840
-875
-807
-824
-860
-925
-939
-902
-746
-581
-484
-447
-513
-618
-737
-788
-862
-945
-1133
-1305
-1382
-1432
-1552
-1596
-1644
-1631
-1575
-1499
-1464
-1442
-1302
-1206
-1181
-1244
-1236
-988
-302
691
1593
2008
1956
1753
1516
1403
1365
1592
2091
2658
3059
3091
2770
2289
1876
1587
1248
931
795
802
851
743
398
-94
-499
-804
-1029
-1130
-1184
-1119
-949
-795
-750
-724
-712
-718
-763
-753
-602
-365
-215
-91
-78
-153
-288
-520
-849
-1178
-1406
-1536
-1597
-1630
-1608
-1612
-1535
-1448
-1400
-1455
-1459
-1477
-1440
-1413
-1375
-1113
-497
472
1317
1937
2075
2096
1930
1820
1636
1657
1985
2552
3011
3088
2929
2584
2274
1741
1209
678
497
474
497
363
108
-253
-576
-845
-1108
-1337
-1443
-1406
-1262
-1093
-969
-646
-370
-204
-196
-201
-306
-259
-263
-228
-165
-74
-68
-206
-419
-781
-1119
-1468
-1707
-1970
-2081
-2076
-1850
-1545
-1239
-1075
-1038
-1178
-1398
-1655
-1583
-1071
-41
1042
1914
2450
2630
2682
2431
2072
1714
1813
2204
2723
2939
2942
2781
2555
2096
1420
689
183
-6
-89
-154
-366
-544
-734
-916
-1148
-1383
-1598
-1616
-1634
-1545
-1355
-1067
-724
-423
-171
8
136
90
-49
-192
-208
-200
-174
-332
-474
-676
-856
-1118
-1491
-1889
-2126
-2254
-2281
-2227
-1992
-1561
-1129
-867
-893
-1060
-1176
-963
-420
528
1332
2182
2592
3008
3099
3029
2767
2490
2549
2635
2782
2689
2609
2458
2294
1841
1304
743
398
27
-330
-633
-944
-1094
-1202
-1196
-1268
-1326
-1301
-1385
-1453
-1425
-1340
-1131
-1006
-695
-345
23
191
181
55
-80
-215
-398
-654
-842
-988
-1121
-1248
-1588
-1823
-2047
-2202
-2359
-2423
-2289
-1903
-1496
-1232
-1065
-933
-959
-730
-278
571
1382
2109
2629
3029
3367
3353
3241
2915
2935
2859
2915
2830
2738
2615
2460
2118
1621
1098
638
200
-209
-574
-953
-1169
-1334
-1312
-1313
-1225
-1198
-1141
-1191
-1106
-1074
-932
-884
-710
-405
-197
0
-22
-17
-71
-171
-389
-706
-1043
-1290
-1512
-1716
-2004
-2156
-2299
-2372
-2486
-2576
-2498
-2242
-1995
-1757
-1484
-1228
-1016
-843
-453
168
1018
1738
2411
2945
3399
3565
3399
3126
2922
2981
2891
2766
2644
2605
2528
2183
1747
1317
916
552
148
-246
-543
-806
-976
-1106
-1086
-940
-831
-793
-894
-863
-755
-710
-636
-592
-375
-136
1
45
13
24
-39
-211
-578
-1016
-1428
-1740
-2047
-2321
-2494
-2548
-2571
-2707
-2757
-2726
-2520
-2289
-2096
-1756
-1480
-1313
-1259
-1030
-462
380
1214
1922
2606
3209
3675
3687
3489
3135
3027
2911
2705
2543
2450
2396
2246
2042
1723
1417
1049
643
214
-38
-319
-615
-858
-919
-757
-581
-485
-524
-484
-312
-264
-279
-352
-293
-166
-65
-3
29
113
150
56
-257
-579
-1052
-1470
-1924
-2287
-2566
-2726
-2887
-3046
-3029
-2899
-2692
-2560
-2292
-2026
-1704
-1580
-1548
-1448
-1079
-338
435
1189
1984
2662
3342
3701
3587
3430
3092
3063
2728
2490
2384
2243
2232
2026
1840
1709
1369
1044
612
217
-57
-469
-762
-991
-949
-785
-656
-554
-324
-87
60
-86
-187
-164
-138
-85
-62
-46
58
112
114
42
-131
-403
-866
-1355
-1893
-2449
-2904
-3170
-3262
-3199
-3075
-2838
-2659
-2334
-2057
-1852
-1726
-1650
-1605
-1361
-927
-246
464
1100
1906
2582
3225
3393
3307
3217
3071
2856
2505
2193
1997
1842
1802
1644
1519
1432
1219
1009
702
369
-89
-565
-845
-891
-826
-683
-570
-340
44
333
474
445
441
435
411
328
223
134
184
240
225
155
34
-181
-525
-986
-1513
-2073
-2587
-2976
-3186
-3158
-3080
-2883
-2469
-2058
-1680
-1460
-1309
-1357
-1386
-1178
-800
-211
302
976
1777
2535
3050
3133
3111
3114
2890
2614
2107
1828
1621
1325
1144
891
852
785
692
638
501
290
-134
-552
-777
-876
-898
-837
-698
-359
21
210
351
422
515
607
561
466
366
248
158
50
4
-72
-226
-377
-563
-856
-1278
-1795
-2281
-2663
-2967
-3127
-3100
-2836
-2420
-2035
-1620
-1251
-972
-807
-801
-624
-356
115
492
993
1655
2261
2772
2957
3070
3094
2972
2694
2258
1835
1505
1113
837
573
467
428
401
442
427
355
32
-299
-606
-761
-936
-1034
-988
-763
-438
-202
0
189
378
537
577
576
539
364
155
-37
-202
-369
-562
-773
-914
-1127
-1426
-1749
-2035
-2299
-2532
-2748
-2809
-2622
-2268
-1819
-1424
-1019
-694
-518
-456
-259
81
508
863
1302
1870
2386
2756
2839
2905
2986
2942
2785
2422
2084
1711
1246
880
583
439
301
210
191
184
86
-174
-418
-559
-692
-869
-941
-887
-708
-571
-482
-331
-113
94
235
333
401
384
223
47
-67
-204
-414
-640
-795
-969
-1177
-1479
-1774
-1985
-2162
-2313
-2470
-2506
-2386
-2174
-1841
-1489
-1061
-694
-443
-334
-81
185
546
907
1313
1870
2306
2738
2897
3020
3051
3002
2753
2440
2111
1763
1344
947
657
427
281
169
176
160
93
-79
-261
-418
-589
-806
-937
-973
-956
-895
-806
-656
-473
-273
-114
29
104
118
110
44
-61
-252
-432
-666
-872
-1070
-1283
-1504
-1695
-1845
-1983
-2116
-2246
-2244
-2151
-1953
-1668
-1307
-982
-718
-526
-369
-305
-132
172
573
1017
1427
1952
2385
2719
2846
2935
2952
2876
2655
2343
1972
1614
1248
889
670
493
425
371
398
387
353
154
-51
-286
-546
-769
-959
-1028
-1051
-998
-907
-716
-516
-322
-105
41
176
203
109
-31
-204
-382
-589
-807
-974
-1115
-1303
-1502
-1637
-1772
-1881
-1980
-1973
-1962
-1854
-1671
-1465
-1164
-893
-689
-506
-328
-244
-32
265
742
1145
1584
2046
2461
2795
2872
2866
2881
2862
2672
2433
2128
1815
1437
1105
858
652
501
381
322
310
159
-42
-243
-426
-620
-817
-995
-1155
-1205
-1252
-1233
-1159
-973
-783
-614
-519
-372
-273
-263
-316
-401
-555
-734
-907
-1084
-1178
-1367
-1513
-1641
-1718
-1834
-1931
-1971
-1905
-1750
-1517
-1237
-933
-659
-429
-298
-204
-136
40
372
732
1136
1496
2020
2417
2757
2872
2999
3021
2946
2785
2485
2161
1764
1429
1157
958
691
525
390
373
308
196
41
-76
-239
-456
-748
-925
-1070
-1220
-1293
-1322
-1260
-1204
-1063
-889
-651
-464
-279
-185
-142
-235
-398
-584
-748
-871
-1037
-1203
-1379
-1490
-1648
-1765
-1829
-1824
-1724
-1565
-1371
-1117
-839
-624
-466
-371
-290
-237
-175
84
386
771
1125
1585
2065
2448
2714
2846
2946
2986
2944
2705
2410
2039
1708
1355
1127
875
693
617
571
494
378
279
101
-62
-288
-507
-720
-911
-1126
-1298
-1358
-1322
-1251
-1147
-982
-805
-612
-504
-405
-346
-378
-445
-525
-576
-708
-902
-1162
-1356
-1551
-1743
-1881
-1930
-1849
-1779
-1663
-1532
-1301
-1080
-826
-640
-432
-255
-131
-120
-54
169
396
724
1005
1529
1946
2352
2584
2782
2895
2900
2799
2616
2379
2059
1758
1369
1070
755
580
449
454
395
316
176
37
-93
-316
-545
-761
-898
-1087
-1208
-1270
-1254
-1236
-1185
-1093
-892
-738
-615
-505
-450
-412
-389
-360
-426
-525
-774
-1066
-1403
-1644
-1817
-1904
-1898
-1763
-1598
-1430
-1279
-1121
-886
-625
-421
-262
-72
-2
53
23
195
400
709
1018
1422
1853
2213
2517
2681
2822
2824
2752
2556
2358
2086
1770
1391
1143
927
735
552
469
424
359
255
125
6
-138
-308
-523
-696
-856
-969
-1126
-1227
-1270
-1282
-1253
-1157
-1025
-797
-635
-488
-347
-234
-198
-293
-473
-731
-972
-1253
-1473
-1666
-1787
-1823
-1757
-1612
-1448
-1290
-1072
-792
-525
-313
-141
49
156
257
233
202
313
479
664
888
1218
1581
1936
2207
2397
2533
2567
2445
2265
2065
1831
1532
1210
893
595
330
89
-58
-122
-128
-141
-121
-115
-168
-271
-420
-592
-799
-1015
-1204
-1368
-1439
-1470
-1423
-1271
-1035
-826
-618
-431
-303
-237
-199
-251
-397
-573
-759
-950
-1152
-1328
-1385
-1373
-1327
-1236
-1122
-977
-782
-550
-267
-23
192
349
429
429
294
230
267
404
580
805
1101
1420
1679
1879
2096
2229
2313
2292
2216
2043
1755
1453
1119
816
522
284
127
51
27
3
32
45
1
-133
-255
-381
-530
-785
-1005
-1174
-1295
-1366
-1367
-1231
-1116
-953
-804
-606
-437
-312
-222
-183
-192
-308
-466
-654
-806
-962
-1072
-1144
-1175
-1123
-1018
-901
-783
-551
-276
-47
148
248
281
237
167
88
-15
-47
-28
55
196
487
814
1187
1567
1870
2099
2226
2248
2188
2025
1788
1518
1181
855
498
261
94
36
-36
-34
-20
0
-11
-66
-122
-265
-437
-669
-845
-1022
-1202
-1327
-1387
-1375
-1352
-1189
-984
-731
-481
-283
-98
-3
8
-57
-107
-185
-288
-429
-583
-756
-884
-923
-913
-879
-801
-706
-582
-437
-312
-181
-44
50
18
-40
-174
-270
-260
-192
-29
165
462
784
1103
1420
1669
1891
2063
2092
2021
1855
1641
1377
1105
819
569
386
236
126
30
6
-9
-20
-42
-106
-192
-302
-463
-650
-810
-940
-1032
-1092
-1099
-1050
-932
-810
-634
-409
-213
4
155
280
306
241
160
17
-118
-273
-423
-570
-665
-787
-850
-829
-802
-730
-626
-501
-388
-307
-253
-257
-318
-421
-529
-587
-497
-370
-176
64
425
789
1149
1439
1687
1853
1958
1933
1812
1705
1518
1339
1116
882
629
398
256
120
17
-36
-65
-86
-159
-206
-271
-381
-507
-639
-719
-789
-867
-929
-946
-942
-881
-763
-594
-400
-209
-8
174
311
320
303
275
220
41
-164
-386
-597
-833
-1011
-1132
-1185
-1213
-1172
-1048
-920
-770
-678
-559
-501
-474
-468
-462
-451
-379
-254
-120
89
297
558
859
1152
1367
1546
1717
1845
1859
1829
1722
1591
1398
1210
987
758
551
399
268
119
44
-13
-21
-84
-116
-160
-205
-265
-330
-382
-454
-514
-607
-654
-667
-629
-561
-415
-229
-71
84
206
251
230
115
-26
-155
-359
-554
-699
-853
-1023
-1167
-1282
-1348
-1394
-1359
-1260
-1106
-977
-849
-732
-612
-476
-399
-325
-273
-196
-45
56
214
370
655
923
1174
1438
1630
1784
1837
1863
1813
1770
1667
1524
1369
1216
979
735
529
390
275
201
183
155
154
114
91
82
32
-87
-214
-347
-476
-589
-650
-635
-586
-505
-430
-374
-320
-300
-240
-167
-165
-201
-252
-385
-558
-742
-910
-1061
-1228
-1365
-1478
-1524
-1554
-1526
-1397
-1261
-1098
-947
-760
-601
-460
-370
-303
-254
-266
-228
-101
35
206
376
615
868
1113
1336
1557
1775
1911
1999
2007
1952
1803
1607
1367
1161
975
813
704
621
593
551
520
428
344
267
180
129
50
-30
-169
-274
-424
-506
-605
-650
-675
-698
-653
-628
-580
-503
-433
-384
-373
-354
-403
-487
-647
-797
-957
-1162
-1329
-1453
-1515
-1514
-1485
-1453
-1389
-1282
-1156
-960
-772
-587
-439
-305
-205
-172
-131
-120
-36
102
306
522
767
1028
1305
1596
1815
2025
2179
2262
2224
2144
1982
1784
1591
1386
1199
1000
838
640
492
387
320
233
163
97
26
-46
-155
-324
-464
-614
-741
-829
-885
-924
-959
-929
-885
-780
-698
-591
-500
-432
-395
-453
-529
-627
-744
-860
-1007
-1129
-1228
-1311
-1370
-1391
-1340
-1254
-1166
-1069
-914
-760
-628
-473
-339
-191
-81
3
122
257
365
542
752
940
1111
1304
1525
1702
1855
1979
2077
2132
2120
2059
1938
1796
1599
1401
1171
957
749
572
398
260
122
-31
-160
-278
-405
-532
-583
-667
-780
-850
-876
-909
-886
-884
-899
-900
-897
-873
-856
-834
-793
-721
-714
-699
-703
-726
-762
-819
-836
-887
-949
-1015
-1094
-1144
-1158
-1145
-1114
-1036
-931
-817
-645
-467
-266
-91
118
283
461
630
778
895
1033
1186
1311
1427
1486
1563
1597
1633
1659
1705
1717
1705
1667
1627
1534
1391
1181
973
759
550
360
195
49
-117
-294
-451
-539
-606
-646
-685
-638
-640
-629
-664
-681
-706
-769
-813
-914
-959
-997
-1004
-1010
-975
-957
-913
-832
-765
-698
-637
-592
-603
-612
-632
-653
-680
-704
-715
-748
-771
-755
-691
-549
-396
-186
102
371
621
814
993
1134
1222
1249
1234
1222
1143
1111
1019
984
961
964
1008
1075
1145
1208
1235
1231
1170
1066
915
703
535
319
123
-91
-229
-361
-463
-518
-540
-527
-525
-528
-550
-534
-527
-580
-617
-665
-727
-821
-928
-1003
-1062
-1092
-1096
-1026
-908
-810
-688
-521
-410
-303
-240
-188
-159
-173
-219
-310
-393
-471
-502
-495
-458
-378
-265
-125
39
234
462
651
810
894
954
952
870
731
617
520
412
345
308
330
370
411
509
621
764
858
907
935
947
886
812
730
583
450
284
110
-64
-210
-339
-418
-443
-441
-423
-423
-400
-384
-383
-390
-430
-476
-523
-610
-714
-769
-791
-801
-739
-662
-522
-415
-276
-114
19
111
168
156
109
53
-21
-99
-168
-207
-247
-278
-296
-276
-316
-274
-233
-95
-45
-36
96
178
259
217
245
282
215
119
-1
-7
-43
-128
-96
-18
120
235
366
556
683
765
778
821
807
754
690
616
508
358
244
160
93
-4
-56
-52
-39
-19
15
52
62
70
67
57
8
-38
-86
-140
-186
-233
-254
-296
-317
-292
-240
-197
-156
-92
20
82
93
104
82
-14
-165
-318
-442
-527
-616
-669
-673
-668
-695
-712
-709
-653
-585
-480
-348
-245
-163
-138
-138
-160
-196
-225
-218
-199
-189
-179
-139
-75
13
162
314
487
644
743
789
818
812
801
768
696
676
635
584
530
466
449
450
456
450
478
482
453
423
383
360
308
248
183
125
41
-50
-104
-144
-165
-208
-229
-259
-280
-322
-358
-367
-363
-380
-428
-475
-535
-603
-700
-799
-852
-897
-966
-1011
-978
-946
-906
-851
-782
-687
-611
-512
-423
-341
-242
-177
-144
-134
-121
-138
-130
-81
28
154
282
410
590
737
850
948
1053
1152
1225
1286
1340
1354
1330
1311
1274
1241
1188
1124
1050
968
881
805
721
621
537
418
339
221
76
-29
-110
-188
-282
-382
-497
-591
-670
-721
-773
-840
-871
-917
-929
-908
-903
-881
-895
-880
-875
-901
-921
-962
-1014
-1060
-1059
-1078
-1110
-1114
-1084
-1025
-965
-866
-754
-618
-493
-370
-232
-93
25
116
166
247
318
358
420
506
599
681
795
920
1029
1114
1210
1284
1373
1444
1491
1512
1510
1435
1338
1236
1113
1003
865
755
644
556
439
325
225
118
9
-80
-162
-230
-294
-379
-479
-572
-642
-732
-782
-834
-893
-942
-944
-957
-959
-977
-956
-940
-881
-833
-794
-780
-778
-779
-796
-787
-744
-750
-771
-753
-695
-624
-560
-453
-324
-199
-83
66
193
343
449
525
604
671
683
714
748
762
773
830
885
954
989
1004
977
987
984
1014
1004
991
971
934
873
777
712
636
557
494
453
363
269
141
60
-32
-99
-195
-253
-312
-362
-444
-531
-614
-665
-732
-788
-852
-907
-960
-986
-968
-938
-898
-870
-800
-747
-669
-606
-504
-453
-442
-463
-469
-449
-418
-356
-272
-226
-182
-143
-145
-128
-53
64
174
222
234
258
262
300
383
440
475
506
490
466
423
402
395
381
414
457
466
446
475
494
467
465
491
509
538
491
435
384
345
297
254
225
193
150
72
17
-10
-43
-103
-178
-269
-332
-384
-397
-356
-341
-344
-370
-394
-408
-395
-382
-353
-318
-294
-298
-319
-280
-228
-199
-219
-246
-236
-230
-208
-200
-202
-227
-238
-199
-121
-41
-2
-14
-65
-89
-104
-81
-22
7
-10
-48
-74
-75
-28
50
117
135
151
139
177
186
162
155
167
164
147
137
126
114
142
200
278
343
381
453
462
458
474
480
436
381
341
346
328
281
235
225
197
153
142
159
152
104
61
41
7
-51
-108
-148
-113
-110
-129
-194
-263
-305
-330
-277
-213
-174
-184
-209
-239
-284
-302
-294
-286
-283
-339
-385
-454
-526
-560
-590
-611
-627
-606
-563
-464
-392
-332
-333
-286
-231
-171
-149
-146
-98
-65
-49
-76
-56
-18
93
174
269
323
404
446
495
563
639
738
784
806
813
819
789
774
780
769
710
627
571
551
526
467
397
368
369
328
222
114
3
-58
-94
-145
-232
-344
-403
-425
-438
-472
-467
-422
-410
-405
-414
-445
-488
-502
-488
-487
-519
-594
-641
-675
-680
-696
-746
-770
-761
-723
-696
-628
-534
-467
-390
-338
-300
-247
-193
-117
-27
56
130
192
225
281
369
427
478
526
587
622
637
651
671
696
691
690
700
720
710
703
672
676
655
630
544
490
468
440
415
362
348
282
216
129
85
23
-32
-90
-130
-145
-162
-161
-190
-232
-296
-348
-413
-431
-454
-454
-476
-490
-520
-548
-563
-588
-550
-513
-486
-504
-488
-485
-474
-473
-456
-406
-340
-325
-285
-228
-153
-74
-9
60
123
166
192
192
217
242
249
269
272
299
317
345
360
377
358
358
365
369
349
336
298
306
282
232
160
85
32
1
-16
-6
7
25
44
14
-9
-43
-90
-141
-181
-214
-234
-280
-313
-335
-300
-269
-219
-181
-118
-100
-105
-114
-107
-85
-77
-70
-74
-67
-94
-103
-69
-4
22
60
104
125
169
200
220
243
232
239
229
236
241
236
222
193
163
149
164
157
130
98
63
45
29
-16
2
5
-21
-59
-117
-180
-270
-336
-391
-401
-435
-415
-409
-356
-330
-302
-310
-289
-230
-206
-210
-223
-226
-238
-196
-159
-94
-59
-12
46
114
170
203
230
240
255
280
317
376
430
480
496
495
484
496
494
483
496
485
461
461
494
501
482
484
469
416
364
320
268
222
235
234
187
129
90
22
-58
-158
-250
-367
-423
-457
-486
-529
-574
-611
-644
-673
-702
-700
-717
-749
-787
-803
-840
-840
-809
-780
-776
-743
-735
-697
-667
-612
-552
-489
-427
-353
-289
-240
-165
-82
15
72
122
194
281
352
421
483
552
592
634
659
732
793
841
879
915
919
927
935
925
933
915
892
823
786
744
711
682
644
599
538
485
412
376
289
248
191
127
52
-24
-127
-233
-339
-430
-505
-582
-667
-736
-777
-834
-868
-905
-886
-896
-892
-921
-945
-966
-977
-973
-963
-942
-899
-856
-811
-759
-719
-643
-554
-456
-385
-303
-188
-89
-1
57
106
157
219
299
370
463
577
648
695
754
821
868
931
980
1037
1050
1063
1051
1049
1022
1000
950
895
840
793
765
702
645
577
554
511
470
383
286
204
125
71
4
-98
-200
-280
-346
-426
-464
-493
-537
-603
-661
-701
-750
-786
-832
-875
-897
-933
-949
-970
-977
-971
-974
-982
-978
-927
-892
-845
-793
-705
-643
-595
-556
-492
-423
-331
-250
-164
-64
20
98
190
246
278
314
332
372
432
524
608
675
709
733
777
804
817
780
726
689
664
646
649
645
626
599
584
577
590
557
512
498
483
476
435
386
325
268
173
134
99
48
21
-27
-67
-133
-170
-237
-274
-323
-338
-379
-386
-388
-422
-459
-449
-439
-449
-444
-458
-479
-514
-495
-476
-439
-417
-380
-359
-308
-268
-232
-238
-237
-209
-168
-119
-94
-49
-26
-2
-7
-12
9
58
64
82
109
109
67
23
48
51
70
79
113
103
73
58
42
53
82
109
134
160
173
149
143
156
159
175
188
210
228
209
162
163
186
172
145
133
113
76
46
37
37
66
96
105
65
38
-5
-52
-78
-90
-66
-76
-95
-88
-69
-83
-82
-52
-26
-3
25
28
22
11
6
-30
-68
-107
-130
-157
-181
-180
-187
-202
-216
-206
-228
-241
-224
-187
-136
-108
-85
-97
-74
-54
-58
-59
-67
-49
-44
-65
-68
-66
-78
-60
-43
-8
28
50
62
53
45
48
54
75
123
165
174
187
195
207
184
167
171
183
193
185
195
187
187
168
185
224
230
240
248
252
242
231
225
212
210
194
177
125
76
22
-17
-28
-8
-2
-15
-26
-38
-56
-86
-82
-78
-95
-112
-156
-171
-206
-216
-222
-243
-268
-248
-241
-225
-215
-204
-193
-191
-176
-137
-122
-139
-140
-139
-136
-144
-168
-166
-168
-177
-212
-208
-197
-179
-135
-115
-95
-88
-55
-57
-56
-40
-10
14
22
55
84
126
150
181
179
180
184
195
194
207
203
181
160
144
139
160
156
122
100
103
103
124
129
136
120
104
124
114
104
100
106
96
68
48
34
6
-22
-70
-83
-82
-75
-75
-73
-76
-66
-54
-67
-77
-66
-57
-48
-39
-49
-64
-96
-121
-131
-125
-113
-107
-90
-90
-111
-117
-113
-74
-49
-21
-13
-16
-37
-50
-20
-18
5
26
37
30
29
27
0
-27
-51
-59
-31
-7
9
16
31
21
36
42
63
76
89
112
102
73
57
63
64
71
72
70
77
78
61
34
44
98
123
134
146
144
120
87
65
39
52
14
-9
-29
-35
-7
-11
22
30
33
36
63
89
100
91
93
95
97
82
64
55
47
29
8
-13
-36
-42
-41
-39
-43
-55
-67
-74
-77
-71
-59
-63
-75
-113
-140
-155
-173
-218
-241
-255
-243
-230
-190
-152
-123
-109
-112
-87
-98
-104
-108
-91
-90
-106
-126
-132
-145
-138
-139
-139
-106
-41
12
39
42
44
53
37
31
19
7
8
29
39
32
37
68
91
118
160
189
190
193
167
158
174
195
217
222
201
184
158
115
86
79
70
74
112
122
131
123
111
103
80
44
8
-36
-70
-78
-96
-100
-83
-74
-65
-55
-71
-87
-78
-96
-109
-97
-69
-79
-101
-110
-134
-151
-157
-136
-129
-118
-120
-114
-128
-120
-122
-124
-92
-47
-11
29
58
66
60
33
50
47
49
36
47
69
72
74
99
128
145
159
153
149
86
52
50
65
74
89
95
101
114
126
132
125
129
121
104
105
100
72
57
39
47
37
37
51
59
37
4
-11
-35
-50
-71
-60
-56
-45
-75
-90
-125
-145
-166
-180
-187
-168
-147
-130
-128
-123
-114
-127
-96
-89
-97
-107
-124
-135
-138
-116
-92
-57
-48
-37
-48
-52
-62
-57
-50
-33
-8
-4
-21
-28
-33
-46
-33
-24
10
38
73
86
104
112
104
98
92
84
69
47
38
41
50
61
47
31
22
23
26
44
52
68
80
86
76
73
51
19
27
4
13
14
20
38
31
15
-5
-1
-22
-46
-64
-72
-56
-35
7
22
25
26
16
34
44
51
56
77
49
0
-50
-69
-74
-48
-26
-17
-10
-10
13
32
63
84
104
91
80
79
78
66
45
-11
-44
-42
-40
-37
-26
2
-3
-6
-28
-21
-51
-53
-41
-28
4
4
2
-15
-1
9
-10
-32
-59
-57
-47
-41
-36
-3
35
53
71
88
95
77
47
31
9
-5
-22
-11
16
12
25
28
42
28
35
44
62
73
64
36
2
-42
-76
-89
-83
-62
-34
-30
-34
-28
-5
18
11
32
16
-1
-39
-54
-63
-58
-49
-59
-58
-67
-77
-100
-108
-118
-111
-107
-101
-99
-95
-103
-95
-67
-29
11
17
2
2
-20
-59
-81
-84
-45
-17
0
30
41
34
28
28
48
76
95
91
101
73
61
41
41
51
53
57
58
51
29
30
33
62
68
78
85
84
92
100
77
59
31
-2
-21
-30
-26
-21
-10
-14
-5
-18
-31
-50
-70
-88
-114
-106
-103
-102
-92
-86
-81
-82
-78
-77
-72
-69
-50
-47
-30
-29
-20
-11
2
-1
31
50
87
127
135
147
148
151
158
157
157
164
148
155
160
150
137
127
112
98
71
42
28
18
28
40
31
34
44
42
47
31
6
-11
-34
-51
-68
-89
-89
-97
-117
-129
-143
-162
-155
-149
-117
-119
-111
-121
-162
-189
-206
-189
-176
-158
-148
-117
-104
-102
-105
-99
-101
-99
-79
-52
-36
-15
3
22
65
82
73
84
100
107
103
100
117
130
127
140
155
148
144
123
112
100
93
97
105
118
107
74
61
64
59
36
39
44
23
20
-2
1
-3
-6
3
-4
-19
-35
-72
-107
-139
-156
-162
-150
-154
-147
-148
-145
-133
-137
-119
-96
-73
-67
-50
-55
-62
-86
-89
-83
-78
-77
-60
-61
-43
-25
5
34
61
67
65
63
54
65
94
139
165
174
172
144
131
167
182
190
199
192
162
165
143
159
166
161
149
120
102
67
48
46
44
31
28
19
22
9
5
-8
-3
0
-3
-3
-10
-7
-29
-61
-93
-101
-121
-124
-113
-119
-122
-129
-149
-150
-144
-173
-176
-191
-185
-166
-133
-117
-84
-67
-72
-91
-107
-105
-100
-79
-69
-45
-35
-32
-25
12
50
60
74
103
102
68
60
53
37
41
49
53
65
69
65
65
61
46
35
33
12
18
36
39
26
38
25
13
3
3
-1
-7
-16
-24
-22
-37
-42
-18
-7
-14
-2
10
-2
-25
-43
-45
-15
-3
1
-7
-7
-26
-22
8
16
18
20
19
3
-9
-21
-30
-24
0
33
53
61
64
56
62
38
33
28
5
-17
-28
-44
-62
-76
-65
-68
-84
-77
-86
-71
-82
-76
-66
-63
-50
-22
-18
-31
-39
-68
-63
-67
-41
-32
-29
-20
-12
-27
-33
-9
20
44
65
86
101
97
81
100
96
99
86
78
80
87
102
115
167
216
249
243
226
202
186
175
178
173
152
138
121
116
105
109
83
83
89
89
86
49
43
28
19
-10
-39
-52
-69
-109
-123
-124
-142
-157
-190
-197
-224
-242
-261
-257
-259
-258
-248
-262
-246
-242
-233
-219
-202
-200
-188
-188
-185
-181
-169
-153
-134
-87
-57
-35
-30
-28
-45
-52
-38
-27
-13
11
39
54
75
93
132
168
193
211
204
205
205
205
205
200
195
209
223
214
201
183
161
133
131
123
117
104
72
41
44
44
22
1
-22
-43
-59
-100
-139
-151
-146
-146
-148
-153
-154
-160
-152
-136
-92
-72
-58
-38
-27
-21
-17
-20
-13
-8
-11
-8
-1
1
-15
-15
-32
-7
-20
-2
-8
9
16
16
44
65
74
85
86
72
52
43
41
49
57
67
81
67
76
80
90
81
71
61
58
38
42
50
68
75
69
79
85
57
17
-14
-46
-56
-67
-57
-39
-32
-26
-34
-35
-35
-50
-58
-52
-44
-62
-74
-77
-76
-65
-40
1
29
27
21
21
21
1
-10
-33
-42
-33
-42
-46
-63
-64
-59
-45
-36
-20
-16
-3
-7
-17
-9
-13
-14
-30
-54
-94
-90
-95
-77
-74
-63
-65
-70
-52
-32
3
9
-2
-34
-23
-46
-66
-74
-69
-67
-79
-54
-7
16
23
22
22
17
21
12
20
11
-1
-8
-4
10
41
62
70
91
98
112
107
119
114
117
123
117
114
109
105
106
104
110
110
87
80
96
106
88
70
64
55
47
44
50
55
52
39
16
18
-3
-20
-37
-49
-60
-70
-64
-63
-49
-56
-61
-60
-61
-67
-85
-93
-102
-108
-130
-113
-98
-92
-92
-111
-99
-100
-87
-92
-82
-64
-56
-55
-61
-54
-53
-24
-11
1
12
29
31
38
42
44
42
46
49
71
83
96
113
119
111
106
93
85
89
88
85
71
77
84
99
107
116
108
101
94
86
59
35
12
-5
-12
-21
-33
-56
-66
-64
-59
-59
-71
-86
-105
-131
-138
-143
-130
-152
-160
-174
-164
-165
-162
-148
-138
-144
-153
-140
-118
-112
-117
-109
-98
-95
-90
-78
-46
-9
1
16
16
19
9
20
10
30
60
80
101
108
128
122
101
116
145
166
170
189
191
176
181
179
154
142
148
135
123
116
101
87
89
98
107
108
111
103
90
71
44
32
21
3
-25
-56
-86
-101
-98
-105
-108
-97
-75
-63
-56
-43
-60
-81
-114
-130
-120
-113
-112
-125
-143
-165
-153
-137
-107
-58
-40
-35
-42
-47
-47
-43
-9
3
16
21
6
-13
-17
-26
-27
-23
-15
17
15
42
46
46
41
63
69
73
63
48
34
40
51
38
22
17
24
33
39
34
44
36
46
33
21
25
18
19
23
29
34
22
30
23
29
9
-9
-17
-31
-22
-20
16
18
15
3
-30
-51
-60
-50
-32
-1
-2
-13
-55
-77
-74
-75
-70
-62
-63
-65
-44
-56
-40
-36
-35
-29
-19
-19
-12
-16
-8
5
-18
-8
-10
4
-2
-2
-10
-8
-15
-33
-24
7
25
31
49
56
52
40
47
43
62
65
84
80
87
76
44
30
41
54
49
49
42
53
56
69
90
98
116
123
130
124
104
80
61
41
23
28
9
0
-17
-17
-22
-10
-21
-31
-29
-49
-39
-46
-43
-58
-65
-61
-57
-41
-46
-40
-49
-60
-81
-103
-102
-122
-99
-107
-87
-68
-68
-70
-89
-87
-76
-70
-62
-43
-45
-56
-60
-36
-21
6
11
17
11
8
8
8
15
19
22
1
-6
-11
-9
16
42
64
63
51
0
-14
-14
4
10
43
72
68
49
63
73
78
64
62
52
37
37
37
55
66
82
77
69
65
50
42
39
20
-2
-13
-21
-45
-55
-63
-59
-67
-93
-105
-121
-130
-125
-108
-107
-108
-107
-114
-106
-112
-105
-91
-74
-47
-33
-44
-44
-42
-55
-70
-73
-73
-49
-13
13
27
26
35
24
24
27
48
54
37
36
53
79
100
121
152
162
160
143
156
164
176
171
166
182
173
173
166
168
168
142
109
101
79
73
60
48
33
2
-9
-4
-6
-15
-18
-32
-39
-54
-68
-88
-81
-89
-91
-101
-104
-121
-155
-190
-173
-149
-131
-115
-114
-103
-85
-94
-75
-57
-50
-54
-59
-62
-56
-42
-45
-35
-28
-22
-14
9
30
38
27
24
23
42
45
62
47
47
45
27
35
46
73
78
81
79
71
30
1
-15
-21
-30
-28
-20
-4
