SAMPLES:	11115
BITSPERSAMPLE:	16
CHANNELS:	1
SAMPLERATE:	16000
NORMALIZED:	FALSE
-2
-1
-1
0
0
1
1
-1
-3
-2
0
-2
-2
0
2
-1
-2
-1
-2
0
-1
0
-1
1
1
2
0
0
0
-2
-2
-2
0
1
1
0
0
1
0
-1
0
1
1
1
1
1
1
1
1
2
3
2
1
2
-1
-1
-2
1
4
3
1
2
2
1
0
0
1
1
1
3
3
0
1
-1
2
2
3
4
2
1
1
1
-1
-1
-2
0
0
0
-2
-1
-1
0
1
-1
1
0
-1
-3
-3
-6
-6
-6
-4
-2
-2
-2
-1
-3
-3
0
1
2
1
1
-1
-1
-2
-2
-1
1
3
3
4
3
2
0
0
0
-2
-2
-1
-1
-2
-1
0
-1
0
0
-1
-2
-2
-2
-2
-2
-1
-2
0
1
1
1
0
0
1
0
2
2
1
-2
0
1
1
-2
0
0
-2
-2
-2
-1
0
1
2
3
3
3
2
1
0
0
0
1
1
1
2
1
3
3
2
2
2
0
-1
-1
-2
-2
-1
-1
-3
-2
-2
0
-1
-1
-2
-2
-1
1
0
1
1
-1
-1
2
3
3
1
1
1
1
1
2
3
2
1
0
3
3
1
1
2
1
2
0
2
1
0
1
3
4
4
4
3
3
3
1
2
2
2
1
2
4
3
1
0
2
0
0
0
3
1
1
-2
-1
-1
-2
-1
0
2
0
-2
-1
1
0
-3
-1
-1
-1
-4
-3
-2
-3
-3
-3
-3
-2
-2
-3
0
1
-1
-2
-1
-3
-2
-4
-4
-3
-4
-6
-6
-4
-2
-3
-2
0
-1
-2
-1
-2
-2
-1
-2
0
-1
2
2
0
1
1
0
-1
0
0
-1
-4
-4
-3
-2
-1
1
1
0
-2
-2
-1
0
-2
-3
-3
-1
-2
-2
-2
-1
2
0
1
2
-1
-2
-1
-1
1
2
1
3
1
-1
-1
0
1
2
2
4
5
4
4
3
3
3
3
3
4
5
6
5
5
4
4
4
4
4
3
2
2
1
2
2
2
3
4
4
3
2
1
-1
-1
-2
0
0
0
-1
-2
-2
-2
-1
-1
-1
-3
-2
-2
-4
-3
-1
0
1
0
-1
-1
-3
-2
-1
0
-1
1
-1
-1
-1
-2
-3
-2
-2
-2
1
0
1
1
1
0
-2
-2
0
-2
-1
-1
-1
-2
-2
-2
-3
-1
-2
0
-1
0
-2
-1
-2
-2
0
1
-1
-2
-2
-2
-3
-2
-1
2
1
0
-2
-2
-2
-3
-1
-1
0
0
1
1
1
0
-1
-1
0
0
0
-1
1
1
0
0
0
2
2
2
3
4
3
1
1
2
2
-1
-1
1
1
0
0
2
1
3
2
4
3
4
1
3
4
3
2
2
3
3
3
2
2
2
1
2
3
3
1
-1
0
-1
-1
-1
0
0
0
-1
-1
0
1
-1
-1
0
-3
-4
-5
-3
-2
-3
-2
0
-2
-4
-5
-4
-1
0
-2
-1
1
-4
-6
-4
-3
-3
-4
-3
-5
-4
-4
0
2
2
1
0
1
-3
-2
1
1
1
1
1
1
2
2
2
3
2
3
3
2
3
2
2
1
3
3
4
5
5
4
4
4
4
3
3
2
1
0
1
0
0
-2
-1
-1
-1
0
1
1
1
1
2
1
-1
0
0
-2
-3
-5
-5
-5
-6
-4
-2
-1
-2
-1
-3
-2
-4
-4
-3
-1
-2
0
0
-1
-1
-1
-2
-2
-1
-2
-1
-3
-1
-3
-2
-2
-1
1
0
0
1
3
2
2
2
2
2
2
3
0
-1
-2
-1
0
0
3
4
5
4
4
6
6
7
6
7
4
1
0
-1
-1
-1
-1
-1
-2
-3
-1
-1
-2
-2
0
0
0
0
0
-2
-4
-4
-4
-4
-3
-2
-4
-3
-6
-5
-2
0
0
1
0
1
0
0
1
-1
-1
-1
-1
-1
1
1
1
2
2
3
2
5
7
5
5
3
1
1
3
3
5
4
2
3
2
2
3
4
3
1
-1
2
1
1
1
3
3
3
0
1
2
0
-1
-2
-1
-3
-3
-4
-1
-1
-3
-3
0
2
0
0
0
1
-1
-1
-4
-4
-4
-4
-3
-3
-4
-6
-7
-5
-4
-4
-2
-2
-2
-4
-3
-2
-1
-3
-3
-2
-1
-1
-2
-1
-2
-3
-2
-1
1
-2
-3
-4
-2
-2
-4
-1
1
1
1
1
3
2
-1
-1
-1
0
-1
-1
2
3
1
2
3
3
1
-2
0
1
1
1
1
3
3
1
2
2
3
1
1
2
2
1
0
0
0
2
3
2
4
3
3
4
4
3
2
2
3
3
3
3
3
2
2
3
2
4
2
3
2
2
3
4
3
2
3
3
3
4
4
3
-1
-1
0
-1
0
1
3
2
1
0
-1
-1
-2
-3
-2
-3
-3
-2
-2
-3
-3
-3
-1
0
-1
-2
-5
-5
-5
-5
-4
-2
-1
-1
-1
-1
-4
-3
-4
-2
-2
-3
-4
-4
-3
-5
-4
-4
-2
-3
-1
-2
-3
-2
-5
-4
-3
-5
-5
-5
-4
-3
-4
-3
-2
-1
-1
0
0
-1
-2
-2
-1
-1
0
1
0
0
0
1
0
0
1
1
1
2
4
5
5
5
5
6
6
6
4
3
3
2
1
2
3
3
3
5
5
4
4
4
4
4
3
3
2
2
1
2
3
4
4
2
3
2
2
0
0
0
0
-1
0
-1
-1
0
1
1
0
1
2
1
-1
-2
-1
2
3
3
3
3
1
-1
0
1
-1
-3
-4
-1
0
-2
-2
1
1
-1
-3
-2
-1
-2
-3
0
1
-1
-1
-1
0
-1
-2
-1
1
0
0
-2
-1
-1
-3
-2
-1
0
-1
0
-1
-1
-3
-1
-1
-2
-3
-4
-6
-5
-5
-5
-2
1
0
-2
-3
-3
-2
-5
-5
-3
-3
-6
-5
-2
-2
-4
-5
-3
-2
-5
-5
-3
-3
-1
-2
1
1
0
0
-1
-1
0
0
1
3
3
2
3
2
2
2
4
5
5
5
5
2
2
4
3
4
4
3
3
1
1
2
3
3
2
4
4
3
3
5
4
4
4
4
2
3
2
3
1
1
1
3
4
0
0
2
1
2
2
3
2
2
1
2
5
1
0
1
1
0
1
2
3
2
0
1
-1
-1
-2
0
2
2
1
-1
-1
-1
-3
-1
0
-1
-1
-1
-2
-3
-5
-6
-4
-3
-3
-5
-2
-2
-3
-3
-3
-2
-1
-1
-2
-2
-3
-2
-2
-1
-2
1
0
0
-1
-2
-2
-1
-1
0
-1
0
1
-1
-1
1
0
-2
-3
-2
-2
-2
-3
-1
-1
-1
0
1
1
-2
-2
-2
-2
-4
-5
-5
-3
-2
-2
-1
1
0
-2
-2
-1
-2
-3
-2
0
0
-1
-1
1
3
2
2
0
0
-1
-1
-1
0
1
3
4
3
4
3
2
1
1
1
0
1
0
1
2
4
3
4
5
5
3
0
1
2
2
1
3
4
4
3
3
5
5
2
0
1
0
-1
-2
0
0
-1
1
2
3
2
0
0
1
0
0
0
2
0
1
1
3
2
1
0
1
2
1
0
1
1
0
1
2
4
2
0
0
1
0
-3
-1
-1
-2
-3
-2
1
-1
-2
-2
1
0
-2
-2
-1
0
-3
-7
-2
0
-1
-2
0
0
-4
-6
-4
-1
-2
-4
-1
0
0
-1
-3
-1
-2
-3
-3
-2
-1
-4
-4
-2
-1
-1
-1
-1
-1
-3
-4
-4
-2
-3
-2
-3
-2
-2
-2
-1
1
1
-1
0
0
-1
-1
-2
-1
-1
0
0
1
1
1
0
1
3
4
2
1
3
0
0
0
2
2
1
1
3
2
2
0
2
1
0
0
-1
0
0
1
1
2
1
-1
-2
-1
-2
-1
0
2
0
0
0
0
-2
-2
0
0
1
1
1
3
4
4
4
4
3
2
3
4
4
2
2
4
4
4
6
7
6
5
4
5
3
3
2
3
4
5
5
5
7
7
6
4
2
1
0
1
1
1
1
0
0
1
-2
-3
-3
-4
-5
-6
-6
-7
-7
-7
-7
-7
-9
-9
-8
-9
-6
-6
-8
-7
-7
-7
-9
-9
-9
-9
-9
-11
-11
-10
-8
-8
-6
-6
-6
-7
-7
-7
-6
-4
-3
-3
-3
0
1
1
1
3
4
3
4
5
5
6
8
9
11
9
11
12
12
11
11
13
15
16
15
13
15
15
11
10
12
11
7
6
7
7
6
6
6
7
2
1
-1
-2
-4
-6
-6
-9
-11
-13
-13
-14
-15
-17
-15
-14
-15
-16
-15
-17
-15
-17
-17
-11
-12
-14
-15
-11
-11
-14
-13
-8
-8
-8
-8
-5
-3
-4
-5
-2
3
1
1
2
7
6
6
8
13
16
14
16
19
22
21
25
28
31
30
31
32
34
33
34
34
35
34
33
33
32
30
26
22
20
16
15
11
10
6
4
0
-4
-6
-10
-13
-15
-15
-17
-19
-24
-27
-30
-32
-35
-36
-37
-39
-43
-43
-44
-43
-42
-43
-41
-42
-44
-41
-40
-38
-38
-34
-34
-33
-31
-28
-27
-24
-24
-19
-15
-11
-9
-5
-2
2
6
9
15
19
22
25
32
36
42
46
50
53
57
61
63
66
65
67
66
65
63
63
61
60
56
53
47
45
37
31
24
16
8
-2
-9
-18
-27
-34
-40
-45
-50
-54
-57
-60
-61
-63
-67
-67
-72
-73
-75
-74
-73
-70
-67
-63
-60
-59
-57
-53
-50
-49
-42
-38
-33
-29
-26
-23
-20
-16
-11
-7
2
8
13
19
24
30
37
45
55
64
69
77
83
88
91
97
100
102
104
106
106
109
108
106
105
104
100
94
88
82
75
64
55
47
37
25
13
6
-6
-23
-35
-44
-53
-63
-68
-71
-75
-80
-85
-84
-85
-90
-93
-96
-96
-102
-107
-104
-102
-105
-103
-100
-98
-96
-99
-95
-88
-83
-81
-78
-71
-67
-69
-63
-52
-44
-42
-38
-27
-20
-16
-7
4
14
19
28
40
51
58
65
77
87
93
96
103
112
114
118
129
136
140
143
148
147
144
137
134
134
130
119
109
98
86
73
62
54
44
25
7
-5
-11
-28
-44
-50
-56
-70
-83
-88
-87
-91
-100
-102
-102
-104
-115
-116
-112
-110
-117
-120
-119
-119
-123
-123
-119
-115
-118
-120
-117
-109
-102
-93
-86
-75
-67
-63
-58
-44
-33
-25
-19
-9
4
13
25
40
53
63
69
77
88
98
108
115
126
138
146
154
161
164
164
167
173
177
177
173
170
166
157
149
140
131
115
102
96
82
67
53
42
28
12
-8
-22
-34
-47
-57
-68
-78
-89
-100
-107
-107
-112
-121
-128
-135
-142
-148
-152
-153
-159
-162
-165
-162
-164
-169
-167
-165
-161
-161
-160
-156
-148
-144
-133
-126
-114
-105
-97
-87
-73
-57
-51
-32
-17
2
15
28
37
47
60
71
86
110
129
142
160
176
186
188
200
208
214
215
224
233
233
230
226
233
225
210
200
192
175
151
131
117
91
68
47
29
11
-13
-35
-53
-67
-79
-93
-100
-106
-119
-139
-153
-160
-171
-178
-184
-185
-196
-202
-206
-203
-202
-199
-196
-190
-182
-187
-185
-173
-166
-166
-152
-140
-130
-124
-116
-98
-83
-66
-50
-29
-15
-5
5
23
38
39
50
79
98
114
134
154
164
160
167
187
207
216
227
243
251
253
254
258
271
265
252
251
248
233
211
197
194
171
145
125
104
81
45
24
6
-9
-32
-51
-64
-76
-91
-100
-103
-108
-119
-130
-134
-140
-156
-168
-169
-179
-191
-203
-205
-204
-208
-217
-221
-218
-231
-240
-236
-217
-215
-217
-211
-207
-205
-208
-203
-188
-170
-162
-150
-136
-110
-90
-67
-47
-16
2
14
33
56
77
85
108
132
161
176
201
219
243
250
267
287
303
321
323
335
330
333
320
307
291
282
260
236
220
203
179
148
121
96
70
48
28
5
-18
-35
-49
-67
-84
-103
-115
-132
-145
-159
-176
-193
-220
-233
-244
-249
-254
-251
-256
-254
-254
-262
-258
-250
-239
-239
-236
-231
-220
-217
-205
-192
-176
-162
-149
-127
-102
-80
-70
-51
-33
-14
-1
18
38
52
67
88
119
145
172
201
230
243
256
276
305
316
324
341
351
345
346
349
354
348
339
329
318
306
282
265
234
211
180
155
128
95
61
23
-5
-31
-56
-76
-99
-114
-132
-147
-166
-180
-197
-220
-230
-237
-249
-275
-293
-309
-322
-332
-341
-341
-334
-342
-345
-344
-331
-328
-330
-322
-301
-289
-285
-262
-233
-209
-194
-170
-144
-129
-125
-110
-75
-54
-39
-21
15
51
75
101
148
193
220
248
290
323
343
356
370
395
413
427
450
473
473
468
461
467
450
420
398
394
372
342
307
278
245
197
163
136
104
45
-5
-29
-64
-114
-132
-142
-158
-180
-222
-226
-238
-279
-311
-313
-324
-347
-362
-358
-354
-380
-404
-412
-412
-428
-441
-433
-411
-410
-405
-384
-341
-324
-312
-295
-271
-248
-245
-224
-178
-140
-116
-89
-47
-13
6
33
83
138
152
182
220
273
309
346
399
449
469
473
492
519
536
546
556
563
565
549
539
521
509
466
431
408
383
333
284
246
204
160
100
48
2
-49
-104
-147
-176
-195
-217
-241
-246
-256
-258
-282
-310
-335
-367
-396
-429
-431
-457
-477
-491
-502
-513
-527
-534
-538
-511
-490
-484
-467
-438
-423
-397
-386
-361
-342
-320
-290
-240
-183
-146
-105
-65
-14
26
62
101
139
169
202
250
306
363
443
525
584
616
646
686
728
748
762
781
780
753
724
705
702
662
621
594
554
506
434
380
300
224
143
76
6
-77
-156
-219
-258
-298
-317
-327
-318
-317
-318
-335
-352
-387
-425
-450
-459
-479
-517
-542
-548
-560
-569
-574
-568
-566
-559
-551
-547
-555
-556
-559
-536
-506
-472
-438
-391
-342
-312
-267
-226
-188
-151
-100
-69
-50
-24
11
58
123
217
314
417
517
596
674
720
772
809
830
849
871
882
873
859
859
860
830
779
747
718
657
591
499
440
353
237
164
88
1
-111
-196
-274
-337
-408
-439
-435
-426
-414
-431
-402
-379
-391
-421
-410
-417
-465
-512
-558
-587
-638
-684
-691
-680
-699
-717
-724
-716
-709
-701
-678
-636
-601
-582
-522
-458
-422
-408
-345
-257
-195
-166
-101
-38
-14
-9
33
117
183
249
354
510
630
715
824
959
1075
1146
1178
1235
1246
1234
1186
1170
1182
1116
1066
1000
951
848
709
618
562
453
322
210
93
-68
-242
-348
-424
-499
-573
-608
-606
-598
-612
-592
-523
-455
-427
-394
-367
-398
-462
-508
-530
-562
-634
-715
-762
-799
-850
-912
-933
-932
-905
-873
-797
-716
-671
-615
-573
-532
-501
-448
-371
-298
-221
-129
-64
-4
35
81
104
141
194
316
488
648
799
940
1088
1146
1244
1310
1359
1372
1378
1379
1355
1286
1165
1069
983
937
839
765
680
564
414
282
156
15
-163
-350
-502
-640
-795
-916
-943
-931
-902
-873
-796
-696
-598
-506
-382
-298
-266
-252
-252
-282
-358
-455
-521
-612
-713
-818
-927
-1028
-1132
-1173
-1133
-1075
-982
-867
-750
-636
-542
-480
-449
-407
-374
-315
-249
-161
-81
-8
69
175
280
417
622
853
1059
1234
1430
1551
1633
1676
1713
1734
1695
1613
1555
1449
1318
1125
980
875
778
703
618
571
476
341
169
-18
-222
-441
-699
-909
-1098
-1216
-1273
-1230
-1141
-1040
-896
-719
-529
-324
-190
-93
-34
-63
-112
-184
-257
-431
-591
-721
-823
-935
-1068
-1174
-1226
-1257
-1264
-1241
-1120
-986
-852
-667
-472
-285
-219
-179
-114
-30
24
37
110
275
385
483
705
1002
1261
1471
1742
2004
2125
2163
2127
2068
1989
1822
1570
1337
1140
880
617
504
399
271
189
163
140
63
-68
-255
-434
-666
-930
-1117
-1262
-1436
-1602
-1645
-1552
-1464
-1331
-1162
-930
-703
-511
-326
-158
-8
28
28
0
-138
-361
-611
-819
-993
-1202
-1390
-1490
-1526
-1551
-1489
-1314
-1096
-932
-751
-490
-278
-180
-103
27
114
203
274
382
457
520
739
1073
1490
1836
2209
2646
2921
3065
3034
2872
2641
2294
1911
1464
1076
606
173
-69
-193
-280
-352
-334
-237
-195
-147
-221
-325
-496
-743
-982
-1219
-1456
-1685
-1715
-1626
-1455
-1254
-1010
-774
-478
-183
52
188
201
97
-74
-275
-545
-856
-1105
-1347
-1567
-1728
-1815
-1855
-1827
-1681
-1480
-1197
-943
-740
-505
-226
-49
78
217
330
366
420
505
601
730
1059
1486
2013
2495
2920
3344
3634
3731
3545
3257
2927
2401
1828
1243
714
217
-295
-563
-739
-792
-808
-761
-534
-402
-388
-499
-616
-821
-1133
-1361
-1558
-1698
-1739
-1690
-1478
-1300
-1086
-847
-520
-194
-33
76
56
-67
-290
-570
-869
-1228
-1597
-1906
-2114
-2208
-2295
-2257
-2136
-1939
-1692
-1391
-1033
-721
-444
-167
73
210
272
283
421
484
575
629
897
1489
2045
2571
3110
3667
3984
4015
3945
3627
3161
2629
1966
1372
791
217
-301
-603
-649
-701
-637
-464
-312
-175
-98
-143
-289
-497
-767
-1074
-1250
-1474
-1720
-1709
-1589
-1440
-1283
-958
-605
-289
14
167
246
201
-113
-547
-933
-1360
-1919
-2300
-2504
-2658
-2746
-2705
-2543
-2200
-1730
-1253
-772
-335
17
180
291
253
137
42
-23
-33
78
220
687
1421
2200
2932
3525
4226
4547
4549
4398
3911
3239
2367
1589
894
266
-175
-608
-682
-572
-480
-249
-2
299
405
393
285
-10
-356
-834
-1169
-1354
-1625
-1858
-1816
-1593
-1380
-1194
-822
-517
-230
-41
81
160
37
-233
-693
-1104
-1612
-2200
-2639
-2896
-3030
-3042
-2869
-2484
-1983
-1402
-884
-413
-9
129
111
9
-107
-302
-430
-499
-508
-345
143
1007
1945
2950
3852
4594
4939
4941
4732
4081
3300
2300
1422
630
-28
-486
-837
-800
-662
-439
-92
289
582
657
660
529
189
-160
-598
-955
-1191
-1428
-1600
-1612
-1492
-1347
-1086
-836
-629
-411
-139
20
102
48
-197
-571
-1043
-1644
-2264
-2777
-3162
-3420
-3387
-3060
-2516
-1838
-1068
-335
199
515
508
422
145
-284
-676
-956
-1108
-1125
-940
-411
805
2019
3020
3965
4830
5318
5070
4664
3892
2966
2073
1013
267
-135
-442
-646
-573
-119
100
350
639
738
850
696
425
112
-188
-575
-914
-964
-1080
-1326
-1323
-1363
-1460
-1472
-1310
-1130
-899
-512
-223
101
217
-13
-363
-844
-1485
-2258
-2914
-3403
-3707
-3589
-3109
-2391
-1477
-576
91
665
979
915
489
-25
-661
-1283
-1666
-1817
-1688
-1177
166
1615
2963
4093
4961
5464
5215
4658
3773
2651
1695
662
94
-179
-194
-174
-146
429
679
754
793
807
875
588
424
253
42
-97
-338
-296
-377
-723
-1066
-1358
-1568
-1913
-1955
-1753
-1325
-714
-167
395
639
529
46
-612
-1381
-2362
-3241
-3767
-3940
-3771
-3229
-2309
-1119
-76
644
1022
1145
843
133
-664
-1351
-1908
-2203
-2097
-1622
-982
252
1678
3057
4095
4725
5030
4640
3967
2930
1962
1167
452
55
46
242
320
273
421
446
447
433
515
678
664
695
691
727
528
253
37
-216
-662
-1212
-1640
-1873
-1994
-1805
-1347
-706
-23
457
868
879
487
-354
-1260
-2095
-2923
-3458
-3631
-3424
-2929
-2137
-1169
-259
557
884
954
713
237
-481
-1328
-1783
-2046
-2043
-1688
-1228
-583
726
2212
3309
3988
4573
4712
4120
3373
2364
1394
685
126
-196
-53
197
90
18
309
333
179
250
344
653
880
1012
932
844
523
-66
-337
-769
-1401
-1674
-1662
-1613
-1505
-1124
-511
39
633
853
899
744
11
-943
-1754
-2402
-3066
-3296
-2985
-2544
-1891
-1176
-506
231
722
727
483
238
-285
-941
-1324
-1621
-1756
-1668
-1275
-1003
-372
1015
2195
3178
3907
4288
4239
3622
3028
2062
1282
692
-67
-274
-454
-458
-664
-675
-361
-295
11
326
679
1130
1264
1438
1260
852
243
-469
-826
-1313
-1714
-1906
-1903
-1793
-1475
-904
-291
274
759
869
748
325
-492
-1326
-1951
-2371
-2646
-2586
-2303
-1871
-1325
-677
-103
440
633
532
336
131
-133
-543
-801
-1008
-1084
-1228
-1180
-974
52
1412
2576
3549
4260
4663
4149
3461
2654
1796
1060
402
40
-111
-269
-515
-751
-651
-529
-469
-18
413
809
1054
1222
1060
681
165
-451
-951
-1491
-2066
-2390
-2258
-2017
-1709
-1293
-729
-285
178
396
340
56
-545
-1223
-1816
-2275
-2621
-2660
-2487
-2147
-1706
-1011
-429
16
490
774
847
731
577
277
-28
-374
-549
-679
-813
-981
-579
972
2298
3280
4140
4842
4904
4189
3327
2322
1443
796
166
11
121
-271
-646
-726
-520
-657
-595
-149
291
943
1277
1478
1431
1030
225
-493
-1023
-1919
-2728
-2855
-2871
-2732
-2366
-1822
-1195
-635
-170
-92
-24
-390
-1212
-1800
-2173
-2586
-2796
-2592
-2268
-1910
-1452
-902
-401
171
361
459
537
555
336
126
-65
-393
-505
-676
-832
-567
857
2260
3354
4334
5044
4900
4154
3396
2337
1485
935
518
452
715
603
35
-182
-264
-575
-558
-127
252
787
1406
1789
1853
1513
730
-20
-606
-1462
-2272
-2618
-2770
-2890
-2528
-1956
-1512
-1050
-634
-393
-383
-670
-1391
-1987
-2349
-2692
-2816
-2563
-2452
-2341
-2084
-1608
-1127
-547
-73
190
594
666
543
302
-16
-320
-625
-665
-733
-245
1359
2693
3737
4428
4967
4765
3683
2662
1576
1124
763
480
790
1270
1177
510
87
-77
-448
-553
-186
488
1456
2004
2316
2334
1896
881
-144
-848
-1703
-2377
-2512
-2297
-2118
-1852
-1470
-1127
-849
-752
-814
-842
-1193
-1767
-2107
-2231
-2472
-2646
-2656
-2681
-2617
-2511
-2200
-1627
-864
-377
-89
321
442
126
-294
-631
-1099
-1394
-1346
-840
792
2681
3882
4718
5138
4782
3382
2189
1108
45
37
390
836
1431
1729
1168
290
-251
-788
-929
-224
556
1434
2552
3063
2766
2073
1127
-136
-1000
-1523
-1899
-1754
-1512
-1472
-1234
-842
-840
-879
-766
-722
-753
-754
-1085
-1508
-1681
-1978
-2348
-2454
-2596
-2833
-2687
-2221
-1600
-770
-82
117
302
286
-196
-849
-1293
-1581
-1717
-1425
-694
1305
3337
4484
5007
5237
4565
2845
1534
491
-179
-7
536
1040
1650
1740
907
-114
-703
-1140
-1061
-109
869
1931
2913
3102
2536
1591
310
-1014
-1699
-2033
-2036
-1403
-769
-641
-561
-544
-810
-1062
-1123
-1106
-932
-645
-709
-961
-1079
-1551
-2151
-2624
-2987
-3059
-2616
-1934
-1079
76
798
760
489
95
-741
-1438
-1768
-2025
-1948
-1472
-409
1762
3868
4937
5310
5247
4143
2287
957
-60
-485
14
626
1119
1625
1350
25
-996
-1437
-1673
-1007
410
1637
2730
3482
3052
1827
496
-1003
-2116
-2134
-1997
-1745
-1015
-435
-543
-734
-1044
-1560
-1570
-1221
-904
-360
187
-39
-576
-1112
-1848
-2698
-3116
-3418
-3190
-2278
-1145
50
1008
1426
1105
532
-357
-1354
-1852
-2273
-2200
-1716
-744
1346
3383
4629
4915
5079
4384
2828
1473
625
334
570
957
1029
1289
919
-356
-1573
-1944
-1816
-965
601
2053
3305
3954
3538
2155
735
-823
-1857
-1818
-1520
-1227
-842
-610
-981
-1494
-1930
-2344
-2084
-1274
-397
574
1283
1141
281
-741
-1994
-3072
-3651
-3855
-3452
-2335
-998
239
1106
1239
826
316
-364
-1292
-1656
-1685
-1548
-1237
-322
1348
2811
3752
4093
4245
3840
2679
1768
1242
1162
1308
1361
1292
809
104
-1002
-1909
-2146
-1757
-654
805
2246
3036
3204
2729
1518
115
-913
-1239
-1056
-817
-597
-550
-902
-1637
-2421
-2770
-2772
-2222
-1247
-224
580
756
431
-336
-1262
-2237
-2870
-3089
-2930
-2361
-1534
-588
112
311
114
-142
-394
-734
-957
-849
-762
-691
-294
1099
2562
3194
3451
3661
3634
2915
2110
1672
1599
1813
1965
1775
1467
750
-386
-1559
-2120
-1807
-945
242
1350
2194
2473
2079
1302
420
-334
-741
-663
-338
-274
-445
-988
-1739
-2404
-2929
-3014
-2502
-1488
-546
19
204
-206
-974
-1752
-2378
-2678
-2617
-2106
-1555
-858
-223
58
48
-162
-440
-616
-660
-648
-658
-484
-171
77
1408
2941
3733
3733
3653
3415
2580
2020
1583
1530
2035
2256
1892
1435
862
-321
-1312
-1350
-964
-127
937
1621
1838
1478
773
-121
-506
-649
-569
95
486
167
-562
-1493
-2486
-3153
-3125
-2611
-1661
-515
111
262
-169
-1175
-2323
-3016
-3192
-3011
-2402
-1644
-980
-443
-129
-43
-100
-169
-192
-72
-84
-223
-400
-477
-714
-641
521
1996
3062
3722
4162
3904
3284
2480
1809
1682
1919
1967
1678
1657
1196
101
-700
-1044
-755
-36
770
1388
1710
1525
736
20
-481
-888
-862
-439
-162
-237
-603
-1332
-2237
-2745
-2874
-2506
-1621
-845
-471
-265
-484
-1251
-2227
-2895
-3291
-3259
-2890
-2381
-1716
-1162
-805
-698
-493
-368
-295
-182
-87
-61
-259
-441
-642
-1
1441
2571
3194
3401
3517
3023
2454
2259
2119
2453
2854
2841
2575
1942
1003
-125
-573
-432
74
1131
1955
2324
2213
1641
734
0
-142
-172
98
515
188
-517
-1423
-2290
-2946
-2947
-2281
-1504
-512
102
27
-476
-1396
-2432
-3157
-3327
-3180
-2776
-2180
-1894
-1588
-1246
-1321
-1459
-1178
-725
-468
-335
-251
-565
-890
-1053
-928
606
2430
3375
3537
3554
3046
1733
1103
969
1271
2212
3036
3150
2749
2044
774
-370
-664
-359
539
1795
2451
2514
1996
1019
-137
-536
-303
-26
615
909
493
-370
-1511
-2730
-3397
-3083
-2215
-1108
151
737
537
-217
-1483
-2703
-3447
-3578
-3379
-2804
-2134
-1806
-1421
-1156
-1188
-1181
-914
-590
-456
-389
-458
-738
-977
-1170
-321
1333
2618
3126
3179
3157
2430
1575
1245
1333
1866
2106
2042
1965
1551
941
254
71
416
1024
1765
2095
2138
1776
1090
557
297
278
515
815
852
390
-232
-1109
-2021
-2411
-2328
-1811
-1084
-436
-101
-84
-415
-1037
-1689
-2123
-2391
-2436
-2291
-2218
-2275
-2178
-1934
-1700
-1431
-1024
-577
-259
-274
-602
-797
-881
-955
-37
1653
2719
2888
2952
2848
1960
974
680
1160
2009
2329
2070
1733
1207
334
-355
-92
557
1145
1805
2221
2078
1502
821
364
272
430
679
1018
1015
233
-821
-1639
-2159
-2357
-2057
-1393
-717
-211
-79
-347
-871
-1457
-1957
-2143
-1973
-1760
-1779
-1840
-1866
-1887
-1967
-1998
-1685
-1224
-861
-661
-519
-525
-738
-925
-752
293
1461
2169
2810
3062
2786
1926
1290
1086
902
1315
1736
1764
1523
999
367
-144
-98
339
811
1359
1652
1615
1352
817
369
336
620
776
803
719
149
-738
-1524
-2055
-2225
-2007
-1490
-936
-436
-139
-157
-449
-941
-1396
-1757
-1830
-1775
-1756
-1678
-1476
-1227
-1173
-1173
-1077
-972
-915
-892
-717
-680
-802
-829
-473
680
1818
2379
2622
2621
2370
1826
1351
1221
1311
1829
2157
1951
1430
709
175
-211
-153
504
1167
1620
1545
1232
914
486
219
286
695
1123
1122
811
200
-653
-1576
-2162
-2075
-1705
-1208
-741
-410
-358
-564
-930
-1329
-1615
-1789
-1760
-1537
-1340
-1335
-1271
-1109
-1029
-1034
-863
-770
-821
-982
-1050
-1068
-1062
-972
-361
962
2006
2342
2368
2292
1806
951
569
726
1230
1896
2140
1869
1302
580
-13
-323
-104
567
1220
1563
1353
924
424
8
-57
185
569
840
839
543
-116
-882
-1647
-1907
-1649
-1186
-742
-458
-351
-548
-942
-1402
-1806
-2030
-1964
-1818
-1600
-1402
-1224
-1039
-905
-826
-716
-599
-523
-600
-604
-679
-791
-768
-672
68
1203
2102
2445
2473
2311
1709
1114
1118
1190
1348
1632
1707
1446
1011
746
311
85
436
987
1329
1274
1169
754
265
52
71
220
424
593
321
-327
-880
-1373
-1736
-1700
-1234
-645
-322
-112
-173
-532
-989
-1448
-1748
-1929
-1908
-1798
-1698
-1567
-1429
-1231
-1080
-904
-560
-315
-285
-351
-395
-467
-431
-328
-86
598
1507
2048
2186
2101
1938
1684
1366
1246
1540
2004
1956
1569
1284
797
417
260
411
647
1064
1328
1152
906
711
439
268
457
623
547
377
-37
-767
-1416
-1819
-2014
-1926
-1566
-1033
-642
-396
-377
-451
-764
-1194
-1478
-1595
-1835
-2004
-2038
-1994
-1790
-1505
-1269
-1065
-748
-547
-677
-733
-592
-482
-374
-243
174
942
1539
1746
1820
1814
1685
1350
1213
1248
1490
1950
1872
1536
1272
1081
785
540
738
1063
1398
1564
1337
1081
794
446
311
360
426
355
341
128
-417
-942
-1313
-1485
-1416
-1252
-966
-781
-659
-670
-776
-928
-1230
-1462
-1600
-1808
-1936
-1987
-1853
-1664
-1535
-1441
-1271
-1125
-1111
-1165
-973
-666
-481
-306
-63
495
1037
1292
1490
1561
1472
1167
1058
1146
1283
1486
1675
1603
1559
1395
1068
790
697
915
1161
1467
1684
1531
1281
955
730
666
665
632
469
182
-134
-484
-870
-1131
-1039
-710
-433
-232
-125
-223
-470
-759
-1064
-1354
-1519
-1580
-1645
-1632
-1535
-1381
-1208
-1189
-1134
-1017
-1056
-1175
-1306
-1236
-1038
-781
-523
-337
235
716
918
1065
1127
1061
707
630
832
916
1238
1512
1475
1250
961
811
634
609
806
1034
1245
1379
1276
1114
860
765
714
744
1010
921
476
-81
-533
-939
-1319
-1214
-756
-436
-188
-81
-39
-215
-602
-872
-1125
-1296
-1385
-1427
-1371
-1374
-1309
-1230
-1163
-944
-800
-857
-973
-1144
-1193
-1159
-954
-706
-590
-199
327
661
782
795
670
348
363
551
630
850
1159
1171
987
908
831
554
345
696
926
1101
1169
1192
1049
863
918
1031
958
882
839
555
95
-176
-386
-631
-640
-377
-184
-175
-154
-93
-166
-341
-361
-456
-630
-770
-818
-766
-830
-804
-764
-843
-827
-727
-716
-834
-991
-965
-1013
-1009
-815
-693
-614
-268
191
381
377
445
305
224
394
637
769
800
827
760
701
708
627
449
433
533
647
760
889
1076
1058
1047
1102
1104
949
690
476
198
-64
-173
-199
-266
-334
-256
-151
-76
-61
-42
-54
-136
-231
-347
-446
-539
-604
-558
-519
-592
-682
-764
-768
-838
-926
-990
-1039
-1151
-1228
-1211
-1169
-1196
-1169
-955
-659
-494
-425
-342
-287
-164
118
418
500
446
490
619
648
639
668
636
661
785
875
923
1073
1206
1336
1451
1553
1499
1337
1211
1003
737
555
563
556
425
257
239
130
-40
-74
-28
-39
-97
-101
-68
-178
-363
-508
-592
-687
-829
-936
-979
-1089
-1319
-1424
-1437
-1499
-1612
-1629
-1574
-1489
-1412
-1308
-1120
-986
-930
-871
-622
-284
14
275
460
516
595
706
865
987
1113
1213
1227
1299
1296
1238
1233
1263
1387
1515
1536
1505
1437
1324
1102
944
848
792
764
744
610
332
58
-102
-281
-359
-390
-452
-469
-459
-418
-438
-567
-693
-814
-908
-1030
-1085
-1202
-1405
-1481
-1525
-1608
-1690
-1702
-1670
-1609
-1541
-1391
-1262
-1171
-996
-801
-535
-320
-65
170
361
515
630
745
866
1010
1101
1208
1304
1296
1301
1323
1396
1406
1374
1405
1416
1262
1049
915
770
677
652
732
775
678
592
515
350
123
-23
-151
-242
-292
-281
-337
-413
-475
-489
-557
-698
-782
-801
-803
-822
-836
-979
-1099
-1169
-1216
-1415
-1535
-1502
-1373
-1205
-1038
-893
-888
-775
-554
-244
-53
5
85
153
243
418
579
704
878
1075
1213
1173
1127
1083
1098
1159
1249
1273
1281
1292
1195
965
766
623
503
431
460
509
462
357
302
250
62
-89
-106
-154
-237
-264
-226
-244
-368
-457
-567
-713
-817
-838
-900
-971
-954
-955
-1062
-1143
-1212
-1264
-1315
-1317
-1232
-1178
-1073
-956
-865
-813
-633
-419
-233
-112
8
22
82
338
547
668
812
1000
1090
1112
1191
1214
1160
1170
1300
1356
1311
1248
1221
1088
1004
940
854
769
667
615
390
186
89
20
-84
-168
-178
-226
-214
-176
-201
-287
-394
-459
-521
-638
-768
-876
-1014
-1109
-1147
-1165
-1242
-1277
-1275
-1185
-1133
-1095
-1005
-881
-801
-694
-556
-501
-509
-392
-202
-111
-108
7
104
270
525
701
776
873
1070
1196
1246
1284
1333
1319
1294
1273
1233
1116
1038
1109
1150
1088
993
899
736
516
382
283
146
18
-93
-180
-274
-252
-183
-194
-207
-206
-269
-502
-675
-738
-821
-964
-1001
-977
-1090
-1244
-1296
-1318
-1487
-1571
-1439
-1285
-1185
-1058
-844
-716
-584
-479
-423
-450
-387
-243
-112
-36
73
165
273
462
616
647
706
969
1194
1265
1304
1332
1345
1339
1387
1412
1282
1193
1170
1182
1068
894
826
764
665
580
446
260
144
70
-42
-179
-207
-202
-224
-311
-340
-447
-640
-744
-822
-883
-1003
-1064
-1034
-1054
-1155
-1215
-1295
-1417
-1475
-1403
-1302
-1189
-1035
-824
-631
-572
-527
-542
-544
-412
-230
-101
38
177
240
335
442
598
624
776
952
1135
1273
1361
1385
1358
1360
1366
1362
1312
1293
1255
1211
1112
991
835
711
574
488
405
292
142
22
-89
-181
-233
-293
-334
-337
-370
-461
-550
-638
-721
-866
-943
-961
-1004
-1060
-1138
-1144
-1247
-1336
-1384
-1313
-1253
-1133
-949
-855
-765
-653
-565
-552
-584
-451
-247
-104
-65
1
114
258
455
604
711
749
900
1111
1252
1311
1288
1280
1265
1257
1265
1232
1214
1187
1123
1027
871
764
664
480
289
176
47
-74
-87
-65
-150
-265
-297
-336
-470
-643
-677
-701
-784
-815
-825
-888
-999
-1083
-1130
-1206
-1222
-1230
-1236
-1233
-1132
-1031
-909
-795
-679
-582
-484
-372
-342
-379
-370
-189
39
222
346
464
563
687
766
854
928
1115
1350
1511
1535
1483
1370
1281
1240
1254
1248
1212
1239
1261
1225
1049
853
640
468
316
212
103
57
25
-54
-178
-291
-396
-518
-641
-744
-816
-897
-965
-978
-1035
-1136
-1149
-1109
-1135
-1223
-1256
-1244
-1285
-1350
-1322
-1236
-1150
-1112
-1011
-848
-731
-636
-519
-441
-361
-197
23
205
306
333
354
515
790
939
995
1118
1350
1453
1419
1388
1366
1276
1220
1332
1454
1419
1361
1382
1287
1077
923
836
693
522
439
355
219
91
-12
-204
-356
-398
-466
-604
-695
-687
-802
-937
-1014
-1063
-1211
-1310
-1275
-1264
-1347
-1379
-1281
-1256
-1283
-1255
-1216
-1203
-1206
-1101
-988
-915
-806
-683
-577
-510
-337
-144
-8
139
346
490
612
776
963
1006
1048
1190
1297
1286
1256
1334
1333
1308
1320
1412
1418
1371
1405
1408
1281
1122
996
892
755
659
570
402
230
157
10
-181
-338
-428
-513
-575
-562
-582
-687
-800
-884
-1006
-1151
-1242
-1244
-1279
-1279
-1250
-1220
-1303
-1386
-1349
-1285
-1240
-1143
-1034
-970
-871
-738
-579
-543
-469
-285
-57
68
191
329
440
541
727
930
1004
1028
1098
1222
1220
1201
1224
1239
1263
1343
1366
1306
1313
1318
1275
1108
1043
1007
876
725
701
568
305
176
157
-12
-311
-411
-384
-475
-609
-563
-560
-685
-836
-897
-1016
-1129
-1143
-1113
-1148
-1141
-1100
-1117
-1197
-1265
-1281
-1283
-1220
-1095
-953
-863
-745
-646
-626
-667
-607
-415
-180
-7
198
369
396
514
698
826
821
856
992
1081
1076
1092
1144
1109
1076
1161
1246
1229
1277
1313
1241
1059
968
910
790
647
589
492
303
157
91
-54
-245
-287
-291
-352
-487
-538
-607
-710
-777
-847
-904
-973
-1035
-1068
-1147
-1194
-1252
-1339
-1422
-1415
-1335
-1341
-1271
-1128
-1015
-979
-817
-649
-576
-581
-470
-206
-42
134
296
483
518
633
821
986
1050
1076
1153
1227
1225
1241
1346
1394
1454
1461
1579
1571
1538
1446
1374
1265
1197
1068
943
834
743
552
357
270
130
-36
-231
-262
-314
-451
-546
-561
-611
-744
-840
-896
-1019
-1210
-1296
-1323
-1368
-1463
-1507
-1559
-1607
-1638
-1630
-1583
-1479
-1312
-1154
-1010
-824
-680
-641
-604
-474
-272
-128
-53
108
211
307
448
675
836
886
969
1104
1200
1240
1293
1301
1307
1322
1382
1381
1399
1438
1411
1308
1231
1187
1065
966
904
828
640
460
335
165
-25
-139
-207
-303
-338
-413
-515
-666
-774
-840
-953
-1069
-1153
-1203
-1281
-1398
-1468
-1521
-1623
-1682
-1630
-1546
-1482
-1361
-1201
-1053
-923
-757
-621
-608
-576
-490
-355
-157
36
203
323
405
537
732
897
1008
1119
1219
1310
1408
1481
1497
1442
1410
1459
1477
1519
1572
1589
1497
1418
1344
1187
989
863
772
607
456
425
372
169
-7
-111
-214
-326
-423
-515
-664
-832
-932
-1021
-1162
-1246
-1281
-1317
-1409
-1474
-1562
-1664
-1685
-1630
-1563
-1502
-1342
-1173
-1113
-1099
-987
-855
-827
-808
-654
-500
-373
-236
-70
80
188
323
500
719
870
1013
1097
1226
1311
1377
1419
1466
1435
1355
1363
1432
1460
1457
1455
1453
1382
1272
1160
1026
897
745
608
488
400
281
138
-25
-90
-162
-258
-391
-492
-598
-741
-889
-1032
-1157
-1259
-1274
-1344
-1430
-1501
-1548
-1597
-1563
-1523
-1430
-1335
-1253
-1157
-1125
-1068
-986
-899
-846
-763
-662
-555
-432
-242
-38
123
234
376
553
739
873
1011
1148
1259
1296
1376
1441
1489
1454
1443
1497
1516
1509
1497
1460
1358
1246
1155
1119
1038
906
753
642
545
434
235
50
-24
-73
-185
-304
-391
-593
-792
-963
-1043
-1187
-1292
-1333
-1327
-1329
-1380
-1404
-1415
-1434
-1475
-1459
-1418
-1361
-1340
-1359
-1327
-1195
-1048
-939
-849
-712
-568
-472
-361
-177
11
214
407
645
787
830
922
1055
1171
1246
1367
1468
1508
1504
1483
1486
1478
1503
1562
1624
1590
1465
1376
1298
1164
1035
890
779
695
637
522
313
141
16
-140
-309
-398
-467
-597
-766
-883
-996
-1148
-1268
-1270
-1310
-1438
-1506
-1579
-1652
-1744
-1715
-1619
-1538
-1469
-1331
-1284
-1279
-1152
-1025
-951
-902
-698
-547
-412
-232
-13
127
243
405
563
661
809
993
1102
1182
1256
1397
1509
1573
1584
1576
1532
1517
1504
1438
1413
1378
1356
1331
1321
1197
1026
822
697
612
472
328
137
-16
-124
-223
-397
-518
-662
-816
-947
-1013
-1095
-1235
-1353
-1405
-1440
-1537
-1581
-1608
-1674
-1747
-1751
-1687
-1587
-1481
-1324
-1184
-1103
-1000
-935
-878
-806
-702
-554
-377
-197
-18
115
261
464
635
772
894
1074
1264
1375
1435
1498
1602
1621
1625
1680
1690
1691
1696
1688
1631
1543
1466
1405
1316
1175
1020
884
703
540
432
308
180
35
-61
-183
-362
-542
-692
-826
-930
-1031
-1101
-1212
-1310
-1412
-1514
-1625
-1647
-1625
-1669
-1669
-1646
-1550
-1492
-1416
-1319
-1196
-1134
-1058
-912
-777
-644
-562
-426
-268
-170
-74
66
244
441
586
768
1001
1169
1290
1365
1501
1598
1609
1595
1587
1587
1527
1552
1616
1627
1551
1490
1440
1345
1165
1014
894
799
667
575
525
416
247
28
-144
-314
-458
-608
-705
-796
-919
-1083
-1191
-1272
-1402
-1533
-1562
-1527
-1588
-1631
-1624
-1632
-1671
-1659
-1577
-1472
-1352
-1238
-1130
-1021
-957
-896
-834
-703
-537
-405
-295
-131
30
150
333
585
791
893
995
1120
1188
1238
1300
1400
1493
1520
1537
1566
1599
1569
1484
1439
1473
1443
1328
1232
1183
1111
972
843
763
673
515
358
186
5
-188
-333
-453
-578
-723
-825
-920
-1033
-1191
-1341
-1414
-1416
-1440
-1463
-1442
-1420
-1423
-1453
-1468
-1458
-1422
-1347
-1270
-1189
-1101
-1023
-963
-869
-750
-617
-426
-247
-79
35
205
392
527
641
757
897
1013
1148
1258
1312
1308
1337
1419
1471
1493
1510
1515
1517
1507
1447
1413
1404
1365
1302
1182
1060
908
744
605
467
299
140
15
-117
-291
-422
-532
-654
-773
-884
-964
-1077
-1200
-1309
-1363
-1428
-1470
-1480
-1487
-1536
-1557
-1583
-1536
-1459
-1391
-1270
-1127
-971
-894
-817
-739
-656
-585
-488
-324
-139
-6
165
315
445
532
680
859
1004
1104
1184
1273
1333
1406
1424
1435
1432
1448
1426
1438
1461
1439
1349
1258
1216
1110
956
819
733
580
410
256
111
-58
-230
-350
-406
-502
-617
-720
-834
-961
-1094
-1187
-1285
-1298
-1335
-1344
-1342
-1321
-1326
-1359
-1358
-1309
-1269
-1270
-1208
-1110
-1016
-924
-775
-633
-506
-437
-315
-154
-5
99
235
380
502
620
717
850
911
940
1010
1154
1305
1349
1323
1331
1353
1391
1387
1382
1295
1236
1205
1195
1133
984
841
758
680
555
383
287
234
96
-67
-195
-236
-373
-506
-588
-615
-723
-815
-928
-1023
-1121
-1204
-1220
-1210
-1246
-1269
-1225
-1183
-1188
-1231
-1192
-1088
-999
-946
-874
-759
-644
-537
-462
-366
-289
-202
-69
71
219
352
437
527
591
649
737
806
887
938
1019
1119
1168
1165
1181
1168
1191
1135
1070
1021
979
949
904
863
765
637
478
379
299
216
157
73
-28
-90
-195
-321
-451
-528
-625
-723
-790
-847
-917
-1028
-1110
-1150
-1166
-1189
-1212
-1207
-1126
-1046
-983
-964
-945
-950
-911
-823
-711
-638
-549
-441
-330
-247
-162
-45
50
155
274
438
563
693
724
780
821
878
945
998
1009
980
999
993
1030
1035
1026
972
932
909
877
803
743
699
667
628
585
492
356
249
143
-3
-99
-131
-205
-270
-345
-384
-454
-523
-569
-615
-739
-831
-822
-858
-913
-960
-942
-918
-894
-860
-770
-701
-664
-655
-668
-624
-554
-479
-395
-297
-200
-131
-96
-12
77
163
233
314
381
414
425
483
539
567
594
603
642
655
673
678
678
659
685
672
621
596
601
597
558
484
400
322
236
174
101
34
-34
-88
-121
-173
-238
-251
-272
-306
-335
-377
-444
-512
-571
-613
-639
-664
-691
-728
-744
-727
-665
-596
-569
-541
-463
-426
-407
-395
-369
-360
-323
-256
-147
-69
-22
-1
76
131
122
143
205
292
332
360
378
438
452
456
492
559
570
559
551
545
501
446
413
441
454
416
410
388
360
255
226
236
208
145
96
88
31
-17
-36
-37
-74
-130
-182
-188
-215
-295
-357
-362
-361
-389
-421
-383
-350
-346
-355
-334
-315
-303
-275
-236
-178
-165
-172
-168
-157
-149
-126
-104
-72
-40
-15
3
58
97
105
137
168
183
190
196
211
231
219
210
195
211
193
158
131
124
134
137
157
191
219
188
161
136
124
119
114
90
63
20
-18
-24
-32
-39
-67
-65
-24
5
-4
1
-3
28
21
-11
-16
-12
-14
-25
-15
4
-6
-61
-73
-95
-93
-94
-97
-94
-111
-132
-150
-159
-135
-139
-143
-134
-131
-168
-244
-300
-317
-325
-317
-300
-274
-234
-205
-188
-181
-169
-189
-193
-163
-130
-99
-89
-73
-53
-59
-34
-13
17
50
66
110
166
166
153
179
234
264
270
288
297
290
272
251
308
319
314
340
354
360
344
352
352
325
281
275
247
187
145
136
139
106
51
28
16
5
-39
-93
-121
-151
-202
-224
-247
-273
-317
-357
-355
-343
-371
-400
-360
-368
-372
-367
-346
-337
-336
-307
-275
-210
-191
-177
-147
-128
-116
-116
-106
-33
24
73
112
134
137
184
240
313
388
420
471
504
493
472
461
468
508
510
514
541
556
541
509
473
442
394
344
277
210
142
90
72
25
-7
-67
-129
-176
-235
-301
-357
-390
-414
-444
-490
-528
-568
-631
-693
-698
-685
-673
-698
-677
-644
-625
-612
-581
-528
-528
-508
-460
-398
-387
-354
-266
-184
-140
-105
-35
57
93
133
242
352
396
420
474
523
554
600
677
732
746
709
687
670
666
642
617
643
635
582
553
525
494
429
340
299
251
171
77
25
-50
-134
-196
-231
-290
-351
-383
-403
-430
-479
-546
-574
-614
-673
-702
-701
-699
-709
-697
-728
-764
-748
-691
-620
-544
-465
-410
-357
-322
-300
-238
-155
-48
20
83
167
258
313
384
449
533
591
649
702
776
829
866
899
861
802
769
766
751
762
772
769
732
676
610
563
506
450
399
325
228
129
67
8
-73
-164
-254
-340
-420
-483
-544
-588
-633
-673
-712
-751
-784
-829
-872
-907
-920
-919
-903
-899
-871
-869
-849
-816
-739
-660
-570
-473
-391
-290
-236
-187
-140
-62
-4
54
159
270
367
425
530
608
677
734
762
818
893
917
921
946
932
894
858
844
849
815
770
721
656
582
530
506
446
365
274
210
142
28
-69
-156
-252
-335
-396
-461
-534
-644
-728
-792
-842
-852
-832
-852
-909
-929
-953
-978
-1010
-997
-937
-882
-838
-792
-720
-679
-648
-570
-458
-337
-260
-190
-103
-25
41
130
248
356
429
487
549
609
664
709
769
826
861
895
934
976
995
978
968
999
994
946
888
827
779
700
629
571
538
450
340
257
201
155
64
3
-65
-122
-223
-365
-448
-528
-625
-709
-723
-732
-768
-814
-815
-828
-858
-892
-899
-865
-853
-832
-769
-718
-696
-660
-585
-527
-485
-429
-341
-241
-152
-64
26
123
198
241
304
364
410
457
515
585
634
643
667
747
755
751
748
765
759
734
709
673
640
590
525
468
427
367
300
274
214
131
29
-34
-105
-199
-253
-289
-334
-396
-439
-469
-473
-506
-564
-629
-683
-725
-769
-801
-803
-810
-791
-761
-707
-671
-645
-591
-523
-471
-439
-375
-321
-268
-245
-203
-122
-52
1
70
134
202
268
361
448
511
553
604
628
615
601
583
598
573
558
557
562
561
540
545
547
525
493
485
463
418
354
304
275
197
125
79
55
0
-58
-97
-112
-150
-211
-249
-253
-267
-289
-315
-326
-321
-333
-360
-362
-347
-342
-342
-354
-338
-335
-327
-301
-253
-218
-208
-173
-153
-120
-113
-106
-75
-49
7
37
99
106
117
106
110
148
180
214
230
235
222
216
217
238
240
230
216
202
182
168
159
159
143
114
96
104
93
70
38
17
8
-32
-34
-45
-93
-147
-167
-173
-168
-197
-185
-154
-159
-189
-197
-205
-228
-208
-226
-204
-185
-186
-168
-162
-152
-153
-121
-93
-84
-107
-110
-89
-76
-51
-21
5
17
41
65
76
89
91
90
106
113
104
122
125
105
81
85
80
80
84
77
84
90
80
78
55
34
28
39
23
25
23
-3
-11
-27
-46
-79
-103
-75
-75
-87
-107
-97
-72
-72
-75
-43
-22
1
23
38
54
49
46
32
26
2
9
37
56
45
64
94
144
170
168
186
203
204
146
143
145
138
141
145
168
165
140
114
96
72
29
2
13
15
-11
-4
24
23
-5
-9
-21
-78
-144
-196
-198
-181
-191
-217
-200
-176
-196
-205
-179
-169
-200
-212
-186
-141
-122
-125
-100
-74
-51
-26
-8
-1
-8
-9
-6
30
66
69
82
111
138
157
165
196
190
167
129
131
156
172
163
151
149
145
134
131
129
127
139
121
77
36
-16
-75
-117
-127
-138
-141
-118
-132
-147
-188
-202
-225
-238
-238
-248
-240
-240
-237
-226
-220
-218
-215
-211
-196
-180
-167
-140
-114
-89
-71
-68
-57
-22
-21
-6
18
53
97
123
147
154
172
197
210
197
236
273
278
291
293
302
294
277
298
295
286
258
253
244
207
176
151
137
104
84
58
27
-17
-54
-93
-82
-94
-125
-147
-167
-178
-197
-207
-228
-248
-269
-271
-250
-266
-265
-279
-276
-261
-243
-222
-204
-216
-216
-182
-162
-127
-107
-80
-41
-20
11
51
76
88
90
117
153
162
191
237
274
280
256
277
281
262
269
295
301
277
254
264
276
269
264
269
260
222
167
130
108
67
27
13
1
-12
-41
-86
-104
-110
-159
-192
-206
-232
-287
-305
-290
-318
-345
-376
-370
-379
-365
-356
-336
-311
-305
-308
-286
-242
-206
-167
-154
-148
-152
-147
-135
-101
-57
-13
10
32
70
95
96
112
153
206
237
273
310
331
325
285
310
311
289
256
275
280
263
229
231
245
234
243
241
236
188
156
116
118
97
96
79
39
-6
-69
-101
-137
-150
-183
-195
-197
-209
-245
-246
-264
-309
-338
-346
-340
-341
-346
-323
-300
-299
-297
-280
-216
-213
-206
-176
-132
-119
-115
-75
-8
29
62
105
119
122
98
102
135
173
223
258
282
326
334
329
318
317
325
329
347
347
328
304
281
246
212
200
225
233
236
209
181
133
95
45
14
-28
-45
-67
-107
-136
-173
-175
-201
-219
-247
-261
-298
-337
-369
-382
-384
-380
-369
-326
-286
-266
-250
-244
-234
-240
-221
-202
-175
-146
-119
-102
-79
-40
-36
7
50
93
108
131
152
172
200
241
273
279
278
254
243
251
247
258
276
284
278
254
235
192
183
166
161
159
131
86
31
-16
-56
-76
-70
-58
-71
-98
-128
-172
-212
-226
-224
-221
-220
-225
-249
-284
-313
-340
-322
-292
-242
-262
-260
-262
-250
-263
-261
-226
-189
-155
-121
-77
-53
-21
15
79
110
152
180
219
213
209
196
206
232
264
333
367
388
350
330
316
294
297
317
335
331
308
305
292
284
243
211
167
108
69
30
14
-9
3
-16
-47
-78
-103
-131
-146
-167
-202
-211
-228
-223
-269
-272
-286
-293
-333
-327
-308
-317
-331
-323
-283
-265
-250
-254
-209
-175
-157
-136
-86
-57
-28
-37
-20
-19
-19
-14
11
59
85
119
142
153
141
179
194
216
225
255
270
254
285
294
286
262
254
259
235
214
192
173
134
84
69
69
59
63
56
56
34
-19
-54
-66
-69
-100
-123
-156
-182
-233
-281
-281
-259
-262
-289
-282
-278
-264
-252
-230
-189
-185
-181
-196
-179
-166
-182
-145
-90
-42
-27
1
12
30
38
50
63
81
135
133
164
191
179
203
218
232
258
271
249
241
252
254
245
222
216
197
173
168
181
180
156
128
110
97
34
3
-7
-11
-33
-71
-79
-88
-127
-171
-183
-194
-232
-275
-271
-273
-264
-263
-224
-221
-221
-251
-255
-245
-221
-208
-189
-155
-159
-168
-146
-93
-79
-51
-32
29
28
32
30
74
111
124
147
170
181
180
203
235
256
253
271
243
248
248
244
239
243
226
214
202
179
171
162
148
116
92
49
15
-7
-13
-26
-48
-85
-140
-170
-202
-206
-205
-202
-208
-226
-222
-216
-222
-244
-234
-226
-214
-205
-191
-163
-168
-166
-145
-125
-103
-101
-109
-90
-75
-63
-26
3
33
48
79
109
129
151
186
211
228
238
242
251
251
268
283
276
258
244
229
247
258
281
301
289
247
195
159
128
96
50
2
-36
-68
-97
-108
-126
-139
-165
-204
-242
-270
-302
-318
-324
-326
-334
-330
-334
-316
-307
-315
-301
-309
-303
-307
-314
-289
-266
-263
-236
-181
-118
-71
-5
54
107
151
179
201
207
202
194
227
258
294
306
316
321
299
295
323
365
386
387
384
394
367
334
296
291
254
202
160
136
96
63
37
27
18
-38
-85
-108
-131
-197
-244
-271
-257
-311
-330
-329
-327
-378
-419
-430
-414
-420
-416
-349
-314
-308
-326
-315
-299
-262
-255
-193
-135
-131
-114
-65
-11
9
54
101
118
128
143
172
216
221
233
258
299
308
311
326
363
368
357
350
349
339
293
290
305
318
289
268
245
229
203
157
137
127
92
44
15
-2
-42
-87
-111
-135
-146
-181
-208
-231
-257
-280
-321
-328
-330
-319
-332
-327
-325
-310
-287
-292
-273
-259
-263
-252
-234
-219
-209
-187
-153
-121
-71
-26
19
21
31
42
51
59
81
108
143
175
196
239
253
256
247
253
249
223
214
212
214
239
228
224
240
237
209
196
183
146
122
91
79
74
68
24
5
-18
-46
-82
-91
-91
-123
-146
-181
-184
-192
-186
-200
-198
-212
-219
-211
-227
-208
-194
-176
-177
-178
-170
-173
-189
-174
-137
-95
-88
-70
-41
-25
-16
-9
20
52
79
89
119
148
153
147
168
205
227
212
215
236
238
246
252
274
285
287
263
244
245
202
170
151
158
138
122
87
83
55
39
14
-27
-52
-83
-99
-127
-119
-133
-165
-182
-204
-220
-223
-231
-235
-238
-223
-228
-216
-230
-233
-250
-248
-265
-253
-221
-167
-134
-118
-93
-66
-61
-75
-80
-64
-60
-56
-46
-37
13
25
31
17
57
67
84
105
126
140
136
125
121
142
129
135
144
162
158
174
176
161
156
150
136
103
100
79
52
33
20
0
-13
-23
-9
-27
-37
-39
-47
-53
-74
-89
-98
-81
-101
-103
-98
-86
-76
-72
-59
-44
-46
-66
-89
-81
-71
-67
-28
16
42
32
46
44
31
14
5
27
20
38
33
65
54
41
38
68
92
98
116
120
130
131
101
76
75
68
93
96
116
104
90
73
54
26
14
8
16
22
23
22
19
5
12
16
20
22
-6
-32
-28
-34
-34
-26
-30
-17
-44
-76
-82
-76
-83
-78
-62
-48
-53
-65
-62
-54
-51
-61
-75
-81
-77
-101
-113
-105
-103
-108
-107
-93
-72
-69
-66
-61
-58
-54
-82
-101
-98
-80
-88
-91
-74
-56
-48
-45
-35
-18
-23
-17
-10
-17
-24
-26
-31
-6
17
44
42
37
45
56
65
75
113
115
94
94
90
76
64
77
80
71
67
38
42
38
55
31
14
16
-8
-31
-21
3
-5
-9
-3
4
-7
5
-5
-9
-4
-1
-3
-7
-12
-18
-17
-6
30
36
56
51
63
54
43
66
80
88
97
119
96
90
88
99
117
128
107
113
122
107
99
92
107
101
94
96
95
96
61
64
48
25
2
8
22
0
-7
-7
-26
-57
-73
-82
-90
-111
-117
-118
-119
-121
-126
-136
-123
-122
-137
-152
-156
-177
-193
-177
-156
-139
-148
-139
-137
-133
-137
-118
-99
-102
-96
-72
-50
-47
-39
-18
-5
10
9
3
32
50
49
54
54
55
65
79
91
96
99
100
124
144
163
135
93
71
49
56
76
86
90
63
31
12
-6
-3
-14
-13
1
-13
-23
-51
-53
-66
-75
-69
-55
-66
-90
-94
-103
-136
-144
-127
-118
-111
-123
-109
-88
-83
-92
-82
-75
-62
-69
-48
-13
-1
7
5
26
38
28
21
40
52
75
64
91
130
137
103
103
114
114
101
110
131
122
109
100
110
119
120
122
122
137
140
119
124
146
142
123
119
105
82
55
23
18
13
3
5
28
17
-10
-8
0
7
-28
-31
-33
-69
-111
-121
-91
-93
-99
-97
-75
-74
-103
-120
-120
-135
-144
-134
-100
-69
-51
-60
-22
7
-13
-36
-30
-18
-44
-82
-73
-55
-62
-62
-30
23
31
33
22
22
13
12
31
68
78
68
60
62
47
17
10
34
46
52
54
55
52
28
2
3
10
3
-13
-33
-35
-32
-31
-51
-53
-60
-72
-70
-60
-32
-23
-48
-57
-58
-47
-54
-45
-54
-70
-78
-81
-84
-72
-50
-54
-41
-31
-17
-35
-34
-22
-17
-13
-12
-7
-7
-10
-18
-9
13
17
32
49
56
53
64
88
87
78
79
91
72
50
65
85
86
87
102
127
103
80
73
64
58
46
54
71
63
43
13
11
1
-31
-36
-28
-47
-95
-94
-63
-51
-58
-49
-19
-8
-41
-36
-13
-17
-30
-35
-22
-19
-31
-27
-13
6
-7
5
20
21
16
-8
-15
-2
13
33
45
64
66
53
37
36
56
23
3
-6
-23
-41
-30
-21
20
43
50
50
50
65
44
50
45
48
23
8
-1
-1
-13
-24
-13
-5
-14
-29
-28
-37
-48
-91
-74
-64
-74
-76
-70
-59
-71
-69
-58
-55
-58
-44
-22
-4
-11
-17
-16
-2
-2
7
6
13
-16
-51
-61
-38
-22
-29
5
16
14
-10
-7
-9
3
-4
0
7
-10
-7
1
27
43
45
46
40
51
42
31
36
27
3
8
5
-9
0
-21
-10
-18
-36
-46
-31
-13
-17
-37
-37
-26
-30
-41
-23
-3
8
-8
-23
-25
-9
-4
-22
1
31
34
31
62
86
85
66
56
57
53
49
60
72
71
55
33
39
59
67
89
97
79
74
35
14
19
14
25
48
24
-3
-21
-24
-21
-12
1
19
10
-19
-29
-43
-55
-44
-32
-28
-26
-25
-47
-59
-43
-50
-58
-54
-43
-58
-37
-30
-43
-19
-19
-2
4
19
9
-7
-3
-24
-32
1
35
43
58
68
63
52
52
49
64
62
75
73
61
55
53
36
18
8
-1
1
-10
-24
-33
-36
-54
-53
-45
-24
-44
-58
-62
-67
-96
-113
-103
-113
-147
-172
-158
-140
-135
-131
-103
-95
-111
-105
-90
-71
-76
-95
-96
-91
-97
-105
-68
-30
-17
-26
-16
15
15
24
49
66
77
63
54
71
68
58
61
90
103
79
86
103
96
83
90
118
115
111
118
140
152
143
145
135
111
101
84
74
62
49
48
49
55
47
49
46
24
19
10
6
25
12
23
10
9
-10
-21
-30
-36
-44
-70
-69
-71
-61
-68
-40
-52
-54
-47
-29
-3
0
1
4
-2
1
12
10
29
43
62
66
80
73
53
22
14
30
20
26
40
39
41
34
43
24
15
4
-27
-43
-37
-62
-68
-37
-26
-28
-49
-65
-80
-92
-105
-112
-83
-71
-86
-93
-91
-87
-94
-104
-113
-104
-133
-149
-155
-163
-133
-108
-111
-89
-65
-76
-70
-59
-47
-36
-13
-15
3
9
0
4
-11
-20
-10
8
30
53
70
84
91
93
97
87
98
94
86
79
86
87
64
66
82
84
72
57
45
42
42
43
49
56
39
38
22
28
3
-8
-22
-18
-15
-4
6
-1
-4
-30
-41
-52
-42
-24
-20
-19
-6
-15
-21
-32
-9
-3
5
3
1
9
-3
-2
15
38
50
52
64
59
57
47
51
62
68
91
103
120
136
123
116
105
92
83
75
97
103
93
63
61
35
13
12
1
-14
-22
-28
-42
-52
-45
-29
-48
-41
-55
-59
-68
-99
-131
-140
-147
-143
-125
-116
-87
-95
-118
-108
-86
-82
-101
-78
-65
-70
-72
-71
-48
-57
-68
-63
-21
-14
-10
2
30
44
26
8
24
57
62
68
84
105
76
59
75
85
91
89
88
80
48
20
20
36
54
27
7
2
-4
-14
-20
-9
-7
-17
-42
-45
-58
-72
-79
-65
-53
-56
-68
-69
-54
-47
-48
-40
-35
-43
-48
-55
-62
-57
-65
-73
-54
-49
-37
-31
-9
-7
-10
-33
-27
-19
-6
-4
9
16
11
8
24
43
37
58
60
66
54
50
47
46
57
55
64
81
91
71
69
69
57
43
24
24
20
21
33
51
44
36
25
45
49
47
54
49
43
35
19
0
16
5
18
34
18
12
-11
-12
-11
-10
-12
-14
-12
-11
-29
-42
-44
-40
-41
-35
-28
-30
-18
-20
-19
-23
-18
6
13
18
20
8
-1
10
7
6
19
23
23
32
35
33
17
8
-8
-2
1
-24
-36
-38
-38
-51
-44
-27
-13
-20
-29
-33
-36
-61
-86
-78
-68
-39
-40
-43
-49
-66
-67
-39
6
10
-7
-27
-50
-82
-100
-103
-94
-66
-59
-59
-41
-18
-29
-14
-13
-16
-41
-23
-25
-7
1
17
26
32
37
35
53
44
57
52
49
55
68
66
82
87
99
102
96
98
93
66
56
60
65
52
51
47
47
38
38
56
50
21
5
8
22
5
20
29
31
19
-16
-21
-35
-52
-58
-48
-20
-16
-26
-25
-23
-18
-19
-10
7
20
17
5
22
13
-16
-11
9
17
8
-7
9
18
4
10
23
44
31
33
28
49
39
24
27
37
14
-18
-5
5
0
-1
5
6
-8
-15
-4
11
2
-9
-11
-32
-27
-41
-50
-47
-58
-68
-73
-76
-74
-66
-58
-50
-57
-50
-33
-42
-57
-56
-42
-58
-61
-57
-38
-45
-59
-48
-23
-7
-14
-21
-11
-27
-52
-60
-48
-38
-37
-24
-7
3
11
24
41
44
50
48
54
41
29
32
20
5
3
18
30
39
48
59
58
52
46
47
36
17
8
14
15
13
17
0
-1
-13
-22
-28
-31
-39
-35
-19
-20
9
13
33
29
12
26
2
-32
-46
-35
-43
-44
-51
-45
-36
-28
-13
24
34
40
34
25
31
5
3
25
46
53
55
65
58
36
28
28
36
14
6
12
56
54
48
53
50
52
48
62
59
72
64
55
44
39
25
16
14
14
10
6
4
-2
6
15
24
20
26
4
-20
-25
-27
-18
-19
-24
-38
-56
-74
-85
-81
-54
-44
-36
-24
-24
-44
-65
-74
-89
-92
-90
-66
-49
-41
-33
-20
-12
-17
-19
-9
-12
-1
-13
-15
-4
0
-4
5
23
29
32
35
35
24
20
13
6
21
22
14
2
-9
-20
-30
-21
-8
17
0
11
12
15
7
-7
-21
-41
-57
-56
-33
-25
-6
-7
-26
-33
-27
-36
-17
-7
-4
-28
-39
-30
-24
-25
-23
11
11
1
-17
1
8
-1
-4
9
26
5
-5
-12
12
24
27
55
79
61
47
52
74
71
66
50
37
41
14
25
19
29
32
45
52
74
73
77
68
49
24
19
-9
-3
1
-26
-36
-55
-49
-57
-47
-36
-10
4
15
4
9
11
-4
-27
-44
-48
-47
-57
-48
-31
-37
-30
-29
-18
-22
-24
-22
-22
-29
-27
-14
-3
12
7
8
5
4
-6
15
21
35
19
29
35
42
31
35
54
50
54
52
61
45
35
22
24
13
15
11
18
17
14
5
9
8
-3
4
12
15
14
4
-6
-23
-19
-32
-31
-29
-31
-50
-47
-40
-36
-34
-47
-47
-62
-58
-74
-69
-66
-65
-59
-51
-53
-41
-35
-29
-18
-7
-19
-34
-24
-21
-12
-8
-5
-6
-7
-12
-7
9
18
15
29
32
26
15
16
34
37
44
31
26
23
4
-12
-8
12
26
34
35
33
23
13
14
10
4
10
2
12
9
10
5
8
2
6
8
-2
-9
-25
-22
-21
-3
17
20
20
14
10
14
17
35
47
58
53
48
31
19
11
26
41
42
45
40
39
21
19
22
24
17
1
8
