SAMPLES:	8685
BITSPERSAMPLE:	16
CHANNELS:	1
SAMPLERATE:	16000
NORMALIZED:	FALSE
1
-4
-12
-14
-15
-15
-12
-7
-5
-1
2
4
-3
-7
-8
-11
-9
-12
-13
-14
-15
-14
-11
-8
-3
2
5
5
3
3
4
6
8
7
8
5
4
3
2
2
2
5
7
9
11
11
14
17
15
18
23
24
25
20
11
2
-7
-12
-11
-3
1
7
10
6
4
1
0
1
2
2
0
-5
-10
-16
-16
-14
-11
-7
-7
-4
-8
-9
-9
-6
-5
-6
-4
-1
-3
-3
-7
-11
-13
-8
-2
3
3
-3
-10
-12
-10
-6
3
4
6
6
-1
-7
-14
-12
-9
-6
3
7
8
8
5
6
6
11
9
10
14
7
-1
-6
-11
-14
-9
-1
0
-2
-6
-11
-16
-22
-26
-24
-25
-29
-27
-29
-27
-20
-20
-20
-20
-22
-21
-20
-23
-23
-20
-16
-11
-2
3
2
-2
-1
-3
-5
-1
-1
2
7
-2
-10
-10
-7
-12
-40
67
198
177
63
2
75
145
222
298
182
-8
-101
11
231
243
107
-59
-116
-50
9
58
33
-76
-187
-187
-65
-24
-79
-111
-154
-145
-120
-60
5
6
-40
-102
-78
-1
55
86
71
21
-15
-6
83
108
75
7
-43
-35
-12
11
-1
-43
-94
-134
-117
-76
-66
-71
-85
-93
-107
-85
-43
-13
2
-7
-11
12
32
60
73
71
65
60
84
97
98
72
32
13
15
40
42
22
2
-38
-55
-36
-17
-10
-27
-32
-36
-17
10
25
20
16
5
59
185
182
99
20
51
116
115
141
76
-89
-153
-116
21
23
-99
-180
-214
-142
-104
-123
-143
-211
-244
-205
-118
-88
-159
-217
-218
-190
-104
-40
16
-88
-4
413
521
322
105
195
417
536
773
673
165
-197
-128
466
702
378
-55
-341
-230
-65
73
72
-191
-516
-666
-389
-111
-221
-332
-421
-447
-346
-199
37
60
-45
-203
-189
52
242
305
271
129
43
47
251
396
290
118
-70
-70
-25
69
82
-54
-210
-326
-315
-177
-130
-149
-220
-237
-225
-181
-69
-13
58
57
75
156
223
271
282
251
240
229
248
282
294
275
147
129
347
544
350
-142
-366
-222
-7
149
87
-371
-940
-1043
-543
32
108
-322
-686
-691
-369
-56
57
-19
-249
-354
-127
198
247
87
-72
-67
16
203
368
415
921
1254
702
120
330
1072
1463
1524
1244
174
-651
-489
543
1267
611
-464
-1051
-766
-202
-28
-184
-619
-1162
-1325
-867
-216
-323
-799
-987
-964
-675
-376
-31
107
-102
-385
-406
73
601
676
531
251
24
-37
210
555
474
91
-294
-371
-158
-14
66
-127
-391
-248
-228
-152
-198
-214
-150
-280
-145
-54
-239
-284
-242
137
255
50
104
177
367
426
234
29
-90
-65
24
50
-188
-680
-826
-619
-246
-208
-476
-555
-607
-369
162
1052
1371
702
14
179
1011
1782
2166
1954
949
129
293
1349
2191
1731
814
30
-70
298
570
466
-195
-1051
-1488
-1292
-723
-615
-941
-1289
-1617
-1514
-1103
-507
-279
-484
-851
-967
-505
141
424
408
63
-120
10
436
708
635
343
201
598
570
328
34
-107
-54
-104
70
-271
-1079
-1266
-1155
-444
-210
-616
-808
-1101
-786
-311
-160
-23
-169
-289
-212
2
143
-102
-177
-175
-113
39
-140
-167
-372
-267
-145
208
1806
2170
899
-225
143
1746
2587
3108
2409
93
-1079
-427
1959
3168
1621
-481
-1609
-771
392
876
668
-675
-1821
-2098
-1126
-134
-711
-1451
-1842
-1874
-1235
-643
21
-90
-481
-731
-642
145
739
983
1066
450
615
1229
1238
917
311
517
372
189
458
-223
-1250
-1765
-1450
-726
-1201
-1683
-1972
-1954
-1514
-1379
-1200
-1098
-980
-945
-770
-337
-331
-367
46
273
356
264
460
877
986
1119
464
1253
3056
3063
1789
949
1619
2188
2686
3777
2637
216
-1108
-123
2314
2519
955
-877
-1377
-476
53
378
-1
-1089
-1935
-1747
-350
-105
-984
-1484
-1864
-1628
-1218
-656
-264
-564
-1063
-1618
-1116
151
757
647
238
-138
-273
18
812
956
620
-39
-560
-459
-255
-136
-298
-487
-919
-1522
-1490
-1111
-1014
-1088
-1438
-1552
-1675
-1326
-818
-715
-638
-683
-665
-311
133
441
424
474
363
1210
3249
3711
2347
889
1218
2210
3202
4364
3510
774
-1105
-547
2023
3032
1666
-586
-2024
-1523
-639
118
83
-1192
-2674
-2919
-1510
-415
-909
-1523
-1990
-1886
-1233
-417
316
177
-448
-1217
-907
403
1153
1147
735
144
-111
281
1269
1384
562
-241
-605
-313
47
-98
-780
-1341
-1557
-1742
-1514
-1088
-1106
-1374
-1534
-1414
-1386
-1045
-585
-365
-287
-332
-451
-130
424
1936
3115
2691
1382
833
2039
3287
4174
4275
2637
536
-299
1137
3221
2969
1250
-619
-1236
-647
84
507
-224
-1622
-2784
-2594
-1121
-593
-1397
-2308
-2736
-2395
-1650
-530
-87
-569
-1232
-1455
-603
599
1265
1141
678
521
545
766
1354
1446
888
99
-138
-39
-42
-197
-632
-1205
-1607
-1597
-1375
-1349
-1544
-1798
-1861
-1654
-1541
-1244
-1046
-921
-936
63
1814
2343
1457
794
1425
2544
3618
4515
3992
2166
793
1232
2971
3514
2367
640
-293
-176
72
90
-563
-1693
-2637
-2808
-2056
-1752
-2438
-2961
-3083
-2880
-2535
-2072
-1620
-1636
-1863
-1859
-1208
-153
523
693
567
404
647
1281
1964
1861
1211
773
813
1222
1258
905
397
-97
-431
-590
-555
-550
-656
-873
-966
-1053
-1141
-950
-553
-554
-467
689
1580
1338
667
782
1695
2486
3314
3580
2658
1455
1076
2177
3313
2899
1652
667
575
619
495
209
-481
-1197
-1629
-1650
-1590
-2073
-2557
-2587
-2464
-2452
-2618
-2235
-1764
-1646
-1879
-1927
-1375
-655
-133
134
-133
-320
58
671
1121
937
585
241
278
498
440
80
-295
-554
-617
-632
-781
-1028
-1043
-902
-900
-880
-873
-816
-833
-548
735
1797
1553
739
629
1598
2437
3338
3915
3037
1452
719
1895
3481
3339
1989
624
224
367
621
690
-119
-1316
-2193
-2050
-1276
-1342
-2259
-3007
-3181
-2791
-2263
-1577
-1344
-1677
-2168
-2209
-1226
17
564
463
36
-42
368
1192
1909
1652
921
356
534
979
956
457
-244
-796
-1018
-999
-909
-993
-1385
-1741
-1882
-1782
-1620
-1330
-1298
-943
452
1327
998
497
889
1814
2610
3584
3849
2752
1534
1438
2827
3842
3332
2095
1144
1163
1351
1230
795
-229
-1139
-1439
-1020
-763
-1567
-2567
-2924
-2683
-2244
-2018
-1960
-2072
-2125
-2107
-1799
-1061
-534
-308
-225
-271
-164
254
1026
1476
1276
818
358
490
1023
1102
602
-26
-423
-569
-410
-387
-778
-1208
-1410
-1182
-872
-808
-1148
-1459
-311
1156
1145
275
-4
719
1631
2760
3451
2439
931
403
1644
3253
3174
1751
535
514
1067
1319
1072
175
-1015
-1654
-1259
-562
-973
-2030
-2753
-2902
-2521
-1930
-1579
-1690
-2081
-2330
-2093
-1201
-366
-107
-139
-421
-477
33
846
1292
983
515
293
471
971
1199
718
-32
-389
-299
24
89
-350
-862
-1046
-853
-616
-520
-601
-1037
-572
1074
1812
926
-35
554
1525
2440
3416
3172
1657
305
563
2314
3291
2388
684
33
723
1071
1026
606
-315
-1354
-1509
-632
-323
-1042
-2069
-2827
-2623
-2080
-1736
-1579
-1949
-2415
-2694
-1962
-763
-313
-456
-506
-549
-415
196
1014
1233
764
278
210
589
952
813
77
-414
-502
-459
-194
-171
-414
-705
-820
-560
-595
-585
-761
-352
1115
1815
1150
34
273
1396
2321
3304
3081
1615
409
440
2113
3290
2692
985
-141
357
1155
1442
919
-323
-1428
-1724
-826
-30
-583
-1811
-2790
-2673
-1790
-1039
-968
-1605
-2101
-2275
-1758
-609
-79
-188
-588
-832
-580
170
881
785
446
206
20
124
337
585
225
-409
-589
-549
-280
-158
-286
-638
-908
-681
-558
-473
-584
-177
1262
1890
1137
85
338
1597
2648
3585
3247
1707
424
706
2623
3578
2724
1012
33
364
866
1038
530
-622
-1737
-2165
-1502
-866
-1354
-2318
-3114
-3238
-2748
-1963
-1525
-1817
-2281
-2710
-2271
-1149
-359
-188
-578
-833
-554
110
956
1174
711
232
235
670
964
976
511
-107
-338
-292
-47
-221
-616
-816
-811
-571
-468
-417
-660
84
1591
1982
1131
253
638
1847
3094
3966
3271
1634
664
1406
3291
3824
2683
1059
395
895
1349
1375
726
-491
-1588
-1695
-840
-593
-1479
-2460
-3023
-3025
-2518
-1772
-1484
-1985
-2716
-2937
-2105
-910
-465
-668
-1005
-1084
-767
69
866
725
58
-287
-98
318
531
381
-37
-414
-480
-226
95
0
-339
-575
-371
-212
-159
-222
229
1395
1925
1420
653
846
1641
2489
3520
3382
1860
551
784
2427
3155
2369
1093
292
443
891
1154
673
-515
-1541
-1774
-1097
-496
-1032
-2011
-2696
-2781
-2324
-1580
-1144
-1592
-2255
-2589
-2096
-980
-353
-468
-1043
-1444
-1130
-222
723
758
0
-809
-888
-267
362
389
-239
-1012
-1251
-983
-429
-172
-510
-1132
-1359
-810
-147
60
-109
522
1450
1592
1202
1279
1912
2437
3073
3710
3223
1899
1144
1947
3237
3050
1889
944
856
1070
1064
922
380
-601
-1467
-1442
-822
-792
-1605
-2359
-2735
-2520
-1924
-1422
-1404
-1843
-2219
-2167
-1283
-205
159
-93
-395
-379
88
816
1293
976
302
-30
43
303
410
153
-389
-989
-1394
-1439
-951
-638
-888
-1356
-1662
-1452
-1103
-583
570
1285
920
7
142
1488
2524
3141
3308
2566
1526
1284
2568
3994
3599
2075
987
1010
1502
1790
1522
550
-606
-1353
-1102
-494
-798
-1738
-2556
-2898
-2859
-2460
-1804
-1833
-2599
-3192
-2947
-1848
-845
-476
-805
-1335
-1302
-628
455
1128
868
211
-182
119
638
922
658
-29
-564
-766
-559
-249
-433
-987
-1367
-1430
-1176
-963
-506
533
1099
576
-219
19
1140
2020
2859
3181
2256
1072
1066
2566
3826
3386
1943
1111
1413
1899
1961
1498
612
-298
-739
-377
41
-529
-1654
-2325
-2368
-2201
-2110
-1877
-1826
-2157
-2564
-2558
-1919
-1085
-791
-859
-1120
-1237
-832
5
588
469
-40
-332
-135
313
534
391
67
-270
-435
-362
-133
-112
-366
-652
-760
-813
-889
-331
1074
1482
601
-433
-161
1193
2265
2963
2709
1455
344
666
2594
3770
2867
1179
359
991
1785
2068
1536
390
-542
-689
87
551
-76
-1296
-2082
-1925
-1306
-929
-904
-1357
-1925
-2296
-2035
-1138
-536
-485
-851
-1175
-1034
-510
67
201
-26
-272
-483
-305
19
102
-246
-649
-772
-809
-583
-434
-659
-810
-772
-697
-697
-685
175
1416
1591
657
-122
493
1561
2503
3294
2774
1294
173
851
2720
3405
2352
608
-143
396
1064
1349
666
-653
-1600
-1560
-611
-265
-1026
-2084
-2624
-2455
-1909
-1284
-1024
-1451
-2088
-2335
-1738
-806
-260
-232
-529
-779
-761
-282
451
593
236
-190
-329
-98
151
291
-41
-527
-820
-775
-387
-241
-545
-802
-828
-664
-519
-310
731
1642
1553
710
369
1310
2349
3309
3673
2824
1653
1021
2042
3490
3553
2332
914
742
1233
1599
1367
351
-709
-1339
-1140
-487
-499
-1375
-2384
-2703
-2413
-1983
-1686
-1735
-2035
-2491
-2569
-1912
-1185
-787
-761
-976
-1006
-730
-154
229
211
8
-251
-223
-77
9
-15
-275
-520
-806
-830
-521
-348
-543
-957
-1143
-1072
-783
603
1780
1379
5
-489
777
2307
3316
3449
2345
1042
892
2353
3969
3721
2114
822
974
1707
2117
1838
717
-406
-890
-363
417
177
-1071
-2213
-2438
-1944
-1541
-1401
-1665
-2193
-2696
-2705
-1823
-1066
-1006
-1185
-1245
-1044
-753
-350
-70
-195
-356
-493
-271
5
-135
-488
-811
-697
-635
-724
-532
-467
-602
-709
-604
-506
-669
192
1595
1800
726
-182
524
1820
2872
3435
2780
1473
611
1486
3440
3981
2709
1061
712
1369
1849
1982
1133
-270
-1231
-1081
-230
-69
-961
-2152
-2753
-2442
-1744
-1110
-1111
-1902
-2588
-2516
-1565
-695
-629
-1063
-1362
-1191
-664
-168
-34
-388
-633
-557
-184
68
-212
-621
-863
-870
-890
-899
-813
-821
-963
-1002
-1012
-897
-914
-214
1268
1837
1112
57
453
1846
2968
3613
3257
1899
742
1295
3272
4260
3144
1300
695
1350
2033
2298
1710
416
-807
-959
-69
411
-335
-1708
-2502
-2394
-1869
-1276
-939
-1316
-2076
-2460
-1851
-822
-300
-469
-881
-1029
-859
-303
247
164
-441
-853
-731
-269
-79
-380
-867
-1222
-1358
-1323
-1053
-1019
-1319
-1445
-1357
-1303
-1448
-985
614
1491
855
-277
-162
1213
2598
3624
3480
2048
656
989
3119
4608
3767
1687
528
1147
2180
2718
2151
604
-847
-1087
-129
626
-30
-1692
-2740
-2659
-2005
-1417
-1203
-1672
-2510
-2976
-2384
-1270
-801
-1002
-1357
-1458
-1100
-406
156
47
-555
-813
-560
14
157
-278
-825
-1111
-1046
-945
-811
-970
-1285
-1198
-1106
-981
-1170
-793
790
1653
1124
-55
-105
1034
2309
3610
3545
1985
553
889
3113
4505
3806
2034
992
1413
2237
2832
2439
1020
-365
-722
216
926
281
-1102
-2136
-2163
-1633
-1056
-870
-1559
-2397
-2686
-2052
-1103
-822
-1018
-1415
-1507
-1043
-302
241
-20
-595
-757
-469
27
50
-392
-889
-1125
-987
-872
-726
-793
-1136
-1210
-1178
-978
-1102
-889
473
1309
838
-246
-309
738
1872
3179
3354
2060
533
508
2555
4093
3574
1897
820
1118
1892
2518
2210
875
-458
-851
43
796
248
-1102
-2178
-2292
-1691
-1059
-917
-1556
-2467
-2752
-1925
-846
-648
-1043
-1448
-1410
-933
-266
206
-23
-594
-780
-453
57
45
-409
-908
-1049
-862
-730
-701
-902
-1341
-1438
-1221
-962
-1198
-985
294
1017
576
-368
-210
643
1634
2937
3206
2069
678
734
2724
4178
3657
2006
1021
1327
1975
2517
2214
950
-417
-748
183
858
255
-1025
-1964
-1983
-1502
-1013
-831
-1324
-2156
-2576
-2058
-1046
-669
-890
-1168
-1300
-1116
-443
197
151
-410
-786
-569
-9
233
-118
-694
-1019
-991
-877
-705
-848
-1253
-1399
-1346
-1128
-1276
-749
488
821
199
-588
-276
656
1757
2922
2749
1501
453
926
2987
4071
3373
1860
1124
1518
2165
2753
2312
914
-293
-329
578
1046
320
-1005
-1934
-1877
-1216
-665
-640
-1344
-2199
-2378
-1552
-575
-427
-888
-1412
-1496
-931
-95
282
-181
-758
-894
-532
131
294
-178
-832
-1033
-803
-560
-395
-770
-1197
-1175
-1036
-975
-1058
-226
714
621
-63
-450
181
986
1888
2686
2300
1124
305
1289
3196
3547
2420
1257
1147
1509
1946
2164
1531
366
-530
-320
470
578
-354
-1501
-1995
-1793
-1260
-814
-966
-1819
-2629
-2497
-1502
-759
-846
-1236
-1537
-1433
-882
-221
-43
-642
-1241
-1158
-381
154
-126
-653
-1051
-1165
-950
-469
-209
-677
-1150
-1222
-988
-787
-461
662
1234
663
-151
-24
969
1746
2486
2790
1980
985
1005
2526
3746
3340
2196
1499
1734
2196
2538
2310
1338
299
-105
398
876
408
-648
-1559
-1828
-1571
-1041
-779
-1282
-2142
-2440
-1916
-1066
-714
-1014
-1442
-1703
-1468
-814
-289
-457
-1170
-1519
-1274
-651
-328
-593
-1022
-1302
-1306
-1098
-736
-599
-992
-1409
-1577
-1391
-1133
-159
1046
935
46
-450
339
1477
2373
2943
2405
1448
1006
1810
3409
3712
2662
1587
1656
2288
2556
2582
1898
842
237
434
1014
975
138
-791
-1316
-1325
-1000
-591
-653
-1321
-1971
-1952
-1175
-597
-702
-1054
-1279
-1301
-948
-350
-112
-642
-1214
-1344
-921
-359
-496
-1069
-1398
-1421
-1427
-1347
-1092
-1189
-1483
-1575
-1594
-1553
-1037
257
814
193
-702
-653
424
1606
2415
2180
1199
543
921
2550
3664
3021
1759
1390
2107
2634
2638
2036
1020
358
313
725
851
179
-764
-1260
-1219
-1126
-1101
-939
-1065
-1624
-1974
-1536
-792
-605
-744
-983
-1132
-961
-488
-43
32
-363
-919
-985
-428
-100
-315
-671
-988
-1192
-1205
-918
-829
-1045
-1255
-1477
-1557
-1336
-203
769
452
-502
-860
70
1203
2106
2403
1613
712
567
1785
3321
3322
2255
1530
1860
2465
2684
2396
1524
676
419
860
1308
760
-408
-1112
-1095
-652
-775
-854
-819
-1570
-1851
-1629
-864
-566
-1041
-1038
-1108
-996
-570
-382
-236
-382
-793
-866
-580
-408
-629
-736
-758
-1052
-1136
-994
-1022
-1155
-1208
-1403
-1527
-1591
-1002
273
552
-240
-970
-429
599
1438
2085
1792
855
332
1119
2718
3205
2415
1623
1648
2190
2491
2550
2013
1028
494
696
1182
1062
174
-670
-905
-792
-625
-660
-816
-1111
-1496
-1497
-1079
-739
-827
-973
-967
-813
-565
-399
-363
-458
-620
-714
-713
-583
-652
-926
-1090
-1160
-1306
-1416
-1310
-1217
-1252
-1405
-1650
-1793
-1493
-306
437
103
-788
-1002
-90
844
1733
1921
1072
405
741
2178
3166
2726
1866
1574
2032
2416
2615
2299
1299
615
652
1195
1312
550
-406
-874
-623
-345
-308
-570
-1045
-1401
-1355
-842
-272
-275
-616
-848
-681
-257
42
35
-278
-445
-394
-251
-37
-94
-555
-871
-890
-780
-885
-1086
-1163
-1227
-1226
-1361
-1529
-1648
-866
157
77
-660
-1071
-550
339
1261
1671
972
153
240
1514
2939
2706
1540
1102
1790
2488
2580
2278
1430
703
605
1057
1294
664
-275
-753
-650
-367
-370
-613
-963
-1457
-1510
-1065
-614
-600
-870
-988
-881
-541
-141
76
-197
-443
-354
-289
-148
-144
-553
-884
-895
-815
-796
-929
-1093
-1219
-1231
-1300
-1485
-1603
-912
97
23
-813
-1337
-919
-148
722
1397
892
22
-88
989
2623
2823
1701
1088
1594
2363
2655
2513
1747
745
546
1118
1642
1280
214
-607
-640
-248
-9
-149
-563
-1190
-1530
-1073
-408
-323
-796
-1051
-864
-495
8
241
-63
-421
-492
-306
-88
-78
-377
-707
-686
-655
-750
-850
-954
-1117
-1150
-1180
-1477
-1736
-1281
-133
138
-541
-1263
-1193
-393
517
1227
982
43
-406
255
1925
2665
1896
1013
1083
1872
2435
2509
1933
1002
565
898
1486
1467
751
-196
-548
-273
-12
-24
-331
-832
-1292
-1122
-471
-165
-345
-634
-799
-459
-15
82
-2
-122
-238
-214
-12
111
-80
-351
-367
-335
-468
-624
-786
-841
-967
-1100
-1348
-1635
-1694
-837
-14
-293
-1180
-1590
-948
-155
614
1011
310
-565
-576
638
2020
1920
1099
690
1120
1742
2170
2165
1355
587
546
1085
1487
939
71
-448
-367
-68
120
-3
-586
-1150
-1185
-710
-248
-320
-615
-625
-367
-69
35
33
-136
-141
74
176
177
70
-116
-162
-101
-146
-349
-541
-567
-593
-570
-829
-1236
-1518
-1060
-28
105
-633
-1401
-1233
-535
188
839
524
-383
-766
-104
1404
1977
1362
643
785
1509
2001
2150
1626
819
532
853
1300
1163
475
-271
-524
-267
39
97
-302
-917
-1208
-976
-494
-288
-532
-785
-791
-552
-208
-87
-327
-479
-304
-106
-20
-1
-177
-462
-469
-284
-244
-422
-587
-699
-630
-606
-975
-1269
-1227
-292
239
-121
-828
-1166
-700
-87
596
887
125
-605
-527
655
1770
1538
855
678
1269
1943
2241
1969
1098
578
787
1304
1471
868
33
-348
-173
75
133
-122
-637
-1015
-874
-394
-196
-397
-654
-739
-562
-244
28
-32
-268
-330
-111
58
163
130
-86
-245
-179
-86
-91
-225
-421
-540
-466
-599
-853
-1025
-581
101
34
-615
-1124
-862
-423
24
477
149
-604
-790
-36
1181
1314
669
230
621
1317
1696
1647
1018
347
378
925
1285
827
-39
-555
-430
-60
152
-44
-632
-1115
-1057
-608
-244
-365
-724
-906
-770
-346
-3
31
-253
-399
-211
112
250
259
77
-185
-196
6
160
62
-220
-487
-451
-303
-402
-659
-833
-328
238
118
-552
-830
-424
-21
486
887
332
-485
-538
421
1411
1297
649
347
816
1394
1675
1473
754
277
543
1193
1408
743
-159
-580
-386
21
138
-236
-799
-1048
-841
-444
-235
-457
-828
-842
-538
-262
-103
-219
-490
-550
-299
-76
48
116
-15
-275
-309
-134
-51
-77
-248
-427
-383
-321
-394
-524
-655
-186
143
-39
-444
-627
-321
25
389
542
83
-405
-271
726
1479
1198
629
529
978
1433
1656
1392
753
443
703
1108
1162
530
-227
-509
-271
42
41
-345
-877
-1099
-878
-548
-397
-612
-938
-1002
-788
-482
-316
-428
-576
-606
-444
-218
27
46
-216
-430
-339
-52
134
13
-273
-434
-435
-394
-363
-456
-672
-277
160
136
-407
-583
-268
-11
374
562
138
-288
-134
776
1419
1121
666
654
1139
1489
1508
1214
700
395
613
1105
1085
406
-194
-327
-110
46
-34
-379
-676
-746
-669
-507
-351
-535
-822
-788
-578
-395
-252
-242
-395
-605
-543
-315
-69
1
-225
-449
-323
18
189
77
-153
-308
-280
-60
79
-135
-523
-252
156
154
-313
-536
-301
-54
322
586
337
-153
-137
678
1290
1082
663
619
1015
1269
1364
1233
765
466
498
874
926
399
-138
-339
-214
-94
-206
-497
-746
-949
-934
-760
-573
-678
-883
-890
-693
-465
-336
-353
-586
-771
-637
-326
-82
-114
-392
-521
-297
25
171
-11
-373
-602
-449
-106
-18
-275
-766
-515
190
536
76
-397
-213
51
458
973
882
229
-83
604
1571
1614
1114
707
872
1273
1621
1661
1149
534
387
836
1148
748
59
-404
-440
-300
-143
-243
-634
-1051
-1076
-782
-544
-643
-928
-1022
-904
-675
-449
-450
-790
-1103
-939
-528
-320
-451
-659
-644
-430
-156
20
-94
-459
-795
-609
-97
57
-305
-847
-922
-250
428
386
-175
-508
-298
185
925
1297
712
-121
27
1134
1998
1838
1135
740
1055
1725
2156
1813
873
336
641
1281
1422
793
-1
-373
-178
227
344
-120
-771
-945
-685
-442
-453
-773
-1032
-982
-754
-518
-501
-733
-1030
-955
-531
-341
-438
-590
-709
-663
-503
-292
-330
-603
-776
-606
-266
-178
-467
-779
-974
-895
-192
271
23
-649
-781
-206
394
875
882
258
-89
390
1484
1940
1380
600
509
1176
1849
1937
1337
544
308
762
1344
1246
482
-191
-286
146
372
96
-491
-857
-841
-536
-341
-473
-827
-1097
-932
-595
-494
-632
-821
-893
-744
-519
-448
-486
-578
-617
-508
-287
-261
-461
-564
-516
-475
-419
-423
-472
-564
-652
-629
-147
249
97
-404
-436
248
715
826
865
669
393
607
1327
1858
1558
1048
954
1405
1781
1738
1426
891
668
991
1337
1156
473
-11
8
234
316
83
-321
-635
-675
-516
-483
-679
-974
-990
-786
-644
-700
-856
-949
-1038
-998
-816
-773
-831
-910
-886
-743
-623
-603
-614
-638
-684
-767
-705
-551
-590
-767
-832
-703
-680
-406
-201
-236
-290
-98
236
416
710
1026
877
676
822
1370
1725
1575
1301
1226
1473
1696
1705
1549
1110
839
951
1205
1226
883
501
244
249
318
198
-55
-374
-549
-571
-585
-606
-773
-926
-980
-935
-922
-906
-933
-943
-891
-803
-795
-779
-749
-734
-627
-568
-686
-802
-788
-714
-728
-783
-782
-682
-535
-523
-636
-821
-522
6
195
-17
-191
3
301
721
1205
1055
662
584
1115
1754
1705
1349
1051
1121
1434
1710
1692
1166
771
912
1335
1540
1168
624
185
103
332
447
178
-340
-667
-643
-528
-490
-687
-965
-1168
-1144
-910
-754
-859
-1111
-1274
-1153
-992
-882
-841
-911
-1037
-1068
-925
-736
-736
-866
-905
-800
-678
-634
-563
-686
-782
-772
-522
85
389
229
-103
-69
425
827
1197
1193
748
537
834
1452
1648
1282
942
984
1462
1826
1802
1471
1001
983
1285
1552
1335
798
420
364
527
537
270
-143
-461
-447
-222
-205
-509
-841
-935
-878
-763
-752
-881
-1060
-1187
-1060
-867
-932
-1139
-1236
-1160
-1029
-926
-925
-964
-996
-983
-851
-758
-746
-732
-621
-479
-436
-441
-492
-218
163
263
157
143
316
451
755
1114
961
572
565
1126
1630
1521
1089
953
1224
1679
1976
1768
1176
852
1111
1547
1512
928
362
193
431
666
543
5
-532
-578
-356
-256
-542
-941
-1112
-1001
-887
-930
-1051
-1265
-1399
-1320
-1137
-1194
-1313
-1328
-1257
-1207
-1200
-1177
-1070
-945
-928
-868
-805
-715
-613
-504
-467
-537
-525
-350
-140
219
422
393
217
374
753
919
1038
1127
950
763
902
1391
1699
1604
1470
1532
1818
2005
2004
1812
1492
1344
1507
1656
1454
930
584
493
525
483
292
-40
-325
-502
-595
-714
-964
-1136
-1162
-1169
-1295
-1476
-1485
-1495
-1511
-1559
-1606
-1666
-1683
-1622
-1559
-1498
-1409
-1279
-1153
-1070
-949
-780
-615
-548
-560
-472
-336
-192
-127
-162
-290
-117
344
640
535
365
441
674
1013
1337
1340
1090
1012
1346
1881
2042
1822
1602
1715
2044
2269
2234
1881
1514
1457
1609
1577
1257
859
620
471
383
245
-37
-371
-650
-807
-884
-988
-1144
-1311
-1466
-1642
-1747
-1740
-1741
-1793
-1907
-1959
-1871
-1669
-1524
-1537
-1571
-1473
-1284
-1039
-827
-808
-836
-717
-523
-357
-269
-275
-303
-208
-95
-50
-123
50
446
689
602
478
623
801
987
1279
1350
1155
1098
1409
1913
1988
1697
1509
1620
1823
1953
1969
1731
1371
1285
1419
1429
1124
729
467
362
282
127
-130
-475
-800
-906
-902
-985
-1281
-1577
-1659
-1625
-1603
-1659
-1732
-1834
-1874
-1747
-1550
-1512
-1554
-1491
-1264
-992
-830
-832
-780
-737
-682
-467
-273
-261
-302
-289
-97
89
145
99
106
240
550
838
825
649
607
878
1171
1253
1321
1265
1188
1335
1625
1871
1821
1546
1471
1665
1883
1845
1612
1343
1138
1122
1104
987
632
247
124
160
98
-197
-613
-916
-1046
-1076
-1157
-1320
-1537
-1671
-1667
-1622
-1650
-1746
-1760
-1673
-1577
-1485
-1463
-1424
-1303
-1243
-1173
-1071
-889
-685
-508
-388
-361
-344
-253
-89
83
87
49
162
330
415
463
415
494
761
953
949
810
787
864
1058
1386
1464
1209
1028
1204
1627
1772
1562
1315
1291
1448
1566
1493
1137
715
604
703
753
449
31
-171
-203
-242
-408
-700
-1001
-1179
-1155
-1128
-1250
-1516
-1715
-1609
-1457
-1444
-1541
-1626
-1655
-1573
-1395
-1242
-1206
-1220
-1159
-935
-675
-489
-382
-356
-319
-195
26
223
283
261
220
280
420
524
538
471
451
512
680
977
1035
769
539
666
911
1048
1149
1117
898
817
999
1285
1322
1053
873
950
1097
1165
1096
829
545
429
476
463
268
-29
-221
-287
-270
-351
-568
-782
-887
-897
-894
-959
-1105
-1262
-1265
-1161
-1153
-1187
-1242
-1243
-1102
-892
-756
-751
-746
-665
-434
-200
-114
-123
-114
1
178
294
284
182
95
193
363
460
450
343
215
195
311
366
423
559
566
442
397
514
633
625
662
685
616
558
627
856
855
647
503
556
701
753
703
547
344
300
326
300
154
-119
-372
-445
-404
-453
-610
-760
-835
-912
-945
-932
-957
-1049
-1078
-992
-930
-894
-871
-807
-691
-610
-621
-570
-444
-360
-215
-115
-87
-94
-16
162
251
167
62
101
213
313
282
163
42
60
187
262
175
42
25
246
447
405
176
37
189
411
577
554
299
36
137
514
717
581
324
296
532
792
863
637
377
343
510
634
553
274
34
-20
85
141
4
-274
-446
-397
-309
-295
-387
-531
-611
-525
-362
-334
-397
-444
-408
-326
-235
-206
-238
-283
-310
-251
-159
-87
-75
-118
-145
-91
7
70
27
-80
-120
-87
-117
-232
-331
-398
-397
-358
-301
-346
-388
-231
-84
-91
-230
-200
-81
25
162
248
162
84
184
525
709
587
489
575
834
969
905
763
679
758
888
896
739
514
394
377
404
350
186
111
99
92
26
-140
-237
-262
-212
-218
-310
-444
-517
-471
-460
-525
-556
-593
-556
-478
-407
-394
-493
-539
-503
-480
-527
-538
-493
-477
-484
-499
-543
-603
-634
-629
-607
-599
-573
-535
-503
-501
-487
-293
-67
64
0
-46
107
245
384
543
502
455
572
847
1092
1118
1018
981
1097
1261
1379
1319
1114
1022
1113
1174
1113
910
728
544
512
574
461
254
29
-95
-129
-172
-261
-439
-605
-649
-651
-648
-685
-782
-855
-872
-836
-826
-860
-949
-972
-882
-803
-797
-872
-895
-829
-770
-767
-775
-792
-788
-742
-658
-627
-663
-674
-610
-435
-286
-271
-285
-193
-51
205
470
535
425
393
596
826
892
883
860
842
916
1157
1422
1460
1276
1190
1312
1486
1583
1437
1198
1103
1186
1239
1136
906
641
466
447
454
336
78
-204
-360
-392
-386
-463
-622
-818
-938
-918
-871
-928
-1056
-1119
-1131
-1051
-1053
-1149
-1274
-1353
-1257
-1152
-1099
-1082
-1071
-1019
-923
-792
-742
-754
-710
-596
-424
-304
-259
-234
-149
-9
152
243
277
298
366
443
534
715
818
759
635
646
781
914
966
986
926
858
879
1033
1161
1118
989
929
962
1050
1036
892
676
563
585
592
533
360
172
45
-9
-37
-139
-364
-564
-656
-670
-714
-795
-935
-1103
-1179
-1147
-1099
-1109
-1150
-1184
-1163
-1125
-1060
-1033
-1030
-959
-809
-629
-526
-449
-352
-255
-102
19
116
132
132
191
315
433
505
568
608
642
664
689
670
617
579
571
577
554
563
620
616
526
437
479
600
662
604
509
398
357
370
446
493
349
201
263
436
541
556
417
220
179
246
287
170
-23
-216
-329
-360
-388
-443
-598
-752
-795
-759
-706
-735
-845
-961
-977
-855
-687
-626
-673
-697
-669
-573
-477
-389
-352
-388
-355
-240
-151
-91
-36
28
57
50
116
172
168
113
124
136
119
108
156
196
106
66
107
172
203
161
120
114
169
195
131
61
67
75
36
11
53
121
135
154
135
106
139
234
392
510
492
451
494
544
564
519
422
356
345
381
363
270
170
80
20
9
36
51
30
-46
-139
-219
-249
-208
-163
-159
-167
-166
-139
-67
-14
-48
-132
-195
-134
-29
-39
-80
-146
-246
-272
-242
-207
-227
-283
-300
-284
-252
-266
-303
-348
-400
-382
-353
-334
-320
-363
-428
-434
-350
-244
-139
-137
-152
-86
11
86
99
102
130
200
319
443
505
481
417
428
504
572
565
513
461
423
422
427
425
424
433
465
466
420
364
343
319
319
339
323
286
254
261
210
102
22
-61
-81
-95
-146
-217
-299
-404
-488
-554
-592
-629
-672
-708
-684
-633
-653
-699
-733
-755
-736
-704
-700
-705
-714
-696
-639
-575
-506
-446
-383
-311
-249
-194
-160
-97
-15
55
124
217
310
415
487
499
503
511
543
608
657
650
652
660
666
669
662
619
610
591
532
494
477
467
431
375
316
288
268
232
192
136
61
-15
-37
-69
-124
-203
-295
-329
-327
-299
-310
-394
-471
-481
-457
-457
-492
-539
-565
-540
-470
-399
-377
-375
-303
-208
-137
-122
-151
-114
-56
-20
25
71
90
115
179
249
304
295
277
281
306
330
331
310
321
345
349
374
391
380
339
295
258
258
268
236
213
201
181
176
155
128
85
14
-46
-63
-67
-99
-143
-211
-285
-323
-346
-372
-428
-465
-496
-510
-498
-526
-555
-505
-445
-438
-451
-455
-427
-389
-326
-263
-211
-156
-86
-17
34
41
44
85
173
243
280
291
297
325
385
446
471
459
440
459
487
505
451
425
426
414
445
443
375
313
287
294
298
282
254
195
120
101
81
37
-3
-73
-169
-235
-267
-317
-413
-509
-557
-557
-560
-607
-678
-751
-779
-733
-689
-714
-738
-718
-664
-602
-548
-531
-526
-478
-397
-333
-316
-321
-306
-229
-92
35
67
83
113
183
321
429
472
503
521
569
639
680
715
693
705
756
806
838
826
779
728
723
736
730
672
597
518
467
441
414
379
313
231
204
174
112
37
-53
-121
-134
-153
-215
-273
-360
-392
-405
-400
-417
-455
-455
-432
-423
-453
-455
-481
-492
-455
-442
-459
-489
-480
-472
-468
-439
-419
-400
-371
-344
-334
-300
-258
-217
-194
-143
-86
-44
-3
53
114
150
186
223
305
381
398
403
419
447
418
406
395
418
438
443
423
383
352
315
316
300
219
147
123
92
48
-25
-91
-124
-118
-108
-161
-214
-235
-229
-230
-255
-279
-304
-274
-225
-211
-241
-257
-249
-249
-204
-159
-167
-201
-195
-174
-172
-174
-182
-184
-186
-173
-131
-100
-109
-146
-120
-86
-63
-44
-4
12
-1
29
72
97
84
84
119
172
222
301
319
300
299
279
285
273
236
198
171
164
165
128
84
35
-10
-2
-5
-50
-108
-148
-146
-101
-72
-43
-42
-53
-19
9
11
23
33
27
44
82
97
102
108
126
136
151
187
205
219
257
299
291
242
197
146
122
120
115
102
60
27
-13
-8
21
41
47
46
40
10
-24
-69
-96
-124
-149
-163
-158
-136
-147
-169
-168
-170
-181
-167
-161
-168
-179
-194
-223
-246
-258
-299
-301
-271
-255
-268
-269
-252
-244
-216
-179
-157
-156
-132
-120
-116
-108
-52
40
98
177
202
222
218
194
211
232
213
205
228
245
255
262
281
274
261
249
226
191
135
81
30
-25
-55
-87
-114
-151
-171
-214
-240
-289
-306
-297
-326
-320
-330
-301
-262
-247
-273
-281
-277
-233
-171
-111
-50
-19
-9
22
63
81
85
99
138
166
188
206
210
209
192
178
191
188
180
187
206
226
258
251
227
231
233
228
260
297
300
291
284
294
270
226
200
155
122
96
94
125
127
93
78
48
21
-15
-71
-143
-200
-245
-273
-305
-334
-350
-359
-328
-312
-318
-325
-337
-343
-359
-361
-363
-387
-355
-294
-260
-239
-225
-228
-187
-109
-24
17
32
72
94
124
169
206
205
208
248
286
304
316
318
318
328
353
355
307
291
321
355
393
438
427
386
356
353
314
270
234
197
174
169
136
92
36
-7
-23
-56
-123
-179
-261
-351
-382
-417
-456
-497
-530
-570
-598
-619
-622
-618
-633
-634
-627
-600
-609
-605
-573
-536
-496
-444
-423
-406
-369
-349
-304
-239
-181
-144
-68
47
149
226
289
343
404
474
541
579
610
652
708
716
657
629
619
610
642
671
668
646
630
603
587
558
519
507
496
467
420
377
314
253
195
140
99
54
-2
-55
-112
-206
-288
-340
-388
-428
-457
-513
-569
-609
-633
-641
-665
-689
-685
-699
-715
-685
-670
-642
-613
-586
-554
-529
-492
-427
-378
-311
-245
-207
-145
-100
-48
11
62
95
160
243
278
313
337
355
392
452
499
519
534
561
594
595
613
622
595
597
593
574
545
487
440
409
388
346
304
282
258
231
189
139
103
60
13
-39
-144
-251
-329
-361
-373
-396
-435
-454
-462
-469
-452
-480
-513
-529
-492
-459
-460
-453
-445
-461
-431
-403
-392
-374
-343
-287
-232
-183
-146
-141
-115
-70
-24
34
60
92
131
159
188
202
209
229
238
257
291
317
318
329
357
406
401
372
334
280
241
189
164
141
90
57
45
37
12
-26
-46
-43
-51
-41
-36
-63
-79
-101
-125
-127
-132
-127
-127
-131
-140
-148
-156
-125
-125
-136
-106
-72
-41
-26
-28
-69
-79
-69
-64
-38
-29
-26
-1
22
45
71
78
85
98
126
135
151
154
155
177
172
181
207
220
230
249
257
274
262
228
210
179
144
128
96
66
78
88
90
71
33
-17
-77
-115
-155
-167
-153
-153
-182
-202
-239
-256
-262
-241
-223
-228
-219
-226
-226
-223
-207
-175
-152
-124
-104
-100
-86
-96
-112
-135
-128
-108
-90
-44
5
-2
-7
9
33
66
97
106
115
116
106
123
106
94
136
183
222
238
234
228
202
198
202
194
181
189
160
139
126
113
121
115
103
60
14
-13
-30
-39
-60
-84
-121
-154
-143
-148
-185
-232
-272
-313
-302
-275
-268
-260
-249
-238
-205
-187
-193
-207
-199
-179
-160
-119
-102
-110
-126
-143
-137
-118
-82
-48
-28
-7
22
25
10
11
14
8
18
46
61
47
38
67
93
102
112
156
173
177
165
165
195
204
218
221
230
241
245
241
235
215
210
225
245
258
259
256
250
213
186
175
152
139
128
116
65
22
3
-5
10
37
46
45
29
-4
-5
12
12
13
25
12
-1
-26
-59
-85
-105
-116
-128
-121
-105
-111
-143
-171
-194
-193
-210
-232
-248
-264
-272
-264
-255
-258
-238
-222
-191
-169
-155
-161
-182
-188
-197
-195
-207
-219
-209
-172
-141
-136
-101
-52
-21
-20
21
50
29
15
9
5
-9
-17
11
36
55
98
128
149
172
163
153
152
160
178
183
181
171
190
200
206
213
194
190
197
179
166
158
154
166
179
189
182
172
140
110
97
52
3
-21
-39
-47
-52
-82
-104
-112
-127
-138
-140
-163
-185
-196
-202
-213
-215
-195
-201
-212
-218
-227
-222
-225
-226
-215
-206
-185
-142
-93
-35
-18
-10
-1
5
6
6
15
37
49
56
72
50
27
52
86
124
170
213
230
233
210
223
243
249
260
240
209
166
130
94
84
86
115
151
186
204
214
197
157
109
69
56
39
28
-5
-47
-82
-91
-85
-75
-62
-27
-18
-15
-15
-11
-19
-44
-65
-68
-80
-103
-103
-111
-130
-141
-144
-139
-119
-118
-100
-84
-87
-101
-101
-109
-122
-131
-107
-90
-105
-86
-83
-87
-108
-116
-98
-94
-90
-85
-74
-61
-42
-23
-24
-38
-50
-63
-66
-84
-80
-64
-70
-58
-43
-28
-35
-50
-55
-52
-46
-38
-22
3
31
36
33
42
61
65
62
67
56
61
61
67
73
80
99
110
128
146
165
163
150
144
138
139
148
157
168
181
161
126
105
76
70
78
100
126
132
126
119
95
71
70
45
28
2
-10
-30
-63
-69
-68
-77
-94
-85
-72
-59
-62
-60
-42
-66
-99
-114
-121
-109
-98
-99
-102
-106
-97
-74
-60
-49
-52
-55
-63
-36
-20
-23
4
25
61
89
90
90
94
93
82
95
91
68
46
31
57
70
96
122
161
173
152
143
103
86
58
11
-29
-51
-46
-57
-44
-40
-73
-97
-124
-153
-166
-176
-174
-174
-164
-150
-156
-175
-193
-188
-203
-191
-175
-183
-160
-159
-153
-146
-143
-167
-147
-121
-117
-101
-106
-105
-86
-85
-82
-81
-84
-58
-59
-47
-16
-8
12
63
101
141
158
141
121
112
120
126
138
127
107
89
76
83
107
132
167
216
238
226
212
216
204
201
193
160
127
121
108
90
92
82
81
92
93
82
63
62
87
113
105
101
92
65
48
30
13
1
-34
-68
-60
-36
-33
-24
-42
-64
-69
-67
-55
-38
-36
-65
-75
-71
-84
-87
-92
-103
-93
-91
-86
-85
-86
-87
-78
-55
-63
-64
-81
-87
-82
-120
-139
-143
-147
-151
-125
-117
-97
-77
-86
-63
-34
-26
-5
10
7
17
8
0
3
16
20
21
18
37
56
53
76
96
117
127
130
132
115
89
61
38
19
18
11
8
10
-11
-43
-17
22
32
35
57
78
82
111
106
99
74
66
62
36
34
3
3
7
-10
-29
-38
-44
-49
-39
-10
6
-20
-33
-49
-88
-77
-46
-27
-37
-28
-22
-47
-64
-49
-40
-14
11
12
-5
-11
-22
-43
-30
-45
-46
-46
-68
-59
-64
-80
-79
-96
-111
-99
-99
-114
-120
-100
-88
-63
-31
-24
-32
-56
-41
-34
-43
-10
13
59
90
103
97
97
96
83
66
47
75
95
107
146
140
137
131
85
70
63
57
42
17
11
1
-18
-12
18
33
71
83
96
88
56
39
12
-8
-15
-19
-29
-6
4
-23
-11
-10
-4
34
60
69
64
31
-24
-59
-60
-66
-45
2
-4
-21
-28
-17
-23
-8
13
33
46
39
20
14
0
6
44
73
83
78
65
31
23
14
-5
-17
-41
-33
3
-4
-18
-20
-38
-35
-43
-88
-72
-64
-81
-57
-53
-54
-48
-75
-60
-37
-49
-66
-72
-60
-60
-51
-38
-49
-53
-43
-28
-22
-17
-23
-31
-35
-29
-12
-9
2
9
20
29
35
17
2
-7
-35
-46
-57
-87
-120
-103
-92
-85
-50
-18
1
10
22
7
17
17
0
6
10
16
23
31
16
28
40
19
28
46
72
92
113
124
111
85
65
27
-14
-10
-4
13
25
51
60
55
41
26
6
7
15
-26
-39
-49
-69
-65
-34
-14
10
35
44
29
-5
-13
23
58
65
80
67
33
4
26
45
48
63
44
26
43
45
41
61
28
21
2
2
-6
-9
-14
-7
6
73
63
49
-6
150
828
623
-403
-712
-129
104
-341
1
477
-416
-1177
-743
209
672
321
-4
-84
-94
-324
-502
-53
418
218
-227
-278
-50
-93
-288
-59
392
322
-5
-12
-29
-261
-248
118
429
386
115
-131
-224
1
-73
-174
259
293
-46
-211
-103
-61
-400
-174
232
211
123
-173
-34
91
-237
-77
210
280
11
-158
51
-118
-70
16
86
418
132
-257
-18
100
61
-148
164
314
-206
-54
-97
49
216
-135
204
135
-237
-67
-182
13
191
79
84
246
450
-182
-460
107
57
-306
-106
387
-202
-719
-206
11
-160
-17
205
34
-232
-195
97
69
-11
272
380
161
-270
-272
224
266
18
240
420
55
-586
-597
95
404
95
37
355
35
-488
-219
294
389
103
-146
-144
-57
-249
-337
116
419
205
7
58
-36
-132
29
91
132
115
-109
-69
228
154
-145
-145
96
167
-133
-132
177
24
-259
-54
277
2
-234
90
180
-42
-247
16
218
77
162
139
180
35
-177
-75
190
409
216
-25
-21
-158
-235
77
273
93
-140
-108
-227
-265
100
-53
-140
216
73
-330
-343
-68
-61
-74
148
-84
-348
-142
-152
-364
-79
137
-159
-177
-38
-346
-524
-252
96
239
130
-230
-330
-76
-127
-232
20
201
-40
-239
-38
-168
-364
14
317
372
158
-45
-200
-129
233
127
-42
177
255
-72
-166
31
117
134
130
117
159
56
-92
26
175
295
233
161
375
356
-44
-164
116
218
-7
21
142
13
40
115
54
71
77
-19
51
345
231
-195
-161
182
2
-339
55
326
52
66
118
-167
-324
26
234
95
145
-15
-232
-142
-52
-102
-11
216
106
-72
-234
-356
-228
6
138
-35
-159
-104
-89
-74
112
139
-154
-209
168
180
-181
-178
128
153
-17
60
-71
-197
-13
114
92
71
3
-259
-48
351
115
-42
232
148
-254
-155
-32
-18
114
119
-50
-130
-50
-87
15
236
52
11
171
-23
-127
-110
-280
-166
186
211
-75
-132
-46
-231
-282
8
146
61
60
-67
-153
-258
-288
120
325
2
-245
-94
44
-113
-159
28
-49
-117
90
95
-6
-75
43
143
78
99
57
-95
-115
-28
-36
-77
-40
-32
-49
69
33
-112
98
243
-14
-86
0
-104
-182
-64
71
45
41
177
191
74
-66
-86
38
129
85
54
-41
-143
-123
-27
84
99
79
148
184
19
-16
86
113
50
68
247
122
-125
-58
119
144
166
339
352
15
-183
-53
7
57
136
155
145
24
-108
-88
-21
-34
-13
156
161
-62
-228
-201
-31
-56
-59
34
-52
-178
-183
-149
-127
-119
-68
41
8
-112
-213
-198
-115
-19
46
-50
-135
-94
-91
-114
-41
73
49
19
-20
-109
-91
40
115
124
54
-7
-18
138
212
66
98
121
25
-3
42
53
-46
-104
-54
-54
-100
-80
1
6
-60
-138
-184
-117
10
94
41
4
-22
-152
-209
-74
50
44
23
39
-55
-253
-267
-86
140
171
100
58
-11
-127
-102
80
255
235
198
195
47
-94
-54
144
283
200
107
107
76
-28
-80
40
139
84
18
37
-48
-136
-60
68
170
159
-9
-211
-268
-191
-11
166
180
80
-113
-287
-277
-102
106
230
129
-147
-330
-319
-160
64
192
134
40
-124
-246
-161
-10
138
219
177
22
-163
-190
-60
107
232
214
75
-67
-127
-61
51
123
153
126
79
49
51
46
104
133
61
7
-12
-44
3
84
127
147
104
72
26
-28
19
11
-31
-31
-37
-65
-76
-27
23
-3
-29
-45
-48
-94
-186
-181
-43
72
4
-54
-56
-208
-244
-61
17
-25
-101
-130
-153
-226
-217
-125
-58
-25
-30
-67
-89
-75
-3
67
48
-12
-78
-131
-194
-156
-45
36
109
132
102
-6
-71
18
159
270
272
131
-56
-147
-85
36
156
195
138
52
-58
-137
-97
55
195
180
108
112
52
-83
-89
35
130
99
113
121
-18
-167
-145
-90
-46
35
76
102
44
-36
-16
64
94
135
182
177
87
-12
-46
-42
-29
52
68
60
82
85
69
46
68
108
133
165
169
76
-21
-2
37
61
100
60
-55
-134
-151
-113
8
152
209
77
-87
-165
-198
-108
33
89
46
-96
-200
-201
-157
-46
10
15
-43
-123
-198
-232
-118
5
114
126
-15
-136
-173
-189
-160
-29
75
55
-43
-118
-171
-174
-105
23
104
75
-31
-153
-161
-98
-17
38
59
16
-51
-41
-16
-10
8
47
36
4
16
17
36
50
66
50
68
68
21
-8
-32
-35
8
102
88
1
-98
-136
-104
-52
48
120
50
-29
-20
4
8
44
56
37
-15
-39
-60
-55
13
20
20
-38
-75
-79
-93
-70
-89
-115
-42
-2
-26
-4
-11
-35
-52
-19
-10
-16
28
68
146
171
131
82
50
72
94
121
136
96
48
-20
-65
-25
41
132
165
164
143
42
-5
38
93
96
69
70
38
-54
-97
-52
5
48
77
66
13
-58
-104
-97
-35
2
27
48
25
-49
-92
-74
-33
-27
4
24
-46
-78
-40
12
33
77
132
109
47
18
12
-24
-11
29
57
36
5
-24
-13
31
103
188
219
160
39
-9
-33
3
90
99
65
31
-18
-67
-103
-90
-47
-39
-37
-37
-90
-140
-112
-89
-67
-37
-63
-115
-133
-131
-98
-53
-18
-41
-87
-119
-125
-128
-121
-80
-72
-95
-97
-44
-64
-113
-115
-106
-68
-19
13
37
3
-40
-38
14
68
35
-31
-69
-93
-88
-61
26
74
74
73
30
11
-4
44
142
147
58
15
-1
-20
-29
-2
56
89
124
89
43
4
-63
-33
39
63
89
34
-43
-106
-111
-60
-2
96
119
82
25
-6
-22
-33
-8
23
35
47
39
-11
-68
-92
-48
14
76
58
0
-38
-47
28
115
107
29
0
39
84
122
159
131
65
-5
15
81
104
116
112
84
52
34
15
72
102
146
180
142
106
43
-8
13
63
62
75
111
68
-29
-50
-31
-27
-71
-47
-14
-65
-84
-91
-81
-82
-116
-83
-46
-40
-58
-85
-87
-152
-185
-156
-131
-146
-131
-80
-57
-61
-32
-24
-33
-34
-41
-28
-21
-77
-101
-86
-121
-83
-43
-26
-13
39
37
-3
-17
-39
4
16
-19
-4
21
17
50
73
86
54
-19
-19
-14
-22
32
96
93
59
23
10
7
47
112
113
77
-11
-73
-95
-65
-41
-4
5
-47
-85
-99
-91
-52
-23
-1
-25
-60
-82
-113
-103
-33
14
58
72
9
-21
-50
-53
-52
-1
71
106
72
22
23
-2
-9
52
88
47
34
7
-17
-33
3
40
56
90
118
108
92
94
54
32
58
67
52
69
86
28
13
24
21
54
78
61
15
-15
-44
-49
-23
-17
14
28
39
31
31
42
39
30
19
4
-27
-60
-43
-16
-2
30
28
1
-40
-84
-81
-46
-13
20
27
-1
-33
-4
8
29
55
47
43
44
31
3
-28
-26
4
38
27
10
26
12
-7
23
28
3
-27
-34
-49
-66
-46
-27
-23
-36
-38
-28
-21
-5
12
-4
-16
-38
-51
-65
-79
-84
-95
-60
-46
-61
-77
-87
-88
-75
-41
-7
27
20
-24
-56
-99
-110
-86
-52
-39
-54
-41
-60
-71
-62
-50
-72
-78
-65
-25
2
-15
16
26
6
-15
9
45
52
87
114
81
46
23
15
39
59
60
45
36
23
29
58
93
118
124
103
54
34
37
36
47
49
47
64
48
28
10
13
27
54
80
45
-17
-50
-34
-13
19
47
39
12
-11
-9
-2
-13
-24
1
6
-30
-46
-7
7
3
21
2
-11
-20
-10
10
47
78
51
32
32
29
38
56
80
79
54
28
26
44
44
34
41
49
57
69
62
57
28
-4
-12
-1
8
29
15
-16
-39
-69
-102
-102
-71
-61
-66
-78
-92
-84
-57
-33
-7
13
-8
-43
-80
-106
-99
-87
-57
-33
-57
-89
-78
-85
-81
-38
-26
-13
-16
-60
-91
-104
-79
-45
-8
-8
-17
-34
-67
-74
-41
7
28
55
48
2
-31
-56
-48
7
51
46
32
25
10
7
2
3
15
21
31
2
-29
-12
1
27
47
61
46
14
-6
-2
-10
-16
-3
8
7
5
-6
-4
38
56
34
24
16
27
39
48
53
38
43
33
16
-3
-22
-38
-24
10
40
56
49
31
35
40
49
80
102
102
84
54
44
41
39
40
36
14
23
43
49
56
60
57
57
32
-12
-31
-26
-5
22
45
20
-25
-51
-55
