5.086473 2.777955 0.731315 -1.867599 -0.123370 -0.019007 -0.006522 0.327166 -0.243871 -0.221760 -0.160370 -0.053111
2.362513 2.923695 3.329847 -0.048155 3.580399 0.721640 0.870883 0.794839 0.529712 0.289863 -0.001599 0.046190
4.077423 3.257057 1.825040 0.198681 0.638297 0.491313 0.734962 0.629953 0.613055 0.397249 0.214431 0.003068
4.201479 3.101691 1.368878 -0.993794 1.306319 0.774114 1.119250 0.803111 -0.433169 -0.170928 -0.111311 -0.051510
4.352875 3.107860 1.840796 -1.169657 -0.925784 -0.617142 -0.670763 -0.493426 -0.789686 -0.510498 -0.166572 -0.056153
0.342303 1.891767 2.682442 0.288236 5.664463 -0.849134 0.381093 0.518178 1.088585 0.935339 -0.313502 -0.010483
3.764144 3.521349 4.235890 1.133060 1.008558 0.410336 -1.141331 -0.640831 -0.863115 -0.189161 -0.178849 -0.067342
3.747909 2.128602 0.799108 -1.510709 1.186272 2.222341 2.443675 1.343013 1.080931 0.041394 0.043210 -0.008067
6.126303 2.304771 0.740860 -2.949392 0.831572 1.041393 -0.361832 0.488054 -0.544342 -0.437928 -0.010701 -0.050446
1.903651 3.652998 3.799373 -1.095922 4.915352 0.552038 0.546999 0.855797 0.356835 0.088286 -0.049683 0.043585
3.306536 3.110201 2.530677 1.275864 1.837544 0.348268 0.538435 -0.123390 -0.424773 -0.177630 -0.180678 -0.076614
3.758570 2.033158 -0.011678 -0.826700 0.645768 1.660327 2.142175 1.378587 0.252112 -0.149262 -0.323326 -0.163786
4.440819 3.005007 1.861046 -2.746848 -1.679218 -0.809243 -0.121005 -0.355781 -1.311627 -0.621832 -0.311303 -0.085003
-0.882461 1.986125 3.500960 -1.039508 6.959579 0.325511 -0.996249 0.926267 0.876684 0.751795 -0.001063 -0.129500
3.383794 3.109261 5.077631 1.024728 1.365200 1.705580 -0.705991 -0.431882 -0.504258 -0.062483 -0.214335 -0.060532
3.585462 1.966511 0.176945 -1.540616 2.660130 1.431242 2.952830 1.776638 0.252049 -0.142920 -0.304621 -0.052766
5.472957 2.974817 0.797216 -2.282647 -0.630692 0.568186 -0.224296 -0.021294 -0.693187 -0.592257 -0.168354 -0.029987
2.496420 2.503560 2.564283 -0.203157 4.385727 1.635345 1.281063 1.521542 1.223829 0.087803 -0.199199 0.055178
3.728163 3.006749 2.069730 0.876313 1.407786 1.232820 1.268549 1.068246 0.538659 0.275135 -0.080268 -0.036953
4.255234 2.826246 0.391955 -3.093072 1.640951 0.520257 1.801540 0.952953 -0.590948 0.075640 -0.096502 -0.008756
4.366536 3.399392 2.824493 -2.030318 -0.691988 -1.033528 -0.059398 -0.442220 -1.110084 -0.202529 -0.381326 -0.093666
-1.095663 1.158746 3.594444 -0.671248 6.263307 -1.421392 0.605107 0.595085 -0.159354 0.920310 -0.290214 -0.039570
3.869349 3.614517 5.111936 0.182624 1.298244 0.683702 -1.394815 -0.476464 -0.972940 -0.248179 -0.183303 -0.085326
3.448695 1.282859 -0.287160 -2.089502 2.167959 2.696486 3.283501 1.238571 0.324835 -0.323435 -0.282650 -0.060691
5.470510 2.421318 1.235080 -2.668864 -0.703942 1.370574 0.400797 -0.061647 -0.604920 -0.433931 -0.196903 0.007636
2.085387 3.279596 3.538398 -1.496555 5.238486 1.115334 0.775869 1.572399 0.405733 0.164640 -0.113997 0.029740
3.553205 3.615325 2.984450 1.039989 2.230748 -0.017073 0.479044 -0.516319 -0.724306 -0.301260 -0.181939 -0.066193
4.327833 1.888301 -0.633985 -1.586677 0.903287 1.857648 2.617513 1.621067 0.057933 -0.227177 -0.309501 -0.142446
4.537738 3.692884 2.481118 -3.591148 -1.004115 -1.623209 -0.035939 -0.304992 -1.316880 -0.414473 -0.469013 -0.089146
-0.319287 1.571131 4.269403 0.051831 6.982843 0.369379 -0.906129 0.950211 1.166510 0.807538 -0.007155 -0.061631
3.239139 2.147226 6.828531 1.325070 0.825838 3.423555 1.338793 -0.521907 0.144449 0.206298 -0.204718 -0.059131
3.505064 1.464890 -0.433268 -2.503996 3.637455 1.009957 3.351254 1.910294 0.252106 -0.193595 -0.367754 -0.011732
